1
142.5583,171.5808,221.8833,94.8383
142.6851,171.6380,221.6298,94.7239
142.7630,171.7247,221.4741,94.5505
142.8593,174.3316,221.2815,94.2121
142.7973,174.5238,221.4055,93.8278
140.4439,177.0142,221.2507,93.7086
140.5583,177.2712,221.0219,93.1946
140.4609,177.1983,221.2166,93.3404
137.7873,179.6086,221.7136,93.3700
137.6023,179.7709,222.0836,93.0455
135.0308,182.4699,222.3690,92.5050
134.7324,183.0211,222.9658,91.4026
134.4186,183.2237,223.5933,90.9974
134.1898,183.5092,224.0510,90.4263
131.3706,186.2321,224.8501,89.8198
128.4876,188.8492,225.7760,89.4257
128.0612,191.5355,226.6289,88.8995
127.5040,191.5924,227.7432,88.7857
124.7297,191.6936,228.4288,88.5832
122.0366,191.8373,228.9456,88.2958
121.6115,191.8190,229.7957,88.3324
120.8523,194.3476,231.3141,88.1597
117.4922,196.7949,233.1313,88.1684
114.1402,199.1425,234.9057,88.4026
110.8569,199.0229,236.5133,88.6416
110.1189,201.8788,237.9892,87.9163
109.3448,204.8634,239.5374,86.9416
106.1261,205.4209,240.9759,85.8266
102.8037,208.6205,242.6213,84.4269
99.7849,209.3440,243.6615,82.9798
99.1976,212.2740,244.8359,82.1057
98.6070,212.9586,246.0172,80.7366
95.0438,215.8378,248.1652,79.9566
92.1142,216.6315,249.0298,78.3692
89.0008,217.5027,250.2789,76.6268
83.7687,218.5829,250.8166,74.4663
83.5950,219.7610,251.1640,72.1103
80.6416,220.7698,252.1790,70.0926
77.4903,221.8643,253.6132,67.9035
76.2794,223.1090,256.0349,65.4141
73.1182,224.3280,257.5228,62.9761
68.3292,225.4866,257.4826,60.6589
65.7173,226.6170,257.9420,58.3982
65.4590,227.4932,258.4585,56.6459
65.6975,228.1581,257.9815,55.3161
63.7356,224.5385,257.2367,53.2180
63.9385,222.7501,256.8310,52.1771
62.2841,220.5881,255.5480,51.9095
59.4761,218.4486,252.0268,51.6197
61.5584,216.1126,252.3762,51.7778
65.0478,215.8710,254.4410,52.2610
65.3630,213.1534,253.8108,53.1362
63.6259,210.1373,252.7166,54.6002
64.0164,206.4261,251.9356,57.4412
62.0153,202.5161,251.3128,60.6361
62.4512,200.8564,250.4408,63.9554
62.8466,198.8451,249.6501,67.9782
63.5349,194.2495,248.2735,72.3761
64.3072,192.1826,246.7288,76.5100
65.4949,187.7074,244.3534,80.5496
66.5790,183.2766,242.1853,84.4600
67.7293,181.3282,239.8847,88.3566
68.8977,179.2643,237.5480,92.4845
70.2424,177.2062,234.8584,96.6006
71.6972,175.1297,231.9489,100.7536
73.2058,172.9947,228.9317,105.0238
74.8876,168.4705,225.5680,108.9042
76.4383,166.5398,222.4667,112.7656
80.8254,164.6806,218.9006,116.4840
82.8056,162.7614,214.9403,120.3224
84.6130,160.8790,211.3254,124.0873
89.1535,159.0651,207.4816,127.7150
90.9682,157.2414,203.8522,131.3624
95.4362,155.4998,200.1643,134.8456
97.1788,153.7749,196.6790,138.2954
101.6072,152.0823,193.0774,141.6806
103.4324,150.5820,189.4269,144.6812
107.9993,149.1356,185.5429,147.5741
109.9596,147.9309,181.6222,149.9834
114.4750,146.7821,177.8077,152.2811
116.4321,148.2998,173.8936,154.4400
118.3340,147.1785,170.0898,156.6825
122.6116,146.0563,166.6794,158.9270
124.5664,145.1708,162.7699,160.6980
126.2808,144.2517,159.3410,162.5362
130.4531,145.8286,156.0653,164.4513
132.0810,145.0442,152.8095,166.0201
135.9129,146.3849,150.1656,168.3586
137.2615,145.4851,147.4683,170.1581
138.6828,144.9890,144.6257,171.1504
140.0717,144.6010,141.8479,171.9263
141.3273,144.1416,139.3367,172.8451
144.8247,145.9216,137.2512,174.1943
145.7998,145.3302,135.3009,175.3770
149.2098,144.8856,133.3633,176.2663
150.0421,144.3857,131.6987,177.2661
150.7702,146.3627,130.2425,178.1644
151.4781,146.0251,128.8268,178.8397
152.0348,145.7236,127.7133,179.4426
152.5313,145.5485,126.7203,179.7927
152.9139,145.3936,125.9552,180.1026
155.5698,145.2296,125.4442,180.4307
155.8800,145.0228,124.8238,180.8442
156.1136,144.9132,124.3567,181.0634
156.2960,144.8609,123.9919,181.1680
156.4302,144.7180,123.7234,181.4539
156.5237,144.6133,123.5364,181.6632
156.5727,144.4724,123.4385,181.9450
156.6082,144.3645,123.3673,182.1609
156.5713,144.2935,123.4412,182.3029
156.5246,144.1977,123.5347,182.4944
156.4991,144.0917,123.5856,182.7065
156.4408,143.9099,123.7023,183.0700
156.3300,143.7522,123.9239,183.3855
156.2432,143.5760,124.0975,183.7379
156.1190,143.4127,124.3458,184.0644
155.9874,143.1436,124.6090,184.6027
155.8597,142.8923,124.8643,185.1052
155.6804,142.6218,125.2231,185.6462
155.4752,142.3331,125.6335,186.2237
155.2134,141.9916,126.1571,186.9066
154.9525,141.7186,126.6788,187.4526
154.6484,141.4492,127.2869,187.9914
154.2979,141.1595,127.9881,188.5708
153.9659,140.9315,128.6521,189.0267
153.6072,140.6631,129.3694,189.5637
153.2173,140.3969,130.1493,190.0961
152.7909,140.1110,131.0021,190.6678
152.3735,139.8439,131.8369,191.2021
149.4135,139.5556,132.6910,191.7787
149.0064,139.2566,133.5053,192.3767
148.5778,138.9310,134.3626,193.0278
145.5690,138.6676,135.2450,193.5546
145.0393,138.2194,136.3044,194.4511
144.4944,137.7703,137.3943,195.3493
143.9790,137.3112,138.4251,196.2673
140.8865,136.9056,139.3591,197.0786
140.3010,136.4366,140.5301,198.0166
139.7440,135.9357,141.6440,199.0184
136.5370,135.4702,142.7123,199.9495
135.9579,135.1082,143.8706,200.6734
135.3427,134.6160,145.1009,201.6579
132.0598,134.2057,146.2242,202.4785
131.4875,133.7965,147.3689,203.2969
128.1993,133.4431,148.4405,204.0037
127.6098,133.0464,149.6194,204.7971
126.9976,132.6083,150.8440,205.6732
123.5436,132.0729,152.1540,206.7441
122.8827,131.6044,153.4758,207.6811
122.2105,131.0215,154.8203,208.8468
118.6262,130.2839,156.2777,210.3221
117.9241,129.7326,157.6818,211.4246
117.1906,129.1221,159.1487,212.6457
113.5554,128.5063,160.5794,213.8773
112.8102,127.9538,162.0698,214.9823
109.1141,127.3775,163.5389,216.1348
108.3624,126.7703,165.0422,217.3492
107.6080,123.1620,166.5510,218.5580
103.7799,122.4646,168.1564,219.9529
102.9840,121.6638,169.7481,221.5545
102.1688,120.9246,171.3786,223.0329
98.2529,120.2880,173.0124,224.3061
97.4740,119.6104,174.5703,225.6612
96.6797,118.9346,176.1589,227.0127
92.6968,118.3328,177.7881,228.2164
88.7824,117.8214,179.2355,229.2392
88.0752,117.2564,180.6500,230.3691
87.3372,116.7385,182.1259,231.4050
83.2921,116.1185,183.7153,232.6451
82.5678,115.6331,185.1639,233.6159
81.8083,115.1363,186.6829,234.6094
77.7524,111.2856,188.1710,235.6870
76.9842,110.6125,189.7073,237.0333
76.2073,110.0039,191.2611,238.2504
72.0695,109.3705,192.7830,239.5173
71.2519,108.7488,194.4181,240.7605
70.4323,108.1482,196.0573,241.9618
66.2734,107.6188,197.4866,243.0206
65.4793,107.1419,199.0748,243.9744
64.7298,103.1993,200.5739,244.8915
63.9990,102.5223,202.0355,246.2454
59.8062,101.8967,203.3701,247.4967
59.1401,101.3613,204.7024,248.5676
58.5132,100.8966,205.9561,249.4969
57.9241,100.4097,207.1344,250.4707
57.3414,99.9552,208.2997,251.3795
53.1930,99.4805,209.3655,252.3290
52.5780,99.0778,210.5954,253.1344
52.0278,98.6734,211.6958,253.9432
51.5656,98.3111,212.6203,254.6678
51.1600,97.9997,213.4314,255.2906
50.7670,97.6776,214.2174,255.9349
50.4372,93.6961,214.8770,256.5013
50.1084,93.3400,215.5347,257.2133
49.8283,93.0449,216.0949,257.8036
49.6245,92.7549,216.5025,258.3835
49.4732,92.5378,216.8050,258.8177
49.3524,92.3563,217.0466,259.1807
49.2713,92.2185,217.2087,259.4563
49.1994,92.1207,217.3527,259.6519
49.1931,92.0668,217.3653,259.7599
49.2369,91.9883,217.2776,259.9167
49.3746,91.9750,217.0022,259.9435
49.5615,92.0567,216.6284,259.7799
53.6035,92.0292,216.0392,259.8350
57.8388,92.0672,215.0548,259.7590
58.3929,92.1636,213.9465,259.5663
62.9645,92.2521,212.2517,259.3892
67.5894,92.3252,210.4199,259.2429
72.2675,92.3881,208.4499,259.1172
77.0146,92.5127,206.3082,258.8680
81.8429,92.7558,203.9655,258.3818
86.7661,93.0431,201.3876,257.8073
95.4611,93.4884,198.4332,256.9166
100.5048,94.1043,195.5017,255.6848
105.6459,94.7672,192.3091,254.3589
110.8723,95.4460,188.8735,253.0013
119.7232,99.6468,185.0523,251.5402
124.9471,100.0938,181.4599,250.6461
133.7361,103.9348,177.4479,249.7471
142.4074,104.5074,173.5121,248.6018
151.1509,105.3021,169.2673,247.0124
156.5822,109.2989,164.9315,245.5458
168.6003,109.8609,160.1944,244.4217
173.9728,110.5809,155.7866,242.9818
182.7061,114.4283,150.8043,241.5292
188.0700,115.1776,146.2135,240.0306
200.0577,119.1893,140.3509,238.0447
205.4349,120.0951,135.5056,236.2331
213.8300,121.0983,130.3157,234.2267
222.0254,122.0395,125.2894,232.3443
230.0922,122.9369,120.2929,230.5495
235.2558,123.5696,115.4222,229.2841
246.1026,127.0980,109.7904,227.5811
251.1863,127.5783,104.8542,226.6207
261.7584,128.3196,99.1039,225.1379
269.2989,128.9054,94.0404,223.9664
279.3835,129.8067,88.5783,222.1638
286.6751,131.2011,83.5535,219.3749
296.5002,132.7718,77.8507,216.2336
303.2917,133.5770,73.2701,214.6232
312.4567,135.9947,68.1252,214.1829
318.8439,138.3960,63.9397,213.6747
327.1245,138.9778,60.0084,212.5111
335.0976,139.8048,56.4227,210.8571
340.3989,140.8526,53.8795,208.7614
349.6116,142.1918,51.2628,206.0831
354.2157,145.6919,49.7845,202.9480
358.7654,148.8268,48.2712,200.4710
368.9005,151.3764,46.6477,199.1012
371.1063,155.5675,45.9153,198.0773
377.1287,156.3125,44.8229,196.5873
380.8940,157.3107,44.5104,194.5910
388.1906,159.9528,44.2178,192.8818
389.9342,160.8599,44.2761,191.0677
400.3718,161.6487,44.5291,189.4901
400.3123,162.3679,44.6482,188.0517
407.6490,162.3511,43.9197,188.0853
409.1885,171.2610,44.3136,187.6294
416.3242,171.3539,43.9381,187.4437
417.4652,172.1202,45.1202,185.9111
418.6489,172.9532,46.2180,184.2450
423.4740,173.6072,46.9563,182.9370
424.6027,174.4485,48.1572,181.2545
427.2916,175.3649,49.6944,179.4218
430.0799,176.1969,51.0388,177.7578
430.9914,176.8578,52.6779,176.4358
433.5451,177.6436,54.5185,174.8644
434.3526,178.3810,56.3895,173.3895
436.8906,179.1246,58.3121,171.9023
437.8773,179.7873,59.8521,170.5770
438.8414,180.3226,61.4464,169.5064
439.9032,180.9051,62.8589,168.3413
440.9928,181.4717,64.2247,167.2081
443.9372,182.0270,65.4424,166.0975
445.0791,182.6167,66.7176,164.9180
446.2459,183.0714,67.9489,164.0086
447.4527,183.4561,69.1091,163.2392
448.7015,183.7758,70.1946,162.5999
449.9621,184.1067,71.2665,161.9381
449.4295,184.3359,72.3318,161.4797
449.0598,184.6218,73.0711,160.9078
450.5495,184.8665,73.7110,160.4186
450.2702,185.0855,74.2696,159.9805
451.8390,183.5209,74.7587,159.4829
451.5460,183.7678,75.3448,158.9891
451.2946,183.9825,75.8475,158.5599
451.1514,184.1676,76.1339,158.1896
452.8751,182.5582,76.3197,157.7752
452.7675,182.7565,76.5348,157.3786
452.7151,181.1261,76.6396,157.0112
452.6025,181.2562,76.8648,156.7511
452.4911,179.5325,77.0875,156.5736
452.4549,179.6227,77.1600,156.3932
452.5215,177.9265,77.0267,156.1608
452.6443,176.2052,76.7812,155.9846
450.9182,174.5542,76.6212,155.6743
451.0112,174.5658,76.4353,155.6511
449.3759,172.7944,76.1047,155.5926
447.7727,171.0088,75.7162,155.5691
446.1684,170.9913,75.3372,155.6041
446.2607,169.2171,75.1526,155.5711
446.3628,167.3210,74.9484,155.7853
444.7098,165.3477,74.6771,156.1545
443.0740,163.2377,74.3706,156.7964
443.1592,161.0808,74.2001,157.5281
441.4631,160.5024,74.0025,158.6849
441.4356,158.1383,74.0576,159.8100
439.6711,155.6989,73.9661,161.0682
439.5918,155.0670,74.1246,162.3320
437.6961,152.3676,74.2577,164.0725
437.6037,151.5279,74.4425,165.7518
435.7967,150.4454,74.3428,167.9169
435.7725,147.7090,74.3913,169.6465
433.9695,144.9249,74.2281,171.4454
433.9956,144.1687,74.1759,172.9577
432.2115,141.4204,73.9308,174.6410
432.4089,140.4699,73.5358,176.5420
432.6313,139.1341,73.0910,179.2135
431.0195,137.5079,72.4303,182.4660
429.3621,135.6517,71.8256,186.1785
429.5591,133.6168,71.4314,190.2482
427.8083,131.5926,70.9199,194.2966
427.8564,127.7693,70.8235,197.8810
425.8406,124.3700,70.7437,200.5682
425.8030,121.1960,70.8189,202.7677
425.7642,119.9680,70.8965,205.2236
423.7509,116.7645,70.7053,207.4128
423.7246,113.2817,70.7579,210.1330
423.7982,109.7022,70.6107,213.0067
423.8885,105.9187,70.4302,216.2503
421.9828,104.0095,69.8752,220.0688
422.1306,99.9814,69.5795,223.7148
420.2195,97.9619,68.9453,227.7537
420.3902,93.6956,68.6039,231.7843
420.6045,89.3678,68.1754,235.8872
418.7743,87.2178,67.2330,240.1873
419.0886,82.8233,66.6045,244.3305
417.2919,78.2189,65.5055,248.8469
415.4470,73.7066,64.4601,253.1363
415.8621,69.2161,63.6299,257.3414
416.2497,64.5804,62.8546,261.7938
414.4262,59.8414,61.6349,266.4052
412.5836,52.8068,60.4122,270.6585
412.9784,48.4023,59.6226,274.5237
411.1975,43.9620,58.2017,278.4216
411.6153,39.6154,57.3662,282.1052
409.8979,35.4238,55.7562,285.4437
408.1451,31.4819,54.2022,288.2678
406.3152,27.7217,52.7935,290.7197
404.4869,24.0818,51.3752,292.9247
404.9541,20.4214,50.4408,295.1680
403.2042,19.4734,48.8505,297.0638
401.3947,16.2597,47.3847,298.4066
399.5273,15.6168,46.0454,299.6924
397.6173,12.6432,44.8001,300.5745
395.6649,12.3035,43.6526,301.2538
393.6848,9.6222,42.5742,301.5776
393.9323,9.5530,42.0791,301.7162
389.6543,7.4888,40.6086,300.8312
389.8150,7.7928,40.2871,300.2233
385.5285,8.5396,38.9474,298.7296
383.3984,9.5106,38.2990,296.7877
381.2655,8.1063,37.6961,294.7276
379.1359,9.3081,37.1275,292.3240
377.0564,10.6792,36.5032,289.5817
374.9807,12.1859,35.9218,286.5684
372.8984,13.7459,35.4068,283.4484
370.8511,15.4848,34.8755,279.9706
368.7828,17.1752,34.4450,276.5898
366.7707,21.2487,33.9573,272.9547
364.7758,23.1601,33.4952,269.1318
360.8485,27.5297,32.5703,264.7823
358.9104,31.9038,32.1356,260.3452
357.0121,36.2043,31.6910,255.9852
355.1247,40.5566,31.2941,251.4526
353.2324,44.8118,30.9772,247.0435
351.3783,49.0956,30.6512,242.5102
349.5594,53.3741,30.3237,237.9183
347.7645,59.5505,30.0185,233.3560
346.0249,63.6598,29.6714,228.9635
342.6642,69.8912,28.8757,224.0179
340.9714,75.6481,28.5871,219.8524
339.3056,81.3590,28.3078,215.6525
337.6525,85.1937,28.0665,211.5305
336.0345,94.2463,27.8169,207.3682
334.3979,97.8834,27.6669,203.5171
332.7628,103.1744,27.5700,199.6694
331.1229,110.0936,27.5377,195.7671
328.0670,115.4847,27.1344,191.5002
326.3804,123.5998,27.3170,188.0323
324.7258,126.8204,27.4797,184.7373
323.0394,134.6867,27.7484,181.4213
321.3151,139.3755,28.1332,178.1712
318.3231,147.1603,28.0643,174.7076
316.5869,151.6396,28.5595,171.7033
314.8901,158.9547,29.0077,168.8550
313.2101,163.3103,29.4529,165.9736
311.5584,171.8182,29.8725,163.3764
308.5849,176.0789,30.1075,160.5670
306.8896,184.3419,30.6765,158.1487
305.1575,188.4337,31.3416,155.5633
302.1834,193.8507,31.7376,153.0577
300.4065,200.3045,32.5425,151.1457
297.4053,204.0574,33.0692,149.1156
295.5717,208.9656,34.0167,147.4581
293.7157,213.6756,35.0141,146.1823
291.9514,218.3536,35.8267,144.9740
290.2137,221.6831,36.5877,143.7439
287.2776,226.2220,37.0368,142.8011
285.4596,228.1435,37.9658,141.6648
283.5686,232.8464,39.0394,140.3843
280.3902,234.5297,39.9752,139.7283
278.4420,239.1457,41.1528,138.6527
275.1899,240.9593,42.2058,137.7510
273.2596,244.1127,43.3343,136.9088
271.3362,247.5120,44.4399,135.5925
268.0797,249.7096,45.4672,133.9401
264.7902,253.3451,46.5700,132.1453
262.8033,255.5446,47.8112,130.4788
260.6873,257.5870,49.3120,129.1252
258.5638,259.3549,50.8202,128.3283
253.9790,261.5857,51.7265,126.6211
253.3528,263.6767,52.9789,125.1851
250.0253,265.7499,54.1389,123.7863
246.7956,268.0768,55.1027,121.8804
244.8595,268.7426,56.2377,120.5487
241.4417,270.7333,57.5983,119.3049
239.4349,271.3097,58.8687,118.1520
237.4571,272.0973,60.0758,116.5768
234.1443,273.0771,61.2093,114.6172
232.1207,274.1473,62.5197,112.4768
228.7639,275.4016,63.7780,109.9683
225.3575,276.4314,65.1670,107.9087
223.2910,277.1413,66.5952,106.4888
219.8602,277.8571,68.0416,105.0572
218.0224,276.0845,69.0070,103.1818
214.6056,277.0504,70.4440,101.2500
211.0943,276.5555,72.0809,99.5468
208.9931,276.4286,73.5891,97.1066
205.9704,277.9505,74.2710,94.0627
203.1161,278.4527,74.6868,90.4119
201.4326,276.7133,75.4569,86.0997
199.4575,276.8540,76.8643,83.2755
197.5726,276.4028,78.1126,81.6564
193.1640,274.8493,79.3821,79.7318
190.8727,272.4936,81.4591,76.9258
189.2045,273.7795,82.3014,74.3541
187.6788,269.4520,82.8866,70.6780
184.7296,270.8676,83.9521,67.8468
182.6909,270.6638,85.6424,65.8672
180.9259,269.9698,86.7915,62.4934
180.4480,267.2432,87.7473,58.5741
175.0053,268.8147,89.4615,55.4311
171.8553,266.1671,91.2295,51.6624
171.9118,265.9569,91.1165,47.6255
170.7119,263.2965,91.3584,44.3146
168.3836,263.4387,91.8066,41.9260
167.0173,261.9070,92.4701,38.7822
164.4073,259.3649,93.6436,35.7734
163.6848,259.4481,95.0886,33.6206
161.2798,254.6605,95.9619,31.3859
160.1086,254.8541,96.3645,29.0589
156.1952,254.2303,96.5803,26.5009
155.6321,252.4469,97.7065,24.4936
155.0906,251.3362,98.7896,23.0428
154.1150,247.4369,98.9171,21.7236
153.0199,246.7918,99.3073,21.2137
151.7841,245.1566,99.9833,20.8931
151.1881,240.6438,99.3765,20.9245
150.9200,239.0989,99.9127,22.2234
148.2128,236.0108,99.8564,22.9290
145.4561,232.8029,99.8610,23.8360
145.3230,230.3002,100.1271,25.1338
145.0821,227.7328,100.6090,26.5043
143.8335,226.1458,101.1913,27.7636
143.4273,220.6042,102.0037,29.1129
143.0659,219.9397,102.7265,30.4420
142.7630,218.2504,103.3324,31.8021
141.7132,214.5935,103.3797,32.9593
140.7094,212.9238,103.3131,34.2244
140.7600,211.3083,103.2119,35.3590
139.7653,208.8141,103.0855,36.1157
138.5129,206.3598,103.4626,36.7689
138.5087,204.9241,103.4708,37.4952
138.4685,202.4789,103.5514,38.0689
137.4313,201.1454,103.4560,38.5661
136.4891,199.7473,103.1629,39.1849
136.5804,198.3898,102.9803,39.7155
136.6082,197.0597,102.9247,40.1845
135.5233,195.6930,102.8955,40.7190
135.4691,194.1450,103.0041,41.6070
135.5417,193.7371,102.8588,42.4227
135.6063,192.2214,102.7297,43.2164
135.6649,190.7909,102.6123,43.8273
135.6886,190.4639,102.5649,44.4813
135.7695,189.1288,102.4031,44.8814
135.8108,188.9047,102.3206,45.3295
135.9039,188.8656,102.1345,45.4077
135.9285,188.8116,102.0852,45.5157
135.9364,188.7822,102.0693,45.5746
135.9819,188.7742,101.9784,45.5906
136.0300,188.7352,101.8822,45.6686
136.1085,187.6717,101.7253,45.5145
136.0340,187.5599,101.8743,45.7382
135.8277,187.4106,102.2868,46.0367
135.6482,187.3634,102.6458,46.1311
135.8272,187.2543,102.2878,46.3492
136.0237,187.0570,101.8947,46.7439
137.1210,185.6560,102.0004,47.2457
138.3290,185.3277,101.8948,47.9023
139.9119,184.0014,101.0494,48.2347
140.3770,183.7793,100.1191,48.6788
141.6412,183.6293,99.8988,48.9787
144.1873,182.5215,99.4265,48.8844
145.5037,181.1296,99.0951,49.3666
145.9251,181.1255,98.2524,49.3750
147.5576,179.8630,97.2802,49.6072
150.6836,178.7460,95.5932,49.5587
151.5146,178.0222,93.9312,48.7492
154.5249,178.2791,92.3477,48.2355
155.3566,177.0859,90.6844,48.4354
158.1388,174.7412,89.4510,48.7939
160.9017,173.2231,88.2320,49.6766
164.5863,171.8780,87.3141,50.2163
171.1133,171.2874,84.9903,51.3976
173.6586,170.8115,82.0312,52.3495
174.4748,169.6873,80.3989,52.4946
176.1523,168.6074,79.1251,52.5730
177.9075,167.1036,77.6781,53.5173
183.9096,166.6836,75.9604,54.3572
185.9841,164.9697,73.8567,55.7399
190.3752,163.1766,71.1821,57.2902
194.7295,161.4288,68.5342,58.7655
198.8310,160.0451,66.3409,59.5296
202.1413,157.9616,63.6833,59.7338
207.4808,156.7089,60.7775,60.2958
209.8293,153.7012,57.9872,60.5911
216.7789,153.4392,55.2917,61.1152
219.1681,153.2476,52.3459,61.4983
222.0976,152.6012,50.0695,62.7911
229.5544,150.8226,47.5775,62.7995
235.2237,149.0867,44.9093,62.8030
238.9230,147.0132,42.5820,63.5692
243.9848,145.4053,40.7758,65.1216
249.0799,144.0244,38.8687,66.2268
253.0314,141.5665,35.8884,67.8607
259.4341,140.9214,32.7692,69.1509
261.2840,140.7048,30.6486,69.5840
265.3616,138.4660,28.6870,69.4164
269.3843,136.1324,28.1981,69.5498
273.8810,136.3475,29.7362,69.1195
275.6903,134.8771,32.2199,69.0091
279.6566,132.4528,35.2607,69.1548
279.6974,132.2539,38.4240,69.5527
280.2875,131.3210,42.2919,69.7359
281.2273,130.3338,47.4160,69.9592
285.7536,127.3289,51.2427,68.6097
285.3242,128.3024,55.8664,68.5450
285.9741,128.0439,60.4366,69.0620
284.0697,128.3801,64.2454,68.3897
289.0056,127.4016,68.9931,68.2581
287.0657,127.2797,72.8728,68.5019
286.7709,127.6131,77.9147,67.8351
286.1474,126.4787,83.7495,67.8100
284.8586,125.2450,88.7105,67.8939
283.9925,125.5096,92.9035,67.3648
288.8823,124.2346,98.2192,67.3990
286.8553,124.9235,102.2732,66.0211
286.1097,125.3314,106.3993,65.2053
284.9827,125.7130,111.3362,64.4422
286.6060,126.1503,116.3200,63.5676
284.2101,123.8766,121.1116,62.5104
283.4886,122.7916,125.4093,61.8258
281.4346,123.0135,129.5173,61.3820
280.4653,122.0016,134.4140,60.4478
278.0368,120.8555,139.2710,59.7270
275.9975,120.9853,143.3496,59.4674
274.1850,121.1605,146.9745,59.1170
272.3981,119.7609,150.5484,58.7453
272.2112,118.3326,154.1379,58.3862
270.6627,118.4049,157.2348,58.2415
269.2325,117.2471,160.0952,57.2545
265.5529,117.4808,164.1289,56.7872
261.9474,116.0963,167.9650,56.1814
260.2375,114.6829,171.3848,55.5899
257.1785,114.7634,174.0468,55.4288
255.2188,113.4164,177.9661,54.6319
253.8832,113.5992,180.6373,54.2663
250.4117,112.1605,184.0174,53.5807
245.4750,110.6764,186.6948,52.9510
240.9977,109.2161,188.4013,52.2476
239.4135,109.5407,187.9348,51.5983
234.4247,108.0365,187.0637,50.9905
230.8636,106.4448,187.0010,50.5815
226.8756,104.9250,187.8091,50.0370
223.1808,103.1580,188.0285,49.9860
220.7698,103.1605,189.2633,49.9810
216.2373,101.7727,194.7238,49.1521
210.8373,100.1471,201.8583,48.7378
205.5210,98.4520,208.7332,48.3702
200.4030,96.5376,215.1223,48.3520
198.6490,94.3478,222.5661,48.7958
193.7421,91.8331,228.3315,49.7767
190.5038,91.4588,234.8082,50.5253
191.6594,89.1710,241.0023,50.8483
171.6379,86.7070,237.5920,51.4310
184.1454,86.6998,242.7401,51.4454
177.4238,86.8909,247.4212,51.0630
170.1665,86.7425,253.0577,51.3598
172.5567,86.3953,257.3238,52.0543
176.0712,86.4313,264.0834,51.9822
170.6946,86.8767,270.1477,51.0915
170.2670,87.5204,275.7588,49.8040
166.5418,88.1224,283.2090,48.6001
153.5134,88.6533,289.7144,47.5383
160.1513,89.1001,296.2663,46.6447
160.0359,89.4523,301.5267,45.9403
158.5908,89.7890,304.4169,45.2670
163.8073,90.0836,309.3286,44.6776
156.4251,95.2743,313.7513,44.6379
152.7428,95.2168,315.8848,44.7528
152.0328,98.0264,322.5677,44.3965
146.7317,109.0596,327.8220,43.7213
155.1794,109.0915,332.5529,43.6574
166.0522,108.9263,332.6891,43.9878
156.4086,122.8817,335.5391,43.4723
159.1566,122.8156,335.5510,43.6046
165.0025,122.3979,334.8806,44.4398
170.3445,127.9872,335.2336,44.2982
182.6489,133.1788,338.2268,44.9559
183.2329,141.2441,342.6339,45.5503
181.5063,143.4162,346.0871,46.8542
193.3038,154.0914,345.3797,48.3914
196.9267,153.6189,343.8773,49.3365
197.6583,161.8904,342.4140,50.0183
201.3260,164.4590,340.8139,50.6162
204.7847,172.7856,339.6217,51.1383
209.0146,175.1199,336.8810,52.1889
219.6942,186.6235,332.6286,51.9908
224.2888,185.9569,329.0788,53.3240
235.5367,191.4660,323.4343,53.5399
241.1531,193.7323,317.7445,54.5504
247.1871,204.4290,311.1611,55.0948
252.5134,203.6727,305.9124,56.6074
258.2495,208.4461,299.8009,57.7822
266.8942,212.9899,293.1095,59.2926
272.7638,214.7106,286.6057,61.0866
278.8958,218.9400,279.5213,62.9869
287.5163,220.6091,272.5147,64.7658
294.0048,224.8597,264.5910,66.3714
300.3145,226.5530,256.9445,67.9576
307.0020,230.7299,248.4649,69.3946
313.2301,232.4095,240.8117,70.8384
321.9270,234.1719,232.8617,72.0354
328.0001,235.7633,225.3470,73.4842
333.9967,237.3314,217.9052,74.8995
337.7449,238.8440,210.4089,76.3459
343.6428,240.2834,203.0038,77.8577
347.1428,241.6968,196.0038,79.3429
350.4081,243.1083,189.4733,80.7575
355.8817,244.5840,182.6945,81.9748
358.9917,244.1734,176.4746,82.7958
364.1901,245.7369,170.0937,83.6847
366.9995,245.3825,164.4749,84.3936
371.6647,245.1313,159.0125,84.8961
374.3677,246.7245,153.6066,85.5059
376.8151,246.4912,148.7118,85.9727
379.3180,246.3152,143.7059,86.3246
381.8010,246.1496,138.7399,86.6558
384.2506,246.0137,133.8408,86.9276
386.5689,247.6473,129.2041,87.1174
388.7155,247.4472,124.9109,87.5177
390.8185,247.3244,120.7049,87.7633
392.7996,247.2744,116.7427,87.8632
394.5623,247.2992,113.2174,87.8137
396.2110,247.3612,109.9199,87.6896
396.2388,247.4274,106.7574,87.5573
397.6936,247.5243,103.8478,87.3635
397.5058,247.5714,101.2150,87.2693
397.2953,247.6770,98.6696,87.0581
398.6292,247.8028,96.0018,86.8064
399.8313,247.9406,93.5976,86.5308
400.9365,248.1141,91.3874,86.1839
400.5920,248.2911,89.2802,85.8298
401.5638,248.4736,87.3366,85.4647
402.4113,248.6535,85.6416,85.1051
401.8744,248.7781,84.0264,84.8559
401.2516,248.8773,82.6125,84.6574
402.0156,248.9151,81.0845,84.5818
401.3145,248.9994,79.8779,84.4133
402.0163,249.0566,78.4744,84.2988
402.5924,249.1711,77.3221,84.0698
403.0544,249.2516,76.3982,83.9088
402.1679,249.3703,75.6472,83.6713
402.5793,249.4656,74.8246,83.4809
402.9568,249.5859,74.0694,83.2403
403.2445,249.6730,73.4941,83.0660
403.4225,249.7345,73.1380,82.9431
403.5376,249.7399,72.9078,82.9322
