1
398.3465,234.6240,204.3071,39.7520
398.6859,234.7260,203.6281,39.5479
399.0473,234.8241,202.9055,39.3519
399.0531,234.8470,202.8939,39.3059
399.1605,234.8569,202.6790,39.2862
399.0852,234.7778,202.8296,39.4443
399.2049,234.7552,202.5903,39.4897
399.3416,234.7038,202.3169,39.5923
397.4950,234.6138,202.4224,39.7724
397.8461,234.6579,201.7201,39.6842
394.3860,234.5132,201.4781,39.9735
394.8885,234.3612,200.4731,40.2776
395.0431,234.3071,200.1638,40.3858
393.6306,234.1872,199.4157,40.6256
394.1225,234.0876,198.4319,40.8248
392.7823,233.9543,197.5547,41.0913
391.2787,233.8033,197.0115,41.3934
389.8304,233.6075,196.3593,41.7851
388.3439,233.3594,195.7848,42.2811
388.4816,233.0876,195.5095,42.8248
389.3842,232.9391,193.7041,43.1218
388.1340,232.7312,192.6686,43.5376
386.8549,232.4970,191.6973,44.0059
385.4111,232.3811,191.0598,44.2377
383.9572,232.3486,190.4471,44.3029
382.6137,232.2703,189.6209,44.4593
383.0180,232.1266,188.8123,44.7467
379.9316,232.0174,187.9876,44.9652
380.4002,231.9288,187.0504,45.1423
379.0972,231.9063,186.1747,45.1875
377.7948,231.7995,185.3092,45.4010
374.7193,231.5272,184.5359,45.9456
373.4366,229.5792,183.6395,46.3799
372.3631,229.4361,182.3291,46.6661
369.4808,229.2375,181.2050,47.0633
368.4195,229.0652,179.8915,47.4080
367.3425,228.8863,178.6213,47.7657
366.0770,228.6545,177.7393,48.2293
363.0737,226.7149,176.9274,48.6992
363.6498,226.5460,175.7751,49.0369
362.6674,226.4402,174.3431,49.2486
359.8752,226.2853,173.1664,49.5584
359.0107,224.4884,171.5256,49.7824
357.9266,224.4172,170.3431,49.9249
354.9811,224.2966,169.5607,50.1660
352.0854,224.1819,168.6921,50.3955
350.8586,222.3701,167.8234,50.6969
349.6337,222.1653,166.9579,51.1066
345.0982,221.9655,166.0967,51.5061
343.8345,220.1511,165.3183,51.8290
344.3880,219.9636,164.2112,52.2042
341.6462,219.7756,163.1109,52.5801
340.6875,218.0446,161.7449,52.7588
336.4394,217.8388,160.4396,53.1703
336.9124,217.7027,159.4936,53.4426
335.8027,216.0370,158.4653,53.5263
331.4826,215.9334,157.4017,53.7335
332.0029,215.8004,156.3611,53.9995
329.3839,214.0702,155.1728,54.2467
328.3399,213.9127,154.0598,54.5617
327.2565,213.7332,153.0362,54.9206
324.4841,212.0335,152.2159,55.1376
321.6376,211.8934,151.5596,55.4177
320.3835,211.7520,150.8974,55.7006
319.2047,211.6118,150.0891,55.9809
318.0999,209.9959,149.1391,56.0534
315.3331,209.8503,148.3784,56.3446
314.2875,208.1808,147.3281,56.5420
311.6090,208.1032,146.4254,56.6972
310.3872,207.9839,145.7491,56.9358
307.4983,207.9180,145.2982,57.0676
306.2948,206.3714,144.5949,57.0506
303.4921,204.7854,144.0008,57.1228
302.3442,204.7633,143.2040,57.1670
299.5896,204.6411,142.5496,57.4114
298.4658,202.9682,141.7204,57.6805
297.2350,202.7593,141.1122,58.0982
292.9186,202.5736,140.5400,58.4696
291.7028,202.4212,139.9050,58.7743
290.4724,200.7447,139.3029,59.0645
287.6526,200.4969,138.8238,59.5601
286.2866,198.6901,138.4946,60.1125
283.4589,198.4685,138.0178,60.5557
283.7435,198.3424,137.4485,60.8078
282.5755,198.2444,136.7213,61.0040
279.8232,198.1305,136.1135,61.2316
278.5543,197.9670,135.6000,61.5587
277.3235,196.3246,135.0120,61.7940
276.0051,196.2234,134.6035,61.9963
273.2069,196.1853,134.1143,62.0724
271.9122,196.1384,133.6666,62.1663
270.6785,196.0526,133.1019,62.3380
267.8242,195.9357,132.7566,62.5716
266.5597,194.2842,132.2597,62.8488
265.2639,194.1085,131.8276,63.2000
263.8494,193.8886,131.6332,63.6399
262.5337,193.7180,131.2365,63.9811
259.7513,193.5746,130.7446,64.2679
258.4289,193.3794,130.3633,64.6582
257.0441,193.2195,130.1055,64.9782
255.7578,193.1040,129.6490,65.2090
254.4610,192.9971,129.2163,65.4228
253.2157,192.8266,128.6832,65.7640
251.8833,192.5970,128.3261,66.2230
250.5695,192.3540,127.9292,66.7092
249.1934,192.0556,127.6543,67.3060
249.3436,191.6692,127.3539,68.0788
248.0358,192.8007,126.9276,68.8577
248.2489,192.4183,126.5014,69.6227
246.9597,193.5292,126.0237,70.4567
247.1906,193.0681,125.5620,71.3789
247.4667,194.1532,125.0097,72.2807
246.1558,195.1773,124.5525,73.3116
246.4683,196.1725,123.9274,74.4108
246.7809,197.1714,123.3023,75.5121
247.1845,198.1559,122.4952,76.6512
247.6258,199.0508,121.6125,77.9769
248.0758,198.3053,120.7126,79.4678
248.5687,199.0645,119.7268,81.0852
249.0536,199.8247,118.7569,82.7125
249.5599,200.5336,117.7443,84.4546
250.0759,201.2682,116.7123,86.1588
249.0090,201.9799,115.6603,87.9212
249.5716,204.2434,114.5352,89.7913
250.1582,203.3755,113.3619,91.5272
250.8122,205.7027,112.0540,93.3168
251.5129,206.4219,110.6526,95.1091
252.2445,207.1176,109.1895,96.9558
253.0414,207.7868,107.5956,98.8623
253.8855,208.4180,105.9073,100.8505
254.8029,209.1052,104.0727,102.7319
255.6355,211.3923,102.4074,104.6712
256.6088,212.0221,100.4607,106.6727
257.5244,212.5947,98.6295,108.7890
258.4702,213.2128,96.7381,110.8184
257.8508,213.8414,94.7100,112.8278
258.8598,214.4174,92.6920,114.9411
260.0366,215.0671,90.3384,116.9066
261.2695,215.6207,87.8727,119.0566
260.9452,216.2938,85.2719,120.9598
260.5840,217.0668,82.7586,122.6493
261.8471,217.7727,80.2323,124.4571
263.2083,218.5580,77.5101,126.0910
264.6013,219.2900,74.7240,127.8104
264.5475,219.8884,71.6696,129.7757
264.4641,218.9896,68.6972,131.5732
265.9215,218.1398,65.7824,133.2728
265.9932,218.6955,62.5497,135.2508
266.1765,217.8387,59.1211,136.9643
267.7664,218.6289,55.9413,138.4105
268.1053,217.9508,52.2725,139.7667
269.6491,218.7374,49.1850,141.1383
269.9290,219.6009,45.7166,142.3196
270.1239,219.0281,42.4651,143.4653
271.6282,218.4321,39.4564,144.6574
272.0591,219.3137,35.8160,145.6726
272.3130,219.0760,32.5843,146.1480
272.2366,218.9367,30.0681,146.4266
271.8598,220.1833,28.1976,146.5575
272.2931,220.1965,27.3310,146.5313
272.6085,220.2571,26.7003,146.4099
271.5363,220.2472,26.2866,146.4297
270.1852,220.5185,26.4387,145.8871
269.6774,219.5291,27.4543,145.3203
267.7396,219.8154,28.7724,144.7479
265.4418,218.7974,30.7924,144.2082
264.3056,217.7664,33.0648,143.6631
261.7343,216.8030,35.5641,142.9464
260.5074,215.8373,38.0178,142.1968
257.8282,214.9344,40.6594,141.2858
256.5439,214.0309,43.2279,140.3393
255.2341,213.0725,45.8475,139.4683
252.5740,212.1749,48.3440,138.4397
251.3707,211.2357,50.7505,137.4634
250.2165,210.2290,53.0590,136.5925
249.0916,207.6890,55.3089,135.8458
248.0213,206.6760,57.4494,134.9292
246.9773,205.6277,59.5374,134.0583
245.9551,204.5418,61.5818,133.2383
244.9655,203.5819,63.5610,132.1423
244.0445,201.1005,65.4031,131.0367
243.1740,200.0588,67.1440,130.0701
242.3911,199.0317,68.7097,129.0582
241.6333,197.9672,70.2255,128.1093
242.4599,196.9533,71.6621,127.0471
241.8075,195.9344,72.9670,125.9862
241.1623,194.9353,74.2573,124.8793
240.5334,193.8841,75.5152,123.8710
241.4623,189.6324,76.7742,123.0241
240.9417,190.0994,77.8152,122.0901
240.4429,188.9874,78.8129,121.1854
239.9570,187.7705,79.7847,120.4874
239.5478,184.9604,80.6031,119.8323
239.2247,183.7853,81.2494,119.0412
240.4949,182.5418,81.8491,118.3881
240.2069,181.2233,82.4251,117.8849
239.9839,179.9057,82.8710,117.3779
239.8051,178.5180,83.2286,117.0117
239.6577,177.1096,83.5235,116.6862
239.5267,175.6742,83.7855,116.4150
239.4439,174.1595,83.9510,116.3020
239.3936,172.5958,84.0516,116.2863
239.3514,170.9151,84.1360,116.5030
239.3276,169.1908,84.1836,116.8021
239.2610,167.3750,84.3169,117.2791
239.2309,165.4517,84.3770,117.9615
239.1552,163.5690,84.5285,118.5515
239.0919,161.5271,84.6551,119.4483
238.9941,159.3550,84.8507,120.5902
238.9039,157.1772,85.0311,121.7227
238.7817,156.3933,85.2755,123.2904
238.6970,153.8475,85.4448,125.1113
238.6139,152.7973,85.6110,127.2116
240.1726,150.1052,85.8291,129.2603
240.0580,147.3764,86.0583,131.3481
239.9734,146.2019,86.2275,133.6971
239.8475,143.2136,86.4793,136.2305
239.7428,141.8906,86.6886,138.8765
239.6555,140.4984,86.8634,141.6608
239.5475,139.0342,87.0794,144.5893
239.4214,137.4991,87.3316,147.6595
241.1832,135.8098,87.4779,151.0380
242.9063,134.0825,87.7545,154.4927
242.7804,132.3580,88.0063,157.9417
242.6804,130.4648,88.2063,161.7281
244.5579,128.4143,88.3445,165.8290
246.4810,126.2993,88.4541,170.0592
248.4942,126.2063,88.4478,174.2651
250.5188,126.0169,88.4802,178.7257
252.5591,125.7510,88.5472,183.4049
254.5915,125.4169,88.6994,188.2901
256.7025,125.0869,88.7685,193.2412
258.8904,126.9667,88.7570,198.2101
263.4091,126.5221,88.5918,203.5354
265.7789,128.4334,88.3629,208.7339
270.4809,128.0791,88.1222,214.0242
273.1834,130.4392,87.3710,218.6115
275.9594,130.3683,86.5254,223.4599
281.0537,134.5848,85.8591,229.3102
283.8174,134.1427,85.1649,235.0274
289.0391,133.6819,84.5262,240.8514
291.8999,136.4230,83.7786,245.3171
299.8282,141.5703,82.9943,250.0950
302.6176,144.3879,82.4933,254.6154
310.8923,147.2275,81.3425,259.2019
313.6506,153.7073,81.0028,261.7728
319.3250,155.3226,80.0679,263.7492
330.5993,165.3533,78.3902,264.5585
333.5312,164.3709,77.7243,266.5233
339.5840,169.0677,76.0455,267.5566
345.4561,173.9784,74.6947,268.1286
353.8815,181.8246,73.3824,267.9747
356.6672,184.5456,72.9637,267.6853
364.8317,187.6387,72.0571,266.6400
370.2654,191.1060,71.4078,264.8144
378.1547,199.7859,70.8424,262.6679
380.5636,202.9553,71.0548,261.3593
388.3945,209.3812,70.4405,258.5391
393.3213,210.7159,70.5160,255.8697
398.2496,217.3204,70.5161,252.5175
403.1050,221.5394,70.5675,248.9607
407.8910,225.8563,70.6594,245.1588
412.6042,230.1974,70.7929,241.2565
417.2000,234.7693,71.0560,236.8401
419.1989,236.9805,71.7280,232.4176
423.6602,241.8419,72.0444,227.3143
428.0518,244.6944,72.3673,221.6094
432.3318,247.3719,72.7630,216.2544
434.2337,249.8320,73.3682,211.3341
438.4242,252.4242,73.6871,206.1497
440.2231,254.6615,74.3710,201.6752
444.3182,256.9619,74.6407,197.0743
446.0414,259.2965,75.3633,192.4050
449.9254,259.7816,75.8250,187.3200
453.6501,262.2953,76.4756,182.2926
455.3268,262.4601,77.1113,177.9740
457.1146,262.7892,77.4734,173.3780
458.7958,262.9928,77.9886,169.0933
462.4288,263.2983,78.3714,164.6579
464.0674,263.1661,78.8605,161.1559
465.7126,261.3123,79.2940,157.4157
467.4536,261.2614,79.4887,153.8410
469.0298,259.2854,79.9638,150.5378
468.7717,257.2776,80.4799,147.3792
470.2736,257.1031,81.0256,144.1788
473.5290,255.1442,81.5378,141.0736
473.3375,253.0214,81.9208,138.3707
474.8336,252.6355,82.3692,135.7019
476.3508,252.2754,82.7431,133.0138
476.0558,248.3548,83.3332,130.7311
477.3078,246.0796,84.1795,128.5809
478.5623,245.4245,85.0028,126.5586
478.2804,241.4225,85.5667,124.6161
477.9564,240.5912,86.2146,122.9829
479.3490,236.4703,86.7111,121.3797
480.7600,235.5128,87.1547,120.0289
480.5480,232.7890,87.5787,118.9717
480.3162,230.1118,88.0424,117.8394
479.9811,228.8625,88.7124,117.1042
479.6259,226.0040,89.4228,116.3544
479.2416,223.0908,90.1915,115.7135
480.5239,221.8237,90.8633,115.0114
480.2589,220.4443,91.3933,114.5335
479.8958,215.8558,92.1196,113.9972
479.5271,216.0568,92.8569,113.5951
479.1211,214.6928,93.6689,113.0759
477.0573,211.7065,94.5444,112.5441
476.6613,210.2605,95.3363,112.1779
474.6737,208.8457,96.0461,111.7422
474.4079,207.5554,96.5778,111.0530
472.4879,206.2096,97.1500,110.4768
472.1754,204.8382,97.7751,109.9516
470.1333,203.4234,98.5894,109.5114
468.1928,202.0726,99.1942,108.9369
467.8523,202.3607,99.8754,108.3606
466.0459,201.0888,100.2094,107.6259
464.0879,201.4907,100.8531,106.8220
458.9624,200.2033,101.2936,106.1267
458.7620,200.5212,101.6945,105.4909
456.8882,199.2594,102.1794,104.7518
453.4556,198.0704,102.5273,103.8711
451.5790,198.5204,103.0300,102.9712
448.1621,199.0060,103.3757,101.9998
446.3720,199.4548,103.7215,101.1024
444.4935,199.8066,104.2531,100.3987
439.5269,200.1159,104.5182,99.7802
437.7294,198.9320,104.8960,98.9309
435.8864,199.3502,105.3724,98.0945
429.4629,199.8503,105.4047,97.0942
427.6920,200.3463,105.7581,96.1023
424.3539,200.7801,106.0785,95.2346
421.0934,201.1799,106.2613,94.4350
419.4395,201.7119,106.4098,93.3710
411.5202,202.1310,106.5260,92.5328
411.4660,202.6240,106.6344,91.5468
408.1371,203.0580,107.0548,90.6789
403.3809,203.4691,107.2335,89.8566
401.6948,203.9100,107.5048,88.9748
395.5894,205.8191,107.3528,88.2475
393.9426,206.1559,107.5697,87.5739
389.2696,206.5956,107.7084,86.6943
386.2535,208.5903,107.6268,85.7619
381.5695,209.0540,107.8728,84.8346
378.5372,209.4893,107.8787,83.9640
374.0416,211.5551,107.8242,82.8478
372.6053,212.0230,107.7004,81.9119
364.9979,212.4552,108.0198,81.0475
363.5305,214.3631,107.9847,80.2015
357.4180,214.7467,108.3878,79.4344
356.0167,215.2383,108.2413,78.4510
348.5531,217.0559,108.5153,77.7466
347.1142,217.5182,108.4698,76.8219
342.6648,219.3436,108.6467,76.0785
338.2484,219.7239,108.7862,75.3178
335.2131,220.1454,109.0823,74.4749
329.3201,221.8911,109.3572,73.8613
327.7424,222.3331,109.6407,72.9772
319.0171,224.1325,109.9233,72.2398
318.8477,224.5480,110.2621,71.4087
313.0031,226.2937,110.5730,70.7620
310.1351,226.5549,110.6322,70.2395
305.7835,226.9052,110.8437,69.5390
301.3558,228.7220,111.2333,68.7274
296.9772,228.9932,111.5478,68.1849
293.9955,229.2786,111.8916,67.6142
288.2813,231.0183,112.0988,66.9401
286.8041,232.6986,112.2563,66.3765
280.9384,233.0303,112.8285,65.7131
277.9955,233.3068,113.1400,65.1600
270.8476,233.6628,113.5242,64.4481
269.0542,235.2541,114.3350,64.0415
264.7645,235.5875,114.5713,63.3745
260.4168,235.8914,114.9473,62.7668
257.3561,237.5720,115.5321,62.1739
253.0073,237.7644,115.9292,61.7891
248.6393,237.9887,116.3670,61.3406
245.5652,238.2106,116.9857,60.8966
241.0691,239.7966,117.6791,60.4910
237.9265,239.9623,118.4255,60.1596
230.7088,240.1475,118.9873,59.7892
228.9539,240.3833,119.7206,59.3175
227.1650,240.5794,120.5192,58.9253
222.6259,242.1564,121.2457,58.5554
218.0532,242.2836,122.0264,58.3009
213.5481,242.4144,122.6514,58.0393
211.7076,242.5325,123.5327,57.8031
207.2548,242.6610,124.0132,57.5461
204.1128,242.8202,124.6754,57.2277
202.1546,242.9462,125.7769,56.9757
194.8012,243.0421,126.3509,56.7839
194.2306,243.1715,127.4921,56.5251
191.1343,243.2996,127.9976,56.2689
189.3012,243.3738,128.8175,56.1206
184.6241,243.3786,129.6049,56.1109
182.8001,243.4646,130.3861,55.9390
179.5155,243.5034,131.2051,55.8613
176.1969,242.1879,132.0710,55.6068
174.3864,242.2347,132.7986,55.5131
172.5676,242.2377,133.5337,55.5072
169.2281,240.8250,134.3867,55.4197
167.3976,240.8508,135.1241,55.3680
165.6171,239.4770,135.7518,55.1823
163.8264,239.5670,136.3939,55.0023
161.9057,238.0783,137.2901,55.0345
159.9793,238.0983,138.1842,54.9944
159.4916,236.5864,139.1597,55.0475
157.5734,236.5322,140.0103,55.1559
156.9502,234.9378,141.2566,55.3446
154.9792,233.3846,142.1774,55.4298
154.6668,233.3010,142.8021,55.5970
154.1756,231.7702,143.7846,55.6105
153.6636,231.6541,144.8086,55.8428
152.9720,230.0581,146.1917,55.9535
152.3647,228.4277,147.4064,56.1113
151.9149,228.3552,148.3060,56.2563
152.8661,226.7745,149.5425,56.2788
152.3371,225.1486,150.6005,56.3736
153.4493,225.0259,151.5500,56.6189
154.4806,223.3630,152.6791,56.7529
155.3983,221.6706,154.0544,56.9271
154.9420,219.9704,154.9669,57.0943
156.0480,219.7947,156.0043,57.4457
158.6221,218.0943,157.3973,57.5759
157.9244,216.3487,158.7927,57.7741
160.5796,214.5196,160.1153,58.1159
161.4396,212.7187,161.7367,58.3761
162.6235,212.6000,162.7385,58.6136
166.7681,210.7758,164.6134,58.8739
167.6144,208.9731,166.3404,59.0597
168.5910,207.1796,167.8348,59.1991
169.5613,205.3928,169.3658,59.3012
172.3375,203.6114,170.8037,59.3689
175.1499,201.7465,172.2129,59.5816
177.8737,199.7943,173.8472,59.9450
180.6353,197.7907,175.4656,60.3813
183.5375,195.7826,176.8650,60.7957
186.2575,193.7376,178.6837,61.2563
187.0579,191.6980,180.7467,61.6718
191.5269,189.6485,182.9108,62.0701
194.2033,187.6632,185.0355,62.3019
195.1116,185.5976,186.9922,62.6598
197.8796,183.4655,189.0716,63.1165
202.6044,181.3536,191.1589,63.4946
203.6297,179.1820,192.9906,63.9556
210.3466,176.9556,195.2238,64.4915
211.3801,174.7485,197.1151,64.9474
217.9800,172.5314,199.8898,65.3879
218.8142,170.2890,202.2626,65.8316
221.7752,168.0611,204.5065,66.2044
226.6300,165.8472,207.1622,66.5105
227.6646,165.6211,209.2579,66.9628
232.8143,163.4376,211.5680,67.1265
235.8207,161.2175,214.0332,67.3279
238.7645,158.9850,216.7010,67.5152
241.6547,156.7355,219.5584,67.6952
244.5811,154.4105,222.4311,67.9823
247.8020,152.0713,224.8069,68.2521
253.1769,149.7607,227.3994,68.4258
254.2135,149.7117,229.8136,68.5239
259.6742,147.3389,232.4621,68.7462
260.8588,144.9559,234.6578,68.9472
264.3255,142.5916,236.9237,69.0761
270.0500,140.2612,239.3772,69.1028
271.1290,140.1929,241.8884,69.2394
276.8144,137.9060,244.6396,69.1060
277.9511,137.8550,247.1097,69.2079
281.4223,135.4673,249.7280,69.2030
285.0082,133.1378,252.1906,69.0447
286.3787,133.0888,254.2986,69.1427
292.6551,130.7957,256.3871,68.8485
294.1145,130.8522,258.3726,68.7354
300.4901,128.6383,260.4119,68.2331
302.2102,128.8519,261.9210,67.8060
303.8145,126.7221,263.6748,67.1030
305.6267,127.0517,265.0243,66.4439
309.9404,127.4270,266.3575,65.6933
311.8804,125.4610,267.4622,64.6405
313.6829,125.7563,268.8373,64.0500
318.2176,126.1009,269.7443,63.3607
320.2029,126.4915,270.7613,62.5796
322.3667,126.9596,271.4208,61.6433
327.0364,125.1770,272.0377,60.2303
327.0710,125.6684,271.9687,59.2475
329.5454,126.1565,271.9596,58.2714
331.9263,126.6619,272.1186,57.2604
334.4880,127.2003,271.8986,56.1837
337.0026,127.8189,271.7487,54.9466
337.2489,128.5079,271.2561,53.5684
339.8192,129.1674,270.9352,52.2494
340.4398,129.8856,269.6939,50.8130
341.1631,130.7878,268.2474,49.0087
341.9182,131.7285,266.7372,47.1273
342.8535,132.6842,264.8667,45.2159
343.7915,133.6023,262.9905,43.3798
344.8140,134.4672,260.9457,41.6499
346.0048,135.3542,258.5641,39.8759
347.1396,136.2564,256.2944,38.0716
348.0379,137.0833,254.4978,36.4178
349.5034,137.8638,251.5669,34.8566
346.6395,138.6836,248.9438,33.2171
343.8571,139.3551,246.2966,31.8742
344.3062,139.5157,245.3984,31.5528
341.1696,153.8473,243.6252,31.0527
337.5614,154.3854,238.8756,29.9765
339.5467,154.7809,234.9050,29.1855
337.5667,154.7943,231.2039,29.1588
330.0422,154.5861,227.3580,29.5752
329.9933,154.2211,223.7213,30.3052
329.9825,153.7323,220.0438,31.2828
324.4148,155.0639,216.5062,32.2878
324.3867,154.3619,212.9229,33.6917
319.0867,162.9056,209.0500,34.6953
317.2291,162.0309,205.5960,36.4447
315.2994,161.1953,202.3127,38.1160
311.5226,160.3657,199.1903,39.7751
307.8922,161.2672,195.8078,41.5198
306.0395,162.1125,192.4442,43.3637
300.5811,162.9538,189.2688,45.2043
298.5632,163.7524,186.2767,47.1210
293.1205,164.5636,183.1282,49.0070
291.2474,165.2794,179.8749,51.0753
283.9904,166.0169,176.9252,53.0929
283.7994,166.7636,173.8184,55.0882
276.5067,167.5564,170.9963,56.9841
276.0637,166.7108,168.4062,58.6753
267.0278,165.8829,165.6571,60.3311
266.6943,166.6908,162.8634,62.1762
261.0649,165.8366,160.3056,63.8847
259.1174,166.7615,157.3047,65.4827
251.8335,165.9457,154.7068,67.1143
251.2921,165.1732,152.3652,68.6594
244.0533,166.0643,149.7540,70.2949
241.7801,166.9750,147.4836,71.8818
234.3005,166.2078,145.4283,73.4163
232.1021,165.4395,143.0263,74.9529
228.1201,166.4155,140.8184,76.3914
220.5865,165.7195,138.9716,77.7836
219.9863,166.7875,136.7928,79.0267
212.5525,167.8731,134.8196,80.2238
211.9117,167.3264,132.7420,81.3171
202.9777,166.7685,130.5305,82.4330
202.4138,167.9491,128.3260,83.4041
193.6945,167.4862,125.8714,84.3299
193.1680,168.6442,123.6304,85.3080
187.9042,168.1696,121.0520,86.2571
185.6835,169.2855,118.9870,87.2785
178.7758,168.8666,116.6089,88.1163
176.6565,169.9757,114.4151,89.1144
171.4415,171.1034,112.0494,90.0579
169.4599,170.6423,109.6563,90.9800
162.7529,170.1890,107.2892,91.8868
160.9107,171.3735,104.7052,92.6520
154.4094,170.9634,102.1750,93.4723
154.0600,170.6514,99.7935,94.0962
147.8674,171.8759,96.9135,94.7003
147.4585,172.9681,94.7138,95.5333
144.0247,174.1832,92.5933,96.0992
139.2170,175.4312,90.3231,96.5745
135.8951,175.2351,88.1383,96.9668
132.7481,176.6482,85.6896,97.0547
128.2640,176.5460,83.1520,97.2591
126.6352,177.9359,80.7318,97.3183
122.3694,177.8951,78.0597,97.3999
120.8845,179.2905,75.5116,97.3681
116.8613,180.6251,72.6898,97.4159
115.5567,182.0110,69.9555,97.3159
111.8770,182.1659,66.8134,97.0060
110.6868,183.7068,64.0561,96.4930
107.1039,185.0944,61.1603,96.2333
105.8422,186.4861,58.7573,95.9132
103.8399,187.8334,55.5076,95.6367
102.0180,189.2522,52.0738,95.1582
101.3847,191.8150,48.7532,94.6199
100.7013,193.2136,45.6623,94.0515
99.9644,194.5981,42.8022,93.4495
99.1748,197.1758,40.1649,92.5107
97.2891,198.5811,37.7913,91.7484
95.1163,200.1397,36.1510,90.6265
94.5943,201.6339,35.2452,89.5881
93.0702,204.0329,34.4558,88.6274
91.3251,205.4278,34.1645,87.7285
90.4780,206.8204,33.9860,86.8160
89.6866,209.1723,33.7124,85.8247
88.8218,210.4790,33.6047,85.0486
87.8850,212.7412,33.6544,84.1726
87.7812,213.9477,33.8620,83.5719
87.5971,216.1013,34.2302,82.8796
88.2751,217.4012,34.6782,82.0839
88.1094,219.5845,35.0095,81.3182
88.7515,222.7167,35.5207,80.4397
89.3064,223.8983,36.2024,79.8680
90.5664,226.0665,37.2730,79.1221
90.8378,227.2776,38.5332,78.5030
90.9501,229.4492,40.1246,77.7919
91.8937,230.7591,41.9037,77.0052
94.6665,233.0164,43.7664,76.1946
94.7224,234.2769,45.5263,75.5456
99.4902,236.4386,47.3425,75.0061
99.5080,238.5678,49.2212,74.5765
103.4626,239.7756,51.0086,74.1002
105.5804,241.9892,52.6584,73.5965
107.7690,242.2663,54.2255,73.0425
110.9313,243.4432,55.8958,72.6873
114.3174,245.6265,57.2060,72.3619
118.6081,246.8230,58.8093,72.0059
119.0087,246.9552,60.0657,71.7416
124.4642,248.0004,61.5965,71.7247
126.8941,248.0583,63.0309,71.6089
131.4786,247.9719,64.4582,71.7817
132.8534,247.8236,65.9980,72.0784
138.7741,247.6118,67.2001,72.5018
140.2980,247.3282,68.5514,73.0691
146.4599,246.9731,69.6074,73.7794
147.0732,246.6003,70.6387,74.5250
154.5616,246.1149,71.6627,75.4957
156.3531,245.6290,72.7142,76.4675
161.8305,243.9768,73.5052,77.4229
162.5025,242.2897,74.5377,78.4205
169.2613,241.7515,75.4718,79.4968
172.4268,240.0061,76.4615,80.5473
176.8767,238.1869,77.4512,81.7134
181.4286,236.3437,78.3725,82.8934
184.7525,234.4346,79.3429,84.1723
188.1511,232.4448,80.2699,85.5771
194.2633,230.4220,81.1028,87.0114
196.4254,226.8963,82.0726,88.7687
202.6975,224.7477,82.9779,90.3758
203.6546,222.4969,83.7930,92.1481
208.7731,220.2197,84.6358,93.9327
212.6719,216.4550,85.2717,95.8396
219.4701,214.1837,85.9298,97.5313
220.7166,211.8223,86.3247,99.3663
226.2646,206.5242,86.9185,101.1953
228.9605,204.1690,87.4473,102.9454
234.6767,201.7681,87.9983,104.7514
237.4724,199.2917,88.4718,106.6717
241.8535,195.2397,88.9191,108.6359
244.7034,192.7415,89.4336,110.5251
250.7485,188.6551,89.9217,112.4088
253.7515,186.2097,90.2785,114.1183
258.4074,182.0441,90.6068,116.0228
261.5114,179.4647,90.8946,117.9336
266.3498,175.2090,91.0630,119.8815
267.8673,172.6352,91.3421,121.7150
271.2063,169.9920,91.3575,123.6548
277.9699,165.5522,91.3361,125.7814
279.6542,162.9863,91.3760,127.5047
283.1309,158.5061,91.2929,129.5947
286.6592,155.7905,91.1673,131.5605
290.2863,151.4265,90.8993,133.3023
293.9175,148.7951,90.6665,135.0504
297.5737,146.2432,90.4289,136.6167
299.4868,143.8065,90.1598,137.9332
303.2825,141.2804,89.7129,139.4131
307.0714,137.0165,89.3091,140.7669
309.0388,134.5844,88.9748,142.0305
311.0550,132.0412,88.5562,143.5031
314.9964,129.4410,87.9309,145.0747
318.8987,126.8383,87.4097,146.6384
320.9574,122.5420,86.9485,147.9188
323.0821,120.1859,86.3665,148.9636
325.2582,117.8021,85.6873,150.0581
327.4376,115.3481,85.0063,151.2884
331.5240,112.9272,84.2024,152.4458
331.8542,110.6523,83.5420,153.3076
334.0628,106.4512,82.8140,154.3314
338.1866,104.1516,81.9501,155.2388
338.5742,101.9646,81.1748,155.9224
340.8649,101.6299,80.2806,156.5917
343.1256,99.4724,79.4408,157.2253
345.4070,97.3464,78.5544,157.8009
347.7399,95.2638,77.5581,158.2967
348.1552,95.0035,76.7275,158.8172
350.4731,92.8975,75.7442,159.3767
352.7611,90.7757,74.8118,159.9765
353.1314,88.8164,74.0713,160.2591
355.3860,88.6971,73.1894,160.4976
357.5693,86.7296,72.4381,160.8172
359.6834,84.8431,71.8167,160.9835
360.0056,84.7478,71.1724,161.1740
362.1420,82.8599,70.4893,161.3602
362.4522,82.7041,69.8688,161.6718
362.7705,82.6834,69.2323,161.7132
364.9333,80.7324,68.4699,162.0519
365.2245,78.7748,67.8874,162.4123
365.5454,78.7583,67.2456,162.4453
367.6440,78.6697,66.5872,162.6225
367.9514,78.5750,65.9725,162.8120
368.2487,76.6938,65.3778,163.0530
368.5248,76.6615,64.8255,163.1177
368.8027,74.9440,64.2697,163.0474
370.8745,74.9786,63.6204,162.9783
371.1234,74.9443,63.1228,163.0469
371.3507,74.9132,62.6680,163.1091
371.5227,73.1105,62.3240,163.2481
371.6821,73.0310,62.0052,163.4069
371.8036,73.0095,61.7621,163.4500
371.9328,73.0151,61.5039,163.4388
372.0814,73.0073,61.2066,163.4544
372.1554,72.9818,61.0586,163.5054
