1
163.6291,207.6627,203.7418,117.6745
163.6807,207.7332,203.6386,117.5337
163.5691,207.7665,203.8618,117.4671
163.3925,207.7290,204.2151,117.5420
163.2684,210.2209,204.4632,117.5791
163.1270,210.1845,204.7459,117.6518
165.5119,210.0993,205.0068,117.8223
165.3941,209.9444,205.2424,118.1320
167.7556,209.8106,205.5656,118.3996
170.1452,209.7107,205.8418,118.5996
169.9400,209.6149,206.2520,118.7911
172.3092,209.5234,206.5861,118.9741
174.6100,209.4330,207.0648,119.1549
176.9943,209.2699,207.3866,119.4810
176.8015,211.6347,207.7722,119.8523
179.2297,211.4327,208.0286,120.2563
179.0891,211.2640,208.3097,120.5936
179.0050,213.6365,208.4780,120.9820
181.5971,213.5291,208.4361,121.1969
181.6349,213.3694,208.3605,121.5161
184.2111,213.1173,208.3578,122.0204
186.8525,212.9223,208.2332,122.4104
189.4597,215.3462,208.1817,122.7256
189.4512,215.1852,208.1987,123.0476
194.7097,215.0135,208.0282,123.3909
197.3647,214.8683,207.8948,123.6813
199.9964,214.7354,207.8107,123.9472
202.7125,214.6134,207.5612,124.1911
205.3829,214.4833,207.4033,124.4513
208.1164,214.2990,207.1215,124.8199
210.8134,214.0736,206.9145,125.2707
213.5052,213.8248,206.7225,125.7682
216.1549,213.6818,206.6203,126.0544
218.7370,213.4590,206.6565,126.4999
218.6941,210.6257,206.7423,126.9581
221.3143,210.4743,206.7194,127.2607
221.3416,207.7121,206.6649,127.5632
224.0662,207.6271,206.4421,127.7330
224.1504,204.8949,206.2736,127.9714
224.3819,204.8652,205.8106,128.0308
224.4682,204.7872,205.6380,128.1868
227.1887,202.0394,205.4186,128.4610
227.3606,199.2888,205.0748,128.7393
227.5352,199.2259,204.7257,128.8650
227.4992,196.4007,204.7975,129.2960
230.2163,193.6737,204.5910,129.5224
230.2189,190.9274,204.5858,129.7866
230.1817,188.1942,204.6602,130.0206
230.1346,185.5085,204.7544,130.1541
230.1213,185.4440,204.7810,130.2831
230.1344,182.7145,204.7547,130.4983
230.1627,179.9917,204.6982,130.6968
230.1603,179.9387,204.7030,130.8027
232.8331,177.2650,204.6089,130.8987
232.7498,174.6073,204.7755,130.9626
232.6785,174.5494,204.9181,131.0783
232.6183,171.8624,205.0385,131.1930
232.6993,171.7910,204.8765,131.3358
232.7240,171.6604,204.8270,131.5972
232.7573,171.4854,204.7604,131.9471
232.8253,171.2931,204.6245,132.3317
232.8920,171.0865,204.4910,132.7448
232.9577,170.8479,204.3596,133.2221
233.0430,170.6340,204.1891,133.6499
233.1670,170.4257,203.9410,134.0666
233.2679,170.2447,203.7392,134.4285
235.9682,170.0881,203.6360,134.7417
236.0511,169.8827,203.4703,135.1526
236.0555,169.7276,203.4615,135.4627
235.9477,169.5939,203.6771,135.7302
238.3752,169.5242,204.1403,135.8696
238.2976,169.3946,204.2955,136.1287
240.7523,169.2764,204.7201,136.3651
240.5061,169.1613,205.2124,136.5953
242.9634,171.7366,205.6536,136.8004
245.3154,171.6656,206.3151,136.9423
247.7002,171.5729,206.9235,137.1277
250.0467,171.4197,207.6208,137.4342
249.7991,171.2972,208.1159,137.6791
252.2774,171.1563,208.5766,137.9609
254.7371,170.9671,209.0860,138.3393
257.2722,170.7797,209.4586,138.7141
259.7372,170.6205,209.9834,139.0326
259.4946,170.4624,210.4685,139.3487
261.9711,170.3120,210.9960,139.6496
264.4191,170.2477,211.5934,139.7781
266.9672,170.2532,212.0016,139.7672
266.7332,170.1575,212.4696,139.9584
269.1976,169.9570,213.0613,140.3595
271.6598,166.9412,213.6732,140.8550
274.0924,166.7724,214.3616,141.1926
276.3974,163.8361,215.3210,141.4957
275.8855,163.7713,216.3448,141.6252
278.0168,160.8725,217.6887,141.8163
280.3185,160.8220,218.7153,141.9172
279.7833,157.9033,219.7857,142.1077
282.0916,157.7120,220.8354,142.4904
281.5630,154.6751,221.8926,142.8758
283.9940,154.4024,222.7410,143.4213
283.5554,154.1096,223.6182,144.0067
286.1469,153.8795,224.1906,144.4671
285.8541,153.5848,224.7762,145.0563
285.5796,153.3181,225.3252,145.5898
288.2198,152.9430,225.8522,146.3399
288.0300,152.5681,226.2317,147.0898
290.7619,152.2568,226.6138,147.7123
290.5383,151.9315,227.0612,148.3631
290.3863,151.6141,227.3651,148.9977
293.0686,151.2652,227.8952,149.6955
292.9260,150.8782,228.1805,150.4697
292.7939,150.4995,228.4446,151.2271
295.5261,150.1424,228.9284,151.9413
295.3072,149.8324,229.3662,152.5612
298.1948,149.3716,229.5751,153.4827
298.0289,149.0062,229.9069,154.2135
297.9831,148.6501,229.9985,154.9257
297.9041,148.2938,230.1564,155.6383
300.8152,147.8941,230.3813,156.4377
300.5651,147.4684,230.8816,157.2892
303.3303,147.1245,231.4366,157.9771
302.9808,146.8475,232.1356,158.5309
305.7080,143.4516,232.8061,159.1980
305.3606,143.0904,233.5009,159.9204
305.0086,142.6397,234.2048,160.8217
307.7761,142.2498,234.8639,161.6014
307.4786,141.8081,235.4589,162.4849
307.1524,141.3746,236.1113,163.3519
310.0296,141.0140,236.6214,164.0730
309.7263,140.5255,237.2281,165.0501
312.6070,139.9929,237.7762,166.1154
312.3834,139.4411,238.2234,167.2190
315.4201,138.9429,238.5104,168.2154
315.2408,138.3175,238.8690,169.4662
314.9834,140.9224,239.3838,170.6635
318.0502,143.4472,239.6849,172.0486
317.8339,146.0181,240.1176,173.3690
317.6176,148.5490,240.5502,174.7974
320.6978,151.0052,240.9100,176.4054
320.5180,150.1705,241.2697,178.0749
320.2464,152.6928,241.8130,179.6154
319.8986,155.1996,242.5086,181.2203
319.6006,157.8006,243.1045,182.6738
322.6015,160.3643,243.7910,184.2346
322.3018,162.8895,244.3903,185.9084
321.8927,161.9728,245.2086,187.7418
321.3952,164.5364,246.2036,189.4178
320.8995,163.6866,247.1949,191.1173
320.3279,166.1917,248.3381,192.9955
319.7626,165.1279,249.4688,195.1232
319.1384,167.5591,250.7172,197.2490
318.4429,166.4012,252.1082,199.5649
317.7818,168.8502,253.4305,201.7678
317.0880,171.1908,254.8179,204.2435
316.3958,173.5148,256.2023,206.8138
311.9670,175.8382,257.7787,209.4484
311.2125,174.4984,259.2877,212.1279
306.8021,176.7769,260.6940,214.9854
302.3970,179.1564,262.0217,217.7089
301.7142,181.6639,263.3875,220.2406
297.1360,188.0902,264.9353,222.6053
296.4053,186.8142,266.3966,225.1572
291.8323,189.3769,267.8083,227.7660
287.1557,191.9639,269.3637,230.3899
286.5126,194.5177,270.6498,233.1464
281.9625,197.1426,271.8218,235.8250
281.4547,195.7486,272.8375,238.6129
276.8001,198.3078,274.0968,241.5444
272.2700,200.9499,275.0407,244.3765
271.7418,199.5786,276.0971,247.1192
267.0322,202.3934,277.2798,249.7260
266.4780,201.1576,278.3882,252.1976
261.7217,199.9996,279.5476,254.5136
261.0604,202.9988,280.8702,256.9233
260.7126,201.7977,281.5659,259.3255
255.9930,200.6265,282.4888,261.6678
255.5323,199.5019,283.4102,263.9170
250.9032,198.5000,284.0505,265.9208
250.4810,197.4921,284.8949,267.9366
250.0645,196.5755,285.7280,269.7699
245.2874,195.7094,286.5351,271.5020
244.9159,194.8866,287.2780,273.1477
244.6523,194.1186,287.8052,274.6837
239.9280,193.3587,288.3963,276.2035
239.7029,192.6394,288.8465,277.6420
239.4578,191.9603,289.3367,279.0004
239.2585,191.2975,289.7354,280.3259
239.1263,190.6621,289.9998,281.5967
239.0851,190.0429,290.0822,282.8352
238.9801,184.9286,290.2922,284.0414
238.8639,184.4510,290.5245,284.9966
238.7747,183.9381,290.7029,286.0225
238.6330,183.4765,290.9864,286.9456
238.3569,182.9603,291.5385,287.9782
238.1434,178.0781,291.9655,288.6163
238.0520,177.5830,292.1484,289.6066
237.9383,177.1701,292.3758,290.4323
237.8069,176.8065,292.6385,291.1595
237.5929,176.4844,293.0666,291.8038
237.3817,176.2294,293.4889,292.3138
237.2363,175.9313,293.7797,292.9100
232.4231,171.1347,294.1669,293.2639
232.1431,170.8086,294.7269,293.9162
231.7535,170.4483,295.5061,294.6367
231.4072,170.2603,296.1988,295.0128
231.0276,170.1023,296.9578,295.3287
230.5929,169.9774,297.8274,295.5786
230.1525,169.7933,298.7082,295.9467
229.7279,164.9268,299.5573,296.3151
229.2366,164.6811,300.5399,296.8066
228.7890,159.8635,301.4352,297.0346
228.3715,159.9296,302.2701,296.9025
227.9288,155.2550,303.1555,296.8161
227.5520,155.2484,303.9091,296.8292
227.4201,155.2336,304.1729,296.8588
222.7268,150.6337,304.0947,296.5937
222.8455,150.7663,303.8573,296.3285
223.2040,151.0278,303.1402,295.8055
223.9030,151.5719,301.7422,294.7174
220.0635,152.4030,300.0283,293.0552
221.0243,153.2952,298.1068,291.2707
