1
666.9313,684.3452,41.9276,23.7044
668.3170,685.2786,42.2268,23.8848
676.3327,681.6721,41.6614,24.9114
688.3880,673.0327,42.5123,25.5493
699.2083,671.1168,42.1413,27.2540
702.7142,667.0515,41.6486,28.8656
2
0
0
0
0
1
694.7651,584.4958,37.9316,17.7292
697.1108,573.7401,36.6883,18.5530
689.4958,578.1818,36.4718,19.1091
693.1301,572.0909,36.1194,20.0517
699.2123,565.4655,35.3366,21.0456
706.6962,557.4720,34.4607,22.0598
2
0
0
0
0
1
734.7556,504.5291,20.7990,21.2313
739.4434,501.8103,21.3517,20.7120
743.0687,497.0436,22.0501,20.3093
748.0688,494.9690,22.7207,19.7900
752.8281,491.8897,23.9072,19.2581
756.5276,488.4083,24.6536,18.7542
762.6430,485.8258,25.3808,18.4631
768.9296,481.4003,25.1972,19.0546
776.4233,476.5063,24.8090,19.8050
783.4134,470.8033,24.1568,20.6887
792.6126,460.1925,23.4009,21.4451
800.2866,450.3441,22.8804,22.0782
806.2588,445.3337,22.2636,22.8950
811.6302,437.8160,21.4766,23.7077
814.6791,432.1650,21.0698,24.3395
818.1613,426.5357,21.2518,24.1637
813.3740,418.4338,21.5336,23.9263
815.5827,416.1625,22.1256,23.4593
817.1290,415.6884,22.6222,22.9718
819.3784,415.0357,23.1494,22.1233
821.5974,415.4265,23.7017,21.3416
824.6815,414.3548,23.9155,20.6486
826.1819,413.8329,23.7199,20.2898
831.5190,413.8823,23.4338,20.1909
841.4176,401.9704,22.8595,20.6729
845.5524,401.3642,22.1286,21.1999
849.9473,401.2138,21.5262,21.5007
857.0299,402.2588,20.9129,22.1210
861.7374,400.9260,20.3071,22.7538
866.9929,400.7830,19.9640,23.0398
869.2930,403.8624,19.4243,23.6489
874.8409,405.4382,19.1687,23.8847
857.5654,406.6487,19.8702,23.4949
860.4042,404.6426,20.3335,23.4130
868.6727,399.3379,21.0089,23.0065
2
0
0
0
0
1
840.3508,464.2771,18.7397,20.3795
834.6128,468.7174,19.1293,20.1217
827.8672,471.4595,19.6408,19.5821
821.4383,476.0596,19.5273,19.6472
815.3510,476.8099,19.9804,19.3806
812.5945,476.7890,19.9148,19.4222
803.0135,478.8393,20.4927,19.0386
795.4166,480.6519,20.7481,19.1479
788.3126,481.2883,21.1368,19.1315
781.2900,479.1685,21.2350,18.9335
771.4635,479.3258,21.9187,18.6187
764.2501,479.4043,22.3128,18.4618
757.1119,479.2974,22.4781,18.6755
750.2391,477.3974,22.6284,18.5912
744.5149,474.6971,22.4065,18.8049
737.3895,473.5310,22.3930,19.1921
729.7493,469.4872,22.6222,18.7724
722.6427,468.5218,22.5095,18.7497
717.5891,464.6971,22.2316,18.6103
710.5372,462.3177,22.1993,18.8711
703.8790,460.2217,21.9444,19.1856
697.8690,457.7473,21.6649,18.9557
691.6768,455.2314,21.2624,19.5122
681.5340,456.0759,21.0050,19.7491
687.8974,448.4613,20.4708,20.2186
693.5471,445.7592,20.0647,20.4967
2
0
0
0
0
1
650.4662,422.8122,17.7873,15.4321
648.2048,419.2456,17.6048,15.7687
644.5835,416.8559,17.4922,15.8200
642.7871,412.9015,17.4140,15.8621
640.5233,410.8138,17.2265,15.8463
636.9277,407.6796,17.1277,15.8663
635.1560,404.2846,17.0346,15.9028
633.3900,400.6598,16.9363,15.8917
632.7056,398.6577,16.7543,15.7606
632.2560,394.9121,16.6296,15.5719
631.8252,392.9802,16.4771,15.3794
631.6476,391.0675,16.3307,15.1920
631.6770,387.4582,16.2718,14.9655
631.9756,385.5854,16.1665,14.7766
633.2819,384.2021,15.9897,14.6202
