1
207.8264,200.3844,265.9677,96.2313
209.1997,201.0872,263.2210,94.8257
210.2792,201.5911,261.0620,93.8179
211.1585,202.0207,259.3036,92.9586
212.0297,202.4005,257.5612,92.1991
212.8238,202.7691,255.9729,91.4618
213.7102,203.0954,254.2001,90.8093
214.2707,203.3408,253.0791,90.3183
214.8196,203.6245,251.9813,89.7510
215.0488,203.8247,251.5229,89.3507
215.1552,201.4945,251.3100,88.7970
215.4418,201.6508,250.7368,88.4844
215.5574,201.7939,250.5057,88.1983
215.8824,202.0275,249.8557,87.7309
216.0846,202.1864,249.4512,87.4132
216.4191,202.3687,248.7823,87.0485
216.7924,202.5269,248.0357,86.7323
217.3949,202.6831,246.8308,86.4199
215.3746,200.3342,245.7775,86.0238
215.6464,200.4252,245.2339,85.8419
215.9690,200.5514,244.5886,85.5894
216.5516,200.7015,243.4235,85.2893
217.1559,198.4164,242.2150,84.8349
217.7253,198.5961,241.0760,84.4755
218.4942,198.6517,239.5383,84.3641
216.4532,196.1833,238.6680,84.3487
216.7607,196.1380,238.0530,84.4393
217.1924,196.0959,237.1897,84.5236
217.5994,196.1059,236.3756,84.5036
218.0344,196.0726,235.5056,84.5700
216.0299,195.9919,234.6162,84.7315
216.7046,195.9512,233.2667,84.8130
217.7191,195.9027,231.2377,84.9099
218.9988,193.3515,228.6783,85.1687
219.4078,192.9357,227.8603,86.0003
220.2917,194.8704,226.0926,86.9457
221.1376,194.4990,224.4008,87.6885
221.7169,196.3926,223.2422,88.6968
222.4577,195.9215,221.7605,89.6390
223.2130,195.3596,220.2500,90.7629
223.9702,194.7948,218.7355,91.8925
224.8048,194.2712,217.0663,92.9396
225.6266,193.8528,215.4228,93.7764
226.1883,193.3815,214.2993,94.7191
226.7171,192.9236,213.2417,95.6349
227.1282,192.3545,212.4196,96.7731
227.6421,191.7837,211.3917,97.9146
228.3695,191.2014,209.9369,99.0792
228.9984,190.6384,208.6790,100.2053
229.8134,190.0807,207.0491,101.3206
230.4290,189.6186,205.8179,102.2448
231.0830,189.0523,204.5099,103.3774
231.6465,188.4140,203.3828,104.6540
232.1560,187.7811,202.3639,105.9198
232.5872,187.0275,201.5016,107.4270
233.0196,186.3147,200.6368,108.8526
233.4718,185.6292,199.7324,110.2236
233.8343,184.8276,199.0074,111.8269
234.3488,184.0915,197.9783,113.2991
232.3781,183.4240,197.0633,114.6339
232.7321,182.8302,196.3552,115.8216
232.9855,182.0875,195.8485,117.3070
233.3255,181.3824,195.1686,118.7171
233.9665,180.7461,193.8864,119.9899
234.7212,180.1604,192.3771,121.1613
232.7315,179.4312,191.4507,122.6197
232.9543,178.7313,191.0052,124.0195
233.6715,178.1248,189.5709,125.2324
234.2271,177.5328,188.4597,126.4165
234.9602,176.9606,186.9934,127.5608
235.5586,176.3754,185.7966,128.7312
236.0588,175.6685,184.7962,130.1450
236.5627,172.4911,183.7884,131.5589
236.7184,171.7750,183.4771,132.9911
237.2923,171.1539,182.3293,134.2332
237.9449,170.3703,181.0240,135.8004
241.4925,169.7619,178.9055,137.0172
242.0426,168.9742,177.8052,138.5925
241.9710,165.5528,177.9484,140.4623
242.9345,164.9659,176.0214,141.6362
243.3879,164.1833,175.1147,143.2014
243.8379,163.4038,174.2146,144.7603
244.1458,159.9502,173.5988,146.6498
244.2886,156.4631,173.3134,148.5850
244.4217,155.5328,173.0470,150.4458
244.6110,152.1728,172.6684,152.0744
245.0915,148.9314,171.7076,153.4458
245.6411,148.2210,170.6082,154.8665
246.0302,147.4522,169.8300,156.4040
246.6474,146.6326,168.5956,158.0433
249.6969,145.7731,167.6400,159.7623
250.0267,142.0824,166.9804,161.9881
250.7517,141.1133,165.5304,163.9264
254.4393,140.2081,163.3434,165.7367
257.7231,139.2973,161.9580,167.5583
261.0905,138.4286,160.4124,169.2958
264.8419,137.7074,158.1013,170.7382
269.0321,139.5396,154.8986,172.2513
269.5670,137.8862,153.8288,175.5582
270.1214,136.1895,152.7199,178.9516
273.6887,134.6325,150.8044,182.0656
274.7880,135.8460,148.6059,184.8748
275.3193,134.0385,147.5433,188.4898
276.1651,132.4823,145.8517,191.6022
277.1354,131.2452,143.9110,194.0765
277.8527,129.4954,142.4765,197.5760
278.5774,127.6565,141.0270,201.2538
279.8148,128.8165,138.5523,204.3031
280.9662,127.4329,136.2495,207.0705
282.3186,126.4088,133.5447,209.1185
283.8283,128.2770,130.5252,210.7455
288.0445,127.8255,127.4300,211.6486
289.5219,129.9258,124.4751,212.7464
290.7972,128.8255,121.9246,214.9471
292.2028,128.1358,119.1133,216.3265
293.3912,126.9311,116.7365,218.7358
294.9266,125.9511,113.6657,220.6958
296.4470,124.4701,110.6249,223.6579
298.0094,122.9898,107.5001,226.6184
302.3569,121.6050,103.9826,229.3881
303.9451,120.2362,100.8062,232.1256
305.4289,118.4057,97.8385,235.7866
304.4257,116.1305,94.7046,240.3370
303.3253,111.3611,91.7553,244.7258
302.1692,106.2768,88.9073,249.7340
303.2498,100.7971,86.7461,255.5132
304.3550,95.3650,84.5355,261.1537
302.7533,92.7109,82.4758,266.4620
303.7994,90.2658,80.3836,271.3522
304.6942,82.1440,78.5940,276.9334
302.3967,83.2258,77.8123,280.1466
302.7360,83.6183,77.1337,284.7688
303.0671,86.9985,76.4715,288.9278
300.3484,68.0501,76.4031,293.7899
296.9945,65.2809,77.5381,299.3283
292.7964,51.6056,80.2620,303.9904
286.0348,38.2156,82.2071,307.6140
278.3948,26.6262,85.7335,307.2856
267.2939,19.6342,90.1203,303.4547
285.3260,29.2914,89.8526,308.0046
281.8988,33.7646,90.6815,311.1089
274.7745,27.1278,92.7607,312.2131
270.6334,21.6564,94.9040,310.8780
283.3629,28.1638,94.0843,316.3426
280.7549,32.7214,93.0784,319.6714
273.9115,26.6109,94.2645,319.3917
280.8144,16.3356,92.9955,321.1371
274.7762,24.7057,92.5329,323.2053
285.4192,10.4826,90.1172,326.4913
280.0630,22.1378,88.2472,328.3458
290.8858,40.4813,85.4481,329.3521
289.0533,37.6098,82.8695,328.8515
289.7479,35.2318,81.4803,327.4197
293.2923,45.2105,80.5329,325.8862
293.4630,49.0011,80.1914,324.4067
293.5259,55.6308,80.0657,323.2963
296.2422,56.3137,80.6896,321.9305
295.7847,60.1858,81.6047,320.2357
298.2191,70.8344,82.7786,317.0668
300.4758,72.3442,84.2856,314.0472
302.4784,76.9718,86.2868,310.7985
301.4130,81.4182,88.4178,307.9039
300.4127,86.0176,90.4184,304.7022
299.2456,92.3987,92.7526,297.9293
298.0362,98.3788,95.1713,291.9058
299.6725,101.2296,97.7941,286.2042
298.4928,106.5949,100.1536,281.3359
297.2813,111.9665,102.5767,276.4286
295.9631,114.2280,105.2130,271.9057
294.5870,116.1471,107.9653,268.0674
293.1459,117.8498,110.8474,264.6620
291.6454,119.2301,113.8484,261.9014
290.0752,120.5957,116.9889,259.1703
288.6605,122.1705,119.8183,256.0207
287.0301,123.6258,123.0791,253.1100
285.3974,125.2735,126.3445,249.8145
283.8256,126.5379,129.4881,247.2858
282.2252,128.0896,132.6888,244.1824
280.5530,129.2875,136.0332,241.7865
278.8887,130.6228,139.3618,239.1160
277.1481,131.1670,142.8431,238.0275
272.4133,132.1716,146.3618,236.0183
270.7549,133.1975,149.6785,233.9667
269.1623,134.3972,152.8638,231.5672
267.7338,138.8865,155.7207,228.6108
266.0812,140.1798,159.0258,226.0243
264.3608,141.3458,162.4667,223.6923
262.7991,142.7389,165.5902,220.9061
261.4614,144.1609,168.2655,218.0620
257.3139,149.1736,170.4893,214.1078
255.7851,150.2926,173.5468,211.8699
254.3412,151.5126,176.4346,209.4298
253.0194,152.5386,179.0782,207.3779
251.7232,156.6754,181.6707,205.1861
250.2098,157.5656,184.6974,203.4057
248.6848,158.3384,187.7475,201.8600
247.3335,159.2561,190.4501,200.0246
245.8352,159.8753,193.4467,198.7863
244.3024,160.3289,196.5123,197.8790
242.8752,161.0627,199.3667,196.4115
241.1954,165.0007,202.7262,194.7683
239.8549,165.8459,205.4072,193.0777
238.5167,166.6762,208.0836,191.4172
237.2009,167.5830,210.7152,189.6036
232.8626,171.7872,213.0898,187.4971
231.5549,172.5876,215.7053,185.8965
230.1107,173.2774,218.5936,184.5168
228.9048,174.0373,221.0055,182.9970
224.6334,174.8081,223.1931,181.4555
222.9373,175.4235,226.5852,180.2247
221.1119,175.7635,230.2360,179.5447
219.3428,176.1041,233.7741,178.8633
218.3389,180.3153,235.7820,176.9248
217.0718,180.9521,238.3162,175.6512
215.9015,181.5732,240.6568,174.4090
215.0692,185.6317,242.3215,172.8077
213.8205,186.2782,244.8189,171.5147
212.6438,186.8728,247.1723,170.3255
211.9379,190.6674,248.5840,169.2832
211.1829,191.1605,250.0940,168.2969
210.5923,195.0747,251.2752,167.0259
213.0529,195.5133,252.9081,166.1486
212.5473,199.5791,253.9192,164.5810
211.7381,200.2406,255.5376,163.2578
