1
259.4357,119.1788,239.7183,233.5014
252.7036,121.5756,245.7303,228.7079
249.7104,124.0232,251.7168,223.8127
246.8902,126.7017,257.3572,218.4556
244.3299,129.3869,262.4778,213.0853
241.6971,131.9096,267.7433,208.0398
223.7804,134.1029,273.6653,203.6532
221.5290,136.1653,278.1680,199.5283
219.1294,138.0940,282.9672,195.6709
200.9147,139.8304,289.3719,192.1982
202.3465,141.4511,294.0533,188.9567
187.7792,146.6135,300.5041,186.1933
182.0642,147.5496,304.3225,184.3212
183.7835,148.4563,308.5209,182.5077
175.9771,156.2534,308.7961,182.2510
184.5305,155.6755,307.0264,183.4069
166.6942,160.1859,312.0518,182.0479
172.3483,160.6065,316.1706,181.2067
167.8138,160.8249,317.4793,180.7698
126.9956,168.8997,321.3932,180.1647
158.6300,168.0241,320.6833,181.9160
174.9756,167.1787,319.3490,183.6068
171.3262,162.8024,318.7995,184.5114
164.0131,158.1259,317.7152,186.0089
154.9184,169.6897,320.1753,186.4752
150.0170,161.6546,322.0692,186.7274
169.7712,161.1766,322.2675,187.6834
116.3487,161.1329,325.6261,187.7707
28.7968,9.5745,332.4824,186.4394
21.4914,10.1243,339.0024,185.3399
18.6102,6.6834,344.7649,184.0534
11.9834,7.9986,349.7873,181.4230
10.4068,8.1954,352.9404,181.0295
9.0484,8.4086,355.6572,180.6030
7.9912,9.0020,357.7717,179.4163
6.8049,10.1068,360.1442,177.2066
6.3897,10.0449,360.9747,177.3305
6.1242,9.4952,361.5056,178.4299
4.9833,9.5259,363.7875,178.3684
4.1235,10.2643,365.5070,176.8917
3.1204,10.7512,367.5132,175.9180
2.1945,15.8076,369.3651,174.2289
1.9212,16.0825,369.9116,173.6792
0.7510,17.1105,372.2522,171.6232
0.6547,17.3094,372.4446,171.2255
0.8278,16.8293,372.0985,172.1856
0.8409,21.3284,372.0724,171.6131
0.1957,21.6955,373.3627,170.8789
-0.2195,21.4554,374.1931,171.3590
-1.0363,20.9671,375.8266,172.3356
-1.5418,24.5577,376.8377,173.6369
-2.0046,24.0675,377.7632,174.6172
-2.8545,22.5548,379.4631,177.6428
-4.0108,26.5325,381.7758,178.3155
-4.6928,25.4011,383.1396,180.5784
-1.5371,24.6640,385.5612,182.0525
-2.9078,28.9680,388.3028,182.2386
-2.6795,22.5618,387.8461,186.2136
0.3723,21.5506,390.6422,188.2361
-4.1198,20.0764,390.6507,191.1845
-5.3406,24.4085,393.0924,191.5474
-5.6089,18.1324,393.6289,195.0305
-5.5780,16.6045,393.5670,198.0864
-5.7455,15.1993,393.9020,200.8967
-5.3812,14.0950,393.1734,203.1053
-5.2441,13.1047,392.8992,205.0860
-5.1350,12.1900,392.6811,206.9154
-4.8178,11.5702,392.0466,208.1550
-4.5645,10.9905,391.5401,209.3144
-4.3631,10.4806,391.1373,210.3342
-4.0189,10.0750,390.4489,211.1453
-3.5570,9.6741,389.5251,211.9471
-3.1585,9.3796,388.7281,212.5362
-2.5776,9.1673,387.5662,212.9607
-2.1649,9.1808,386.7409,212.9337
-1.6608,9.0772,385.7327,213.1409
-0.9776,8.9179,384.3663,213.4595
-4.8417,8.6346,382.7765,214.0261
-4.3233,8.3954,381.7398,214.5045
-3.6017,8.3290,380.2965,214.6373
-2.6578,8.3979,378.4087,214.4995
-1.5938,8.5601,376.2807,214.1752
-0.7109,8.8620,374.5150,213.5714
0.0308,9.0106,373.0316,213.2742
0.6324,9.1006,371.8283,213.0941
1.2019,9.2826,370.6895,212.7302
2.1095,9.5224,368.8741,212.2506
2.7802,9.6986,367.5327,211.8982
-0.5315,10.0808,365.1139,211.1338
-0.1668,10.4630,364.3845,210.3693
0.2016,10.9583,363.6477,209.3788
0.8885,11.3414,362.2739,208.6126
1.5717,11.7003,360.9076,207.8948
2.0034,11.8179,360.0442,207.6596
1.8908,11.8354,360.2693,207.6245
1.7907,11.8742,360.4696,207.5469
1.9387,12.0272,360.1736,207.2410
2.3145,7.5716,359.4219,207.2980
2.7100,7.7159,358.6309,207.0095
2.9857,7.7448,358.0795,206.9516
3.1823,8.0473,357.6864,206.3467
3.2344,8.4805,357.5822,205.4801
3.4718,8.8902,357.1073,204.6608
3.8646,9.3833,356.3218,203.6746
4.2577,9.9688,355.5356,202.5036
4.7847,10.5566,354.4817,201.3280
5.3526,11.1207,353.3457,200.1998
5.9717,11.5426,352.1075,199.3560
6.7213,11.9618,350.6084,198.5177
3.4706,12.6526,348.5454,197.1360
3.8975,9.0366,347.6917,195.8577
4.5869,9.6025,346.3128,194.7260
5.2528,10.1145,344.9809,193.7018
5.9803,10.6855,343.5261,192.5598
6.3818,11.1918,342.7230,191.5473
6.8773,11.6700,341.7321,190.5910
7.3573,12.1094,340.7721,189.7120
7.9503,12.5804,339.5859,188.7701
8.0904,13.2030,339.3058,187.5249
7.6832,9.6101,340.1203,186.5006
7.8473,10.4333,339.7919,184.8542
7.5648,11.0375,340.3571,183.6459
7.0743,11.7068,341.3381,182.3073
7.0658,7.7635,341.3549,182.0432
7.1182,8.6910,341.2502,180.1881
7.1054,9.3681,341.2759,178.8340
6.9611,10.0677,341.5644,177.4347
6.6292,6.5336,342.2283,176.4325
6.4922,7.4763,342.5023,174.5472
6.2837,8.2736,342.9192,172.9524
5.6844,8.9481,344.1178,171.6035
4.9370,9.5007,345.6126,170.4983
3.8763,10.0155,347.7340,169.4688
2.7521,10.4644,349.9825,168.5709
1.7926,10.6881,351.9014,168.1235
5.2408,10.9559,353.0655,167.5880
4.1953,11.2014,355.1566,167.0969
7.2064,11.4304,357.2243,166.6390
9.9845,11.4548,359.7803,166.5901
8.5522,11.1545,362.6451,167.1908
10.9547,10.8865,366.0407,167.7268
13.4653,10.7458,369.2789,168.0082
11.8562,10.3648,372.4972,168.7702
14.1961,10.0433,376.1889,169.4131
16.4046,9.5814,380.2084,170.3369
18.7338,8.9663,384.0612,171.5670
20.7752,8.6928,388.5669,172.1142
18.9164,8.5854,392.2845,172.3290
16.8819,8.3585,396.3534,172.7827
19.3450,8.5491,400.2155,172.4016
17.2136,4.8270,404.4782,171.0084
15.0443,5.2294,408.8170,170.2036
12.6603,1.3469,413.5848,169.0457
11.0281,-2.2049,416.8492,167.1783
9.3634,-1.5524,420.1787,165.8735
8.6397,-0.3922,421.6261,163.5530
6.7109,-4.0546,425.4836,161.8893
5.3931,-3.0797,428.1193,159.9394
4.1789,-6.2789,430.5476,157.3210
2.6663,-5.2401,433.5729,155.2434
1.6118,-4.0148,435.6818,152.7928
0.2614,-2.9754,438.3826,150.7141
3.0319,-1.9990,441.8381,148.7612
1.2439,-1.1402,445.4139,147.0435
3.7716,-0.3814,449.3881,145.5260
1.8886,0.3089,453.1540,144.1454
4.3411,-3.3260,457.3351,142.3290
2.2598,-2.5143,461.4978,140.7057
0.6672,-1.6392,464.6829,138.9554
3.7450,-0.6793,467.6808,137.0358
2.4212,0.1436,470.3286,135.3899
1.2847,-3.2463,472.6015,133.0026
0.2265,-2.2834,474.7179,131.0768
2
0
0
0
0
1
188.0760,92.7714,258.2407,254.8288
189.5820,95.5782,263.3085,249.2153
183.1467,102.4758,268.1087,243.4904
176.4180,104.9602,273.5118,238.5217
177.9856,103.6223,278.4354,233.1387
171.3676,106.0487,283.6230,228.2859
168.7586,108.2493,288.8409,223.8847
162.2937,110.3927,293.7125,219.5979
164.2735,112.6799,297.8154,215.0234
153.8493,118.2702,302.5642,211.8928
171.8844,99.6840,306.8448,208.7144
170.4511,104.2230,309.7115,207.7184
164.7732,109.0854,312.9584,206.1024
