1
250.8908,228.3312,154.2184,54.3376
251.1990,229.0968,153.6021,52.8065
251.4271,229.6256,153.1458,51.7488
251.6665,229.8888,152.6669,51.2223
251.8446,230.0136,152.3108,50.9729
251.9103,230.1252,152.1795,50.7497
251.9860,230.3006,152.0280,50.3989
251.9241,230.3216,152.1519,50.3569
251.8620,230.5228,152.2760,49.9543
251.8763,230.6938,152.2475,49.6123
251.8192,230.7374,152.3617,49.5253
251.7853,230.7182,152.4294,49.5635
251.7514,230.7511,152.4971,49.4979
251.6916,230.8365,152.6168,49.3270
251.6790,230.8458,152.6421,49.3085
251.6651,232.3916,152.6698,49.2912
251.5948,232.2698,152.8105,49.5349
251.6046,232.1347,152.7909,49.8050
251.5906,232.0020,152.8188,50.0704
251.5536,232.0208,152.8927,50.0330
251.5334,231.9951,152.9333,50.0843
251.5062,231.8471,152.9875,50.3802
251.3681,233.3728,153.2638,50.4279
251.3542,233.3518,153.2915,50.4699
251.3065,233.3572,153.3870,50.4592
251.1691,234.8734,153.6618,50.5330
251.1982,234.8800,153.6036,50.5197
251.2752,234.9322,153.4495,50.4153
251.2210,234.8726,153.5579,50.5345
251.0757,236.4098,153.8486,50.5701
251.0599,236.4328,153.8802,50.5241
251.0682,236.4817,153.8636,50.4264
251.1038,236.4275,153.7925,50.5347
250.9780,238.1153,154.0439,50.2725
250.9025,238.1265,154.1950,50.2501
250.8256,239.5396,154.3487,50.5376
250.7172,239.5014,154.5656,50.6140
250.6677,239.3988,154.6646,50.8193
250.5928,239.2569,154.8143,51.1031
250.4492,240.8183,155.1017,51.1186
250.4033,240.8684,155.1934,51.0184
250.3135,242.4704,155.3730,50.9566
250.2172,242.6003,155.5656,50.6966
250.1902,242.6611,155.6196,50.5751
250.0124,244.2310,155.9751,50.5754
249.9780,244.2486,156.0440,50.5403
249.8897,244.2333,156.2206,50.5708
249.8197,244.1541,156.3605,50.7292
249.6736,245.7422,156.6529,50.7063
249.6069,245.6831,156.7863,50.8246
249.5035,247.1568,156.9930,51.0385
249.4702,247.0872,157.0595,51.1775
249.4363,246.9538,157.1275,51.4444
249.3157,248.5276,157.3686,51.4743
249.3307,248.5755,157.3386,51.3784
249.2759,250.2486,157.4481,51.2115
249.2865,250.2760,157.4271,51.1567
249.2793,250.3610,157.4413,50.9867
249.2941,250.4308,157.4119,50.8470
247.5375,252.1723,157.7545,50.5345
247.4473,252.1316,157.9348,50.6160
247.4555,253.7936,157.9185,50.4657
247.4066,253.7509,158.0163,50.5511
247.3292,255.3114,158.1711,50.6037
247.2638,255.2840,158.3019,50.6585
247.1460,255.2888,158.5375,50.6488
247.0911,257.0284,158.6472,50.3526
247.0412,257.0363,158.7471,50.3367
246.9648,258.7249,158.8999,50.1397
247.0354,258.6765,158.7588,50.2365
246.9788,258.6546,158.8718,50.2803
246.8744,260.2986,159.0806,50.1731
246.9132,260.2864,159.0031,50.1974
246.8714,260.3150,159.0867,50.1402
246.8332,262.1125,159.1630,49.7265
246.8405,262.2135,159.1485,49.5245
246.8631,263.9821,159.1033,49.1581
246.8550,264.0499,159.1194,49.0225
246.7637,264.1147,159.3021,48.8930
246.7475,264.1859,159.3345,48.7505
246.6954,265.8369,159.4387,48.6076
246.6528,267.4058,159.5239,48.6278
246.6304,267.3440,159.5687,48.7513
246.4941,267.3087,159.8414,48.8220
246.4408,268.9631,159.9479,48.6809
246.4061,268.9131,160.0172,48.7810
246.3540,268.9420,160.1215,48.7231
246.3027,270.6212,160.2240,48.5345
246.2911,270.6397,160.2473,48.4975
246.2165,272.3316,160.3965,48.2810
246.1711,272.3757,160.4874,48.1927
246.1992,272.4010,160.4311,48.1422
246.1154,274.1117,160.5986,47.8841
246.1118,274.0820,160.6059,47.9435
246.0782,274.0781,160.6731,47.9513
245.9644,275.7022,160.9008,47.8664
245.9310,275.6928,160.9674,47.8852
245.8373,277.3412,161.1548,47.7547
245.8195,277.2896,161.1905,47.8578
245.6737,277.2479,161.4821,47.9413
245.4764,278.8301,161.8767,47.9514
245.3814,278.7890,162.0668,48.0335
245.2873,278.7475,162.2549,48.1166
245.2299,278.7243,162.3697,48.1629
245.1127,280.3474,162.6041,48.1078
244.9717,280.2985,162.8860,48.2058
244.7738,280.3083,163.2819,48.1862
244.5923,281.9294,163.6450,48.1485
244.4813,281.9300,163.8668,48.1472
244.4231,281.9047,163.9833,48.1979
244.2582,281.8663,164.3130,48.2746
244.0680,283.4808,164.6935,48.2664
243.9634,283.5091,164.9026,48.2099
243.8620,283.4839,165.1054,48.2601
243.6790,283.4025,165.4714,48.4230
243.5812,283.3329,165.6671,48.5621
243.5251,284.9877,165.7792,48.4978
243.4234,284.9820,165.9826,48.5093
243.2714,284.9471,166.2867,48.5791
243.2476,286.6003,166.3344,48.5270
243.1808,286.6353,166.4678,48.4569
244.6784,286.6353,166.7273,48.4570
244.6364,286.5435,166.8113,48.6405
244.5706,286.4516,166.9429,48.8243
244.4955,286.4092,167.0930,48.9091
244.2936,288.0341,167.4968,48.9311
244.2463,287.9892,167.5914,49.0210
244.0774,287.9059,167.9294,49.1877
244.0238,287.8875,168.0365,49.2245
243.9580,287.8534,168.1680,49.2925
243.8669,289.5045,168.3504,49.2845
243.7714,289.4444,168.5412,49.4047
245.3447,289.4401,168.6963,49.4133
245.2144,289.3396,168.9568,49.6143
245.1576,289.3009,169.0704,49.6917
245.0589,290.9966,169.2679,49.6148
245.0830,290.9943,169.2196,49.6193
245.0361,290.9958,169.3135,49.6162
244.9349,290.9744,169.5159,49.6591
244.8931,290.8931,169.5993,49.8216
246.5277,292.5556,169.6544,49.8210
246.5594,292.5617,169.5911,49.8086
246.5459,292.5602,169.6180,49.8116
246.5048,292.5475,169.7002,49.8371
246.4171,292.4744,169.8757,49.9834
248.0067,294.1880,170.0277,49.8873
247.9310,294.1731,170.1790,49.9171
247.8037,294.1425,170.4335,49.9782
247.6787,294.0845,170.6837,50.0943
247.5581,294.0279,170.9249,50.2074
249.0475,295.5831,171.2962,50.4472
248.8918,295.5175,171.6075,50.5785
248.6687,295.4354,172.0538,50.7427
250.2520,295.3285,172.2633,50.9564
250.0468,295.2429,172.6737,51.1277
251.5548,296.9164,173.0497,51.1726
251.3972,296.8482,173.3648,51.3091
251.2554,296.8027,173.6484,51.4000
251.0982,296.7115,173.9628,51.5825
252.6630,298.4258,174.2520,51.5726
252.5190,298.3130,174.5399,51.7982
252.3213,298.2642,174.9354,51.8957
253.8668,298.1943,175.2827,52.0355
253.6813,299.8272,175.6536,52.2155
253.5454,299.7369,175.9255,52.3961
253.4283,299.6126,176.1597,52.6448
254.9841,301.2777,176.5174,52.7839
256.5826,301.2545,176.7975,52.8304
256.3361,301.2487,177.2905,52.8420
256.1857,301.2411,177.5914,52.8572
257.7020,302.9718,178.0525,52.8894
257.4037,302.8477,178.6492,53.1377
258.8553,304.5356,179.2597,53.2758
258.6049,304.4384,179.7606,53.4702
260.1665,304.2592,180.1730,53.8284
259.8904,305.9611,180.7253,53.9730
259.7484,305.8302,181.0093,54.2348
261.4016,305.6893,181.2705,54.5166
261.2080,307.4595,181.6576,54.5526
262.7806,307.3346,182.0951,54.8024
262.5476,309.0500,182.5612,54.9651
264.1484,308.9679,182.9627,55.1295
263.9422,308.8769,183.3751,55.3114
265.4349,310.6873,184.0108,55.3116
265.1641,310.5981,184.5524,55.4900
266.7519,310.5651,185.0178,55.5561
268.1018,314.2779,185.9668,55.4282
267.9619,314.2264,186.2467,55.5311
267.7233,314.1075,186.7238,55.7688
269.2826,315.9114,187.2822,55.8380
270.8502,315.7397,187.8331,56.1815
272.4029,317.4623,188.4281,56.4366
271.9983,317.3216,189.2372,56.7180
273.4314,319.1218,190.1011,56.8476
273.0531,318.9665,190.8578,57.1584
274.6263,320.7234,191.4725,57.4056
276.1097,322.4052,192.2803,57.8166
275.7452,322.2726,193.0092,58.0817
277.2780,322.0577,193.7523,58.5116
278.6358,323.7765,194.8641,58.9013
278.1723,325.5535,195.7912,59.1974
279.7087,325.3332,196.5871,59.6381
281.1790,327.0988,197.5348,59.9952
282.7299,326.8978,198.3412,60.3972
282.4314,326.7481,198.9383,60.6965
283.9582,328.6868,199.8260,60.7605
285.4722,328.6248,200.7529,60.8844
286.9479,328.5479,201.7718,61.0383
288.3015,328.4474,203.0522,61.2392
289.7244,328.3659,204.2160,61.4021
291.1933,328.2433,205.3070,61.6473
292.7283,328.0822,206.2861,61.9696
294.4089,328.0045,206.9936,62.1250
296.0982,327.9227,207.6968,62.2886
299.8803,327.8717,208.3218,62.3906
301.5968,327.8194,208.9942,62.4953
303.3167,327.8128,209.6715,62.5084
304.9346,327.9354,210.5622,62.2631
306.5673,327.9885,211.4316,62.1570
308.1671,327.9786,212.3770,62.1768
309.5350,325.9877,213.8001,61.9997
311.3368,325.9787,214.3720,62.0178
312.8053,324.1200,215.6190,61.5512
314.4332,322.1941,216.5562,61.2102
316.1665,320.1139,217.2894,61.1707
318.0835,318.1581,217.6646,60.8729
321.9762,316.2668,218.2975,60.4464
324.0609,316.3159,218.3382,60.3483
327.8804,312.5139,219.1166,59.5347
329.7900,310.7187,219.5019,58.9207
331.7837,308.8354,219.7129,58.4890
333.8807,306.9571,219.7120,58.0523
338.0000,305.1214,219.8433,57.5389
340.0142,301.3518,219.9919,56.7239
342.0428,297.4994,220.0985,56.1011
344.4916,297.6482,219.3545,55.8034
346.6489,289.9010,219.1772,54.7483
349.1103,290.0967,218.3693,54.3567
351.2213,288.5616,218.2436,53.3310
353.2216,285.1453,218.3178,52.0137
355.3949,283.5942,218.0220,51.0652
357.4533,278.1458,217.9336,49.8763
359.7609,278.4237,217.3230,49.3206
361.7931,270.7638,217.2439,48.6993
364.4041,270.4300,215.9942,49.3667
367.1057,262.6363,214.5585,49.0838
369.5791,262.1540,213.5538,50.0484
371.4503,253.8497,213.7581,50.8708
373.5799,251.0945,213.4639,52.4161
377.8503,248.3175,212.9041,53.9798
380.5196,241.9135,211.5777,54.7509
383.0890,239.3788,210.4471,55.8120
384.1111,234.7403,208.4029,57.0643
384.7922,232.2782,207.0406,57.9812
385.4586,229.8507,205.7078,58.8311
388.0236,221.4484,204.5801,59.6269
388.6019,218.9826,203.4236,60.5573
391.1946,214.4627,202.2402,61.5931
392.0895,211.8867,200.4504,62.7404
392.8727,207.3139,198.8841,63.8853
395.8066,202.6988,197.0154,65.1170
396.4984,199.9643,195.6319,66.5906
397.0794,197.3309,194.4699,67.8550
399.6316,194.6396,193.3745,69.2285
400.0619,191.8583,192.5138,70.7729
400.5610,188.9968,191.5156,72.4620
401.0798,183.9308,190.4780,74.4939
401.8005,181.5189,189.0367,75.2461
402.8186,179.3040,187.0004,75.6115
403.5979,177.1853,185.4418,75.8073
406.6039,174.9626,183.4525,76.2302
407.9310,172.8150,180.7982,76.5239
409.5687,170.7206,177.5229,76.7445
410.6011,168.6538,175.4581,76.9534
412.1949,166.5537,172.2705,77.2549
413.6578,164.6982,169.3446,77.1083
414.7875,162.5582,167.0852,77.5756
415.5066,162.1263,165.6470,78.4395
415.6845,159.6335,165.2912,79.6430
416.0811,157.2261,164.4981,80.6601
417.1121,156.7802,162.4359,81.5518
415.3260,154.4653,158.4299,82.3924
408.3103,152.4030,149.9918,82.7721
406.8203,151.8595,142.0903,83.8591
419.7928,152.0246,144.3740,83.5290
423.8965,152.0906,146.8372,83.3970
422.7729,152.0585,149.0846,83.4611
422.1030,151.8717,150.4244,83.8346
422.0412,149.8716,150.5479,84.1833
421.9350,149.7504,150.7603,84.4257
422.4687,149.7952,149.6929,84.3362
422.8309,148.0313,148.9685,84.2144
422.1653,148.1861,146.6631,83.9049
414.7231,146.3792,139.9642,83.9216
423.7237,146.3799,139.4533,83.9201
419.9410,146.2493,136.5473,84.1813
421.2837,146.3928,137.3135,83.8942
422.6340,146.3931,138.0710,83.8937
422.7567,146.3634,137.8257,83.9531
421.6806,146.3913,136.5110,83.8972
422.7372,146.4418,137.8440,83.7963
421.5951,146.4548,136.6639,83.7702
422.7709,146.4846,137.7587,83.7107
417.5540,146.4719,134.3459,83.7361
418.3987,146.6231,132.6564,83.4337
418.1841,146.7027,129.7048,83.2745
417.4138,146.7897,124.5774,83.1006
419.2061,146.7338,124.2469,83.2123
419.6551,146.9175,123.3489,82.8449
416.6675,145.4673,122.8613,82.5139
415.6181,145.1900,121.7414,83.0684
418.6664,145.0161,122.0669,83.4161
413.5631,145.1310,122.6085,83.1865
414.5238,145.1392,123.9131,83.1700
418.3441,145.1915,126.0084,83.0654
411.0403,145.4777,127.5158,82.4930
410.0518,145.4278,126.2046,82.5927
410.7851,145.5324,124.7380,82.3836
411.7364,145.7067,126.0800,82.0351
404.7313,145.8867,127.0542,81.6751
406.4133,145.9452,126.9577,81.5581
402.3597,146.1509,122.0083,81.1466
404.3782,146.5101,117.9713,80.4283
404.4761,146.8186,114.6649,79.8113
403.9620,147.0104,112.6429,79.4277
403.2958,147.2825,110.9618,78.8834
403.5938,147.5365,110.3659,78.3754
402.4323,147.7867,109.7273,77.8751
400.4782,147.9508,110.6918,77.5469
399.7078,148.1595,112.2326,77.1294
397.4243,146.8497,113.8304,76.7797
396.4714,146.9046,115.7361,76.6700
395.5170,146.9528,117.6450,76.5736
393.1291,147.0199,119.3794,76.4394
390.9788,147.1785,120.6149,76.1222
387.6580,147.3157,121.0996,75.8478
386.0614,147.3920,121.2118,75.6952
383.1679,147.4273,120.8386,75.6247
381.9702,147.4291,123.2340,75.6211
380.3088,145.9868,126.5569,75.3965
379.2660,145.8645,128.6425,75.6411
376.8878,145.7241,130.2090,75.9220
373.5975,145.5297,130.3537,76.3108
365.1679,145.2785,127.8533,76.8130
366.1725,145.1354,125.8441,77.0993
365.9099,145.1914,126.3694,76.9874
365.3370,145.3414,127.5151,76.6874
362.1460,145.4863,127.5154,76.3976
360.8275,145.5822,130.1525,76.2058
357.1641,145.5991,131.0356,76.1720
355.8943,145.6814,133.5753,76.0074
352.9260,145.6282,136.2425,76.1137
347.8393,145.5521,136.4844,76.2659
347.4882,145.5984,137.1866,76.1734
346.5435,145.5882,139.0761,76.1938
345.1454,145.5814,141.8721,76.2073
343.2012,145.5877,145.7606,76.1947
339.6962,143.9706,149.3184,75.9767
338.2302,144.1745,152.2505,75.5689
335.1702,144.3169,154.8339,75.2842
332.1125,142.6389,157.3799,75.0707
327.7882,142.9305,158.8229,74.4877
324.0011,143.3672,159.1698,73.6142
323.4663,143.7793,160.2394,72.7901
316.2857,144.1302,160.1822,72.0882
315.7523,144.4764,161.2491,71.3957
313.8809,144.8269,161.3972,70.6947
310.5297,145.0999,160.9304,70.1487
307.2201,145.3844,160.4134,69.5799
305.1387,145.5398,161.0255,69.2689
303.7316,143.8577,163.8397,69.0791
302.8338,143.8821,165.6354,69.0305
300.4059,143.9021,166.8747,68.9904
299.1207,143.9082,169.4452,68.9781
296.2332,143.9602,171.5497,68.8743
293.6776,142.2011,172.9621,68.6935
291.3041,142.3183,173.9930,68.4591
288.9657,142.4346,174.9432,68.2265
286.6229,140.7130,175.8928,67.9336
282.5580,140.7899,176.5336,67.7799
281.8693,140.7887,177.9109,67.7823
274.1914,139.0017,178.1837,67.5855
273.1633,139.0180,180.2398,67.5528
271.9712,138.9600,182.6241,67.6689
268.6453,138.9108,185.4396,67.7673
265.5044,138.8074,187.8431,67.9741
264.0026,138.7931,190.8466,68.0027
260.9582,136.8829,192.9754,67.8632
258.6609,136.8746,193.5822,67.8797
258.3555,136.8574,194.1931,67.9141
257.7126,136.9822,195.4790,67.6645
255.1184,135.0862,196.6474,67.4365
252.5387,134.9439,197.7743,67.7212
249.8126,132.9089,199.1728,67.7376
247.1340,132.5987,200.4561,68.3579
244.2800,130.3233,202.0605,68.8052
241.6593,130.1460,203.1676,69.1598
239.0713,129.8711,204.1867,69.7095
236.4323,129.5503,205.2834,70.3512
233.6733,127.1938,206.5928,70.8555
231.1186,127.0156,207.4656,71.2119
228.6832,126.9185,208.0808,71.4061
226.0971,126.8360,208.9854,71.5712
223.1620,124.5666,210.5718,71.8263
220.4007,124.6084,211.7835,71.7427
217.5945,124.5654,213.0692,71.8286
214.6774,124.6000,214.5569,71.7594
211.5257,122.3290,216.4939,71.9350
208.7447,122.1023,217.6585,72.3884
205.7745,119.6198,219.1769,72.9313
202.8812,119.3832,220.5097,73.4045
199.5814,119.3657,222.6280,73.4394
196.2590,119.2315,224.7609,73.7078
193.0876,119.2288,226.5563,73.7133
190.1217,119.1981,227.9151,73.7747
186.7699,117.1091,230.0253,73.3593
183.8911,117.3845,231.1673,72.8084
178.5737,117.5714,232.5586,72.4348
175.4343,117.8085,234.2028,71.9605
165.7368,117.8647,235.0011,71.8481
164.6116,117.9768,237.2514,71.6238
163.3100,117.9898,239.8547,71.5979
159.8803,118.1201,241.9916,71.3372
159.1219,118.0568,243.5084,71.4639
155.8566,117.9837,245.2674,71.6101
152.5625,117.8145,247.0564,71.9484
149.3130,117.7953,248.7247,71.9869
146.3904,118.0579,249.7147,71.4617
143.2194,118.3177,251.1975,70.9421
139.4527,118.6521,253.8605,70.2732
135.8356,119.2042,256.1993,69.1690
132.7127,119.9014,257.5372,67.7747
127.5032,120.5875,258.1558,66.4024
122.1892,121.2555,259.0177,65.0665
119.4568,121.7393,259.6126,64.0988
116.3825,124.6935,260.9013,63.0503
113.3484,125.1217,262.1116,62.1939
110.5570,125.6479,262.8358,61.1416
107.6906,128.9899,263.7202,59.3060
105.6798,129.7701,262.9161,57.7456
102.6930,130.1565,264.1053,56.9728
100.2058,130.7614,264.2935,55.7630
97.5026,133.6538,264.9347,54.7435
94.6312,134.0008,265.9231,54.0495
95.7818,136.6113,268.3766,53.5833
94.6493,136.7184,270.6416,53.3690
91.5569,136.5157,272.0193,53.7744
88.4633,136.2177,273.3721,54.3704
77.8672,135.8545,275.1055,55.0968
74.3810,138.3274,277.1749,55.0541
73.1060,138.0132,279.7249,55.6824
72.1635,137.7769,281.6099,56.1550
71.5799,137.4949,282.7771,56.7191
68.6420,137.3501,283.6116,57.0088
65.2956,139.8248,285.2458,57.1180
62.3496,139.5689,286.0542,57.6297
59.4673,142.1120,286.7140,57.6483
56.4443,141.9125,287.6457,58.0473
55.8888,141.8233,288.7568,58.2256
55.4244,141.6955,289.6854,58.4812
52.5873,141.5154,290.1878,58.8416
51.8963,146.8859,291.5698,58.4722
48.8639,146.5403,292.4366,59.1634
46.4901,146.1456,291.9608,59.9529
46.5866,145.6811,291.7678,60.8819
41.1200,145.5687,292.2059,61.1066
38.2767,145.5324,292.6345,61.1792
37.4718,153.9207,294.2443,60.1987
37.9455,154.1641,293.2969,59.7120
37.9048,154.4815,293.3783,59.0771
34.8359,154.4562,294.2812,59.1279
31.6222,154.5668,295.4602,58.9066
31.3694,154.4689,295.9658,59.1025
31.0742,159.7209,296.5563,59.1413
31.3192,159.5989,296.0662,59.3853
31.6608,159.5693,295.3830,59.4444
32.2599,159.5990,294.1849,59.3851
32.5429,159.7202,293.6188,59.1426
32.7804,159.7086,293.1437,59.1659
36.3566,159.5012,291.2247,59.5806
37.3895,159.3634,289.1590,59.8562
37.9117,167.6569,288.1145,58.8431
38.4763,167.9783,286.9854,58.2002
38.6118,167.9653,286.7143,58.2263
38.7985,167.9055,286.3409,58.3459
39.2357,167.7829,285.4666,58.5910
40.1024,167.6914,283.7331,58.7741
41.0485,170.1208,281.8410,59.0098
41.8124,169.7888,280.3131,59.6739
45.2756,175.2016,278.4511,58.9772
45.9468,175.1826,277.1087,59.0152
49.4529,174.9965,275.1036,59.3873
52.8506,177.3795,273.2945,59.6075
53.7550,177.3719,271.4856,59.6228
57.1252,177.2302,269.6855,59.9061
60.1735,181.8983,268.5094,60.4111
63.3919,181.7968,266.9865,60.6142
64.0508,181.5345,265.6685,61.1386
64.3165,181.3111,265.1372,61.5854
66.9787,183.6891,264.7022,61.7188
70.0551,183.5623,263.4349,61.9724
70.6034,183.5452,262.3383,62.0065
73.8169,185.9653,260.7694,62.0245
77.0464,186.0471,259.1470,61.8609
82.5860,188.5171,257.6890,61.7316
82.8092,188.4915,257.2426,61.7827
83.2364,188.2857,256.3883,62.1944
85.9895,188.2178,255.6605,62.3302
89.0536,188.3602,254.3030,62.0452
89.8350,191.0151,252.7403,61.4817
92.9429,190.9627,251.2380,61.5866
96.1396,190.9444,249.5391,61.6231
99.4054,190.9211,247.6791,61.6698
102.7393,190.8704,245.6575,61.7712
106.0709,190.8242,243.6142,61.8636
109.7301,190.9751,240.8885,61.5619
113.3899,191.1083,238.1179,61.2955
119.3252,193.5981,235.2572,60.8206
122.7782,193.7520,232.8068,60.5129
126.0175,193.8600,230.7438,60.2970
129.3765,193.9041,228.4082,60.2088
132.7648,194.1081,225.9794,59.8008
136.0408,194.1841,223.7336,59.6488
137.2521,194.3268,221.3110,59.3633
140.0613,194.4755,219.9247,59.0659
140.8273,194.7175,218.3927,58.5819
143.7852,194.8582,216.6533,58.3005
146.7795,194.9721,214.8112,58.0727
149.9758,195.1283,212.5349,57.7603
153.1302,195.3845,210.3047,57.2479
156.2724,195.6021,208.0576,56.8127
159.4399,195.8196,205.7202,56.3778
162.1710,196.0234,204.2143,55.9702
164.6927,196.1954,203.0986,55.6260
165.0073,196.3675,202.4695,55.2820
167.7101,196.5164,200.9540,54.9841
172.5707,196.6293,198.9591,54.7583
175.5726,196.7112,196.7860,54.5946
178.6391,196.7612,194.4503,54.4944
181.5845,196.9019,192.3218,54.2131
184.4577,196.9843,190.3023,54.0484
187.2262,197.1061,188.4609,53.8047
189.9546,197.2318,186.6689,53.5534
192.6010,195.6112,185.0112,53.1596
195.3362,195.7059,183.1447,52.9703
197.9859,195.8264,181.4196,52.7291
200.5555,195.9167,179.8259,52.5485
203.1153,196.0191,178.2259,52.3438
205.5782,196.0951,176.7931,52.1919
207.9908,194.5745,175.4380,51.7629
210.4365,194.6640,173.9895,51.5839
212.8123,194.7560,172.6570,51.4000
215.2318,194.8199,171.2147,51.2722
217.5557,193.3139,169.9410,50.9100
218.2127,193.4101,168.6270,50.7177
220.4624,193.5004,167.4548,50.5371
222.7582,193.6425,166.1704,50.2530
224.9954,192.2119,164.9798,49.8304
227.2639,192.2876,163.7018,49.6790
229.4750,192.3637,162.5178,49.5267
231.5693,190.8212,161.5477,49.3932
233.7666,190.8496,160.3556,49.3364
235.9699,190.9455,159.1334,49.1446
238.1012,190.9827,158.0343,49.0702
240.2359,189.4550,156.9116,48.9790
242.3733,189.5085,155.7658,48.8720
244.5396,189.5647,154.5439,48.7597
246.5947,189.5744,153.5251,48.7401
248.5929,189.5538,152.6052,48.7813
249.0831,189.5551,151.6249,48.7787
251.1603,189.5962,150.5207,48.6966
253.2459,189.6103,149.3828,48.6683
255.2530,189.6335,148.3849,48.6220
257.2308,189.6598,147.4307,48.5694
259.1486,189.6479,146.5819,48.5931
261.0280,189.6042,145.7982,48.6806
262.9109,189.5955,144.9983,48.6980
263.2275,188.1026,144.3650,48.7293
265.1284,188.0697,143.5093,48.7949
266.9638,188.0026,142.7737,48.9292
267.3361,187.9397,142.0291,49.0550
269.1615,187.8961,141.2971,49.1423
269.5763,187.8332,140.4674,49.2680
271.3890,187.8488,139.7425,49.2369
273.1325,187.7679,139.1448,49.3985
274.9168,187.7199,138.4601,49.4946
275.2460,187.6562,137.8017,49.6220
277.0046,187.6550,137.1533,49.6245
277.4088,187.6658,136.3448,49.6028
279.1662,189.0436,135.6776,49.6948
279.4527,188.9653,135.1046,49.8512
281.1320,188.8571,134.5804,50.0678
282.8660,188.7641,133.9431,50.2537
284.5999,190.0003,133.3001,50.6062
284.9650,189.9395,132.5699,50.7278
286.7170,189.9084,131.8796,50.7899
288.4078,191.2328,131.3030,50.9462
288.6953,191.1213,130.7279,51.1691
290.2950,192.3493,130.3236,51.5083
290.5638,192.2486,129.7861,51.7097
292.2372,192.0695,129.2307,52.0679
293.9375,193.2892,128.6197,52.4182
294.1828,194.6462,128.1291,52.4914
294.4264,194.7125,127.6420,52.3588
296.0778,196.0886,127.1111,52.3786
296.3717,196.1623,126.5233,52.2312
296.5632,197.5399,126.1404,52.2295
298.1248,198.8578,125.7652,52.3418
298.4859,198.8649,125.0430,52.3276
300.1237,200.1244,124.5012,52.5425
300.3247,200.0980,124.0993,52.5953
301.7523,201.3271,123.9691,52.8622
302.0712,202.5519,123.3313,53.1405
302.2461,203.7379,122.9815,53.4920
302.2886,204.9630,122.8964,53.7665
302.3584,206.2789,122.7569,53.8630
302.3877,206.2377,122.6983,53.9455
302.3279,207.4299,122.8180,54.2895
302.3592,208.6817,122.7554,54.5223
302.3687,209.8289,122.7363,54.9675
302.3821,209.4645,122.7094,55.6964
303.9865,210.2485,122.2601,56.8880
304.1938,211.1980,121.8457,57.7629
305.9576,212.2823,121.1012,58.3774
306.1373,211.9304,120.7417,59.0812
306.4764,212.3696,120.0635,58.2028
308.3829,215.1911,119.0152,58.0893
308.6279,215.5350,118.5253,57.4016
308.8945,218.4250,117.9921,57.0781
308.9473,221.1521,117.8865,57.0539
309.0646,222.3916,117.6519,57.2879
309.1708,222.8513,117.4395,56.3685
309.1302,224.3175,117.5208,56.1308
308.7845,221.7276,118.2121,50.5441
309.4568,230.8224,116.8675,50.5797
309.7444,229.7493,116.2923,50.1413
309.8704,231.2165,116.0404,49.7756
310.1315,232.3234,115.5181,50.1204
310.4159,234.0854,114.9493,49.1535
310.5603,236.6903,114.6605,51.5393
310.7256,236.2465,114.3299,52.4269
310.9244,240.5999,113.9322,54.0419
311.0561,239.8478,113.6689,55.5460
311.1588,240.4536,113.4635,56.9597
311.0258,242.6167,113.7295,57.9269
310.8793,243.6051,114.0225,58.6174
310.6921,244.6752,114.3969,59.1607
310.4772,244.3429,114.8266,59.8253
310.3319,245.5622,115.1172,60.1027
308.9073,246.7757,115.2412,60.4008
308.8749,248.0769,115.3061,60.5306
307.4394,249.4979,115.4419,60.4239
307.5665,250.6687,115.1876,60.8178
307.6374,253.0401,115.0458,61.5518
307.7552,252.7171,114.8104,62.1980
307.8926,254.0881,114.5354,62.2125
307.9146,255.3379,114.4914,62.4657
308.0090,255.1167,114.3026,62.9080
306.7956,257.8052,113.9683,63.0536
306.9814,257.7836,113.5967,63.0967
305.6757,259.0687,113.4541,63.2804
305.6957,259.2250,113.4141,62.9678
305.7593,260.5627,113.2869,63.0416
305.8424,262.1433,113.1206,62.6289
305.9013,263.5370,113.0028,62.5806
305.8832,264.8557,113.0390,62.6796
305.8445,265.9741,113.1163,63.1815
304.3515,266.9595,113.3540,63.9590
304.3412,266.8915,113.3746,64.0950
304.2183,268.2613,113.6205,64.1231
302.7901,269.7436,113.7050,63.9304
302.9163,269.8454,113.4526,63.7268
302.9355,271.1370,113.4141,63.9062
303.1134,272.5110,113.0585,63.9232
303.2486,272.3871,112.7880,64.1711
303.3340,273.7157,112.6173,64.2742
303.4069,275.0285,112.4714,64.4082
303.6071,274.8767,112.0710,64.7117
303.6814,276.2327,111.9224,64.7586
302.3013,277.5085,111.9250,64.9645
302.2939,277.4223,111.9399,65.1369
300.8943,278.8133,111.9750,65.1192
300.9244,278.6883,111.9148,65.3691
301.0216,280.1033,111.7204,65.3068
301.1256,281.3653,111.5124,65.5465
301.2307,281.3154,111.3021,65.6464
301.3539,281.1837,111.0558,65.9098
301.4502,281.1336,110.8632,66.0101
301.4240,282.3765,110.9155,66.2872
301.4127,282.3069,110.9381,66.4265
301.4268,282.2592,110.9099,66.5217
300.1143,283.6750,110.7626,66.4624
300.1027,283.6060,110.7859,66.6005
300.0800,283.6335,110.8314,66.5453
300.0892,285.0424,110.8129,66.4992
300.1268,285.0360,110.7377,66.5119
300.2043,285.1147,110.5828,66.3544
300.2134,285.1758,110.5644,66.2323
300.2554,285.1915,110.4805,66.2010
300.2680,285.1468,110.4553,66.2904
