1
308.5966,294.8493,70.8068,37.3014
308.6652,295.0860,70.6697,36.8281
308.7112,295.2092,70.5775,36.5816
308.7315,295.2476,70.5370,36.5048
308.7221,295.2510,70.5558,36.4979
308.7443,295.1467,70.5113,36.7066
309.6865,294.9694,70.2944,37.0612
310.5846,294.7793,70.1684,37.4414
310.6919,294.4716,69.9538,38.0567
311.5958,294.0799,69.8283,38.8402
311.6659,293.7241,69.6881,39.5519
311.7226,293.4162,69.5747,40.1677
312.6417,293.0636,69.4493,40.8728
313.5462,292.6333,69.3628,41.7335
313.5789,292.0120,69.2975,42.9760
313.6499,291.5172,69.1555,43.9656
313.7491,291.0011,68.9572,44.9979
313.9004,290.4259,68.6545,46.1482
314.9550,289.7867,68.3444,47.4267
314.9485,289.0968,68.3576,48.8064
315.1746,288.3840,67.9054,50.2319
315.5542,287.6549,67.1462,51.6903
314.9638,286.8787,66.4594,53.2427
315.3069,286.1487,65.7732,54.7027
314.6945,286.3546,65.1027,56.1860
314.2408,285.6938,64.1013,57.5077
312.6643,284.9629,63.4256,58.9695
312.2296,284.2133,62.3680,60.4686
311.8513,283.5277,61.1901,61.8399
309.5507,282.9173,59.9788,63.0607
307.3858,282.3096,58.4961,64.2761
308.1023,281.7090,57.0633,65.4772
304.9396,280.1569,55.6740,66.6528
304.7807,279.6414,54.0674,67.6838
302.7917,278.1975,52.3025,68.6572
301.4140,276.8023,51.2567,69.5471
298.1206,275.4854,50.2556,70.2840
297.3596,274.3169,49.8860,70.7294
294.4603,272.2361,50.0076,71.1061
291.1738,271.1110,50.8804,71.4563
288.5084,268.0780,52.3717,71.7631
286.6295,267.0960,54.1805,71.7781
282.7087,265.1088,56.0859,71.7951
279.6510,262.2250,58.1811,71.5325
277.6216,261.3310,60.2001,71.2806
274.6267,259.4366,62.0523,70.9319
272.6359,256.5060,63.9408,70.5137
270.6868,255.7410,65.7224,69.9271
268.7427,252.8636,67.4745,69.2740
266.8415,250.0196,69.1234,68.5015
264.9671,249.3206,70.7050,67.7322
263.0901,246.3953,72.2788,67.0428
261.2671,245.7206,73.7313,66.1986
260.5237,242.8808,75.2182,65.2698
259.9364,242.2386,76.3927,64.3431
259.2897,239.3888,77.6862,63.3999
258.7170,238.6917,78.8315,62.5751
258.0992,236.9388,80.0671,61.6346
258.6779,236.3018,81.1365,60.6817
259.2869,235.7159,82.1461,59.6260
259.9422,235.1073,83.0610,58.6176
260.5990,234.4586,83.9702,57.6922
260.1211,233.8301,84.9260,56.7279
260.7674,233.1822,85.8533,55.8040
262.5624,233.6395,86.6996,54.8893
263.1766,231.9161,87.6869,53.9049
263.9411,232.2816,88.3717,53.1740
264.7006,232.6565,89.0646,52.4240
265.4641,233.0268,89.7469,51.6835
267.2612,233.3437,90.5667,51.0497
267.8397,233.6722,91.6181,50.3927
269.5721,234.0006,92.5788,49.7359
270.1410,234.3378,93.6565,49.0615
270.7857,234.6375,94.5871,48.4622
271.3849,234.9416,95.6118,47.8539
271.8625,236.4460,96.8845,47.0730
273.5902,236.7098,97.8949,46.5453
274.0890,238.1325,99.1357,45.9383
274.6460,238.3475,100.2676,45.5083
276.3057,239.8096,101.4578,44.8389
276.8477,241.2514,102.6342,44.2157
278.4247,242.6845,104.0129,43.6160
278.9579,244.0470,105.2222,43.1666
278.3069,245.3338,106.5243,42.8781
278.7532,246.6680,107.9305,42.5086
280.3627,246.8594,109.3363,42.1258
281.9479,248.3255,110.8174,41.5193
282.2764,249.6918,112.4966,41.1228
282.6536,251.0485,114.0953,40.7625
283.0427,251.2193,115.6865,40.4210
283.3641,252.6750,117.4294,39.8954
283.7334,254.0525,119.0920,39.5415
284.1061,255.4072,120.7650,39.2504
284.5465,255.5254,122.3210,39.0141
284.8391,256.9107,124.1903,38.6980
285.2256,257.0042,125.8926,38.5110
285.4843,257.1388,127.8712,38.2419
285.7184,258.5891,129.9220,37.8603
284.8320,258.7292,131.6947,37.5799
284.9970,258.8658,133.9254,37.3069
285.2439,260.3102,136.0187,37.0051
284.1635,260.3622,138.1795,36.9012
283.2513,260.4815,140.0039,36.6624
283.3986,260.6069,142.3697,36.4117
282.4195,260.6707,144.3279,36.2840
282.4858,262.1073,146.9094,36.1249
281.4906,262.1276,148.8998,36.0844
280.5609,262.2737,150.7591,35.7922
279.5670,262.3688,152.7471,35.6019
278.5958,262.4738,154.6893,35.3920
277.6358,262.5198,156.6093,35.2998
276.7495,262.5897,158.3820,35.1602
275.9297,262.5783,160.0215,35.1828
275.1595,262.5091,161.5620,35.3213
273.0453,262.3885,162.8535,35.5624
271.0808,262.2460,163.8229,35.8476
269.1718,262.0820,164.6623,36.1755
267.2767,263.3086,165.4560,36.7190
265.5299,262.9748,165.9314,37.3865
263.7832,262.5945,166.3872,38.1472
262.0816,265.1833,166.7318,39.0869
260.5843,264.5805,166.6449,40.2925
259.2342,265.5577,166.2417,41.4414
256.4421,264.9594,165.5870,42.6379
253.8407,265.8733,164.5239,43.9431
252.8977,266.7383,163.2672,45.3557
251.8826,267.6451,162.1459,46.6937
248.1064,268.3987,160.2163,48.3472
247.8113,268.9368,157.6423,50.4350
248.5637,269.4464,156.1375,52.5821
248.4322,270.1586,153.2163,54.3418
245.4906,270.9433,149.5759,55.9470
245.7410,270.0486,145.9235,57.7363
246.0562,269.1721,142.1619,59.4895
246.4863,268.2099,138.1936,61.4138
246.8369,267.3394,134.4078,63.1548
248.8611,266.5236,130.3593,64.7864
249.4018,265.6188,126.2484,66.5961
251.5318,264.7354,121.9883,68.3628
253.3938,263.9005,118.2644,70.0325
255.2602,263.2209,114.5316,71.3917
257.1421,261.2067,110.7678,72.5121
260.5118,259.3525,106.8990,73.3499
263.9006,256.1486,102.9476,74.1053
267.1430,252.9171,99.2417,75.0103
270.2957,251.2956,95.6738,75.5158
276.1288,247.1674,92.0813,75.6985
278.9934,244.4408,88.9912,75.8737
284.6242,241.8044,85.5123,75.9580
287.5203,238.0320,82.2618,75.8777
291.4397,235.6019,79.4028,75.7580
296.7278,229.6786,76.1564,75.3881
300.4432,228.6315,73.4986,75.0957
305.3617,221.9460,70.6819,74.4264
308.9207,221.1479,68.1338,73.7378
314.8070,215.9331,65.2962,72.9985
318.0545,214.1737,63.1553,72.1633
323.2199,209.1864,61.3437,71.4888
326.3131,206.3816,59.3380,70.8274
331.4603,201.6997,57.2351,69.9520
334.3567,200.0096,55.4431,69.3313
339.0584,194.4384,53.8873,68.7022
341.6629,193.7559,52.5324,68.1401
347.0865,189.3489,51.1670,67.4724
348.5467,186.8389,50.1105,66.9005
352.8850,184.3573,48.7858,66.3500
356.1092,179.1309,47.7610,65.9554
359.3347,178.5156,46.6651,65.4009
361.6599,175.3140,45.5320,64.7695
364.8209,173.8765,44.4014,64.1838
366.0866,171.5371,43.5728,63.7539
368.1882,170.9141,42.7350,63.3172
370.9224,168.6136,42.2533,62.9315
371.9127,167.1619,41.9212,62.5380
372.9658,166.4598,41.4521,62.3053
373.8994,164.0569,41.2104,62.2339
374.8689,164.1350,40.8920,62.0777
375.8207,163.3889,40.6013,61.9569
376.7109,163.4273,40.4274,61.8801
377.5622,162.7031,40.3271,61.7263
377.5872,162.6770,40.2770,61.7786
377.6389,162.5789,40.1736,61.9746
376.0297,162.5202,40.1932,62.0922
372.7171,163.3171,40.4122,62.0998
370.2570,164.1010,40.5164,62.1374
366.8880,164.7471,40.8240,62.4528
362.6509,167.0551,41.2110,62.6891
358.4048,167.6692,41.5657,63.0884
354.0427,169.8919,42.0933,63.5610
347.9727,171.2405,42.6465,64.1743
343.3177,174.2335,43.5881,64.8830
336.9085,174.7444,44.5069,65.5611
330.2821,179.5691,45.6819,66.2642
323.5325,180.8509,46.8928,67.2115
317.5517,185.7106,48.1157,68.2309
310.4823,187.1195,49.4770,69.0637
303.1894,192.2948,51.0399,69.8756
295.6703,194.6090,52.7894,70.9423
287.8935,199.0089,54.7400,71.8589
279.9886,204.3853,56.6260,73.0410
272.6773,206.8618,59.0210,74.2017
265.1090,212.5607,61.5902,75.3714
256.2611,216.3435,64.2070,76.4223
249.3515,221.4465,66.9635,77.2791
242.1543,225.4958,70.0074,78.2608
234.7107,229.6198,73.2245,79.3490
228.2573,233.9106,76.5222,80.3764
220.3819,238.4937,79.9199,81.0928
215.9931,243.2739,83.6261,81.6747
208.8997,245.6050,87.4005,82.2187
202.8343,250.7803,91.5187,82.5516
197.8605,254.8326,95.9857,82.6681
194.0453,256.3770,100.8045,82.3908
189.8676,261.0237,106.2786,81.7414
185.9125,263.0275,111.2342,80.6884
181.7330,265.0907,116.5804,79.5748
178.8340,267.4690,122.3783,77.8935
175.9848,268.5214,128.0767,75.7887
173.0700,269.6803,133.9064,73.4708
171.7877,270.9883,139.7020,70.8550
170.4436,270.9979,145.6612,67.5645
170.9436,271.1192,151.2635,64.0207
169.9400,271.2029,156.5906,60.5334
172.3500,269.6489,161.7744,56.9723
171.8139,264.4475,166.1912,53.9969
171.7028,263.6980,169.7665,52.1429
171.6694,260.9390,173.2030,50.9215
171.9483,256.3014,176.0408,50.0098
172.2745,253.1799,178.8071,49.4152
173.5180,248.1711,179.7667,49.0930
175.3262,244.9061,179.6045,48.7148
175.2975,240.0045,179.6617,48.1839
175.5973,235.1566,179.0622,47.5732
177.8718,233.6150,177.9289,47.2408
178.7097,228.8770,176.2530,46.5366
181.3606,225.8187,174.3078,45.9401
182.7705,222.8991,171.4880,45.1434
185.9164,220.1509,168.4594,44.1134
188.5956,217.1870,166.3023,43.6388
191.6308,215.7436,163.3938,43.3635
194.8095,214.4154,160.1522,42.9041
198.1668,211.8781,156.4992,41.8556
201.4594,209.4175,152.9043,40.7961
202.9523,208.3143,149.9185,40.0826
205.7432,207.2248,147.2011,39.3971
208.3916,206.1648,144.7177,38.7037
209.5446,203.8864,142.4116,37.7300
210.4220,202.6554,140.6568,37.4775
211.6235,201.4361,138.2539,37.2310
212.8969,200.2509,135.7070,36.9549
214.2233,199.1044,133.0543,36.6424
215.3943,198.0034,130.7122,36.2821
217.7353,196.9793,128.5528,35.8078
218.7057,195.8579,126.6121,35.5674
220.9058,194.7566,124.6632,35.3187
221.8959,194.7185,122.6829,35.3948
222.7912,193.6099,120.8923,35.2194
224.6132,193.6456,119.6124,35.1479
226.5798,192.5961,118.0239,34.9024
227.2284,191.4898,116.7267,34.7973
227.8166,191.4912,115.5502,34.7945
229.6311,190.4615,114.2020,34.5733
230.2494,190.4719,112.9653,34.5523
231.9299,190.4930,111.8438,34.5102
233.5248,189.5337,110.8771,34.2060
235.0787,189.5456,109.9728,34.1822
236.6458,188.5351,109.0290,34.0128
237.0667,188.5263,108.1872,34.0304
238.5898,188.5487,107.3031,33.9855
240.0634,188.5825,106.5047,33.9180
241.4014,188.5705,105.9649,33.9419
244.9587,188.5247,105.2374,34.0336
245.3247,188.5221,104.5054,34.0388
246.6921,188.5203,103.8806,34.0424
251.2531,188.5448,103.1636,33.9934
251.5984,188.5077,102.4730,34.0676
252.9022,188.5150,101.9472,34.0531
257.2507,188.4813,101.5460,34.1204
257.6067,188.4400,100.8339,34.2030
258.8506,188.4168,100.4069,34.2494
261.0988,188.3729,100.0217,34.3371
262.3131,188.3341,99.6448,34.4149
267.5880,188.3129,99.3338,34.4571
267.8083,188.2528,98.8932,34.5773
268.9278,189.2528,98.6941,34.6175
271.1087,189.2052,98.4081,34.7126
273.2677,189.1668,98.1611,34.7893
276.4183,189.0977,97.9601,34.9276
277.5105,189.0430,97.8087,35.0371
279.5905,190.0396,97.7143,35.0765
282.7563,189.9721,97.4792,35.2116
283.9485,189.8804,97.1261,35.3950
285.1814,189.8259,96.6899,35.5039
287.3277,190.8141,96.4479,35.5528
289.4386,191.7757,96.2715,35.6525
291.5966,191.6855,95.9995,35.8329
292.7641,191.6259,95.6858,35.9519
294.7985,191.5450,95.6548,36.1137
296.8725,192.5378,95.5498,36.1497
297.9702,192.4975,95.3750,36.2303
299.9653,192.3600,95.4238,36.5053
301.9388,193.3474,95.5271,36.5555
302.9609,194.2641,95.5105,36.7496
304.8233,195.2317,95.8472,36.8454
307.7349,196.1587,96.1361,37.0286
308.5505,198.0909,96.5498,37.2539
311.3417,202.1292,97.1315,37.3963
312.0390,203.0006,97.8027,37.7192
313.5103,208.0964,99.0223,37.9332
314.0729,209.0130,99.9995,38.2025
316.5675,214.1469,101.3744,38.5411
318.0305,217.2408,102.7426,38.7948
319.4083,221.4405,104.3295,39.0806
319.5443,227.8701,106.2569,39.4167
320.9264,228.7797,107.9585,39.8304
320.9907,235.3872,110.0944,40.2038
323.2338,239.8257,112.5144,40.5348
324.2367,245.4671,115.1939,40.9653
323.9552,249.9972,118.1457,41.4599
324.8425,254.5911,121.2507,42.0317
324.5649,260.5511,124.3005,42.5845
324.0187,264.0334,127.9411,43.2643
324.7151,270.2423,131.7729,43.9084
323.9340,275.2937,136.0140,44.5207
323.0954,280.5388,140.4414,45.0315
322.1758,284.4836,145.1032,45.6095
321.1119,291.3722,150.1304,46.3294
318.3898,293.9548,155.5745,47.1319
317.0193,299.8721,161.3916,47.6010
313.9934,302.8029,167.4433,48.0733
310.5770,307.5591,174.2761,48.3444
307.0897,310.7807,181.2507,48.6266
303.5362,312.3097,188.3578,49.0348
299.3603,317.5721,196.7095,49.2318
295.4245,319.1358,204.5811,49.7992
289.4362,320.7683,212.7415,50.3503
283.3157,320.6573,221.0417,50.5722
276.7946,320.6623,230.0227,50.5622
268.1366,320.5579,238.9654,50.7710
259.2616,320.4996,248.0845,50.8877
250.0474,320.3739,257.6231,51.1391
242.4643,318.0018,268.2068,51.3008
234.2424,312.9443,279.9177,51.9499
226.1351,309.8407,291.2242,53.2489
212.1810,295.9845,303.8597,55.5070
204.6167,291.8395,313.6776,58.4863
197.1393,273.4883,323.1268,62.1549
184.6845,268.5750,330.9098,66.2726
177.1216,254.4848,340.1380,70.8629
166.6893,246.0924,348.7720,75.4169
159.7833,230.8394,356.2600,80.6274
153.1185,221.7852,363.0609,85.6782
146.4483,205.6269,369.6804,91.1118
140.1703,196.0386,375.3192,96.4542
134.1522,186.2028,380.2580,101.9305
132.0102,176.1293,384.5420,107.5366
129.9457,162.0798,388.6709,113.3278
128.2860,151.6860,391.9903,118.9106
127.0744,145.2094,394.4135,124.1108
130.0172,134.6463,396.4113,129.4699
133.4197,128.2313,397.6168,134.2895
137.1239,121.8078,398.3242,139.0207
141.2551,115.4159,398.2739,143.5925
141.5374,104.7548,397.7094,148.3260
146.3129,98.4428,396.5302,152.5782
147.1339,96.3485,394.8881,156.7668
148.1004,90.0718,392.9550,160.8374
149.0927,83.7643,390.9705,164.9250
154.4465,81.7645,388.8344,168.9245
155.6692,75.4915,386.3889,172.8594
157.0672,69.2280,383.5930,176.7412
158.6673,67.4349,380.3927,180.3275
160.4604,61.3372,376.8065,183.8344
162.4116,59.5545,372.9042,187.3998
164.6525,57.8367,368.4223,190.8354
167.1673,56.2278,363.3927,194.0531
169.8757,50.3569,357.9759,197.1181
172.6962,48.9480,352.3349,199.9360
175.7198,47.5399,346.2877,202.7520
178.9417,46.0982,339.8440,205.6355
182.3160,44.6338,333.0953,208.5643
185.8227,43.1506,326.0819,211.5307
189.4395,41.6421,318.8484,214.5477
193.3076,40.2984,311.1122,217.2350
197.4741,43.2325,302.7791,219.6544
201.6256,42.0011,294.4761,222.1171
205.9477,44.8876,285.8319,224.4596
210.3327,47.8062,277.0620,226.6440
214.9166,50.8373,267.8942,228.5040
219.6925,53.9816,258.3423,230.0267
224.4613,57.1380,248.8047,231.4016
229.1443,60.2006,239.4388,232.8374
233.8489,63.1293,230.0296,234.4172
238.4102,65.9173,220.9070,236.1553
242.8565,72.2431,212.0143,237.8972
243.9430,74.9570,202.7590,239.5518
248.1687,77.5195,194.3076,241.3862
249.1311,80.1713,185.5314,242.9340
253.0970,83.0836,177.5997,243.8417
254.0239,86.1562,169.1296,244.3130
257.7919,89.4477,161.5936,244.2137
258.1943,92.8382,154.4314,243.7902
260.9829,96.2651,148.8541,243.1682
260.4504,99.7116,143.7903,242.4037
259.4822,103.2731,139.6947,241.3128
258.0820,109.7699,136.5486,240.2122
256.2273,113.4757,134.3812,238.6776
254.0599,117.2012,132.8988,237.0437
251.5549,120.8352,132.1409,235.5436
248.8687,124.3970,131.7804,234.1529
246.1034,127.8825,131.6050,232.8879
243.2302,131.3611,131.6670,231.6151
243.0336,134.6748,132.0603,230.6544
240.0759,138.0315,132.3165,229.5998
237.1114,141.3321,132.5979,228.6465
236.8140,144.7147,133.1926,227.5196
236.5800,148.0357,133.6606,226.5093
233.6120,151.2861,133.9720,225.6333
233.4172,154.5018,134.3616,224.8187
233.3499,157.6830,134.4962,224.0677
233.3366,160.7281,134.5227,223.5800
233.4104,163.8243,134.3752,222.9831
233.4342,166.6757,134.3276,222.8647
233.5981,166.6310,133.9998,222.9540
234.0380,169.1628,133.1201,223.4680
234.5120,171.6730,132.1719,224.0179
237.7351,174.2503,131.2883,224.4258
240.9865,174.2726,130.3390,224.3811
244.3500,176.9309,129.1488,224.6014
247.7777,179.8260,127.8135,224.3312
251.2274,182.5645,126.4073,224.3474
257.5746,182.3537,124.6521,224.7691
258.3015,182.2906,123.1984,224.8953
264.7650,184.8228,121.1173,225.2538
268.4294,184.6191,119.1811,225.6613
272.1808,187.0608,117.0438,226.1433
278.6000,186.9180,114.8770,226.4289
282.1753,186.9087,113.0291,226.4476
285.7757,187.1183,111.0992,226.0283
292.0728,187.3145,108.9679,225.6359
295.6115,187.7348,107.0791,224.7952
298.9259,188.0927,105.5938,224.0795
301.8162,188.4981,104.9205,223.2686
304.4203,189.1944,104.7957,221.8760
309.1458,190.1386,105.4671,219.9877
310.7099,191.0347,107.3843,218.1955
311.9076,192.0594,110.0413,216.1461
312.7539,193.1340,113.4172,213.9968
313.2971,191.7787,117.4258,211.6125
311.1865,193.0238,121.6469,209.1223
311.4529,191.6768,126.2773,206.6531
311.6085,190.2564,131.1707,204.2893
309.1127,191.4037,136.1624,201.9947
309.2079,189.9286,141.2719,199.6448
306.6424,188.5245,146.4031,197.1040
304.0090,187.1541,151.6697,194.4500
301.3891,185.8600,156.9096,191.5979
298.7961,184.7146,162.0956,188.4073
296.2115,186.3087,167.2648,185.2190
293.6970,187.7640,172.2938,182.3083
291.2618,186.3561,177.1641,179.5404
288.8347,187.9672,182.0185,176.3183
283.6185,186.7759,186.8078,173.0580
278.6073,188.3483,191.1642,169.9131
276.5930,189.9093,195.1927,166.7912
271.8787,191.6223,198.9252,163.3651
267.3946,193.4875,202.1949,159.6347
262.9652,195.4692,205.3655,155.6714
255.8475,197.5103,208.2566,151.5891
251.6822,199.6166,210.9380,147.3766
247.8229,201.7435,213.0360,143.1228
244.1548,204.0043,214.7905,138.6011
237.9957,206.2484,216.0430,134.1129
234.7591,208.5432,217.0399,129.5234
231.7803,210.8441,217.5835,124.9215
229.0179,213.0996,217.7642,120.4106
226.5084,215.3350,217.5130,115.9397
221.5760,217.5287,216.9980,111.5524
219.4689,222.4263,216.1050,106.8641
217.5441,224.4175,214.9417,102.8818
215.7652,226.1907,213.5730,99.3354
211.7476,227.5811,211.9184,96.5546
210.2986,228.3287,210.0442,95.0593
209.0099,228.4970,207.9028,94.7226
207.7740,228.0596,205.6929,95.5975
204.2898,227.1794,203.3317,97.3578
203.1378,226.0989,200.9745,99.5190
199.6939,224.7386,198.5338,102.2396
200.8320,223.2747,196.2576,105.1672
197.2254,221.5711,194.0860,108.5745
196.0203,222.1710,191.7777,112.0932
194.7717,220.3625,189.5309,115.7101
193.5491,220.8506,187.2045,119.5056
192.3281,221.4383,184.8459,123.1308
191.0758,219.5889,182.5248,126.8297
189.9185,220.2085,179.9876,130.4424
188.7139,220.8829,177.5237,133.9667
187.4108,219.1259,175.2365,137.4808
188.5098,217.4553,173.0384,140.8219
187.0893,218.2540,170.9433,144.1607
185.6109,216.6927,168.9423,147.2833
186.5518,217.5876,167.0605,150.4704
187.4989,216.0286,165.1662,153.5884
185.9146,217.0957,163.3159,156.4732
186.7649,215.6532,161.6154,159.3583
187.6084,216.7317,159.9284,162.2558
188.4628,215.4060,158.2196,164.9073
189.2546,216.5787,156.6360,167.6501
190.0637,215.2168,155.0177,170.3739
190.9121,214.1143,153.3209,172.5790
191.7417,213.1382,151.6618,174.5313
192.6627,212.2744,149.8198,176.2587
193.4590,211.5361,148.2271,177.7354
194.2336,210.9297,146.6779,178.9481
195.0129,210.4853,145.1194,179.8370
195.7693,210.2227,143.6066,180.3622
196.4954,210.0280,142.1544,180.7515
197.2304,209.7934,140.6844,181.2207
197.9055,206.9946,139.3342,181.7590
201.2411,204.2925,137.7086,182.1177
204.5176,204.0426,136.1799,182.6175
205.1780,201.4846,134.8591,182.7264
208.4602,198.9301,133.2819,182.8483
211.6519,198.9955,131.8616,182.7174
214.8614,194.0734,130.3804,182.6862
215.5204,194.1530,129.0625,182.5270
218.6136,189.2692,127.7648,182.5168
221.6734,187.0197,126.5126,182.1485
224.7207,182.4188,125.2590,181.6683
227.7649,180.3046,123.9835,181.0836
230.7277,175.9002,122.8411,180.3262
233.6449,171.5324,121.7594,179.5563
236.4703,169.5972,120.8319,178.7034
239.2886,165.3026,119.8903,177.9025
241.9707,160.9952,119.1935,177.1828
244.6579,156.7164,118.4640,176.4503
247.3520,150.0589,117.6976,175.9000
252.4369,145.8505,116.7295,175.1151
254.9874,141.5291,116.2015,174.6120
259.8242,135.0003,115.6411,173.9998
262.2066,130.8273,115.4144,173.2697
264.6351,126.5374,115.0806,172.8029
271.4517,119.9187,114.9797,172.5080
273.6061,115.2687,115.1755,172.7987
277.8447,110.5658,115.7230,173.1799
279.5693,105.8568,116.8008,173.5437
288.1349,101.1290,117.8715,173.8984
289.6499,96.3799,119.4151,174.2495
295.6434,91.6328,121.2413,174.5347
297.0272,89.1084,123.1128,174.9447
302.8974,84.0794,125.4004,175.6506
306.3548,81.4188,127.9345,176.2473
311.7304,81.2382,131.5087,176.6085
319.1298,78.8797,136.0668,176.4863
317.3670,78.9832,139.5924,176.2794
323.1074,81.1938,143.0094,176.8241
328.5232,81.3521,147.2671,176.5075
338.8056,81.8146,152.1703,175.5824
338.9873,90.1681,156.9650,174.3499
344.1275,99.0926,162.3319,172.1482
346.4361,105.8080,168.2484,169.2512
354.0429,118.8306,174.2945,164.4658
353.7793,134.6125,180.1561,159.5732
364.0363,145.7997,186.3800,153.2416
363.8412,164.9670,192.1123,146.9590
371.7633,177.1459,197.5795,138.5848
371.5272,196.8870,203.3253,130.7436
371.6864,218.8963,208.2367,123.3336
374.3943,235.8331,213.1780,115.3529
374.9328,254.6449,217.2171,108.4257
373.3870,260.3085,220.3087,102.1547
372.1061,282.9331,222.8705,96.8432
370.8272,296.0567,225.4283,90.3404
367.1321,304.3265,227.9609,83.5161
361.2524,321.5573,230.1773,77.6832
358.5084,323.1223,230.9682,74.5532
354.5074,333.7764,229.6681,71.8493
348.8228,336.3063,227.2888,71.3724
345.8293,337.8746,224.1952,72.7760
336.3904,337.1817,220.4622,74.1617
336.5328,338.9965,215.6828,75.0267
325.8061,338.4732,210.4837,76.0732
326.7689,335.9297,204.1712,76.7735
319.3375,333.6593,197.4884,77.0051
318.3435,331.6776,191.0418,76.7513
311.3089,328.0000,184.5105,75.8663
308.4623,322.6109,178.1732,74.6139
303.3412,319.3948,172.8295,73.2531
300.1720,314.6852,167.7823,71.2868
293.2141,308.2866,163.2611,69.3344
289.8149,303.8546,159.2970,67.4359
284.5283,297.9877,155.8839,65.1834
279.1356,292.3666,153.0400,62.7964
273.8918,288.6502,150.2320,60.2575
267.0484,279.9104,147.7280,58.3079
261.8911,274.8105,145.3730,55.8381
255.0728,268.3139,143.5634,53.3851
249.6744,261.9083,142.2834,51.1005
241.2480,255.5474,141.3789,49.0244
235.8177,247.7467,140.6036,47.1721
227.3089,244.5142,140.4365,45.0447
218.7278,235.2636,140.6623,43.7868
212.6925,233.2472,141.5218,42.2139
203.7538,225.3820,142.6843,41.2295
194.6889,224.3227,144.1106,40.5642
185.2994,217.3812,146.1397,40.4890
177.1617,214.4362,148.3210,40.7413
167.6899,212.5291,150.1387,41.7012
159.3218,207.4879,152.3853,43.0899
150.7532,205.1584,154.7444,44.7931
143.0625,201.0882,158.0430,46.8921
133.8239,198.3627,160.9883,49.2369
127.5444,195.5137,163.9725,51.7432
116.1270,192.5005,167.1265,54.4896
112.7528,191.1511,170.4994,57.1884
98.7023,189.6825,174.2905,60.1254
94.9963,188.1562,178.1219,63.1782
85.5263,188.2985,182.2994,66.5842
81.6198,186.5982,186.3003,69.9847
69.5932,186.7341,190.7000,73.6436
67.6052,184.8947,194.6761,77.3225
61.2383,184.9329,199.0447,81.4285
57.0378,184.9917,203.1270,85.6297
52.8235,185.0244,207.1034,90.0166
48.7626,185.0925,210.6379,94.4678
47.0741,185.1676,214.0149,99.0345
43.1184,185.2867,217.0801,103.6424
41.6302,185.5010,220.0565,108.1849
40.2662,185.6730,222.7845,112.9344
39.0858,185.8730,225.1454,117.7501
38.0177,183.4673,227.2815,122.5614
39.7337,183.7575,229.2967,127.4284
41.5421,184.0763,231.2402,132.3509
43.6421,181.6342,232.7128,137.2351
49.0834,179.2684,233.3847,141.9668
54.8912,176.9706,233.5032,146.5624
57.9955,174.7082,233.2406,151.0872
64.3223,172.5287,232.6226,155.4460
70.8497,170.4198,231.7297,159.6640
80.7603,168.4203,230.3211,163.6630
87.8173,166.5379,228.5715,167.4278
95.1860,164.8306,226.2693,170.8424
105.9274,160.1046,223.5020,174.0558
110.5620,158.6443,220.4815,176.9765
124.6206,154.1653,217.3635,179.6846
129.4552,149.8715,213.9398,182.0266
140.6124,145.6316,210.3173,184.2758
146.1037,141.5256,205.5455,186.2772
157.9002,137.5844,200.4583,187.9909
163.3224,136.9055,195.7304,189.3487
174.7656,133.2785,191.0360,190.5387
180.0070,129.7864,186.5622,191.5139
185.1933,126.4464,182.1435,192.2400
190.2553,123.2071,177.9146,192.8233
198.1319,122.9851,173.8359,193.2673
202.8232,119.9967,170.2325,193.4650
207.4286,119.9382,166.7463,193.5819
208.9140,119.9079,163.7755,193.6427
213.0454,117.0665,161.1363,193.7017
214.0920,117.0108,159.0433,193.8132
