1
433.8954,95.6546,131.2092,88.6908
434.1587,95.7444,130.6827,88.5112
434.3407,95.8253,130.3186,88.3493
434.4878,95.8987,130.0244,88.2026
434.5651,95.9446,129.8699,88.1107
434.6872,96.0110,129.6256,87.9780
434.7218,96.0812,129.5564,87.8376
434.7344,96.1355,129.5312,87.7290
434.7314,96.2083,129.5372,87.5834
434.7205,96.2908,129.5591,87.4184
434.6911,98.0493,129.6178,87.3022
432.8826,98.0698,129.8350,87.2612
432.9096,99.8259,129.7810,87.1513
431.1318,99.8460,129.9368,87.1112
429.4329,101.6292,129.9333,86.9462
429.5073,101.6759,129.7846,86.8527
429.5144,101.7489,129.7703,86.7068
427.7905,103.4876,129.8260,86.6216
425.9938,105.2504,130.0276,86.4875
426.0053,105.3025,130.0046,86.3833
424.2900,107.0432,130.0449,86.2924
422.5513,107.0333,130.1329,86.3122
420.8390,107.1010,130.1664,86.1767
419.1725,108.8882,130.1101,85.9916
417.4921,110.6823,130.0856,85.7889
417.4834,110.7362,130.1029,85.6810
415.7589,112.5045,130.1719,85.5245
414.0520,114.2800,130.2071,85.3520
412.3612,116.0516,130.2124,85.1851
410.6520,116.1094,130.2573,85.0696
408.9628,117.9058,130.2635,84.8490
407.2706,119.6697,130.2792,84.6899
405.5753,119.7380,130.3037,84.5533
403.8711,121.5377,130.3477,84.3182
402.1774,123.3215,130.3739,84.1117
400.4507,125.0694,130.4693,83.9738
398.7643,125.1109,130.4850,83.8909
397.0285,126.9114,130.6006,83.6460
395.3184,128.7057,130.6671,83.4109
393.5810,130.4792,130.7912,83.2147
391.8150,132.2381,130.9740,83.0461
390.1237,132.2841,131.0073,82.9540
386.7056,134.0351,131.1473,82.8003
384.9956,135.8410,131.2194,82.5362
383.2680,137.5885,131.3304,82.3855
381.5109,139.3855,131.5011,82.1349
378.0586,141.1426,131.7222,81.9625
376.3326,141.2448,131.8319,81.7582
374.5591,143.0153,132.0385,81.5576
372.7608,144.8223,132.2948,81.2837
371.0018,146.6100,132.4735,81.0477
367.5899,148.3869,132.6211,80.8321
365.8020,148.4911,132.8604,80.6237
362.3381,150.2849,133.1148,80.3728
360.5047,153.8137,133.4453,79.9877
358.7216,153.9394,133.6767,79.7362
355.2635,155.6901,133.9253,79.5688
353.4684,157.4856,134.1806,79.3125
350.0213,157.6089,134.4065,79.0659
348.1078,159.4682,134.9001,78.6807
346.2882,161.2767,135.2050,78.3979
342.7806,163.0608,135.5523,78.1637
340.9115,164.8923,135.9554,77.8357
339.0861,165.0946,136.2707,77.4312
335.6015,166.9400,136.5730,77.0737
333.7372,168.8318,136.9700,76.6219
331.8657,170.7164,137.3832,76.1827
328.3329,172.5941,137.7915,75.7558
324.7872,172.8390,138.2284,75.2659
322.8574,174.7698,138.7627,74.7297
319.4186,174.9982,138.9921,74.2730
317.5444,178.6822,139.4209,73.5441
314.0387,178.8894,139.8055,73.1298
312.0665,180.8263,140.4379,72.5679
308.5803,182.7602,140.7872,72.0116
306.7278,184.7036,141.1852,71.4320
304.9082,184.9739,141.5213,70.8915
301.4268,186.9203,141.8870,70.2971
299.6224,187.1704,142.2023,69.7968
294.4970,189.1172,142.5844,69.1927
292.5132,191.0963,143.2674,68.5193
290.6487,193.0638,143.7136,67.8671
288.8154,193.3049,144.1022,67.3849
285.3488,195.3136,144.4848,66.6429
281.8344,195.5471,144.9779,66.1758
279.9181,197.5514,145.5436,65.4340
278.0073,199.5153,146.1032,64.7684
274.3138,201.5174,146.9732,64.0226
270.6582,201.8501,147.7685,63.3571
268.6714,203.9576,148.4844,62.3999
266.7260,206.0377,149.1242,61.4908
261.6146,206.4229,149.6145,60.7204
259.9398,206.8381,149.7263,59.8900
258.0077,208.9139,150.3662,58.9628
254.3548,210.9006,151.2380,58.2063
252.5180,211.2016,151.6957,57.6044
249.0404,213.0434,152.2275,57.1325
247.2037,213.1456,152.6900,56.9280
243.8289,214.8265,153.0120,56.7800
240.3885,214.8317,153.4614,56.7697
238.6983,214.8228,153.6197,56.7876
235.2954,216.4036,153.9764,56.8504
233.5317,216.3344,154.2728,56.9888
230.0954,216.2650,154.6704,57.1277
228.2704,217.7667,155.0746,57.3700
224.7584,217.6506,155.5867,57.6022
222.9765,217.5365,155.8831,57.8304
221.1727,217.4116,156.2149,58.0802
217.6227,219.0042,156.7448,58.1801
215.7900,218.8785,157.1156,58.4314
213.9757,220.3669,157.4400,58.7589
210.5285,220.2125,157.7047,59.0677
208.7800,221.6797,157.8775,59.4575
205.3322,221.5177,158.1057,59.7817
203.5525,221.3390,158.3221,60.1391
201.7861,222.8433,158.5026,60.4828
198.3604,222.6728,158.6318,60.8237
196.6160,222.4717,158.7515,61.2260
194.8662,223.8851,158.8732,61.7772
191.3031,225.3290,159.2200,62.2791
189.5047,225.1014,159.4132,62.7342
187.6938,226.5218,159.6203,63.3080
184.1007,226.2566,159.9511,63.8385
182.2879,227.7004,160.1345,64.3928
180.4381,227.4094,160.3796,64.9748
178.5962,228.8550,160.5950,65.5521
176.7894,228.5891,160.7267,66.0838
174.9238,230.0769,160.9647,66.6015
173.1236,231.5952,161.0593,67.0707
169.5156,231.2974,161.2442,67.6663
167.7702,230.9945,161.2061,68.2721
165.9772,232.4015,161.2533,68.9971
164.0733,233.9003,161.5085,69.5520
162.1414,233.5771,161.8063,70.1983
160.3476,235.0197,161.8123,70.8949
158.4761,234.6302,161.9613,71.6739
156.6178,235.9503,162.0678,72.6436
153.0303,237.3905,161.9858,73.3917
151.1810,236.9097,162.0437,74.3534
149.3243,238.2628,162.0990,75.3053
147.4528,237.8308,162.1663,76.1694
145.6470,239.3368,162.0863,76.8491
143.6641,240.7611,162.3496,77.7030
143.5242,240.3527,162.6293,78.5198
141.6817,241.9167,162.5750,79.1312
139.7745,241.6283,162.6402,79.7080
137.8593,243.1718,162.7103,80.3812
135.9343,244.7999,162.7874,80.8979
133.9372,244.5449,162.9986,81.4079
131.9783,244.3181,163.1214,81.8616
130.0050,245.7848,163.2634,82.7327
128.0536,247.4436,163.3445,83.2367
126.0808,247.1751,163.4586,83.7737
126.0551,246.8664,163.5100,84.3912
123.9098,248.3401,163.9466,85.2978
121.8893,249.9035,164.1117,86.0469
119.8872,251.5184,164.2246,86.7084
119.8520,251.2376,164.2951,87.2700
117.9253,250.8982,164.2334,87.9487
115.9888,252.5748,164.1807,88.5212
114.0829,254.2522,164.0578,89.1012
114.1369,253.9666,163.9500,89.6723
112.2701,253.6965,163.7325,90.2125
110.3659,255.4738,163.5840,90.6149
108.4159,255.1655,163.5221,91.2315
106.4249,256.9319,163.5328,91.6702
106.4855,256.6233,163.4118,92.2872
104.6122,256.3600,163.1706,92.8138
104.7045,258.1666,162.9861,93.1936
102.8594,257.9084,162.6796,93.7102
102.9703,259.7065,162.4578,94.1148
103.1805,259.4145,162.0374,94.6987
101.3073,259.1406,161.7756,95.2466
101.5181,260.9343,161.3540,95.6727
99.6973,260.6769,160.9810,96.1875
99.8939,260.4956,160.5879,96.5502
98.0100,260.3078,160.3378,96.9258
98.1979,260.0526,159.9620,97.4362
98.3141,261.8701,159.7297,97.8246
96.3982,261.6447,159.5349,98.2754
96.5721,261.4652,159.1871,98.6344
94.7511,261.2407,158.7970,99.0834
95.0133,263.1340,158.2724,99.3307
95.2689,262.9871,157.7613,99.6244
95.5191,262.8646,157.2610,99.8695
95.8856,262.7248,156.5279,100.1490
94.1638,264.5849,155.9539,100.4466
94.4381,264.4470,155.4051,100.7224
94.7136,264.3109,154.8542,100.9947
95.0655,264.1586,154.1503,101.2991
95.3869,264.0089,153.5077,101.5985
95.7875,263.8715,152.7064,101.8734
96.1665,263.7155,151.9484,102.1853
94.5027,263.5783,151.2930,102.4597
95.0356,263.4807,150.2274,102.6550
95.4664,263.4356,149.3658,102.7451
95.9173,265.3172,148.4639,102.9353
96.2486,265.1209,147.8013,103.3278
96.6226,264.9636,147.0533,103.6423
96.9964,264.8129,146.3058,103.9437
97.4290,264.7261,145.4406,104.1174
97.8778,264.7017,144.5430,104.1662
98.3430,264.7350,143.6125,104.0996
98.8216,264.7772,142.6554,104.0152
99.2343,264.9069,141.8299,103.7557
101.6340,265.0612,140.8864,103.4472
104.0114,265.0960,139.9680,103.3776
104.5320,265.1058,138.9268,103.3579
105.0217,265.1284,137.9474,103.3127
107.4158,265.1625,136.9488,103.2446
107.9064,265.1280,135.9676,103.3136
110.3459,265.1042,134.8481,103.3611
110.8656,265.0288,133.8087,103.5121
113.2752,265.0661,132.7191,103.4374
115.7108,265.0529,131.5598,103.4639
118.1898,263.1740,130.2964,103.5270
118.7871,263.1988,129.1017,103.4775
121.0739,263.2682,128.1852,103.3385
121.4500,263.3774,127.4330,103.1202
123.6669,263.5378,126.6249,102.7994
125.9031,261.8772,125.7606,102.5126
128.1303,262.0696,124.8964,102.1278
128.5186,262.1879,124.1199,101.8911
130.6595,260.5261,123.3931,101.6598
132.8519,260.6492,122.5483,101.4136
135.1264,260.8197,121.5223,101.0727
137.4234,260.9915,120.4299,100.7290
139.7558,259.4425,119.2445,100.3476
141.9990,259.6771,118.2130,99.8784
142.4717,259.8477,117.2676,99.5374
144.6696,260.0696,116.2833,99.0935
146.8358,260.2840,115.3398,98.6647
148.9555,258.7470,114.4681,98.3711
151.0691,258.9016,113.5902,98.0620
153.1632,259.0269,112.7330,97.8112
155.2302,259.1258,111.9125,97.6135
155.6087,259.2111,111.1554,97.4428
159.3149,259.3695,110.3096,97.1260
161.2903,259.4973,109.6239,96.8704
163.2852,259.6165,108.8844,96.6321
165.2956,258.1341,108.0986,96.3619
167.2712,258.2322,107.3660,96.1656
169.2597,258.3382,106.5930,95.9537
171.2181,258.4726,105.8648,95.6849
173.1528,258.6051,105.1683,95.4198
175.0666,258.7159,104.4987,95.1983
176.9197,258.8018,103.9365,95.0265
178.7619,257.2840,103.3846,94.9296
180.6330,257.3423,102.7646,94.8130
184.0517,257.4113,102.1491,94.6750
185.8865,257.4931,101.5785,94.5114
187.7462,257.5763,100.9466,94.3449
189.5387,257.6402,100.4365,94.2172
191.3155,257.7283,99.9480,94.0409
194.5937,257.7681,99.5007,93.9614
196.3164,257.8681,99.1017,93.7613
198.0506,257.9870,98.6703,93.5236
199.8878,258.0807,98.0222,93.3361
201.6601,258.1333,97.4910,93.2309
204.9415,258.2099,96.9347,93.0778
206.8441,258.3298,96.1218,92.8379
208.5448,258.3938,95.6960,92.7100
210.2936,258.4090,95.1653,92.6796
211.9784,258.4633,94.7537,92.5710
213.5457,258.4585,94.5692,92.5805
216.5553,258.4545,94.4443,92.5886
218.1945,258.4603,94.1114,92.5770
219.7083,258.4391,94.0237,92.6194
221.1711,258.4004,94.0372,92.6967
222.5977,259.8521,94.1248,92.7340
224.1062,259.8187,94.0504,92.8008
227.1032,261.2947,93.9415,92.7914
228.7329,261.3518,93.6226,92.6771
230.3276,261.3214,93.3671,92.7379
231.8896,262.7896,93.1740,92.7323
234.8710,262.7649,93.0665,92.7817
236.4291,262.7494,92.8771,92.8127
236.4713,264.2632,92.7925,92.7094
239.4202,265.6729,92.7373,92.8112
240.9454,265.6374,92.6091,92.8823
242.4243,265.5516,92.5723,93.0538
243.9694,266.9811,92.4053,93.1182
245.4510,268.3974,92.3639,93.2072
246.8933,268.3204,92.4016,93.3612
248.3263,269.7454,92.4610,93.4365
249.7686,271.1251,92.5038,93.6046
251.1926,272.4697,92.5868,93.8463
252.5839,272.2974,92.7400,94.1909
254.0032,273.6416,92.8452,94.4461
255.4563,275.0035,92.8884,94.6718
256.9001,276.3640,92.9546,94.9045
258.3128,276.2321,93.0874,95.1682
259.7535,277.5520,93.1707,95.4932
261.2154,278.8740,93.2179,95.8201
262.6932,280.1784,93.2392,96.1882
262.5768,281.4547,93.4719,96.6187
263.9852,282.8038,93.6487,96.9139
265.3517,284.1353,93.9166,97.2518
266.6936,285.4365,94.2432,97.6598
267.9550,286.7450,94.7424,98.0648
269.2057,286.5446,95.2770,98.4656
270.4596,287.8593,95.8203,98.8872
271.7370,289.1414,96.3317,99.3891
271.4379,288.9270,96.9299,99.8179
272.6950,290.1518,97.5139,100.4667
272.3965,291.3532,98.1110,101.1816
273.5664,292.5789,98.9095,101.8686
273.2107,292.2438,99.6209,102.5388
272.8480,293.4748,100.3464,103.2602
272.5311,294.7053,100.9802,104.0057
272.2613,295.9413,101.5198,104.7617
271.9218,295.5703,102.1988,105.5037
271.4824,296.8065,103.0776,106.3020
271.1024,298.0999,103.8375,107.0125
270.6006,297.9120,104.8410,107.3882
270.2216,297.3961,105.5990,108.4200
269.7717,296.6241,106.4989,109.9640
269.2552,296.0491,107.5320,111.1141
268.7080,297.1965,108.6264,112.2623
268.1910,296.7088,109.6603,113.2378
267.7197,296.0276,110.6030,114.6001
267.2233,295.2660,111.5957,116.1234
266.5845,296.4816,112.8733,117.2781
265.9260,295.8254,114.1904,118.5904
265.2488,294.8596,115.5447,120.5221
264.3976,294.0424,117.2472,122.1565
261.7540,293.3168,118.7645,123.6077
261.1533,292.6254,119.9659,124.9905
258.4845,291.8850,121.4461,126.4713
257.8332,291.1849,122.7486,127.8715
257.0084,290.7437,124.3982,128.7540
254.1779,290.3064,126.0728,129.6286
251.3305,287.7676,127.7408,130.6794
250.5940,284.7369,129.2139,132.6713
247.7552,281.5558,130.7674,134.9095
247.0792,280.5973,132.1194,136.8264
244.3563,277.7211,133.3300,138.3436
243.4809,277.0425,135.0808,139.7008
240.4784,274.1605,136.7587,141.1376
239.8852,270.9597,137.9451,143.1632
239.2154,267.5470,139.2846,145.5619
236.1324,264.0054,140.9652,148.1595
233.0203,260.5284,142.6366,150.5606
232.1377,257.2210,144.4018,152.5587
231.1483,251.5119,146.3806,154.6246
230.1630,248.3031,148.3511,156.3025
227.0139,245.0598,149.8521,157.9918
226.0611,241.7754,151.7577,159.7130
225.1180,236.1661,153.6439,161.1224
224.0181,233.0936,155.8436,162.3108
222.7670,230.1167,158.3458,163.2545
221.4946,227.0210,160.8906,164.3814
217.7445,223.3365,163.2685,166.6281
216.7395,216.9644,165.2785,168.9820
215.9611,213.4911,166.8353,170.6648
212.5746,205.2500,168.2934,171.2025
211.6451,202.3009,170.1525,171.7542
210.9443,199.2548,171.5540,172.4620
210.1024,193.4678,173.2378,173.2009
209.1666,187.6763,175.1095,173.8725
208.2619,184.5017,176.9188,174.7260
207.3254,181.5162,178.7918,175.1593
206.4337,175.7219,180.5752,175.5998
208.3262,172.8329,182.3991,175.7689
207.5801,167.1374,183.8913,175.8795
206.8990,164.2557,185.2535,175.9776
206.2634,161.3393,186.5248,176.1223
208.4905,155.6441,187.7810,176.0918
207.9988,152.8682,188.7644,175.9141
210.3364,150.1411,189.8313,175.6263
209.8965,147.4878,190.7110,175.1786
212.2333,141.8641,191.7982,174.9046
214.6156,139.1875,192.8069,174.4845
217.0967,136.5509,193.6271,173.9754
216.7450,133.8185,194.3304,173.6532
219.3046,128.0718,195.0039,173.5611
221.9243,128.2003,195.5663,173.3041
224.6249,125.1846,195.9714,173.5293
224.5073,122.2723,196.2067,173.5376
227.3692,119.3898,196.3028,173.4826
230.2680,116.6147,196.3258,173.2121
233.3094,113.8704,196.0596,172.8841
233.4017,111.2284,195.8750,172.3609
236.4395,111.4596,195.5955,171.8984
239.4207,111.7352,195.4174,171.3472
242.4540,109.0713,195.1236,170.9023
245.5048,106.4115,194.7829,170.4609
248.5443,106.4656,194.4527,170.3526
251.5615,106.4374,194.1601,170.4091
254.6066,106.4979,193.8080,170.2881
257.6925,103.7517,193.3670,170.0496
260.7617,103.8461,192.9489,169.8608
263.7671,103.9322,192.6488,169.6887
266.7211,103.9156,192.4439,169.7220
269.6808,103.9248,192.2252,169.7035
272.6285,103.9431,192.0266,169.6669
275.5473,103.9231,191.8822,169.7068
278.4504,103.9440,191.7677,169.6650
281.3336,103.9290,191.6905,169.6951
284.1318,106.7611,191.7825,169.7194
286.8112,106.6566,192.1140,169.9283
289.5512,109.4041,192.3329,170.1321
292.2152,109.1484,192.7103,170.6436
294.9328,111.9126,192.9945,170.8346
297.6463,111.6766,193.2945,171.3066
300.3322,111.3675,193.6619,171.9249
302.9642,114.0546,194.1526,172.3053
305.5668,113.7076,194.7158,172.9995
308.2544,116.4030,195.1287,173.3968
310.9698,116.1227,195.4991,173.9575
313.6668,115.7862,195.9208,174.6304
316.3661,118.5677,196.3551,174.9005
319.0574,118.3404,196.8167,175.3551
321.6995,118.1732,197.3910,175.6895
324.3184,120.9976,198.0261,175.9134
323.9861,120.7379,198.6908,176.4329
326.6852,120.5131,199.1973,176.8825
329.3805,123.2657,199.7266,177.2971
329.0620,123.0384,200.3636,177.7517
331.7070,122.8408,201.0256,178.1470
334.3829,122.6668,201.6422,178.4949
337.0078,125.3773,202.3760,179.0575
336.5563,125.1649,203.2791,179.4823
339.1157,124.9275,204.1850,179.9572
341.6277,124.5942,205.2077,180.6239
341.0824,124.3337,206.2982,181.1447
343.7036,124.0425,207.1541,181.7272
343.2096,123.7936,208.1420,182.2250
345.7512,123.5243,209.2029,182.7636
345.2703,123.2677,210.1647,183.2768
347.8920,126.1471,211.1137,183.7103
347.5100,125.8663,211.8777,184.2718
350.2442,125.6122,212.6440,184.7801
350.0201,125.3744,213.0924,185.2557
349.7880,125.1624,213.5565,185.6796
352.6932,124.9897,214.0294,186.0252
352.6058,124.7887,214.2042,186.4271
355.6227,124.5546,214.4759,186.8954
355.6059,124.2889,214.5094,187.4267
355.5707,124.0840,214.5798,187.8365
358.4964,123.8870,215.0621,188.2306
358.4094,123.6787,215.2362,188.6471
358.2843,123.5050,215.4863,188.9946
358.1129,123.3340,215.8291,189.3364
357.8795,123.2469,216.2959,189.5108
360.8609,123.1864,216.7204,189.6317
360.5242,119.7880,217.3936,190.0329
360.0172,119.6523,218.4076,190.3042
359.6039,119.4518,219.2344,190.7052
362.6123,119.3443,219.6694,190.9203
362.2035,119.1657,220.4869,191.2774
361.5920,115.7525,221.7099,191.6234
360.9415,115.6311,223.0109,191.8662
360.4519,115.4833,223.9901,192.1618
359.9878,112.0889,224.9183,192.4019
359.5017,111.8668,225.8905,192.8461
359.1105,111.6391,226.6729,193.3013
362.0893,108.0735,227.3238,193.8241
361.7418,107.7199,228.0189,194.5312
361.3154,107.3206,228.8716,195.3299
361.0625,103.5776,229.3774,196.1409
360.8286,103.1435,229.8452,197.0090
360.6827,99.4075,230.1371,197.7639
360.5519,99.0257,230.3986,198.5275
360.6732,98.6625,230.1562,199.2538
360.6659,94.9385,230.1707,199.9439
360.6167,94.4746,230.2691,200.8717
360.7057,90.6745,230.0912,201.6862
360.8197,90.2417,229.8631,202.5518
360.9896,89.8713,229.5233,203.2925
361.1338,86.0976,229.2349,204.0271
361.2753,82.3352,228.9520,204.7318
361.3338,82.0011,228.8349,205.4001
361.4089,81.7013,228.6846,205.9996
361.4651,77.9568,228.5723,206.6456
361.6255,77.7880,228.2514,206.9832
361.7998,74.1416,227.9029,207.4239
361.9015,73.9521,227.6995,207.8029
361.8900,73.7139,227.7226,208.2793
361.9496,69.9334,227.6034,208.9759
362.0661,69.7123,227.3702,209.4181
362.1789,69.4642,227.1447,209.9142
362.2986,69.1563,226.9053,210.5300
362.3379,65.3808,226.8267,211.1935
362.4654,65.1315,226.5717,211.6922
362.5587,64.7999,226.3851,212.3552
362.6298,60.9531,226.2428,213.1405
362.7016,60.6204,226.0993,213.8059
362.8130,60.2044,225.8764,214.6379
362.9082,59.7305,225.6860,215.5857
363.0549,59.2920,225.3927,216.4627
363.2590,58.8164,224.9844,217.4139
363.4421,58.3459,224.6183,218.3549
363.6790,57.8989,224.1445,219.2489
363.9887,57.4513,223.5250,220.1440
364.2950,57.0002,222.9125,221.0462
364.5535,56.5274,222.3955,221.9919
364.9696,56.1613,221.5632,222.7241
365.4300,55.8621,220.6425,223.3225
365.8907,55.6366,219.7212,223.7735
366.3756,55.4914,218.7513,224.0638
366.8777,55.3698,217.7470,224.3070
367.4749,55.3330,216.5526,224.3807
368.1488,55.2594,215.2049,224.5279
368.8796,58.7714,213.7433,224.4284
369.6561,62.2139,212.1902,224.4432
370.3140,62.1425,210.8744,224.5860
371.0535,65.5119,209.3955,224.7040
371.8011,68.8940,207.9004,224.7749
372.5564,72.3455,206.3896,224.6845
373.3222,72.4422,204.8580,224.4911
374.2392,75.9117,203.0240,224.3117
375.0497,79.5384,201.4031,223.7858
375.8256,86.4847,199.8514,223.2804
376.8412,86.9039,197.8200,222.4419
377.6852,90.5253,196.1321,221.8148
378.5869,97.3790,194.3286,221.2648
379.7386,97.7185,192.0252,220.5858
380.8586,101.2535,189.7854,220.0097
381.9078,108.0950,187.6869,219.2247
383.0523,111.6082,185.3978,218.6016
384.2268,115.1382,183.0489,217.8985
385.3799,118.6357,180.7426,217.2116
386.6028,122.1079,178.2968,216.5277
387.9979,128.6844,175.5067,215.7956
386.3255,132.1223,172.6974,215.0737
384.7101,135.5421,169.8306,214.3317
386.1585,142.0133,166.9338,213.4685
384.7374,145.4362,163.7967,212.6021
386.3348,148.8082,160.6018,211.7732
385.0987,152.1258,157.2239,210.9882
383.8683,155.3999,153.9016,210.2233
385.4753,158.5781,150.6875,209.5839
384.3034,164.4908,147.3767,209.0678
385.9051,167.6592,144.1733,208.3232
384.9541,170.9217,140.5472,207.3261
383.8910,174.1702,137.2204,206.2822
382.9303,177.3759,133.7597,205.2530
381.9919,180.4615,130.3275,204.3907
381.1230,183.5040,126.8265,203.5446
380.2647,186.4727,123.3755,202.7747
379.3929,189.4718,120.0210,201.8745
378.5005,192.5276,116.7778,200.7910
377.5747,195.5283,113.6723,199.7467
376.6752,198.5858,110.5824,198.5207
375.8213,201.6203,107.4719,197.2699
375.0698,204.6427,104.2282,195.9719
374.2302,207.6913,101.2354,194.5468
373.5123,210.6221,98.0714,193.2847
370.7296,211.2179,94.5836,192.0932
370.0139,214.1373,91.5663,190.7033
369.3057,214.8925,88.6065,189.1928
368.6815,217.8455,85.5523,187.5894
368.0920,220.7690,82.5056,185.9682
365.6033,221.5688,79.1856,184.3685
364.8301,224.6206,76.6650,182.3318
362.2188,227.4479,73.9019,180.6702
361.4331,230.1317,71.5533,179.2224
358.8241,230.8449,69.0570,177.7960
357.9054,233.1453,67.1023,176.9872
355.1709,235.4910,65.0808,176.0410
354.1444,235.9601,63.4384,175.1029
351.3767,238.4071,61.6694,173.8612
348.6042,239.0560,60.0098,172.5633
345.7343,241.5129,58.6421,171.2033
344.4814,242.1151,57.6384,169.9988
341.7394,242.7305,56.1744,168.7680
338.8167,243.4010,55.1606,167.4270
335.8012,244.1025,54.4076,166.0241
332.8898,244.8690,53.5138,164.4909
331.3741,245.6050,53.2252,163.0190
328.3314,246.4024,52.7229,161.4242
325.2291,247.1360,52.4035,159.9570
322.0236,247.8505,52.3439,158.5280
318.8081,248.6716,52.3473,156.8859
315.5192,249.6208,52.5440,154.9874
313.7827,250.5167,52.8498,153.1957
310.6814,251.3491,52.7581,151.5308
305.9587,250.6417,52.8385,149.8239
304.2878,251.5473,53.0814,148.0127
302.6231,252.4625,53.3335,146.1824
298.0168,251.9250,53.3788,144.2016
296.3987,252.8001,53.5867,142.4513
294.8167,252.0829,53.7440,140.8789
291.7952,249.8988,53.8127,139.2728
290.1960,250.4673,54.0459,138.1358
287.2156,249.7611,54.1002,136.5951
284.2410,248.9381,54.1855,135.3091
282.6120,248.1386,54.5284,133.9930
280.9737,247.3825,54.9028,132.6031
277.9206,246.7103,55.2315,131.0588
276.2726,245.9518,55.6552,129.7035
274.6654,245.0775,56.0094,128.5918
271.6801,244.2834,56.2794,127.3297
269.9823,243.4331,56.8381,126.1933
268.3747,241.2067,57.2230,124.9857
266.7360,240.3486,57.6811,123.8826
265.1869,239.5040,57.9680,122.7606
263.7196,238.6540,58.1025,121.6604
260.8214,236.2913,58.3263,120.8132
260.6693,235.2087,58.6304,120.2006
259.1410,232.7355,58.9128,119.5985
257.6278,230.2897,59.1690,118.9496
257.5282,229.2313,59.3681,118.3012
256.1047,226.8815,59.4559,117.4823
256.0750,225.7737,59.5154,116.9493
254.6554,222.0648,59.6127,116.1412
254.6302,221.0137,59.6631,115.5117
254.6123,218.6730,59.6989,114.7464
253.3702,215.1024,59.4703,113.7493
253.4487,215.7615,59.3133,112.4310
253.4509,210.8322,59.3089,111.6012
253.5114,210.0216,59.1879,110.5627
253.5249,209.0536,59.1609,109.8562
252.3017,206.8237,58.9757,109.0528
252.2893,203.3627,59.0004,108.1251
252.2567,202.6290,59.0657,106.9891
252.2482,197.9380,59.0826,106.0205
252.1714,198.4481,59.2363,105.0003
252.1453,193.8116,59.2884,104.0286
252.0546,192.9250,59.4698,103.2541
251.9800,190.8636,59.6191,102.2984
253.1838,187.4321,59.7391,101.5785
253.0945,186.5170,59.9177,100.8896
253.0829,185.5016,59.9409,100.4088
254.4182,180.7290,59.7754,99.9338
254.4413,179.8415,59.7291,99.2137
255.7205,177.6991,59.6544,98.5312
256.9910,174.3199,59.5857,97.8728
258.3521,172.2452,59.3248,97.0999
258.3506,171.2901,59.3276,96.5646
259.6167,166.6959,59.2329,96.0033
260.8903,165.7137,59.1132,95.5403
262.1755,163.4549,58.9613,95.2209
262.1308,161.1924,59.0507,94.9234
263.3884,157.6899,58.9437,94.7035
264.6121,155.4806,58.8996,94.3158
265.8589,154.4281,58.8025,94.0240
267.0866,152.1750,58.7379,93.7488
268.3305,148.9065,58.6357,93.1295
269.6227,148.1139,58.4259,92.3401
270.8673,145.8944,58.2957,92.0607
272.1304,143.7803,58.1224,91.5831
273.3547,140.3956,58.0165,91.3241
274.6201,139.4208,57.8229,90.9367
275.8629,136.0432,57.6654,90.7075
278.2365,135.1808,57.5625,90.1103
279.3871,133.0708,57.5725,89.7075
280.4662,131.9859,57.7200,89.5718
281.5523,128.6267,57.8536,89.3723
282.6905,126.3901,57.8824,89.2351
284.9907,124.2394,57.8892,88.9292
286.0769,122.0384,58.0160,88.7330
287.1929,121.0742,58.0823,88.3629
288.3232,119.0285,58.1155,87.8666
290.6417,116.9098,58.0526,87.5302
291.7682,114.6686,58.0804,87.4508
292.9001,113.6272,58.0968,87.2535
296.3309,109.2208,58.0675,86.9565
296.2542,109.4697,58.2210,86.4587
298.4975,107.3323,58.2693,86.1986
299.5822,106.3916,58.3643,85.8154
300.6609,103.1054,58.4673,85.6072
301.8582,103.1847,58.3315,85.4486
302.9783,100.8948,58.3454,85.5200
304.0698,99.8947,58.4178,85.2648
306.3275,96.5094,58.4081,85.2770
307.3265,95.3654,58.6630,85.3120
308.3819,94.3278,58.8097,85.1296
310.5918,93.3108,58.9045,84.9064
311.6656,92.3085,59.0123,84.6555
312.6986,88.8893,59.1998,84.7334
313.8110,87.6877,59.2326,84.8791
314.9120,86.5596,59.2911,84.8747
315.9812,85.3897,59.4142,84.9532
317.0995,83.2537,59.4421,84.6960
318.1641,82.0372,59.5741,84.8678
319.2177,82.1809,59.7328,84.5803
320.2783,81.2542,59.8758,84.1696
321.4250,79.0071,59.8429,84.1431
322.5393,77.9798,59.8736,83.9384
323.6212,78.0576,59.9667,83.7826
324.7356,76.9991,59.9938,83.6437
324.6398,74.8488,60.1855,83.4356
325.7444,73.7379,60.2305,83.4031
325.6906,73.6827,60.3381,83.5135
326.8057,72.6812,60.3659,83.2585
327.9075,72.6561,60.4171,83.3087
327.8787,71.7733,60.4746,82.8180
329.0010,70.6227,60.4796,82.8695
330.1482,70.6092,60.4358,82.8966
330.1341,69.5207,60.4640,82.8233
331.2483,69.4788,60.4853,82.9070
331.1800,69.3888,60.6220,83.0872
331.0856,69.4625,60.8107,82.9396
331.0142,69.4483,60.9535,82.9682
330.9356,68.2375,61.1107,83.1298
332.1250,68.1969,60.9967,83.2111
332.1016,68.2496,61.0435,83.1056
332.0683,68.2915,61.1102,83.0218
