1
435.9338,276.3614,121.1323,116.2773
436.2671,276.2759,120.4659,116.4482
436.4984,276.1836,120.0032,116.6327
436.6190,276.0941,119.7619,116.8117
436.6624,276.0033,119.6751,116.9934
436.6404,275.9068,119.7191,117.1865
436.6392,275.7955,119.7215,117.4091
436.5528,275.6637,119.8945,117.6726
436.3738,275.5236,120.2524,117.9529
436.2007,275.3228,120.5985,118.3543
436.0212,275.0765,120.9575,118.8470
435.7858,274.8101,121.4283,119.3798
435.5541,276.4911,121.8919,119.8100
433.3259,276.2047,122.5418,120.3829
433.0606,275.8438,123.0725,121.1046
432.7516,275.4465,123.6906,121.8993
430.5224,277.0460,124.2814,122.5678
430.1965,276.6182,124.9332,123.4234
429.8680,276.2098,125.5902,124.2402
429.5101,275.7986,126.3059,125.0625
427.1602,275.3346,127.0472,125.9905
426.7298,274.8053,127.9081,127.0492
426.3356,274.2683,128.6965,128.1232
423.8965,275.7750,129.5301,129.1542
423.4540,275.2513,130.4151,130.2015
420.9327,274.7541,131.3536,131.1960
420.4657,274.2545,132.2877,132.1952
417.8197,273.7551,133.4146,133.1939
415.1786,273.2201,134.4981,134.2639
414.6682,272.7204,135.5189,135.2634
412.0112,272.1647,136.5686,136.3748
411.4232,271.6882,137.7446,137.3277
408.7021,271.1776,138.8551,138.3491
408.1597,270.6765,139.9399,139.3511
405.3927,270.2058,141.0757,140.2924
402.6492,267.5177,142.1316,141.2377
399.8400,266.9719,143.2874,142.3294
399.1224,264.2296,144.7227,143.3161
396.1869,263.7563,146.0576,144.2628
393.3120,261.0853,147.2355,145.0327
390.3798,258.0942,148.4973,146.4123
387.3765,257.5406,149.8596,147.5195
384.4118,256.4871,151.1060,149.6264
381.4389,256.1709,152.3158,150.2588
378.4159,253.5168,153.5968,150.8021
375.4659,250.6538,154.7033,151.7345
372.5090,247.8586,155.7914,152.4992
369.5345,245.0216,156.8854,153.3183
366.5491,244.6469,157.9712,154.0678
363.4160,241.8178,159.3234,154.8120
360.3100,241.6240,160.5885,155.1996
357.2932,239.0401,161.6494,155.3944
354.4636,236.5962,162.3161,155.2897
351.7252,234.1344,162.7914,155.2120
343.8918,231.8571,163.4355,154.7591
341.1017,231.9554,164.0053,154.5624
338.2741,229.3500,164.6442,154.7570
335.2760,226.9840,165.6110,154.4596
332.3412,224.1502,166.4409,155.0876
326.8421,219.8061,167.3138,153.6503
324.0162,218.1704,167.9122,151.8684
321.2995,216.1040,168.3112,150.9669
318.6237,216.3558,168.6368,150.4633
315.9459,214.4920,168.9693,149.1677
310.7477,212.7707,169.3505,147.6028
308.1505,211.1860,169.5562,145.7836
305.5903,209.7433,169.7143,143.7067
303.0902,208.4317,169.7829,141.3984
298.2667,207.3272,169.6392,138.7119
296.0176,206.1702,169.2876,136.1761
291.3548,207.3241,169.0064,133.8682
289.0827,206.2019,168.7889,131.3510
286.7862,205.3101,168.6646,128.4172
282.2803,204.5269,168.3410,125.3158
280.0836,203.7659,168.1222,122.2259
277.9970,205.2259,167.7372,119.3059
275.9574,204.4291,167.3123,116.3952
271.8324,203.6735,166.6627,113.4566
269.9206,202.9678,166.0949,110.4766
268.0922,204.4043,165.4183,107.6036
266.2779,203.8211,164.7714,104.4946
264.5467,205.1930,164.0201,101.7508
262.8273,204.6700,163.3025,98.6403
261.1152,206.0472,162.6331,95.8858
259.4363,205.5483,161.9536,92.8465
257.8126,206.8864,161.2256,90.1704
256.2794,208.1900,160.3727,87.5631
254.7559,209.4191,159.5576,85.1050
253.3170,208.9558,158.6273,82.2235
251.7391,210.1042,158.0382,79.9267
250.2218,209.5174,157.3761,77.4036
248.7611,210.6567,156.6541,75.1249
247.2601,211.7710,156.0630,72.8963
247.5116,212.9368,155.5600,70.5647
246.1007,214.1891,154.8843,68.0601
244.7012,215.5264,154.2396,65.3857
244.8190,216.8263,154.0039,62.7858
243.4157,216.4259,153.4729,60.2490
241.9103,215.6957,153.1991,58.4248
241.8916,216.1946,153.2364,57.4270
240.1939,215.0688,153.4012,56.4479
238.5201,213.7277,153.5335,55.9148
238.5549,212.2795,153.4640,55.6035
236.9990,210.8380,153.3747,55.2856
235.4142,209.3189,153.3504,55.1299
235.5306,207.7200,153.1175,55.1369
235.4780,206.0225,153.2229,55.3444
235.4616,204.2868,153.2556,55.6230
235.5227,202.5548,153.1335,55.8885
234.2223,200.7224,152.5329,56.3520
232.1246,197.0108,153.5271,57.3730
231.4033,194.8637,154.9696,58.4332
230.9491,194.4938,155.8782,59.1731
230.7261,192.5609,156.3241,59.7390
230.8124,192.1351,156.1515,60.5905
231.0856,190.1652,155.6051,61.2011
230.0474,188.1998,154.3492,61.7996
230.7609,186.2638,152.9220,62.3464
231.3245,185.7696,151.7950,63.3349
231.9314,185.1635,150.5810,64.5472
232.4887,182.7567,149.4665,66.0413
232.8798,180.4205,148.6844,67.3840
233.2575,178.1357,147.9289,68.6118
233.5081,177.5157,147.4276,69.8517
233.7240,175.3195,146.9958,70.8774
234.0088,173.1805,146.4263,71.7770
234.2654,171.0609,145.9130,72.6307
234.5972,170.4785,145.2494,73.7955
234.8412,168.4142,144.7615,74.5207
235.1502,168.0091,144.1434,75.3309
235.3376,165.9043,143.7688,76.1269
235.5988,165.4528,143.2464,77.0300
235.8539,163.3373,142.7360,77.8315
236.1519,162.9471,142.1402,78.6118
236.4657,160.8945,141.5125,79.2768
236.8050,158.8184,140.8339,79.9868
237.1002,158.4818,140.2436,80.6600
237.3325,158.1777,139.7790,81.2681
237.5643,156.1550,139.3152,81.8631
237.7568,155.8119,138.9303,82.5494
237.9227,155.4856,138.5985,83.2018
238.1300,153.4514,138.1839,83.8047
238.3513,153.1279,137.7413,84.4517
238.5737,152.9028,137.2966,84.9019
240.5050,150.9442,136.9088,85.3443
240.7154,150.6934,136.4879,85.8460
240.9618,150.4698,135.9950,86.2932
241.1708,148.4102,135.5772,86.9336
241.3119,147.9133,135.2948,87.9275
241.3646,147.4565,135.1895,88.8412
241.4126,147.2505,135.0935,89.2531
243.3526,147.0541,134.7280,89.6459
243.5092,146.8743,134.4148,90.0054
243.6046,146.6752,134.2239,90.4037
243.7191,146.4779,133.9950,90.7982
243.8356,144.5011,133.7621,91.2282
244.0202,144.2892,133.3929,91.6520
244.1912,144.0774,133.0508,92.0756
246.1707,143.8404,132.6224,92.5495
246.3302,143.6070,132.3034,93.0165
246.4929,143.3649,131.9780,93.5005
246.6000,143.1010,131.7637,94.0284
246.7036,142.8543,131.5565,94.5219
246.7750,142.5909,131.4138,95.0485
246.8966,142.3334,131.1707,95.5635
247.0202,142.0967,130.9235,96.0370
247.0511,141.8613,130.8615,96.5078
248.9085,141.6305,130.7172,96.9694
248.9349,141.4257,130.6644,97.3790
249.0397,141.2378,130.4549,97.7548
249.0652,142.7920,130.4037,98.2310
249.0488,142.5515,130.4365,98.7119
249.0605,142.2939,130.4133,99.2272
248.9781,143.8047,130.5779,99.8136
248.9088,143.3615,130.7165,100.7002
250.5687,144.7565,131.0334,101.5467
250.3761,144.4252,131.4187,102.2093
250.1624,145.9533,131.8461,102.8252
249.9924,145.6686,132.1860,103.3945
249.8434,147.1962,132.4841,104.0424
249.7320,146.8636,132.7068,104.7076
249.6197,148.3575,132.9314,105.4520
249.5253,148.0028,133.1203,106.1614
249.4042,149.5412,133.3624,106.8469
249.3316,151.0793,133.5077,107.5477
251.1651,152.5863,133.6312,108.3244
250.9994,152.2226,133.9627,109.0518
250.8267,153.7033,134.3081,109.9124
250.7408,155.1434,134.4800,110.8732
250.5260,156.6508,134.9096,111.7179
250.2167,156.2867,135.5281,112.4460
249.8932,157.8307,136.1751,113.2589
249.5949,159.3504,136.7718,114.1434
249.3464,160.7827,137.2688,115.2263
249.0723,162.1926,137.8169,116.3789
248.7339,163.6058,138.4937,117.5520
248.3488,165.0834,139.2639,118.6259
248.0432,166.5495,139.8752,119.7516
247.8659,168.0780,140.2296,120.7802
249.6686,169.6674,140.7319,121.7088
249.3595,171.2783,141.3501,122.6172
249.0299,172.7590,142.0093,123.8101
248.6806,171.9307,142.7078,125.4668
248.3447,173.2811,143.3797,126.9870
247.9503,174.7373,144.1685,128.3304
247.4787,178.3777,145.1117,129.6286
246.9606,179.8850,146.1478,130.9390
246.4084,181.3241,147.2522,132.4226
245.9351,180.5907,148.1988,133.8895
245.5903,184.2995,148.8884,135.3537
245.2824,185.7378,149.5043,136.9520
244.7853,187.2064,150.4985,138.5250
244.2206,186.4734,151.6279,139.9910
243.5914,187.9728,152.8863,141.5837
242.8940,189.4877,154.2810,143.1903
242.2112,190.9126,155.6467,145.0244
241.6377,190.0773,156.7937,146.6948
241.0666,191.5857,157.9359,148.4567
240.4778,190.2565,159.1134,151.1152
242.2583,191.3736,160.4375,153.7661
241.6429,190.2382,161.6684,156.0368
240.9099,191.5891,163.1344,158.3380
240.1873,190.3857,164.5796,160.7448
239.4577,192.2886,166.0388,162.0622
238.8844,191.3937,167.1854,163.8520
238.1707,190.1374,168.6128,166.3647
237.4722,188.8526,170.0097,168.9343
236.8576,187.3513,171.2390,171.9369
236.3035,186.4759,172.3471,173.6876
235.6733,185.1629,173.6075,176.3135
235.0978,183.7608,174.7586,179.1177
234.5135,182.4473,175.9270,181.7448
233.9291,181.3177,177.0959,184.0040
233.1913,180.4217,178.5716,185.7960
232.4644,179.6513,180.0252,187.3368
231.6930,178.7181,181.5681,189.2033
230.9801,177.6971,182.9939,191.2452
230.3638,177.0486,184.2266,192.5422
229.8318,173.5002,185.2905,193.7061
229.3475,172.9504,186.2592,194.8057
229.1553,169.2846,186.6435,196.1366
228.8148,168.9555,187.3244,196.7948
228.4344,165.8737,188.0854,196.9097
228.2004,166.0381,188.5533,196.5809
228.0031,163.1682,188.9480,196.2558
227.9045,163.1340,189.1451,196.3243
227.7651,160.7589,189.4240,195.0044
227.5997,158.5435,189.7547,193.3814
227.3670,159.4758,190.2202,191.5167
227.1976,157.3501,190.5589,189.7567
227.2197,158.1650,190.5147,188.1267
227.2692,159.0293,190.4157,186.3983
227.4684,157.1402,190.0174,184.2424
227.7738,158.3607,189.4066,181.8014
228.1012,159.5709,188.7517,179.3810
228.4634,158.0087,188.0273,176.7085
228.7705,159.2268,187.4132,174.2723
229.1383,160.3924,186.6776,171.9411
229.5280,159.1562,185.8982,168.7672
229.9880,160.9043,184.9781,165.2710
230.5235,159.9577,183.9071,161.6507
231.0038,161.8061,182.9465,157.9537
231.5379,163.6422,181.8784,154.2816
232.1022,165.3536,180.7498,150.8587
232.7351,164.4744,179.4840,147.4004
233.3685,166.1183,178.2171,144.1124
233.9900,167.6988,176.9742,140.9516
234.6320,169.2774,175.6902,137.7943
235.2699,170.8845,174.4143,134.5802
235.9693,172.4569,173.0156,131.4352
236.6534,174.0042,171.6473,128.3406
237.3585,175.4741,170.2371,125.4008
237.9825,176.8975,168.9891,122.5541
238.6885,178.2957,167.5772,119.7577
239.2686,179.6631,166.4170,117.0230
239.8928,180.9653,165.1686,114.4185
240.5239,182.2370,163.9062,111.8750
241.1506,183.4839,162.6529,109.3814
241.8540,184.7208,161.2462,106.9075
242.5402,185.8812,159.8738,104.5868
243.2209,186.9514,158.5124,102.4462
243.8909,187.9836,157.1723,100.3818
244.5107,188.9672,155.9327,98.4147
245.0137,189.8644,154.9268,96.6203
245.5036,190.7180,153.9469,94.9131
245.9846,193.5135,152.9849,93.2134
246.4724,194.2711,152.0093,91.6983
246.8953,194.9605,151.1635,90.3195
247.3355,197.5647,150.2830,88.8836
247.6869,198.1985,149.5803,87.6160
247.9989,198.7580,148.9564,86.4970
248.3220,201.1615,148.3101,85.3652
248.6027,201.7095,147.7488,84.2693
248.8224,202.1531,147.3094,83.3820
249.0867,202.5583,146.7808,82.5716
249.2994,204.6970,146.3552,81.8705
249.5080,205.0773,145.9382,81.1099
249.6353,205.3816,145.6835,80.5014
249.7443,205.6345,145.4655,79.9955
249.9008,205.8307,145.1525,79.6031
250.0005,205.9498,144.9530,79.3649
250.0900,206.0601,144.7742,79.1443
250.0784,206.1484,144.7973,78.9678
250.0292,206.1563,144.8958,78.9519
249.9468,206.1837,145.0605,78.8971
249.8335,206.1650,145.2872,78.9345
249.6397,206.1018,145.6747,79.0609
249.4780,206.0342,145.9982,79.1962
249.2810,205.9671,146.3922,79.3302
249.0631,205.8609,146.8279,79.5427
248.7972,205.7305,147.3598,79.8035
248.5232,205.6278,147.9077,80.0089
248.2775,205.4827,148.3992,80.2992
247.9796,205.3155,148.9950,80.6335
247.6469,203.3644,149.6604,80.9598
247.2971,203.1945,150.3599,81.2996
246.9559,202.9613,151.0423,81.7661
246.5746,200.9151,151.8050,82.2330
246.1968,200.6685,152.5606,82.7261
245.8065,198.5593,153.3412,83.2802
245.3860,198.2622,154.1822,83.8746
246.8000,197.9360,155.0619,84.5269
246.3233,195.6741,156.0153,85.3186
245.8369,195.3008,156.9882,86.0653
245.3798,194.8882,157.9023,86.8906
244.8650,192.5110,158.9319,87.8307
244.3487,192.0412,159.9646,88.7703
245.7653,189.5920,161.0082,89.7920
245.2585,189.0540,162.0217,90.8680
244.7382,188.4586,163.0624,92.0587
244.1613,187.8262,164.2162,93.3235
243.5578,187.1873,165.4232,94.6013
244.9642,186.5181,166.6671,95.9398
244.3144,183.7489,167.9667,97.3802
243.6175,183.0159,169.3604,98.8463
242.9355,182.2530,170.7245,100.3721
242.2049,179.3296,172.1856,101.9858
241.4296,178.5522,173.7363,103.5405
240.6355,177.7256,175.3246,105.1937
242.0857,176.8665,176.8070,106.9120
241.2681,175.9798,178.4423,108.6854
240.4585,175.0305,180.0614,110.5840
241.9700,174.0712,181.5827,112.5026
241.1558,173.0884,183.2110,114.4681
240.4154,172.1015,184.6919,116.4419
239.6189,171.1076,186.2850,118.4297
238.7987,170.0836,187.9253,120.4776
238.0064,169.0694,189.5098,122.5061
237.1893,168.0004,191.1440,124.6441
236.3708,166.9346,192.7811,126.7757
237.9936,165.8694,194.5410,128.9061
237.0312,164.7986,196.4657,131.0477
236.0616,163.7162,198.4049,133.2124
235.1634,162.6165,200.2013,135.4119
234.2447,161.5027,202.0388,137.6395
233.3305,160.3516,203.8672,139.9417
232.4080,159.1982,205.7122,142.2486
231.5087,158.0346,207.5107,144.5757
230.6193,156.8619,209.2896,146.9211
229.7189,155.6788,211.0904,149.2872
228.8850,154.4830,212.7581,151.6789
228.0332,153.2427,214.4618,154.1595
227.2225,152.0054,216.0831,156.6342
226.3968,150.7476,217.7346,159.1498
225.5570,152.4269,219.4141,161.7083
224.7593,151.1172,221.0096,164.3277
223.9389,149.8156,222.6504,166.9309
223.0393,151.5641,224.4496,169.5534
222.1917,150.2393,226.1447,172.2029
221.3468,148.9370,227.8345,174.8075
220.5273,150.8212,229.4736,177.3662
219.6996,149.5698,231.1290,179.8690
218.9217,148.2682,232.6848,182.4722
218.1036,150.2927,234.3210,184.9492
217.2734,149.1192,235.9814,187.2962
216.4711,151.2804,237.5860,189.6286
215.6607,150.2357,239.2067,191.7179
214.8876,149.2057,240.7530,193.7780
214.1694,151.5642,242.1894,195.8940
213.4565,150.5643,243.6152,197.8937
209.3285,149.6037,244.9276,199.8149
208.6945,152.1086,246.1957,201.7998
208.0594,151.1514,247.4658,203.7143
207.4669,150.2350,248.6509,205.5471
203.3746,152.8645,249.6907,207.4327
202.7749,151.9181,250.8902,209.3256
202.2788,150.9762,251.8823,211.2094
201.8235,150.0454,252.7929,213.0709
197.7640,152.8132,253.5821,214.8651
197.3434,152.0043,254.4233,216.4829
193.2725,151.1808,255.1554,218.1300
192.9064,150.4124,255.8875,219.6668
192.5753,149.6913,256.5497,221.1090
192.2633,148.9875,257.1738,222.5165
188.2309,152.1496,257.6894,223.7417
187.9754,151.5480,258.2002,224.9447
187.8039,151.0386,258.5432,225.9636
183.8215,150.5811,258.8824,226.8787
183.6949,150.1232,259.1357,227.7945
183.5984,149.7374,259.3286,228.5661
179.6599,149.4182,259.5259,229.2045
179.6174,149.1015,259.6110,229.8378
179.5676,148.8295,259.7107,230.3819
175.6308,148.6198,259.8696,230.8012
175.5768,148.3773,259.9777,231.2862
175.5230,148.1662,260.0853,231.7084
171.5476,147.9867,260.2946,232.0674
171.3902,147.7493,260.6094,232.5422
171.2435,147.5344,260.9027,232.9721
171.0453,147.3560,261.2991,233.3289
166.9344,147.1811,261.7345,233.6785
166.6516,146.9474,262.3003,234.1460
166.3725,146.7104,262.8584,234.6201
166.0709,146.4550,263.4615,235.1308
165.7367,150.1324,264.1299,235.6247
165.3655,149.8926,264.8724,236.1042
164.9458,149.7053,265.7118,236.4789
164.5194,149.5027,266.5647,236.8841
160.0965,149.2822,267.4856,237.3252
159.6857,148.9769,268.3072,237.9357
159.2763,148.6404,269.1260,238.6087
158.8067,148.2972,270.0651,239.2950
158.3142,147.9578,271.0501,239.9739
157.8562,147.6771,271.9662,240.5353
157.3447,147.3876,272.9891,241.1142
156.7647,147.0672,274.1491,241.7551
156.1697,146.7582,275.3391,242.3731
155.6222,146.4597,276.4342,242.9700
155.0442,146.1434,277.5901,243.6026
154.5014,145.8774,278.6758,244.1346
153.9361,145.6700,279.8063,244.5495
153.3811,145.4386,280.9163,245.0122
152.8189,145.2636,282.0407,245.3623
152.2726,145.0603,283.1334,245.7690
151.7289,144.8737,284.2208,246.1420
151.1572,144.7012,285.3641,246.4870
150.5788,144.5644,286.5209,246.7607
149.9962,144.4193,287.6861,247.0510
149.4060,144.2585,288.8666,247.3724
148.7789,144.1021,290.1208,247.6853
148.1788,143.8953,291.3210,248.0989
147.6152,143.6655,292.4481,248.5585
147.0531,143.3661,293.5722,249.1573
146.5456,143.0800,294.5873,249.7296
146.0179,142.8290,295.6426,250.2315
145.5260,142.5630,296.6264,250.7635
145.0764,142.3234,297.5258,251.2427
144.6520,142.0606,298.3746,251.7682
148.5589,141.8092,299.2165,252.2710
148.1250,141.5632,300.0843,252.7631
147.6839,141.2961,300.9666,253.2973
151.5825,141.1208,301.8899,253.6478
151.1262,140.9152,302.8026,254.0592
155.1033,136.4032,303.6094,254.3221
154.7549,136.2314,304.3063,254.6656
158.8452,131.7455,304.9196,254.8434
158.6707,131.9323,305.2686,254.4698
162.9200,127.8467,305.5757,253.8354
162.9718,128.1599,305.4722,253.2089
167.4116,124.0779,305.3810,252.5845
167.6456,124.4353,304.9129,251.8696
172.2650,124.7309,304.4325,251.2784
176.7789,120.6963,304.1460,250.6063
177.0573,120.9656,303.5892,250.0676
181.6645,116.8823,303.0836,249.5254
182.0601,117.1686,302.2925,248.9529
187.0275,113.1101,301.0286,248.3990
191.8387,113.3358,300.0486,247.9475
196.6737,109.2562,298.9987,247.4866
201.4974,105.1624,297.9478,247.0778
206.2788,101.0984,296.9586,246.6321
211.0998,101.3709,295.8681,246.0870
215.9605,97.2972,294.6724,245.7088
216.6029,93.3091,293.3875,245.1837
221.7199,93.6614,291.6264,244.4791
226.9195,89.6777,289.6617,244.0121
232.2059,85.7148,287.4855,243.5414
237.6304,86.0398,284.9920,242.8912
242.9863,82.0078,282.5866,242.6488
248.5029,78.0036,279.8190,242.3916
258.1297,78.1285,277.0023,242.1418
263.5134,74.1479,274.4059,241.9321
268.7554,70.3587,272.0491,241.3834
274.0137,70.7359,269.6144,240.6290
279.0979,67.0869,267.4782,239.8949
283.9271,67.2517,265.8069,239.5652
288.6689,67.4165,264.2793,239.2356
293.3643,67.5578,262.8153,238.9531
297.9127,63.8492,261.6183,238.4707
302.6835,60.2811,259.9500,237.7335
307.4944,60.7625,258.1638,236.7708
312.3492,61.1950,256.2466,235.9057
317.4280,61.6031,253.8377,235.0894
326.3166,58.3025,251.4570,233.9925
327.7632,58.8515,248.5637,232.8944
332.8275,59.4249,246.0162,231.7477
337.8312,59.9014,243.5317,230.7946
346.3689,60.3313,241.3945,229.9349
350.5246,60.7745,240.5050,229.0486
358.4634,61.2214,239.4155,228.1547
362.9278,61.5915,237.8494,227.4144
370.1252,61.9047,238.1077,226.7881
374.0572,62.3168,237.5642,225.9639
378.3672,62.7758,236.2433,225.0459
382.5454,63.0960,235.1508,224.4055
387.4577,67.0016,232.5629,223.8309
392.2637,67.1659,230.1379,223.5024
397.3121,70.8682,227.1848,223.2414
402.2896,74.5744,224.3230,222.9223
407.3531,78.3061,221.2393,222.5022
412.4993,82.0218,217.9348,222.0589
417.5945,85.8472,214.6735,221.3370
422.6314,93.1689,211.4657,220.4257
427.7513,97.0772,208.0269,219.4102
432.7551,104.3640,204.7501,218.2980
434.6294,108.2562,201.0015,217.1749
436.5291,115.4280,197.2022,215.9997
441.6171,119.2457,193.5316,214.8698
443.6682,126.3789,189.4294,213.4621
448.7141,133.2451,185.6795,212.4136
450.9044,139.9783,181.2990,211.4785
453.2224,143.5006,176.6628,210.6147
455.6517,150.0616,171.8043,209.6786
458.2449,156.4812,166.6180,208.8400
461.0070,162.8161,161.0938,207.9767
461.0905,169.0860,155.1264,207.0378
461.2392,175.2987,149.1402,205.9899
464.0899,184.1252,143.4388,205.0608
466.6244,187.3777,138.3699,204.0226
466.5221,195.9902,133.2073,202.8990
466.3368,199.2528,128.3134,201.6382
466.0759,207.6334,123.6713,200.3689
465.5444,210.7962,119.6671,199.1104
464.9465,221.4272,115.8820,197.7723
464.3505,224.6029,112.1767,196.3181
461.4857,230.1184,108.2809,194.9127
458.5320,235.6443,104.7366,193.3123
457.5623,241.0052,102.0346,191.8738
452.2057,246.2964,99.0254,190.4395
450.9432,251.5430,97.0490,188.9490
447.6707,256.8213,94.7033,187.2831
444.2938,261.9503,92.6962,185.7860
436.5584,264.8289,90.8714,184.3529
434.9627,270.0300,89.7915,182.4931
429.5454,273.1148,87.9502,180.5488
426.1595,280.3580,86.3920,178.5576
420.7424,281.3225,84.8996,176.6285
417.4209,284.3630,83.4332,174.6022
410.1238,289.4139,82.0288,172.4997
406.7342,292.4814,80.9190,170.3093
401.6049,295.5532,79.4979,168.0588
398.4294,298.6202,78.1776,165.7605
391.5430,301.6696,76.8338,163.4408
386.6646,304.6953,75.4250,161.1114
383.6542,307.5099,74.1189,159.1455
375.2589,310.5042,72.8500,156.7688
372.3006,313.4715,71.6562,154.3894
366.0049,314.4887,70.2490,152.3550
363.1179,317.4019,69.1321,149.9741
356.9447,318.2762,67.9134,148.2254
354.1400,321.0228,66.8339,146.0767
346.3524,321.9156,65.9372,144.2911
343.5769,322.7694,64.9828,142.5834
337.5711,323.7025,64.1500,140.7172
334.7874,324.6295,63.3785,138.8633
328.9023,325.5520,62.6329,137.0182
323.0402,326.4477,62.0008,135.2270
320.2088,327.3201,61.5596,133.4820
314.3782,328.2898,61.1453,131.5427
311.5148,329.1333,60.9054,129.8557
304.1737,330.0594,60.8143,128.0036
301.2666,331.0129,60.7765,126.0964
295.5561,330.3161,60.6070,124.5924
294.0073,331.1930,60.8321,122.8388
288.3605,329.0531,60.7219,121.4167
284.0839,328.4777,60.7903,119.7392
281.1810,329.2863,60.9864,118.1221
276.9872,328.6157,61.0206,116.6788
274.1430,327.9019,61.1812,115.3424
269.9314,327.3018,61.3634,113.7957
267.1266,326.5256,61.5182,112.6208
264.3532,325.7575,61.6397,111.4441
260.2448,325.0307,61.7646,110.2004
257.5230,324.2235,61.8458,109.1337
254.8223,323.4755,61.9137,107.9631
252.0874,322.6217,62.0825,107.0200
250.7047,321.8349,62.2085,105.9542
248.0423,321.0576,62.2818,104.8832
246.6476,320.1268,62.4602,104.1336
245.2662,319.3262,62.6201,103.1319
242.6295,318.5158,62.7120,102.1621
241.3483,317.6263,62.6966,101.3633
240.0578,316.6188,62.7120,100.8126
238.7894,314.4019,62.6911,100.1312
238.8133,314.7887,62.6434,99.3575
237.5708,313.8321,62.5937,98.7360
237.6538,312.9291,62.4275,98.0172
237.7136,311.9930,62.3080,97.3785
236.5792,309.7943,62.0772,96.7766
236.7395,310.1432,61.7567,96.0789
236.8936,309.2301,61.4485,95.4343
237.0440,307.0354,61.1478,94.9116
237.1995,306.2301,60.8366,94.0789
237.3072,305.3748,60.6213,93.3641
237.4055,304.5158,60.4246,92.6707
237.5394,302.4730,60.1568,91.9614
237.6446,301.6234,59.9464,91.2781
237.7125,298.3350,59.8106,90.7489
237.7699,297.4524,59.6958,90.1556
237.7721,295.4179,59.6914,89.5292
237.8054,294.3568,59.6248,89.3134
237.8651,292.2935,59.5055,88.7724
236.7337,291.2482,59.4446,88.5393
236.7859,286.6581,59.3402,88.4427
236.8366,285.3940,59.2387,88.6551
235.7474,283.2191,59.0997,88.3697
235.9386,282.2331,58.7173,88.0309
236.0461,279.1408,58.5022,87.3172
234.9652,277.1231,58.3789,86.7824
233.9440,275.0445,58.1464,86.3894
234.0829,271.8276,57.8686,86.0274
231.8211,269.8066,57.8817,85.5590
231.8321,265.6337,57.8597,84.9113
230.6014,264.7331,58.0828,84.4743
229.3672,262.6945,58.3159,84.0808
228.1761,259.6276,58.4648,83.5149
226.9968,256.4377,58.5962,83.2132
225.8199,253.2743,58.7252,82.8654
225.7615,250.1290,58.8421,82.4910
224.6380,249.1724,58.8710,82.1864
222.4778,243.8183,58.7639,81.8257
222.4761,242.9030,58.7673,81.4497
221.4502,240.0726,58.6184,80.5078
220.4708,236.9939,58.3930,80.1126
218.4044,234.9281,58.1767,79.8953
218.4923,230.5475,58.0010,79.9860
217.3378,228.5242,58.1439,79.7005
216.1854,223.3069,58.2844,79.3144
215.0630,221.1779,58.3688,79.2511
212.9390,219.1224,58.2948,79.0402
211.7168,214.1254,58.5825,78.2513
210.5982,211.9741,58.6705,78.2553
210.6296,207.8198,58.6077,77.9608
208.6243,205.7760,58.3278,77.7578
206.3757,201.5501,58.5497,77.6592
205.1894,200.6440,58.7826,77.3316
204.0696,195.4783,58.8836,76.9704
203.0567,194.8868,58.7747,76.0186
202.0488,189.7379,58.6721,75.7245
201.0719,186.3679,58.5136,76.1279
197.9153,183.2878,58.4795,75.9407
197.7932,179.1652,58.7236,75.7363
196.7019,175.7511,58.7930,76.2248
194.6741,172.5985,58.6050,76.1645
194.6052,168.3891,58.7428,76.1120
192.4555,165.8454,58.8036,76.9608
191.2172,160.4429,59.1469,77.0994
187.8232,159.3495,59.5121,77.1453
187.4233,155.1331,60.3120,76.9879
185.0668,151.8806,60.7085,77.0182
183.8764,148.6957,60.9241,76.8925
182.6911,145.3914,61.1281,77.0011
181.5595,141.8190,61.2196,77.6310
179.2573,139.4753,61.4585,77.9527
177.9595,134.7558,61.8624,78.6254
176.7255,130.0001,62.1220,79.3029
175.5164,127.3934,62.3172,80.0702
173.1239,126.1342,62.6263,80.3505
172.9182,121.6840,63.0376,80.2619
171.7606,119.1927,63.1001,80.7391
169.3797,115.6565,63.3402,81.0290
168.0973,113.2058,63.6356,81.3918
166.8212,109.6802,63.9083,81.6041
165.4991,107.3473,64.2652,81.6953
164.3135,104.9444,64.3419,81.9121
164.1004,101.4631,64.7681,81.9776
162.9694,100.3652,64.7231,81.8664
160.5744,95.6978,64.9041,81.9831
159.2968,94.4269,65.1499,82.2156
157.9398,92.2206,65.5471,81.9945
157.8325,89.8298,65.7617,82.1363
156.6773,87.4108,65.7466,82.3233
154.2317,85.0077,65.9815,82.4731
153.9344,83.7326,66.5761,82.6891
153.7098,81.2594,67.0253,82.9412
152.4266,78.7974,67.2334,83.1484
151.1017,77.4918,67.5182,83.3948
149.7406,76.1812,67.8672,83.6427
149.6629,73.7515,68.0226,83.7365
149.5075,72.4661,68.3333,83.9207
148.3240,71.1517,68.3058,84.1549
148.2330,69.8952,68.4878,84.2701
148.1612,68.5694,68.6313,84.5193
148.0819,67.2124,68.7901,84.8247
146.9281,67.1894,68.6818,84.8708
146.8686,67.1367,68.8008,84.9762
145.6825,65.8489,68.7547,85.1335
145.6618,65.8562,68.7960,85.1187
145.6846,65.8363,68.7505,85.1586
145.6221,65.8749,68.8755,85.0814
