1
327.4867,188.1882,205.0267,162.6235
327.5105,187.8767,204.9790,163.2466
327.5433,187.5957,204.9135,163.8086
327.5940,187.2854,204.8120,164.4292
327.6071,187.0556,204.7858,164.8888
327.6253,186.8575,204.7494,165.2850
327.6916,186.6632,204.6169,165.6735
327.7408,186.5240,204.5184,165.9520
327.8619,183.5150,204.2761,166.1438
327.9912,183.4118,204.0175,166.3501
328.1342,180.4003,203.7315,166.5482
328.2850,180.2699,203.4300,166.8089
328.3451,177.2517,203.3098,167.0220
328.4305,174.2400,203.1389,167.2203
328.4170,171.1848,203.1661,167.5051
328.3069,170.9380,203.3861,167.9988
328.2048,167.8663,203.5903,168.3003
328.0976,164.7888,203.8047,168.6052
327.9901,164.6080,204.0198,168.9669
327.9539,161.5884,204.0922,169.1387
327.9684,158.5459,204.0631,169.3526
327.9588,158.4348,204.0824,169.5748
327.9108,158.3020,204.1783,169.8404
327.8922,155.2334,204.2156,170.0937
327.8961,154.9960,204.2078,170.5686
327.8500,154.8533,204.3000,170.8539
327.8109,154.6635,204.3783,171.2334
327.7106,151.5139,204.5788,171.6233
327.7096,151.4510,204.5807,171.7491
327.5805,148.3920,204.8390,171.9463
327.4657,148.4066,205.0686,171.9171
327.3243,145.5928,205.3513,171.6136
327.2824,142.6776,205.4353,171.5136
327.2176,139.8029,205.5648,171.3328
327.0784,136.9492,205.8432,171.1109
326.9146,137.1023,206.1708,170.8046
326.8199,134.4227,206.3602,170.2338
326.7041,131.7687,206.5918,169.6181
326.6309,131.9579,206.7381,169.2396
326.5947,129.2015,206.8105,168.8389
326.5461,129.3093,206.9079,168.6232
326.5067,129.4567,206.9866,168.3285
326.4406,126.7222,207.1187,167.8948
326.4062,126.9020,207.1875,167.5352
326.3018,124.1277,207.3964,167.1911
326.2300,121.3140,207.5399,166.9278
326.2101,121.4437,207.5797,166.6684
323.2228,118.6337,207.6696,166.4035
323.1183,118.7632,207.8786,166.1445
323.0091,115.9522,208.0970,165.8855
322.9195,116.0548,208.2761,165.6804
319.8688,116.1176,208.4980,165.5549
316.8011,116.1872,208.7524,165.4157
313.6940,116.2443,209.0842,165.3015
313.5632,116.3904,209.3457,165.0092
310.5612,116.4698,209.4648,164.8504
310.5175,116.6013,209.5523,164.5875
307.5407,113.8351,209.6244,164.2385
307.3902,114.0222,209.9255,163.8643
307.3063,114.1747,210.0934,163.5594
307.2226,114.2856,210.2607,163.3374
307.1736,114.4590,210.3587,162.9906
307.0228,114.6592,210.6602,162.5903
306.9329,114.8765,210.8400,162.1557
306.7967,115.0458,211.1126,161.8171
306.6547,115.2247,211.3965,161.4594
306.5397,115.3875,211.6264,161.1337
306.3984,115.4845,211.9090,160.9396
306.2390,115.6435,212.2279,160.6216
306.0975,115.8077,212.5110,160.2933
305.9604,116.0189,212.7851,159.8709
305.8133,116.2188,213.0792,159.4712
305.6791,116.3585,213.3477,159.1917
305.6362,116.5119,213.4335,158.8850
302.6772,116.6811,213.5039,158.5464
302.7533,116.9228,213.3517,158.0630
302.8562,117.1094,213.1459,157.6898
302.9193,117.3128,213.0198,157.2831
300.0996,117.5546,212.8440,156.7994
300.2330,117.7620,212.5774,156.3846
300.3980,118.1178,212.2474,155.6732
297.7271,115.7758,211.8123,154.5803
297.9857,116.2406,211.2951,153.6507
295.3765,116.7709,210.7843,152.5900
295.8945,117.3812,209.7483,151.3695
293.5015,118.0045,208.8660,150.1228
291.1098,118.5444,208.0149,149.0430
288.7239,116.2651,207.1829,147.9979
286.4355,116.8263,206.1859,146.8755
284.1665,117.3701,205.1835,145.7879
281.8519,117.9289,204.3054,144.6702
279.5551,118.5188,203.4233,143.4905
277.3472,119.0664,202.3964,142.3954
277.8538,119.5735,201.3833,141.3811
275.6277,120.1573,200.4583,140.2135
270.7193,120.6798,199.5872,139.1685
268.5394,121.1580,198.6336,138.2120
266.3419,121.5886,197.7453,137.3508
264.1253,122.0494,196.9229,136.4293
261.8743,122.5377,196.1969,135.4527
259.5768,122.9735,195.5910,134.5810
254.7445,123.4063,194.9009,133.7155
252.4086,123.8519,194.4202,132.8243
247.5098,124.2492,193.9567,132.0298
242.6458,124.7369,193.4637,131.0542
240.3679,125.1802,192.9328,130.1677
235.4907,125.5943,192.5588,129.3394
230.5920,125.9959,192.2668,128.5362
228.1603,126.3339,192.1030,127.8603
225.6853,126.6268,192.0397,127.2744
220.6935,126.9338,192.0181,126.6604
218.2050,127.2609,192.0029,126.0063
213.1734,127.5627,192.1043,125.4027
210.6392,127.7525,192.2001,125.0231
205.5573,128.0261,192.4289,124.4758
202.9991,128.4038,192.5833,123.7205
200.4250,128.7245,192.7800,123.0790
197.8597,129.0434,192.9669,122.4412
195.2464,129.2983,193.2576,121.9315
190.1405,129.5096,193.6057,121.5089
187.5249,129.7381,193.9072,121.0519
184.8541,129.9262,194.3221,120.6757
182.1133,130.0178,194.8771,120.4924
179.3625,130.1369,195.4470,120.2543
176.6362,130.1373,195.9632,120.2535
173.9550,132.6325,196.3816,120.2070
171.2189,132.6261,196.9044,120.2198
168.4856,135.0586,197.4136,120.3122
165.7074,137.4442,198.0034,120.5078
160.4607,137.3227,198.5394,120.7506
157.5384,139.7363,199.3934,120.9142
154.6611,139.7353,200.1416,120.9162
151.7648,142.1813,200.9168,121.0416
151.3422,142.1777,201.7620,121.0487
145.9248,142.1148,202.5094,121.1747
143.0115,144.5259,203.2790,121.4095
140.0979,147.0166,204.0339,121.5005
139.6295,146.9577,204.9706,121.6183
134.0838,149.4207,205.8598,121.7932
133.6013,149.3423,206.8248,121.9502
130.5493,151.7792,207.7946,122.2105
127.4593,151.6455,208.8216,122.4780
121.7827,154.0350,209.8290,122.8719
118.6855,153.9354,210.8291,123.0710
115.5146,156.3683,211.9581,123.4179
112.3744,156.3078,213.0032,123.5389
109.2389,156.3188,214.0213,123.5168
106.1760,156.3358,214.8795,123.4830
105.7696,156.3562,215.6925,123.4421
102.7617,156.3668,216.4170,123.4209
102.5839,156.4185,216.7727,123.3176
102.3602,156.3956,217.2201,123.3632
102.1443,156.4285,217.6519,123.2974
101.9034,156.5641,218.1337,123.0262
101.7187,156.6043,218.5032,122.9458
101.5724,156.6965,218.7958,122.7614
101.4045,156.8194,219.1315,122.5156
101.0910,156.9167,219.7585,122.3211
103.5618,157.0489,220.1491,122.0567
103.4973,157.0932,220.2780,121.9680
106.2556,157.1237,220.0953,121.9070
109.1809,157.2080,219.5748,121.7384
109.4165,157.3327,219.1036,121.4890
112.3421,160.1443,218.5606,121.1741
112.5750,160.4005,218.0949,120.6617
112.8527,160.6804,217.5395,120.1019
115.7721,160.9472,216.9621,119.5684
116.0776,161.2322,216.3513,118.9983
116.2715,161.4042,215.9635,118.6544
119.0439,161.6044,215.6321,118.2540
119.1584,164.3889,215.4032,117.8869
119.0678,164.6436,215.5843,117.3774
119.0176,164.8133,215.6848,117.0380
119.1356,164.9561,215.4488,116.7524
119.2853,167.7805,215.1493,116.2771
121.6950,167.9477,215.4909,115.9427
121.9423,170.6539,214.9962,115.6905
122.0483,170.8250,214.7842,115.3483
124.6313,173.5019,214.7579,115.1341
124.7598,173.7178,214.5010,114.7024
124.9998,173.9413,214.0209,114.2554
127.9389,174.0594,213.2525,114.0191
130.9517,176.7997,212.3212,113.6329
131.3702,176.9468,211.4842,113.3387
134.1655,177.1703,210.9501,112.8916
137.2053,177.4584,209.9117,112.3155
140.4841,180.1483,208.3701,111.9516
143.5769,180.4059,207.1714,111.4364
144.2026,180.6523,205.9198,110.9436
147.3677,183.3629,204.5233,110.4560
150.3857,183.5960,203.3921,109.9898
153.4704,183.8231,202.1027,109.5356
154.1486,186.6264,200.7464,108.7823
154.8571,186.8938,199.3293,108.2475
157.9345,187.1804,197.9648,107.6743
158.5424,187.3998,196.7489,107.2354
161.5188,187.6084,195.5311,106.8183
164.3891,190.1512,194.5004,106.4427
164.8667,192.6155,193.5453,106.2022
165.3513,192.6956,192.5761,106.0420
165.7048,195.0547,191.8690,105.9767
166.0307,195.0503,191.2172,105.9856
166.2729,197.3788,190.7329,105.9607
166.4494,197.2600,190.3798,106.1982
166.4572,199.4664,190.3642,106.4086
166.4298,199.3782,190.4191,106.5852
166.3565,199.2707,190.5657,106.8000
163.9460,199.2178,190.7505,106.9060
163.7852,199.1009,191.0720,107.1397
163.6413,199.0519,191.3599,107.2377
161.2231,198.9902,191.5407,107.3610
161.0488,198.9030,191.8894,107.5354
160.8379,198.8509,192.3112,107.6397
160.6745,198.7671,192.6381,107.8074
160.5439,198.7286,192.8993,107.8843
160.3715,198.5783,193.2440,108.1849
160.1219,198.4335,193.7431,108.4745
159.8465,200.6078,194.2941,108.8376
159.5533,200.3659,194.8804,109.3214
161.5777,202.4418,195.5747,109.9127
161.3192,202.1162,196.0916,110.5637
161.1326,204.2358,196.4649,111.1067
163.3876,204.0373,196.7515,111.5036
163.2581,203.7944,197.0106,111.9895
163.0672,205.9944,197.3925,112.4093
162.7374,205.7982,198.0519,112.8017
162.4154,205.5856,198.6960,113.2268
164.6323,207.7888,199.1280,113.6864
164.4182,207.6348,199.5562,113.9944
164.2709,207.5016,199.8509,114.2608
164.1090,207.3682,200.1746,114.5275
