1
154.9555,144.1346,83.0715,191.4028
152.5702,144.4048,83.6046,190.8624
145.7686,144.8631,84.4908,189.9458
138.8109,145.5303,85.6824,188.6115
132.7857,147.9702,89.2469,183.7317
137.0988,154.5669,93.3228,179.0063
166.8504,184.0622,97.3482,175.0737
168.0551,206.2486,103.4314,168.9172
119.9613,236.9076,105.9463,167.2090
83.3958,243.5708,110.6848,162.4315
81.1326,247.8162,115.2114,158.2226
76.7441,249.8624,119.6956,154.1302
74.1602,254.5976,124.8634,148.9634
71.4854,259.7227,130.2130,143.0212
66.7922,262.4106,135.2977,137.6454
61.7669,267.3638,141.0500,132.0373
56.5710,272.5947,147.1419,125.8755
53.4815,278.0370,153.3209,119.2872
52.5421,283.5801,159.4844,112.4856
51.6004,289.1677,165.6347,105.5773
48.8033,294.7029,171.2288,98.7518
43.7912,295.8629,177.0398,92.2185
38.3662,300.7884,183.7025,86.5549
33.3173,303.3788,189.6136,81.3742
30.7268,305.7611,194.7947,76.6095
28.4800,307.8854,199.2882,72.3610
2
0
0
0
0
1
101.3802,186.2569,85.2868,143.7619
100.5760,192.0836,86.8953,139.2637
102.2495,194.3196,87.0858,134.7916
102.1795,194.5059,87.2258,130.9451
103.1490,198.9732,88.7053,125.4291
102.5984,203.1091,89.8065,120.5171
101.0497,201.3402,92.9040,114.1448
99.7722,205.6635,95.4589,108.7545
98.5566,206.6877,97.8901,103.4919
97.9219,208.9611,99.1595,98.9451
97.3552,211.0726,100.2929,94.7220
97.6661,212.1819,99.6711,92.5034
99.2684,209.8112,96.4665,94.2191
100.7631,204.0272,93.4772,96.7784
104.4363,198.3710,89.1267,99.1028
116.9954,196.6988,81.7878,102.4471
156.9047,253.6129,83.0787,95.7995
156.1649,256.5040,84.5585,90.0173
155.6309,258.9907,85.6264,85.0438
155.6238,261.4810,85.6407,80.0632
162.3663,272.5757,90.4197,76.1379
152.8759,269.9826,96.2976,70.8419
153.7640,271.1523,97.1459,65.8780
141.2630,255.4394,96.5932,64.0827
126.6471,277.2783,103.1689,58.1651
100.8861,277.5189,109.4054,52.6521
90.9307,257.7578,106.7024,54.4846
88.7368,255.1869,106.0804,57.1215
126.4672,272.8799,101.7685,59.8510
127.5029,272.8920,99.6971,59.8268
125.4695,277.7467,101.2715,57.5949
125.8901,277.6848,100.4302,57.7186
126.7031,275.8365,98.8043,58.9476
126.0455,277.6085,97.6550,60.3323
125.2533,276.1144,96.7688,60.8499
123.8446,286.3997,99.5864,55.0754
122.5787,296.0733,102.1181,47.7795
122.0536,297.3870,103.1683,42.8306
123.4198,297.6594,102.6855,40.0363
125.1111,297.1874,101.4957,38.7875
126.6799,297.8094,100.5113,37.5435
128.0794,298.0804,99.8291,37.0015
128.7598,297.3538,98.4684,36.3574
129.1040,303.7883,97.7799,33.8192
130.8154,309.1850,96.3675,31.0670
131.5116,309.1301,94.9750,29.2370
131.2677,311.9632,93.5766,27.3436
126.2612,311.6098,92.6008,26.2188
127.3313,315.7384,90.4606,25.1484
124.5356,316.9951,87.3197,24.3814
126.0121,318.1445,84.3667,23.7704
125.4533,318.2793,82.2147,23.5009
126.2113,319.0629,80.6989,23.5330
123.9858,320.6150,80.4142,23.5858
124.8155,322.1404,80.3304,23.6860
123.8053,322.0740,80.7746,23.8187
121.3636,325.2462,80.9031,23.8141
126.2946,324.4112,80.5610,23.8975
126.5072,325.1133,80.1358,24.0766
116.2273,325.0917,80.1469,24.1197
118.9174,325.8698,79.5116,24.1451
120.8391,327.4513,78.8145,24.1283
121.6612,327.4453,78.7332,24.1403
123.2503,329.0052,78.6789,24.1446
124.1246,331.3476,78.4915,24.1437
124.8778,331.3107,78.5438,24.2174
125.6906,332.0655,78.4790,24.2687
124.1096,332.0477,78.5194,24.3042
124.9775,332.8115,78.3456,24.3386
125.7623,332.7721,78.3362,24.4174
125.7197,332.7489,78.4215,24.4637
126.4606,333.5069,78.5031,24.5113
128.6198,333.4401,78.8815,24.6448
130.7123,333.3380,79.4166,24.8490
131.8262,333.1403,80.3584,25.2444
136.4078,332.1557,80.8278,25.6083
134.7035,333.6484,80.9987,25.8604
137.1917,331.9636,80.8999,25.9784
136.0091,331.8393,80.0118,26.2270
131.2430,331.8669,79.8327,26.1717
131.8509,333.3932,80.2320,26.3491
137.6959,331.6913,79.9095,26.5050
137.4135,330.7282,80.4743,26.8090
131.5592,332.3259,80.7321,26.8852
134.7092,331.4875,80.9956,26.9213
137.1219,329.6470,82.7513,27.3116
137.0479,329.4160,84.5769,27.7738
136.3179,329.2098,86.0368,28.1860
136.4348,329.0761,87.5432,28.4535
135.8573,328.9689,88.6982,28.6679
136.5218,328.0276,89.1560,28.7637
135.6305,328.8780,90.9385,28.8579
135.7317,327.9272,92.5583,28.9374
135.9445,327.7775,93.9792,29.2368
136.9810,326.7760,95.6508,29.3675
137.3645,325.8746,96.7820,29.2721
137.8210,324.9233,97.7818,29.2620
137.7128,324.7760,97.9980,29.5565
136.6369,323.5205,98.2149,30.1324
135.8132,323.0583,99.8623,31.0569
135.5596,322.7257,100.3695,31.7221
132.3385,321.1408,102.7942,32.8831
125.3850,318.5038,106.3786,34.0281
108.6965,311.9021,109.8449,34.4125
113.0204,310.3713,114.3535,35.2815
109.1297,308.9981,117.5896,35.7551
105.4418,307.2945,120.3107,36.8351
109.9718,306.3635,125.5659,38.6970
111.4733,303.8616,127.5522,41.2062
111.7848,302.0237,126.9294,42.3128
111.7291,300.3698,127.0408,43.0398
113.5769,298.0905,125.9405,45.0030
116.2927,294.9778,125.7399,48.6130
116.4670,294.5793,125.3914,49.4098
116.6228,294.1715,125.0798,50.2255
113.7815,294.1947,125.3683,50.1792
113.3868,294.0584,126.1576,50.4517
113.7178,295.6412,125.4957,50.0027
114.2532,295.5057,124.4248,50.2737
115.8169,294.0702,123.9859,50.4563
119.9243,293.3714,123.8273,51.8539
120.8694,292.8717,124.6451,52.8532
121.4546,293.1900,123.4748,52.2166
127.9737,292.6496,123.9831,53.2975
125.5093,292.6550,123.4403,53.2868
124.1003,290.7279,120.8028,51.6854
124.0308,291.5146,118.2806,50.1121
123.2049,291.6782,114.7384,47.1878
123.7197,292.5260,111.2150,45.4923
126.7779,288.7561,107.5115,48.2061
128.4484,286.2213,104.1705,48.4609
132.5256,281.9256,100.7427,52.3257
135.3849,279.1300,95.0240,55.5369
132.6599,283.7814,95.7729,53.2857
139.1459,297.6191,96.7414,46.5210
2
0
0
0
0
1
110.5893,196.9806,75.6660,118.6699
109.3601,195.0456,75.0827,119.4984
100.2907,185.4797,74.9561,120.3646
98.5409,203.0224,75.4006,121.9401
95.7925,195.0008,77.8114,122.5529
94.1225,191.7516,78.0157,122.7802
72.1198,171.3376,78.0271,122.7564
57.9648,171.3587,78.0567,122.7144
53.2503,146.2228,78.0591,122.7119
65.8185,122.6572,78.0599,122.7112
76.6255,124.1524,84.7251,116.5786
115.5125,105.1869,82.7960,119.7473
114.0189,93.6863,82.6068,120.5140
120.5245,123.3061,82.3348,121.7856
122.1285,110.5001,82.3263,121.8019
122.5380,112.2355,81.5072,124.7302
124.8015,100.0303,80.2102,126.5310
2
0
0
0
0
1
38.4094,141.3069,97.5682,126.8701
-17.9023,141.3814,104.3839,119.6673
-22.2899,124.8848,109.6327,113.8711
-23.9833,118.2166,113.0195,109.6094
-25.2816,111.6329,115.6161,105.2476
-23.6071,99.7816,115.7444,104.6097
-1.6946,125.0013,110.0788,109.6747
3.3449,123.3448,106.9211,112.9878
6.0362,115.5877,105.0013,114.6508
2
0
0
0
0
1
56.4680,195.4896,76.8673,61.1140
64.1268,199.3142,78.9048,57.8036
72.1242,203.1879,77.9354,54.3491
79.1580,209.4760,78.3922,50.0726
79.3181,209.3960,78.0720,48.2220
77.6038,213.8949,77.5508,49.0987
99.5471,192.1129,77.2651,47.0801
106.0729,194.6408,77.8194,45.9116
103.9718,196.2776,82.0216,44.5704
99.5022,196.1770,87.0176,42.7999
97.5411,192.5872,90.9397,41.9216
97.4944,192.8882,93.0895,41.3195
98.5124,192.3573,95.2076,42.3814
99.2279,191.9169,95.9031,43.2621
100.0797,191.7982,96.3515,43.4995
102.5595,190.8104,93.5546,45.4750
105.4838,188.9210,94.1755,47.0975
109.5327,187.3282,94.8523,48.0893
109.1555,184.7923,95.6068,48.7198
131.6487,188.5809,90.9885,50.1132
115.2663,180.7456,92.9722,50.3933
107.4719,180.9634,95.1648,49.9576
101.1522,179.6640,92.0017,50.2989
104.4873,177.0344,87.5484,53.3413
2
0
0
0
0
1
228.9956,196.4000,39.9376,113.8646
250.1784,213.7086,46.9448,107.4604
246.9395,217.0087,53.4227,100.8603
242.9742,220.4960,58.9525,96.2865
242.8356,231.2985,64.0837,89.2432
248.1693,235.7413,67.8550,85.1706
253.5546,228.0796,69.1143,86.0581
252.1225,230.3472,71.9786,83.9630
213.4734,213.4066,70.7501,81.0347
215.8145,213.7191,66.0678,80.4096
224.5854,217.9339,60.0459,81.1960
223.4137,222.9856,60.1712,75.5287
225.0050,234.0618,56.9886,74.7120
204.7853,237.0802,60.1801,72.8138
159.5858,244.9842,54.3457,75.8341
151.2929,242.3565,50.5008,77.0034
2
0
0
0
0
1
195.8819,173.6546,63.4507,94.5386
198.7552,169.2894,62.6561,93.3653
197.9338,165.0090,64.2989,94.5908
207.8545,180.3759,69.3656,88.7650
188.1221,176.7515,74.0325,83.5861
186.0797,183.3087,78.1173,77.9148
176.6094,186.0598,82.3148,72.4126
166.0095,196.5443,88.9021,66.0560
167.7105,194.2889,92.8011,63.2658
174.8066,191.8696,93.2891,63.2110
164.7191,206.9151,96.2919,60.1048
164.7281,207.0730,96.2740,59.7891
152.6912,214.2238,95.9394,60.1324
147.9911,186.2357,90.6900,64.8351
160.2526,166.2276,83.2521,70.6809
171.7152,166.6660,74.8597,77.0705
183.9072,166.0403,67.2236,83.1069
193.6376,163.9356,59.5831,87.3164
209.6772,167.8843,55.1406,90.9343
228.9820,163.7832,53.0600,90.0041
249.2971,170.4918,50.4097,89.9916
272.3726,179.5044,45.8492,93.8562
295.2659,182.7521,43.4099,93.8628
319.9438,199.2837,40.8032,94.7990
352.7896,245.3839,37.8931,96.7708
373.5606,277.6821,39.8083,90.1175
391.8478,289.2821,45.3887,82.9764
404.3078,266.4615,50.4644,78.6247
