1
255.6491,369.6097,43.7017,8.7806
255.7896,369.7074,43.4208,8.5852
256.6345,369.7883,43.2744,8.4234
257.6136,369.8563,42.8491,8.2874
258.9582,369.8958,42.4337,8.2084
259.8548,369.1840,42.1418,8.1307
262.1930,369.1616,41.9356,8.1756
263.3220,368.4428,41.9065,8.1272
265.2613,366.1487,41.7364,8.2652
266.1142,366.0935,41.5147,8.3757
268.7576,365.3299,41.4154,8.4207
270.7163,364.5553,41.2007,8.4888
272.3222,363.0189,40.9447,8.6059
275.0936,361.4323,40.5652,8.8286
276.3147,360.9578,40.3328,9.0410
279.3688,358.6126,40.1243,9.3066
281.7238,357.7476,39.8523,9.5573
284.4654,356.0983,39.5534,9.8935
287.2494,355.2092,39.1854,10.1860
289.6438,353.1510,38.8558,10.5862
292.4428,352.2426,38.4806,10.9109
293.2712,349.4626,38.3176,11.2424
296.4784,348.1632,37.9097,11.5889
299.3181,347.5936,37.4904,11.9766
301.7844,345.1074,37.0737,12.4330
304.1872,343.4014,36.7988,12.8246
306.2118,341.6816,36.5412,13.2309
309.0386,340.7177,36.2217,13.6347
310.4077,338.2300,35.7779,14.0217
313.3027,336.8546,35.3448,14.4766
316.1713,334.3472,34.9781,14.8882
317.4952,334.1361,34.6379,15.3105
320.4088,331.5798,34.2127,15.7927
321.0367,330.9997,33.7308,16.1788
323.9984,328.5154,33.2236,16.5050
325.6742,327.4955,32.9599,17.0010
327.0480,325.3673,32.5424,17.3739
329.2348,324.3603,32.0537,17.8340
330.2221,322.9655,31.6342,18.2906
331.9649,321.1918,31.2653,18.7215
332.9406,320.2511,30.8757,19.0409
333.9094,318.8370,30.4994,19.5275
334.9323,317.5183,30.0197,19.8157
337.1150,315.8047,29.5578,20.1202
337.3565,315.2075,29.0747,20.5358
337.9892,313.8424,28.5877,20.9308
340.1541,312.8750,28.1452,21.3107
340.3301,311.1091,27.7933,21.7346
340.9597,310.9042,27.3125,22.1443
341.1875,310.3802,26.8570,22.4145
341.4405,307.8515,26.3511,22.8212
342.0643,308.0544,25.8773,23.1892
342.3000,307.9118,25.4059,23.4744
342.9428,307.8010,24.8899,23.6961
343.5304,307.6531,24.4798,23.9918
344.1089,306.7234,24.0861,24.3245
344.2915,306.5718,23.7209,24.6278
344.4970,306.4283,23.3100,24.9147
344.7090,306.2549,22.8859,25.2615
344.9235,306.5586,22.4570,25.4122
344.7408,306.8003,22.0688,25.6823
344.9452,307.8158,21.6601,25.9056
344.7190,307.6764,21.3641,26.1844
344.8904,307.4936,21.0213,26.5501
344.6962,307.7274,20.6618,26.8304
343.7580,308.0407,20.2991,26.9501
343.5329,307.9404,20.0072,27.1507
343.2871,308.1633,19.7582,27.4453
341.9557,309.1348,19.4575,27.7251
342.1210,309.0623,19.1269,27.8699
341.8526,308.9367,18.9268,28.1212
340.5488,308.4732,18.5850,28.3108
340.6673,308.3866,18.3479,28.4840
340.0790,307.6235,18.0581,28.5439
339.5229,307.5359,17.7119,28.7191
339.2303,307.4841,17.5711,28.8226
337.1676,307.4159,17.3451,28.9590
337.2592,307.3218,17.1621,29.1473
336.9990,307.2716,16.9593,29.2477
335.6835,306.4208,16.7053,29.5068
334.7388,304.5116,16.4326,29.7217
334.8633,304.5243,16.1836,29.6962
333.6033,304.4282,15.8451,29.8884
332.9946,304.0081,15.6391,30.0168
332.7466,303.6441,15.4251,30.0349
331.8037,303.2467,15.1910,30.1231
331.2304,301.7608,14.9298,30.2795
329.9407,301.3653,14.7028,30.3689
329.9625,300.8966,14.6592,30.6072
329.7014,300.4943,14.4797,30.7102
328.0671,298.6964,14.2479,30.8056
328.1286,298.6526,14.1250,30.8931
327.8490,298.2888,13.9875,30.9242
326.5948,297.1934,13.7177,31.0313
326.3399,296.7444,13.5361,31.2378
325.4119,294.9831,13.3186,31.3046
324.4734,294.9299,13.1305,31.4108
324.1749,294.2881,13.0410,31.3215
323.9285,292.9156,12.8502,31.3318
324.0003,291.4659,12.7067,31.5097
323.7554,291.0682,12.5160,31.6248
322.8810,290.0523,12.2289,31.6206
322.9763,289.6349,12.0384,31.7819
322.7389,288.5994,11.8407,31.8360
321.1853,286.8638,11.6002,31.9593
321.5973,286.4578,11.4432,32.1043
321.6822,284.3897,11.2734,32.2433
321.7629,284.0011,11.1119,32.3554
321.8316,283.6079,10.9746,32.4780
321.9298,281.8663,10.7780,32.6462
321.7099,281.1486,10.5560,32.7579
321.8054,279.7503,10.3651,32.9172
322.2291,278.6862,10.1758,33.0713
322.3308,277.9838,9.9723,33.1624
322.4144,275.8595,9.8052,33.4854
322.4989,275.7963,9.6362,33.6118
322.9533,273.3888,9.3818,33.8460
323.0664,273.3031,9.1555,34.0174
323.5291,272.0344,8.8812,33.9505
325.9104,270.0104,8.6336,34.1286
326.0413,269.2116,8.3717,34.4406
326.1718,267.8645,8.1108,34.5660
328.2329,267.3871,7.8223,34.8818
328.3454,265.3426,7.5974,35.1436
330.4030,264.6386,7.3053,35.2773
330.5323,263.6454,7.0466,35.3636
331.6187,261.6015,6.7627,35.6739
334.2332,260.8081,6.5602,36.0041
334.3419,260.7270,6.3428,36.1664
336.6208,259.0073,6.1733,36.4712
337.0201,257.6121,6.0025,36.7506
338.0656,257.4702,5.7960,37.0344
340.6179,256.3833,5.7158,37.3240
340.9704,254.9676,5.6412,37.6336
343.1675,254.4793,5.6797,37.9771
343.7952,254.3023,5.7017,38.3311
345.9458,252.2160,5.9091,38.6392
346.1879,250.6877,6.0775,39.0858
348.0107,249.7216,6.4042,39.6939
348.1345,249.8725,6.8334,40.0690
350.3302,249.3469,7.2769,40.4295
351.4260,248.0464,7.9034,40.9172
351.4907,248.1988,8.4975,41.3360
353.3777,247.9440,9.1692,41.8455
353.3825,245.8153,9.9206,42.2975
353.7600,245.9997,10.7292,42.7106
354.5534,245.3387,11.5515,43.2297
356.6470,245.1186,12.3193,43.6698
356.6652,244.4357,13.1294,44.1890
357.1246,243.4385,13.9485,44.4458
357.5614,242.6982,14.8503,45.0386
358.4243,241.9387,15.8626,45.6449
358.0545,241.7335,16.6021,46.0554
358.0579,241.4950,17.5545,46.5324
358.5454,240.7698,18.5455,46.9997
359.0323,240.5331,19.5871,47.4730
359.0829,239.8507,20.5189,47.8049
358.6090,239.5901,21.4666,48.3260
358.6752,239.3963,22.4126,48.7137
359.2485,239.1408,23.4678,49.2247
359.3403,238.9366,24.4107,49.6330
358.8307,238.7071,25.4301,50.0920
358.3014,237.8853,26.4886,50.5622
357.7526,237.6761,27.5861,50.9807
357.2505,236.8377,28.5903,51.4340
356.6443,235.9693,29.8027,51.9235
356.0888,235.7098,30.9137,52.4425
355.5416,235.4147,32.0082,53.0327
354.9912,235.1144,33.1090,53.6333
354.4632,234.8768,34.1650,54.1086
353.8698,234.5824,35.3518,54.6973
352.6421,234.3382,36.3974,55.1857
351.3751,234.0646,37.4966,55.7329
350.0955,233.7714,38.5947,56.3194
349.5610,233.5241,39.6637,56.8139
349.0578,233.2389,40.6701,57.3843
346.9813,232.9365,41.7461,57.9890
346.5028,232.6570,42.7029,58.5480
344.4151,232.3884,43.6992,59.0853
343.0687,232.8381,44.7778,59.8001
342.6638,232.4601,45.5875,60.5559
341.4174,232.1012,46.4131,61.2738
340.1901,233.3913,47.1759,62.0773
339.9344,233.9064,47.6873,62.7636
339.6905,234.3088,48.1751,63.6941
339.5267,234.6577,48.5027,64.7538
339.4525,235.9418,48.6511,65.7434
340.3325,236.2877,48.6875,66.8482
341.2645,238.4735,48.6373,67.9181
342.2837,240.5857,48.4281,69.1813
346.1872,240.7391,48.0008,70.7195
347.3154,242.8195,47.6054,72.1417
349.4952,243.8945,46.9975,73.7435
352.8349,244.9090,45.9873,75.4939
356.2296,247.8940,44.8948,77.1197
358.7234,248.9173,43.7163,78.8823
363.2956,250.9950,42.2150,80.4591
367.9861,252.9310,40.4670,82.3119
371.8240,253.9432,38.5068,84.0980
376.7544,257.7963,36.2346,85.8774
383.4645,257.8512,34.1116,87.6506
385.6095,258.0375,31.6923,89.1485
393.9962,261.9075,29.7064,90.6506
399.2955,262.0513,26.4422,92.1967
405.2794,264.1148,23.4503,93.4552
411.8275,265.1597,20.8936,94.8786
417.2903,266.2957,18.6061,96.0617
422.9956,267.9188,17.3935,97.9147
426.5079,267.8106,17.1753,99.8326
431.6647,268.1684,18.9287,100.8409
432.8830,268.5202,21.8094,101.9097
436.7222,269.0591,25.1915,102.6755
439.4620,269.8689,29.3069,102.9748
440.2180,269.6988,33.7974,103.3150
442.0153,269.7238,38.5577,103.2650
442.8411,269.8483,43.4296,103.0159
442.9236,270.0816,47.7805,102.5494
443.0966,270.3628,52.0902,101.9869
443.3286,270.8579,56.4149,100.9968
442.4190,271.2773,60.6880,100.1578
441.5074,271.8084,65.0252,99.0958
439.3923,271.2191,69.2554,97.7036
437.3825,270.6815,73.2750,96.1591
435.4190,271.4467,77.2020,94.6289
433.6002,271.0245,80.8396,92.7706
430.4299,270.6074,84.4478,90.8725
427.2916,271.5789,87.9638,88.9295
424.2358,271.2656,91.2897,86.7704
417.0877,271.0202,94.3704,84.4573
414.2659,272.0697,97.1990,82.3583
407.3027,273.1228,99.8244,80.2520
403.1917,274.1474,102.3830,78.2029
394.9015,275.2262,104.7760,76.0453
391.0067,276.3953,106.8884,73.7070
385.7765,277.5812,108.8528,71.3354
376.3381,278.7022,110.7965,69.0933
372.5149,279.7578,112.8152,66.9821
365.7235,280.6501,115.1646,65.1976
360.0347,284.4339,118.1034,63.2558
349.9867,286.5295,121.2600,61.8878
345.9088,290.4190,123.7236,59.8009
336.3705,292.8910,125.7245,57.7030
332.4517,295.3420,127.8850,55.6396
327.1329,299.2161,130.0217,53.5586
321.7676,303.0176,132.2693,51.6108
317.7327,306.7987,134.6887,49.6990
313.6012,309.1139,137.3006,47.8944
310.6666,313.0027,140.3395,45.7770
306.2427,315.3309,143.5176,43.9555
303.4519,319.2678,146.2529,41.7745
299.5730,320.2130,148.3217,39.8840
298.1447,324.1585,151.1784,37.6694
295.8828,325.0367,152.8656,35.9130
293.2327,329.0000,155.3392,33.6398
292.0007,329.8195,157.8033,32.0007
292.4364,330.6144,159.7519,30.4111
291.5582,331.4298,161.5083,28.7801
289.5691,332.1673,162.6780,27.3053
290.6137,332.8343,163.3844,25.9713
290.2313,333.5905,164.1492,24.4588
290.1544,334.1619,164.3030,23.3161
290.0303,334.4880,164.5511,22.6638
290.2611,334.5775,164.0895,22.4848
290.6418,334.4233,163.3282,22.7933
292.6916,334.1014,161.9428,23.4370
294.9752,325.5731,160.0835,24.2455
296.0555,324.9320,157.9229,25.5277
297.1105,324.0053,155.8129,27.3812
298.5337,321.8213,152.9664,29.0473
300.1580,315.8150,149.7180,30.2792
301.4444,313.9361,147.1451,31.3630
303.2023,310.9343,143.6292,32.0482
304.7664,309.1566,140.5011,32.9801
305.2323,300.8551,136.9717,33.9982
306.7115,300.3582,134.0134,34.9919
307.0746,298.6976,130.7424,35.7685
306.4327,293.4288,126.9995,36.2527
306.8013,291.8128,123.7928,37.0151
307.3225,289.1685,120.3118,37.4269
306.5837,286.6257,116.9960,37.7187
305.9529,281.8181,113.5474,37.9135
307.2881,280.4242,110.8768,38.3915
304.3539,277.0328,107.6239,38.3334
305.7204,275.7946,104.8909,38.5770
303.9058,272.5935,101.9256,38.3846
304.0007,271.4203,99.5836,38.5788
303.1455,269.3894,97.0497,38.3964
302.1484,268.3397,94.8792,38.4133
302.1369,266.3885,92.8507,38.2129
300.0133,265.3514,91.0420,38.2683
299.9078,263.3952,89.2593,38.1937
299.6913,262.4502,87.7258,38.1172
299.3874,261.5463,86.3909,37.9822
298.1017,259.6449,85.1198,37.9427
297.6617,258.7197,84.0977,37.8910
297.1656,257.7998,83.2037,37.8445
297.4805,257.8189,82.5739,37.8062
296.8025,256.9098,82.0673,37.7618
296.9612,256.8803,81.7497,37.8207
297.1377,256.8818,81.3969,37.8177
297.2577,256.8961,81.1568,37.7892
297.3441,256.9161,80.9840,37.7492
297.3663,256.8843,80.9395,37.8127
297.3873,256.8597,80.8976,37.8619
297.4789,256.8918,80.7144,37.7978
297.4869,256.8752,80.6983,37.8309
297.4922,256.8694,80.6878,37.8425
297.4897,256.8681,80.6927,37.8451
297.4785,256.8685,80.7153,37.8444
297.4771,256.8533,80.7179,37.8748
297.4623,256.8380,80.7475,37.9054
297.4465,256.8290,80.7792,37.9232
297.4427,256.8136,80.7867,37.9542
297.5101,256.8725,80.6520,37.8363
297.4883,256.8711,80.6957,37.8392
297.4937,256.8647,80.6849,37.8519
297.4802,256.8543,80.7117,37.8727
297.4681,256.8509,80.7359,37.8795
297.4645,256.8393,80.7432,37.9027
297.4678,256.8312,80.7366,37.9190
297.4601,256.8268,80.7521,37.9276
297.4483,256.8128,80.7756,37.9558
297.4302,256.8256,80.8119,37.9301
297.3969,256.8163,80.8784,37.9487
297.4698,256.8600,80.7327,37.8613
297.4602,256.8578,80.7517,37.8659
297.4561,256.8424,80.7599,37.8965
297.4532,256.8377,80.7658,37.9059
297.4535,256.8401,80.7652,37.9011
297.4505,256.8284,80.7713,37.9245
297.4386,256.8253,80.7950,37.9308
297.4437,256.8228,80.7849,37.9358
297.4367,256.8189,80.7988,37.9436
297.4825,256.8685,80.7072,37.8444
297.4812,256.8604,80.7099,37.8607
297.4840,256.8514,80.7042,37.8785
297.4805,256.8442,80.7112,37.8930
297.4691,256.8355,80.7340,37.9103
297.4682,256.8388,80.7357,37.9037
297.4679,256.8287,80.7364,37.9239
297.4612,256.8295,80.7498,37.9223
297.4440,256.8225,80.7841,37.9362
297.4419,256.8273,80.7884,37.9267
297.4278,256.8183,80.8166,37.9447
297.5168,256.8669,80.6386,37.8476
297.5108,256.8654,80.6505,37.8505
297.5049,256.8598,80.6623,37.8618
297.4798,256.8502,80.7126,37.8810
297.4771,256.8501,80.7181,37.8811
297.4696,256.8418,80.7330,37.8977
297.4551,256.8372,80.7620,37.9070
297.4323,256.8253,80.8076,37.9306
297.4306,256.8210,80.8109,37.9393
297.5010,256.8660,80.6702,37.8494
297.5116,256.8620,80.6490,37.8573
297.5139,256.8517,80.6443,37.8780
297.4883,256.8599,80.6955,37.8616
297.4864,256.8584,80.6993,37.8646
297.4772,256.8479,80.7177,37.8855
297.4299,256.8521,80.8124,37.8772
297.3844,256.8451,80.9034,37.8912
296.6008,256.8098,80.6306,37.9618
296.6095,256.7559,80.6134,38.0695
295.6719,255.7309,80.6497,38.2809
293.0063,254.6152,80.4520,38.6691
292.1114,253.4160,80.3950,39.2208
290.3291,252.1593,80.2483,39.8786
287.5540,249.8872,80.2039,40.6930
285.7173,249.3743,80.1207,41.7189
282.9960,246.9970,79.8791,42.6839
280.1765,245.4461,79.7947,43.8780
276.4822,242.8290,79.4755,45.2582
274.5869,241.1324,79.3747,46.7058
271.7681,239.3361,79.1060,48.3295
267.9325,235.3975,78.8084,50.2301
267.1481,233.5025,78.3576,52.0006
261.2165,231.5282,77.9667,53.9067
260.4434,229.5954,77.4447,55.7042
257.5753,226.4884,76.9115,57.7386
254.7669,224.4128,76.1830,59.7748
254.1020,222.1811,75.3756,62.1011
251.4700,220.0145,74.1521,64.2717
249.8760,216.7140,72.9832,66.5158
247.1135,214.3885,71.9194,68.9705
246.6323,212.0778,70.6631,71.3732
245.1638,209.7693,69.1267,73.7535
243.7648,207.4990,67.4250,76.0442
243.5459,205.2420,65.6045,78.3000
243.3546,203.0325,63.7231,80.4550
243.1963,199.7262,61.7730,82.5342
243.1065,197.6150,59.6860,84.4898
244.1839,195.5498,57.5311,86.3582
245.2665,192.4072,55.3660,88.1342
246.4653,190.4815,52.9684,89.7406
247.7619,186.4287,50.3751,91.1603
248.0346,184.6233,47.6241,92.5653
250.4832,181.9112,44.9061,93.6312
252.8433,179.3225,42.3337,94.5132
254.0051,176.9172,40.0100,95.0928
255.2001,173.5439,37.6199,95.5905
257.5909,171.2458,34.8858,96.0917
258.7246,167.1083,32.6185,96.3446
262.0763,166.0992,29.8510,96.3949
264.1115,163.1809,27.6985,96.4778
267.2116,161.3587,25.2563,96.3642
269.0950,159.5603,23.3211,96.2978
269.9038,156.0936,21.7035,96.0552
275.3544,154.4331,19.6005,95.8570
276.0577,153.7276,18.1939,95.5518
276.7370,152.2296,16.8353,95.1786
278.2899,149.8088,15.3821,95.0625
280.5960,149.0762,14.0143,94.9053
281.0717,148.4190,13.0629,94.6272
286.2394,148.5936,12.1451,94.2781
286.6055,148.1735,11.4129,93.5722
286.9218,148.5856,10.7803,92.7479
287.1512,148.9458,10.3214,92.0275
287.3642,151.4826,9.8954,91.3873
287.5308,152.5876,9.5622,90.6375
288.4524,156.5303,9.1621,89.9674
288.5501,157.6545,8.9667,89.1445
288.6165,160.8358,8.8339,88.4228
288.6987,164.6821,8.6696,87.7177
288.7186,167.8508,8.6297,86.9181
288.6968,172.3853,8.6734,86.0847
288.5641,173.3202,8.9386,85.5770
288.3158,178.2192,9.4352,85.3035
284.0102,182.0042,9.8438,84.5690
283.5769,183.7394,10.7104,83.8295
283.0164,188.1592,11.8313,83.2278
279.6860,190.7314,12.9424,82.2458
277.6044,195.3081,14.3133,81.4694
276.0910,195.6526,15.9275,80.7803
270.9056,200.2138,17.6895,80.2668
270.0436,201.3242,19.4135,79.5077
265.3073,205.4702,21.4650,78.6367
263.6060,205.9724,23.3568,77.6325
261.0347,208.8024,25.4357,76.5681
258.3747,210.0946,27.6455,75.5387
254.0560,212.3544,29.9606,74.1802
252.2428,213.7918,31.9844,72.9081
250.4421,215.2682,33.9656,71.5753
248.6258,216.7920,35.9627,70.1633
245.9072,217.4860,38.1010,68.7752
244.8530,218.2533,40.2096,67.2408
242.9218,219.1028,42.3931,65.5416
241.9275,220.0037,44.3817,63.7398
240.1523,220.9674,46.2363,61.8125
239.2561,221.9514,48.0288,59.8446
238.3827,222.1682,49.7756,57.7147
238.4314,221.5426,51.3698,55.5826
240.2417,221.7965,52.8011,53.3908
240.3887,222.0371,54.1793,51.2374
243.0301,221.5714,55.5363,48.8490
244.1174,221.8714,56.6478,46.6059
248.4159,221.4308,57.7954,44.2388
249.4965,221.6602,58.8409,42.1768
254.6269,221.9846,59.6779,39.9426
256.5898,222.3170,60.4354,37.7165
260.8727,222.6824,61.0816,35.4505
263.5248,222.9912,61.8043,33.3261
268.4401,223.2720,62.3423,31.2834
271.1314,223.5360,62.7758,29.3013
275.9519,224.3972,63.1158,27.5788
280.0511,225.2256,63.3209,25.9222
284.7434,226.0338,63.5558,24.3057
288.7386,226.8119,63.6574,22.7495
293.2980,227.5398,63.7933,21.2938
297.7513,228.2418,63.9691,19.8897
300.8783,228.8881,64.0860,18.5972
305.2703,229.5122,64.0651,17.3490
305.8758,230.0851,64.0822,16.2031
310.1061,230.6301,64.0693,15.1131
313.0397,231.0905,64.1316,14.1923
315.3907,231.5170,64.1061,13.3393
317.1721,231.8966,63.9999,12.5802
318.3370,232.2201,63.9421,11.9332
320.0229,233.6771,63.9379,11.2642
320.5519,233.9042,63.9890,10.8099
320.5414,234.0941,64.0100,10.4302
320.5205,234.2321,64.0519,10.1542
320.5493,234.3376,63.9943,9.9431
320.5548,234.4359,63.9833,9.7465
320.5866,234.5231,63.9196,9.5722
320.5971,234.5524,63.8986,9.5136
320.5994,234.5716,63.8940,9.4753
320.6166,234.5944,63.8596,9.4296
320.6559,234.6066,63.7812,9.4052
320.5800,234.6292,63.9328,9.3601
320.6233,234.6396,63.8462,9.3392
320.5720,234.6521,63.9488,9.3142
320.5281,234.6623,64.0367,9.2937
320.5955,234.6613,63.9019,9.2958
320.5562,234.6703,63.9806,9.2777
320.5228,234.6713,64.0473,9.2757
320.5862,234.6627,63.9204,9.2930
320.5526,234.6595,63.9876,9.2993
320.6110,234.6579,63.8709,9.3027
320.5621,234.6674,63.9687,9.2835
320.5240,234.6769,64.0449,9.2645
320.5872,234.6665,63.9184,9.2853
320.5360,234.6654,64.0209,9.2876
320.5980,234.6585,63.8969,9.3014
320.5592,234.6645,63.9744,9.2894
320.5266,234.6815,64.0396,9.2554
320.5906,234.6731,63.9117,9.2721
320.5439,234.6831,64.0051,9.2522
320.5138,234.6853,64.0652,9.2478
320.5807,234.6761,63.9315,9.2661
320.5361,234.6782,64.0207,9.2619
320.4890,234.6779,64.1149,9.2626
320.5497,234.6748,63.9935,9.2688
320.5243,234.6760,64.0443,9.2664
320.5883,234.6698,63.9162,9.2788
320.5599,234.6829,63.9730,9.2525
320.5233,234.6827,64.0462,9.2530
320.5885,234.6812,63.9159,9.2561
320.5599,234.6884,63.9731,9.2415
320.5327,234.6920,64.0274,9.2343
320.5103,234.6951,64.0723,9.2282
320.4863,234.6907,64.1204,9.2370
320.5603,234.6791,63.9723,9.2602
320.5427,234.6892,64.0075,9.2400
320.5170,234.6946,64.0589,9.2291
320.4776,234.6881,64.1377,9.2422
320.5537,234.6728,63.9855,9.2727
320.5007,234.6757,64.0916,9.2671
320.5572,234.6696,63.9785,9.2791
320.5123,234.6792,64.0683,9.2601
320.5785,234.6775,63.9360,9.2633
320.5388,234.6840,64.0154,9.2503
320.5104,234.6847,64.0720,9.2491
320.5721,234.6722,63.9486,9.2739
320.5303,234.6861,64.0324,9.2461
320.4977,234.6827,64.0975,9.2530
320.5614,234.6712,63.9702,9.2759
320.5341,234.6796,64.0246,9.2591
320.4786,234.6790,64.1356,9.2604
320.5455,234.6743,64.0019,9.2699
320.5124,234.6812,64.0680,9.2560
320.5782,234.6763,63.9365,9.2658
320.5388,234.6770,64.0153,9.2644
320.4926,234.6779,64.1076,9.2626
320.5618,234.6733,63.9694,9.2718
320.5032,234.6824,64.0864,9.2535
320.5833,234.6746,63.9263,9.2692
320.5575,234.6797,63.9779,9.2590
320.5162,234.6814,64.0604,9.2556
320.5869,234.6698,63.9190,9.2788
320.5537,234.6770,63.9854,9.2645
320.5238,234.6767,64.0453,9.2650
320.5909,234.6696,63.9110,9.2791
320.5587,234.6807,63.9755,9.2570
320.5355,234.6836,64.0220,9.2511
320.5028,234.6803,64.0873,9.2579
320.5665,234.6712,63.9600,9.2760
320.5262,234.6768,64.0404,9.2648
320.5883,234.6682,63.9163,9.2821
320.5602,234.6724,63.9726,9.2736
320.4994,234.6752,64.0942,9.2680
320.5432,234.6634,64.0065,9.2916
320.6023,234.6580,63.8884,9.3023
320.5536,234.6631,63.9856,9.2922
320.6135,234.6600,63.8659,9.2985
320.5711,234.6681,63.9507,9.2822
320.5304,234.6734,64.0322,9.2716
320.5785,234.6615,63.9359,9.2953
320.5342,234.6704,64.0245,9.2776
320.5969,234.6654,63.8992,9.2877
320.5533,234.6702,63.9862,9.2780
320.5204,234.6736,64.0521,9.2712
320.5850,234.6655,63.9228,9.2874
320.5578,234.6748,63.9772,9.2688
320.5146,234.6838,64.0637,9.2508
320.5660,234.6703,63.9610,9.2777
320.5259,234.6724,64.0411,9.2736
320.5944,234.6652,63.9040,9.2879
320.5273,234.6623,64.0383,9.2937
320.5871,234.6606,63.9186,9.2972
320.5387,234.6759,64.0156,9.2665
320.5082,234.6871,64.0764,9.2441
320.5742,234.6785,63.9445,9.2614
320.5442,234.6838,64.0045,9.2508
320.5125,234.6906,64.0678,9.2372
320.5627,234.6800,63.9675,9.2584
320.5222,234.6813,64.0484,9.2558
320.5807,234.6696,63.9315,9.2791
320.5359,234.6801,64.0210,9.2581
320.5070,234.6901,64.0789,9.2382
320.5780,234.6841,63.9369,9.2501
320.5509,234.6834,63.9911,9.2515
320.5269,234.6896,64.0391,9.2391
320.4961,234.6877,64.1007,9.2431
320.5647,234.6793,63.9635,9.2597
320.5341,234.6872,64.0247,9.2440
320.5023,234.6924,64.0883,9.2335
320.5627,234.6828,63.9674,9.2527
320.5237,234.6894,64.0455,9.2395
320.4914,234.6866,64.1101,9.2452
320.5227,234.6752,64.0474,9.2680
320.5774,234.6525,63.9381,9.3135
321.0364,234.6175,64.0904,9.3834
321.5502,237.3613,64.1368,9.2653
321.5791,237.3141,64.0789,9.3596
322.6479,237.2118,64.0878,9.5642
324.1806,239.3404,64.2550,9.6169
324.7282,239.1681,64.2407,9.9616
326.8929,242.3010,64.2617,10.2212
328.9875,242.0634,64.4445,10.6965
330.0685,245.1667,64.4925,11.1201
332.2904,244.8584,64.5053,11.7368
333.5072,246.8358,64.3247,12.2880
336.3395,247.0141,64.3340,13.0661
336.9949,247.2436,64.1733,13.7572
340.4481,249.7430,64.2346,14.5648
342.3396,249.8401,63.9847,15.5482
344.2533,250.5461,63.7362,16.5222
346.8697,251.2451,63.3355,17.5402
350.1577,251.4061,62.8672,18.4397
350.4287,251.5425,62.3251,19.3987
354.9926,251.6560,61.8901,20.4136
355.9726,251.8222,61.1843,21.3354
357.0119,252.0017,60.3668,22.2375
360.5888,251.5722,59.5417,23.0965
361.1179,250.5275,58.4836,23.9166
361.6419,250.1707,57.4354,24.6300
363.4675,249.7867,56.3168,25.3981
364.1006,248.8550,55.0507,25.9979
364.7811,247.9557,53.6896,26.5408
365.5413,246.4843,52.1693,26.9931
365.6374,245.0562,50.7463,27.3877
365.7091,244.2783,49.3862,27.7269
365.2064,243.6127,47.9869,27.8558
363.6242,241.1803,46.4161,27.9853
362.5478,241.1081,45.0810,28.1298
359.2295,240.5796,43.7013,28.0416
358.8029,239.5237,42.3084,27.9072
355.6302,239.5764,40.9544,27.8018
353.0468,239.6823,39.6543,27.5901
351.1099,238.2251,38.2545,27.3403
348.1379,238.3232,36.9927,27.1441
345.1947,238.4673,35.8298,26.8559
341.8518,238.6520,34.6384,26.4866
338.9806,238.7976,33.6576,26.1954
336.1929,238.9888,32.6479,25.8130
332.9908,239.1931,31.6995,25.4044
329.8283,239.3698,30.8413,25.0509
326.7287,239.6063,30.0085,24.5779
323.6702,239.7710,29.2569,24.2485
321.1014,239.9332,28.5028,23.9241
318.5910,240.5452,27.7498,23.5250
316.0624,241.1797,27.1594,23.0627
313.1967,241.3958,26.5689,22.6305
311.5193,241.9599,26.0529,22.2765
309.1253,242.9456,25.5171,21.8261
308.2112,243.0793,25.1103,21.5587
307.6690,243.5173,24.7260,21.4171
306.0328,243.9928,24.3674,21.1924
306.1802,244.0861,24.0726,21.0058
305.9390,244.1311,23.8455,20.9158
