175.0,158.0,167.0,200.0
175.09559010842543,157.59641704430595,165.80881978314915,199.80716591138807
172.8845429452978,157.6250986615048,164.47940880357044,199.7498026769904
173.5704992162353,157.70896276078116,163.10749626169545,199.58207447843765
174.341941472714,157.67976221295115,161.564611748738,199.6404755740977
175.1619014173505,157.68156778844087,159.92469185946504,199.63686442311825
176.0539754262324,157.65755785222711,158.14054384170126,199.68488429554577
177.0872063762703,157.57576667485597,156.07408194162542,199.8484666502881
178.09835562424382,157.38949069798014,154.05178344567838,200.2210186040397
179.11838135742022,157.22204406132832,152.01173197932562,200.55591187734336
180.2604253623121,156.99495446595904,149.72764396954182,201.01009106808192
181.49763539628816,156.853940448211,147.25322390158968,201.29211910357802
185.55866274624665,156.62214845785724,144.603554758112,201.75570308428553
189.6471210199157,156.42740810261265,141.86251888277926,202.1451837947747
191.0786036617303,156.27976756357845,138.99955359914995,202.44046487284314
192.52362678273465,156.1135729658858,136.1095073571413,202.77285406822838
196.6720382442157,155.78326126417073,133.1235374269276,203.43347747165853
198.0700061734277,155.4988616651891,130.32760156850364,204.00227666962178
202.24958450801807,155.0425442554133,127.20142543849055,204.91491148917342
203.64475673807704,154.51084356273026,124.41108097837264,205.9783128745395
207.83728113374377,153.84940885459582,121.18922186791927,207.30118229080833
209.28962660559043,153.20764430631644,118.28453092422598,208.58471138736712
213.41807185820784,152.5598067470303,115.12584449218059,209.88038650593938
214.88094218612693,152.05896575791758,112.20010383634241,210.88206848416488
219.00680640054117,151.46833014150997,108.97660022693904,212.0633397169801
220.33673309066302,150.92319405216725,106.3167468466953,213.1536118956655
221.72603750425662,150.4013373625994,103.53813801950807,214.19732527480122
223.09198216323563,149.93582909430023,100.8062487015501,215.1283418113995
224.44834241382557,149.50132404461053,98.0935282003702,215.99735191077895
225.75883751468697,149.01461119355878,95.47253799864738,216.97077761288242
224.81114728011926,148.32138001374557,92.54145202451636,218.35723997250886
221.60683955671186,149.9802031286821,89.3605329293905,219.83436101360607
220.32290611903932,151.85313529357705,87.16880308608191,220.84809340246989
214.41979356963563,153.85413984622534,84.76979892890171,221.58116071583586
212.88141391240518,155.8889041121558,83.14394254496843,222.21424788236908
208.99778081628887,157.8815001944809,81.54630646802853,222.91150685230517
207.34484740342867,157.58929760900065,80.18856107050576,223.49591202326562
205.7370491789648,157.27437719680486,78.75675333279386,224.12575284765722
204.0973986830253,156.73739257339403,77.4056302252134,225.1997220944789
204.66598256984597,156.30279110416296,76.26846245157206,226.06892503294102
203.24295416589183,155.88834409362957,74.50172079658793,226.8978190540078
201.6874192573675,155.2341836476457,73.02053015928156,228.2061399459756
200.19279892761966,154.37574779511982,71.42612334698188,229.92301165102728
200.85982762434688,151.22097041786418,70.09206595352744,231.6539502092618
201.60957033121903,148.04088948605164,68.59258053978311,233.43565533027413
202.41275760340028,147.00885532646737,66.98620599542062,235.49972364944267
203.26517018199738,143.79900502742098,65.28138083822641,237.3443965049334
204.19804565750223,140.80722182312397,63.41562988721672,238.7588366222762
205.14860618137033,140.12027395554819,61.51450883948054,240.13273235742776
206.1812574222934,137.16637004537762,59.44920635763437,241.50316797970444
207.32060511199424,136.43097055029594,57.17051097823269,242.97396696986783
208.50121289933318,133.4064222383924,54.80929540355482,244.52849769765996
209.61642721037964,132.71358744682766,52.57886678146191,245.91416728078937
210.79027133894812,129.78716206569806,50.231178524324974,247.3196708743468
211.96982229715908,129.08740211751217,47.872076607903,248.7191907707186
213.21308370381615,128.4015754180771,45.3855537945889,250.0908441695887
214.40723326143902,130.0895659486751,42.99725467934314,251.07994467424822
228.31666214905067,97.31628499148371,41.16811104052893,251.65222124760828
229.27450964182333,127.1439701780186,39.25241605498358,252.24187095214364
230.04146877141667,126.86444784246171,37.71849779579691,252.80091562325742
230.67270335501362,126.58874838907448,36.45602862860301,253.3523145300319
231.16115042566193,124.2100479398055,35.47913448730639,253.87739347877536
231.4711952137841,123.9762040373272,34.85904491106201,254.345081283732
231.47881248277804,123.70317209038586,34.8438103730742,254.89114517761465
231.23285417479147,123.48970550278645,35.33572698904734,255.31807835281347
230.82987925789894,123.29170148272051,36.14167682283238,255.71408639294535
230.26564800788188,123.07999384982764,37.270139322866484,256.1375016587311
229.59998301140968,122.8553495071927,38.6014693158109,256.586790344001
228.82042431370536,122.69099409862991,40.16058671121951,256.91550116112654
227.9338410377719,122.41608351682126,41.93375326308646,257.46532232474385
226.99614003668168,124.34331764711138,43.80915526526692,258.0097825193302
226.01577517557604,124.09646782217217,45.76988498747819,258.5034821692086
224.94600520972543,123.8362567489931,47.90942491917942,259.02390431556677
223.81667532040277,123.61923629425598,50.16808469782474,259.457945225041
220.46112764748082,123.2110199157311,52.29010214835025,260.27437798209075
217.072082275116,120.31963812326504,54.42633700482317,261.41528567876617
213.60876370526495,119.76554910581379,56.65370179470366,262.52346371366866
212.37438843904792,119.27900837297432,59.122452327137694,263.4965451793476
208.77919250202473,116.30571995051503,61.49382240527442,264.62410022835655
207.4924488586287,113.47589647863666,64.0673096920665,265.40344715102816
203.72738109126126,110.57178897141466,66.6570560858487,266.2712730245195
202.45442164252802,110.29639074012559,69.2029749833152,266.8220694870976
198.55852449964334,107.40958073051218,71.93699029751073,267.5379105347506
197.20045823408645,107.17967043907657,74.65312282862448,267.9977311176218
195.78789516487853,106.98091284125437,77.47824896704032,268.3952463132662
194.37702648856316,106.8449498978323,80.29998631967109,268.6671722001104
192.93297789161608,106.67634741022835,83.18808351356525,269.00437717531827
191.4788693213419,106.53358304532568,86.09630065411355,269.2899059051236
189.97843886652925,106.39283200971943,89.09716156373887,269.5714079763361
188.48939420190794,106.3592921785324,92.07525089298151,269.63848763871016
189.66197371465165,106.38016981118159,95.2521218294088,269.5967323734118
188.18709490138357,106.42433593105676,98.20187945594495,269.50840013366144
186.75311226619465,106.48307078726609,101.0698447263228,269.3909304212428
185.2848944036236,106.46198072833604,104.00628045146487,269.43311053910287
183.85598016475757,106.48748271435116,106.86410892919696,269.38210656707264
182.45359413724205,106.54962723607306,109.668880984228,269.25781752362883
181.06541892475485,106.60584964089725,112.4452314092024,269.14537271398046
179.67471119879627,106.67604445400627,115.22664686111958,269.0049830877624
178.2692458608905,106.7445609179102,118.03757753693111,268.86795015995455
176.84925761627096,106.64610811875323,120.87755402617017,269.0648557582685
175.42462938172338,106.69482234316749,123.72681049526537,268.96742730944
173.97910530216436,106.65699516298957,126.61785865438337,269.0430816697958
172.5333240096952,106.46565826553501,129.50942123932168,269.42575546470493
171.0359516879118,106.3242347379423,132.5041658828885,269.70860251989035
169.5835356200747,103.05736187273192,135.4089980185627,270.0011022296923
171.3307376137911,102.99744582541632,138.21043152761976,270.1209343243235
173.1101248497228,102.78579042518274,140.99763326217234,270.5442451247907
171.65116526928557,99.33628264253866,143.9155524230468,271.04306352293725
173.4217766012251,99.14279560502402,146.83198864462372,271.43003759796653
175.20163572262254,95.64563788968536,149.78559900363146,271.9110244268412
173.7481787927851,95.46546796829358,152.6925128633064,272.27136426962477
175.66211234800295,91.98420595756545,155.49042337662618,272.6081106673255
174.235206251526,91.88492761805844,158.34423556958012,272.8066673463395
176.16298444743015,91.88353611500412,161.21837318662716,272.80945035244815
174.72963817953024,92.03462501669972,164.08506572242698,272.50727254905695
176.72032897867413,92.22075034004285,166.92594559379228,272.1350219023707
178.76109103145018,92.49366720991216,169.7089610640878,271.58918816263207
177.42851061665533,92.81934244949548,172.37412189367754,270.93783768346543
176.07429666550703,93.14791174995037,175.0825497959741,270.28069908255566
178.26987166901108,93.55719421241434,177.6648221654133,269.4621341576277
177.02271844566872,93.9090555016455,180.15912861209802,268.7584115791654
179.32031964523924,94.35513952595596,182.5989880391835,267.86624353054447
178.19321594522052,98.21974195008065,184.85319543922094,267.1991362325113
177.07511522479268,98.59084878145575,187.0893968800766,266.4569225697611
175.97478165705206,98.93520587116859,189.29006401555787,265.7682083903354
174.93305931464823,99.18254023538063,191.3735087003655,265.27353966191134
173.89039163102953,99.53057761003407,193.4588440676029,264.57746491260446
172.86753845499106,99.94771930088757,195.50455041967984,263.74318153089746
175.56011776428284,100.32100050579086,197.3316524198019,262.9966191210909
174.5098244132231,100.69838806190432,199.43223912192138,262.24184400886395
173.50304510368923,101.03087342717674,201.44579774098912,261.5768732783191
172.5649385813015,105.04296826892738,203.32201078576458,260.8289909071705
171.61808191025796,105.45118577796612,205.21572412785167,260.01255588909305
174.4125046108499,109.50715461247515,206.94059211015676,259.214331603564
173.5327286997626,113.76126648161846,208.7001439323314,258.03558207043676
176.20599548085016,118.06601708996905,210.69350653126378,256.76597701484303
175.2137491421277,122.33722813544938,212.67799920870866,255.57617744082415
174.22531928830819,126.54997743814306,214.65485891634773,254.51702001246417
173.23887819685245,127.07670269901675,216.62774109925923,253.4635694907168
172.25307903285324,127.52939489452471,218.5993394272576,252.55818509970086
171.23809071553146,127.80813625204536,220.6293160619012,252.00070238465958
170.35309792603462,128.08381030029938,222.39930164089486,251.44935428815157
169.48168805517304,128.20680875995532,224.14212138261803,251.20335736883968
168.5760385036944,128.33738154520114,225.95342048557526,250.94221179834804
163.81993033367607,128.46843073798476,227.95804735883718,250.6801134127808
159.09143445803966,124.79348000519383,229.87955394297103,250.4945297112236
154.42452607507704,124.95724866974496,231.65016620569293,250.16699238212135
146.05963947297408,125.17417989981759,233.20739776190882,249.7331299219761
137.8029540343618,125.44562377536033,234.51226987383734,249.1902421708906
129.57906268010657,125.72463409404553,235.7270814521977,248.6322215335202
121.45273738813941,125.91000541535041,236.7256746836968,248.26147889091044
113.27558411790022,122.16233576266353,237.80587559173875,248.11976538006599
108.81135435471197,118.17281746533851,239.0823937661595,248.44686062276025
104.29466292178974,114.12423982646236,240.43850466706456,248.86674393557317
99.67770562987292,109.87714202114364,241.96711056889188,249.65563086420434
95.06385233695212,109.45199173091348,243.4529634375021,250.50593144466467
94.23231206986677,109.00892634333184,245.1160439716728,251.39206221982795
89.54609261617644,108.62376067412012,246.66961374932916,252.16239355825138
84.86394577632544,108.2550776381516,248.17840432774,252.8997596301884
84.17172196247816,108.06089050685587,249.56285195543455,253.28813389277988
79.57751304435607,108.0252295815863,250.83241095584498,253.35945574331902
78.90038350098884,107.9868394304512,252.18667004257944,253.43623604558923
78.27055226330353,108.08144847941395,253.44633251795005,253.24701794766372
77.70905111430754,112.22909966135614,254.56933481594203,252.93113827142082
77.16287011742229,116.57574983401472,255.66169680971254,252.22996095099614
76.66947828818329,117.12028382786578,256.64848046819054,251.14089296329402
76.20354250002347,121.87297930305797,257.58035204451016,249.63206746682891
79.75151922747787,122.73475401047443,258.47175055887675,247.908518051996
79.30046562196677,127.62703738561682,259.37385776989896,246.098009945296
78.89470430720988,128.5579760513958,260.18538039941274,244.23613261373805
78.45156117533381,129.4756840251893,261.0716666631649,242.40071666615103
78.06735710873136,130.45463380747617,261.8400747963698,240.4428171015773
77.64914665348778,131.3717546337251,262.67649570685694,238.60857544907947
77.27065308311376,132.16571941940128,263.433482847605,237.0206458777271
76.94730730080519,136.82956049234548,264.0801744122221,235.57138652167492
76.70227293361953,137.63866638622952,264.57024314659344,233.95317473390685
76.42955503703459,138.38615807435372,265.1156789397633,232.45819135765845
80.12827846819786,143.1001874677698,265.54982058442175,230.8617210778113
79.89629556309708,143.84973898912392,266.0137863946233,229.3626180351031
79.75175209670905,148.53109317747652,266.30287332739937,227.7957730742397
83.42073795680204,149.32174475629802,266.740072901537,226.21446991659673
83.2936158273308,150.049763695916,266.9943171604795,224.7584320373608
87.02753829170544,154.62970255203174,267.26346582329074,223.33554791668985
90.83437048197027,155.33622297764305,267.36802360759685,221.92250706546722
94.59660474840592,159.79714980621537,267.54060422394673,220.69770255754372
94.55396383656509,160.44922509548317,267.6258860476284,219.39355197900812
98.3737173395377,164.71046904616094,267.64656771728465,218.53125275325405
102.21053269423328,168.9751802501593,267.6195070883305,217.64840042569443
106.03650463623089,172.9844912704212,267.59944116521024,217.26165634604558
113.92701821241903,176.8288532170124,267.06904093149075,217.1982459121915
121.81242348997179,180.6496827320201,266.53051027317724,217.1727268305722
126.04135715433182,184.36648318397778,265.6800958474279,217.34657882962742
137.92250899211203,187.98675905616443,264.70937048894706,217.70321985761404
