319.0,79.0,241.0,210.0
319.55362838654776,79.04603277130636,238.89274322690443,208.90793445738728
320.69767909284474,79.41690694179702,236.60464181431053,208.16618611640595
321.62211680261095,76.23677125706499,234.75576639477814,207.52577280880553
322.37542728768625,76.05848205432756,233.2491454246275,207.8823512142804
326.9876948397292,75.9814543983989,230.9686909921764,208.0364065261377
328.15771306648344,75.70994509201094,228.62865453866794,208.57942513891362
332.996274463276,75.28515934232558,225.83488826250894,209.42899663828433
334.13791779372957,71.61183784199409,223.55160160160176,209.92230763847522
338.93594481501657,70.95839364978687,220.7810647144388,211.22919602288965
339.9638292484404,70.46751300602287,218.72529584759118,212.21095731041765
341.54644700974615,70.0456597412614,215.56006032497967,213.0546638399406
342.9853928769145,69.69000335866423,212.68216859064296,213.76597660513494
344.3673299576505,69.56852589997763,209.9182944291709,214.00893152250814
348.95611583734797,69.18671604497985,207.41666427460027,214.7725512325037
350.1720161024323,68.85214417535701,204.98486374443166,215.44169497174937
351.2890998507844,68.45425611080566,202.75069624772746,216.23747110085208
355.81863681455155,68.18163503127059,200.28900654462507,216.78271325992222
356.95849297642746,67.69910209427532,198.0092942208733,217.74777913391276
358.3166565633658,67.49484817648025,195.29296704699655,218.1562869695029
362.50152243733146,63.698845326430856,193.4317578822227,219.23977008644422
363.6291392126994,63.12753295584649,191.17652433148677,220.38239482761296
364.95569422773235,62.79188580246324,188.52341430142093,221.05368913437945
366.09594759158557,62.23404182990488,186.24290757371446,222.16937707949617
367.41929327137393,62.024024273257055,183.59621621413774,222.58941219279183
371.89625582480517,61.4700603653248,181.03154225260297,223.69734000865634
373.0010353215407,61.074211115130936,178.8219832591319,224.48903850904406
374.6753380104742,61.00385784877068,175.47337788126498,224.62974504176458
376.1736841557956,60.821018041391014,172.47668559062208,224.9954246565239
377.50515400316215,60.67894373015798,169.813745895889,225.27957327898997
378.76766207388096,60.45380055239909,167.28872975445142,225.72985963450776
379.8379223134593,60.10812020876813,165.14820927529476,226.42122032176968
381.13147853142937,59.93526620057399,162.56109683935463,226.76692833815795
382.3201366499485,62.86160898317195,160.18378060231635,227.02451377677994
383.49307835796543,65.79992969489854,157.8378971862825,227.22288533357505
384.5334785825687,68.71599067239306,155.75709673707593,227.4300510637564
385.77261547952673,68.74314767398732,153.27882294315992,227.37573706056787
386.65661459232825,71.5408096363739,151.51082471755683,227.74651295453998
387.78280022482636,71.45366060948751,149.25845345256067,227.92081100831274
392.00500420946946,74.30781440222339,146.72149410876963,228.1199520483362
393.0614714688319,74.16926076828781,144.60855959004476,228.39705931620733
393.8475148102864,73.94335715411022,143.03647290713582,228.84886654456253
394.9790699605256,76.94247018291564,140.7733626066574,228.66799324818712
395.7789256481279,79.67779182990851,139.17365123145282,228.97401359897876
396.9040690642436,79.72629783626118,136.92336439922144,228.87700158627342
398.02632191402006,79.90001393734873,134.67885869966852,228.52956938409832
399.1339881238967,82.82538421774068,132.46352627991521,228.3507086623272
400.103224571472,82.85464644843753,130.5250533847645,228.2921842009335
401.2279615011978,83.08990453962043,128.27557952531296,227.8216680185677
402.2362748127857,85.82290105332271,126.25895290213717,227.90845621527927
406.4550240499381,86.1553771400956,123.34116526381038,227.2435040417335
407.3832697127302,86.55742258642704,121.48467393822617,226.43941314907062
408.5670271364352,89.13348093112774,119.1171590908163,226.70373330478913
409.4431154709026,88.71919868132615,117.3649824218813,227.5322978043923
413.1764477247127,88.56026194906022,115.26005259512516,227.85017126892416
414.2354674119116,91.12254953347673,113.1420132207274,228.05568229443946
417.8796202858836,91.0344690176343,111.15016589735636,228.23184332612433
421.5062044892347,90.91543273762746,109.16148500509277,228.469915886138
422.3200099985188,90.95796298586859,107.5338739865246,228.38485538965574
425.7724975541385,93.17163586490014,105.83266789951945,229.16127865582706
426.40893683131935,92.96207026353864,104.55978934515777,229.58040985855007
429.7091460748137,95.38988744176973,103.12851997880882,229.89392462272764
432.98058173085354,95.1103429376802,101.73423344958249,230.4530136309067
436.31874258055865,97.19011721130131,100.19008470262195,231.42563803611418
439.57490754452465,99.04227229311311,98.7967927270209,232.84036582482156
442.8788570956714,98.79740427938698,97.30376322411075,233.33010185227383
446.38621383208846,98.47479581942261,95.38452876590739,233.97531877220257
449.82852357647755,98.0173208452044,93.57058119109132,234.890268720639
453.4139424380074,100.07657175758794,91.45124747214247,235.82327089998256
457.0098783987918,99.72887325739964,89.28637291315138,236.51866790035916
460.52435675268885,99.38434079360573,87.25551460865049,237.20773282794698
463.9142843378154,99.1413948940819,85.44702594720967,237.69362462699465
467.42600412837976,98.7613590600475,83.36919851315024,238.45369629506345
471.1016216232524,98.54054136261043,80.93672636103526,238.8953316899376
472.2664043873209,98.36613855694604,78.60716083289836,239.24413730126636
473.3523508213206,98.15528948416448,76.43526796489896,239.66583544682948
477.27909777236766,100.25622707855584,73.39095713375418,240.27314332899613
478.6408014789104,100.02955402253524,70.66754972066872,240.72648944103733
480.0752897110222,99.67956995759039,67.79857325644515,241.42645757092703
484.12017020489685,99.69191064813049,64.3826481189943,241.40177618984683
485.4171659964933,99.75263033094028,61.78865653580144,241.28033682422725
486.76372941582963,99.78976145526545,59.09552969712874,241.2060745755769
487.88167702751343,99.81852952370107,56.85963447376119,241.14853843870566
488.93858212529665,99.85671019280902,54.745824278194696,241.07217710048977
481.57428418830176,95.39938385819212,51.78844405839374,241.1438417228282
482.3835663545448,96.04619625010517,50.16987972590763,239.8502169390021
474.73654744656665,96.19688555783642,48.199362878679324,239.5488383235396
474.9871035779152,96.76111431217223,47.69825061598218,238.420380814868
474.6522404567962,97.50930612654153,48.36797685822007,236.92399718612938
468.3056218011198,97.77781619859763,48.340074560051946,236.38697704201718
467.31281380581703,98.29099137420499,50.325690550657455,235.36062669080246
464.1469774966159,98.67534947335642,52.40081299941062,234.5919104924996
462.6981729498525,99.08027071487179,55.29842209293731,233.78206800946887
459.0191716029341,99.39940339102662,58.32633387040511,233.1438026571592
455.05498671276666,100.01527292120139,61.87588558525668,231.91206359680967
453.2527084908672,100.6832254444816,65.48044202905562,230.57615855024926
451.41314307063436,101.32973635648253,69.15957286952134,229.2831367262474
447.17117086537127,102.0979675877019,73.11590586000598,227.74667426380864
445.25404958338345,102.64139981937396,76.95014842398163,226.65980980046453
443.33589652747935,100.90877115441407,80.78645453578983,225.49140425060193
441.4657995631768,101.69337020701694,84.52664846439492,223.9222061453962
437.06699210686696,100.2932154458177,88.59243415006186,221.99068644084193
435.23315171987826,101.23573556799072,92.2601149240393,220.10564619649588
433.44691345965515,102.15369377997882,95.83259144448547,218.26972977251967
431.62774082199627,102.9936894241789,99.47093671980328,216.58973848411952
427.33246538424174,103.8438624385815,103.17033187324398,214.88939245531432
425.4700853018308,104.5176474977374,106.89509203806583,213.54182233700251
423.5326250624569,105.24823509397412,110.77001251681372,212.08064714452908
421.7160772895301,103.653381155596,114.40310806266727,210.24906394526872
417.26381874413823,104.46266849699265,118.25100063301926,208.6304892624754
415.133123120196,105.36767851936328,122.51239188090378,206.82046921773414
413.06688647087515,106.20854321772289,126.6448651795455,205.13873982101492
408.532541221838,107.00441775502361,130.5253013109201,203.54699074641348
406.61923970221716,107.86103538097638,134.35190435016185,201.83375549450795
404.76233052380417,108.57779135133353,138.06572270698774,200.40024355379364
402.8841408566366,109.18604806602754,141.82210204132295,199.18373012440563
398.3817933946873,109.95411569097966,145.4756541329151,197.64759487450138
396.6140815430905,110.76177912849698,149.01107783610874,196.03226799946674
394.7813022292315,111.539283864043,152.67663646382664,194.4772585283747
393.05574347231754,112.29655781785488,156.1277539776546,192.96271062075095
391.4054269635649,110.20917101207549,159.4283869951599,191.64765293981858
389.9800660674023,110.90987510756308,162.27910878748514,190.2462447488434
388.446747972577,108.71169553699806,165.34574497713575,189.09539282928836
387.1743357542176,106.69547736043668,167.89056941385445,187.54921247160945
385.8933750827773,107.36329545541003,170.45249075673505,186.21357628166277
384.4695289073165,105.21179665566876,173.3001831076567,184.9011566205511
383.0372176868634,103.09491832007201,176.16480554856287,183.4946869620526
378.7603467987272,100.85630324986374,179.0549123783853,182.30828215601923
377.40811453616124,98.58400307384176,181.75937690351722,181.16218119726346
376.0749127140268,99.32682816365944,184.42578054778608,179.6765310176281
374.73062277748534,97.19544757711586,187.1143604208691,178.20551946636215
373.32424687813085,97.81540447302325,189.927112219578,176.96560567454736
368.9743455779572,95.6961570273096,192.84997819368292,175.42716393973217
367.6034776280377,96.35371048675316,195.59171409352192,174.11205702084504
363.291737391579,97.04977894716079,198.3955450681859,172.71992010002978
361.85022525365855,97.87843715188872,201.27856934402675,171.06260369057392
357.4616999162894,95.89538747682502,204.19680838556786,169.1698914075041
355.94429384152716,96.59881892185068,207.23162053509242,167.7630285174528
351.46889107448976,97.41618248894116,210.2851815803404,166.12830138327183
349.8337787617334,98.25758375237801,213.55540620585316,164.44549885639813
345.52375420030006,98.91593820092942,216.23525821798307,163.12878995929532
344.00987631992723,99.6659300782741,219.2630139787288,161.62880620460595
339.7394507813158,100.6894155968654,221.82276034675718,159.58183516742335
338.2469317428964,101.54648274967877,224.80779842359598,157.8677008617966
336.7499338687062,102.33620320703149,227.80179417197638,156.28825994709118
332.1792602862373,103.1820009088851,230.92074687028986,154.59666454338395
330.59593212510276,101.20030996168649,234.0874031925589,152.5187244294586
328.8770197002855,102.06291358236365,237.52522804219345,150.79351718810426
324.28447088637404,102.93647350493288,240.63332272620872,149.0463973429658
319.60089799809964,104.1287939614048,243.9063009186064,146.66175643002197
315.1752049132984,105.39495070022404,246.65485688897616,144.12944295238347
313.8849054311208,106.52852083212326,249.23545585333136,141.86230268858503
312.4717122072171,107.54394935704511,252.06184230113877,139.83144563874134
307.85512236025596,108.51415475741933,255.1870706069941,137.8910348379929
303.4466120400176,109.7377855326549,257.883173419079,135.44377328752176
299.1487957129392,110.98767541473003,260.3601691958649,132.9439935233715
294.9265661615834,112.28051456315895,262.6926583368069,130.35831522651367
293.7403776517898,113.4748007874192,265.0650353563943,127.96974277799316
289.4082431127132,114.71099018865112,267.63464214458963,125.4973639755293
285.11488177418073,115.91060062371221,270.13231105269523,123.09814310540715
281.18868517490716,117.06354301511321,271.90128578220475,120.79225832260514
280.012615989309,118.08789153858609,274.25342415340117,118.74356127565936
278.8754032579107,119.19865459481242,276.5278496161977,116.52203516320671
274.95402541226724,120.35930574007395,278.310420933371,114.20073287268364
270.90329015308,118.60322506653097,280.367190369948,111.66819313797203
270.2776081599469,119.81314384329768,281.6185543562141,109.2483555844386
269.6247968692321,120.82721152456108,282.9241769376437,107.22022022191182
268.7836350401927,121.87747873050282,284.60650059572254,105.11968581002833
268.0068359192253,120.31816011138976,286.16009883765736,102.26583936065046
267.08007820718007,121.30117483355761,288.01361426174776,100.29980991631474
266.37188551093516,122.40376488176223,289.42999965423763,98.09462981990552
265.8077575713419,123.43982408676301,290.5582555334241,96.02251140990396
265.17617050478964,124.63369938369905,291.8214296665287,93.63476081603189
264.46721726597923,125.86760994528765,293.23933614414943,91.16693969285467
264.10930746783197,127.13810417547441,293.955155740444,88.62595123248116
263.5418171935973,128.3915950692173,295.0901362889133,86.11896944499541
263.18631566081035,129.6405570989824,295.8011393544872,83.62104538546517
262.991735753581,130.8439617232018,296.1902991689459,81.21423613702639
262.72810122307584,132.00205781535374,296.7175682299562,78.89804395272247
262.4897677095886,133.19622509890917,297.1942352569307,76.50970938561163
262.4352454847872,134.58920077646195,297.30327970653354,73.72375803050606
262.25348365602713,135.89277280361733,297.66680336405364,71.11661397619532
261.83219271795343,136.99824142158218,298.509385240201,68.90567674026563
261.3966030249618,138.07465042400744,299.38056462618437,66.75285873541509
261.05009877907656,139.2249560512438,300.07357311795477,64.45224748094236
260.8202284324418,140.2075555353784,300.5333138112242,62.487048512673184
260.6231478551422,141.14624250653083,300.92747496582354,60.60967457036831
260.40681703640166,142.26475320288094,301.3601366033045,58.37265317766809
260.21708853969324,143.45400327052292,301.73959359672136,55.99415304238414
260.02707296985466,144.6004438919122,302.1196247363985,53.7012717996056
257.4227787250579,145.7932858610729,302.0772283957836,51.315587861284214
257.16442662793685,146.76050460219062,302.5939325900257,49.381150379048734
257.0412605917987,147.57934322852347,302.84026466230205,47.74347312638302
259.5756707181006,148.13932754342454,302.9140957833162,46.6235044965809
259.76090946301895,169.17267105732944,302.5436182934795,45.52694990598165
257.20734890858364,169.7137030615935,302.55658033864825,44.444885897453545
257.1007606786866,170.14473927957488,302.76975679844236,43.58281346149079
259.5207517374852,170.6430957156657,302.9879491199928,42.58610058930915
256.8350291178722,171.11355283681962,303.3183232104722,41.6451863470013
256.6957985250454,171.56880445588075,303.5967843961258,40.73468310887903
253.9992108304328,171.9248030314706,303.97797616872845,40.022685957699366
253.94332300227802,172.1115100469152,304.089751825038,39.649271926810115
253.6869572639588,172.266881753529,304.60248330167644,39.33852851358255
251.18879260508788,172.18153009389223,304.6013446467073,39.50923183285606
250.99592914122485,171.86828048227054,304.98707157443334,40.13573105609947
250.98166638496707,171.6014865433056,305.0155970869489,40.66931893402929
250.85859407783482,171.23874452160447,305.2617417012134,41.39480297743159
250.92116291711616,170.89861108949253,305.1366040226507,42.07506984165546
250.94829647789123,170.356778704643,305.0823369011006,43.15873461135455
251.0635229427666,170.1508761234627,304.8518839713498,43.57053977371515
251.14486720389868,169.88383543969022,304.6891954490857,44.10462114126011
251.08463930375618,169.65782494247716,304.8096512493707,44.556642135686225
250.9786934336184,169.38525133997229,305.02154298964626,45.10178934069599
250.74887108902286,169.17550244455222,305.48118767883733,45.5212871315361
253.05437361206154,168.86214489959985,306.00481254071,46.14800222144085
252.984304296674,168.37814325985264,306.1449511714851,47.11600550093527
252.86183172486278,167.8432436100942,306.38989631510753,48.18580480045217
255.44119881997602,167.32847083570718,306.43174750670937,49.2153503492262
255.02939625800616,172.29282045722718,307.2553526306491,49.73009159707834
257.8119346690165,171.890623632469,306.9336559678903,50.534485246594734
257.73514455690787,171.2451343357237,307.08723619210764,51.82546384008532
257.8886359854033,170.74340155719386,306.7802533351167,52.82892939714495
260.26324513983025,175.57151641837828,307.3293980420803,53.769425706410836
260.27217643020674,175.08371227383356,307.31153546132725,54.745033995500336
260.22567275324354,174.55330591282402,307.4045428152537,55.80584671751938
262.66880260666517,173.96382011422187,307.88409551059635,56.984818314723675
262.54589309242317,173.44816048445878,308.12991453908035,58.01613757424985
262.3548075560145,172.94899982404252,308.5120856118976,59.01445889508236
262.0784530558033,172.44265992406375,309.06479461232004,60.02713869503991
261.8161050939276,172.01181862474147,309.5894905360715,60.88882129368446
261.58094884035916,171.56524292504474,310.05980304320843,61.78197269307794
261.2757341739824,171.2218444641853,310.6702323759619,62.46876961479684
261.02102128733304,170.9045082224736,311.17965814926066,63.10344209822021
260.6861523545422,170.5108562165627,311.8493960148424,63.890746110042
260.34917216935764,170.12266722459066,312.52335638521146,64.66712409398609
259.9909785182659,169.6710648636348,313.23974368739493,65.57032881589784
259.6651311302346,169.2572263446562,313.8914384634575,66.39800585385504
259.35716851765596,168.9110185524406,314.5073636886147,67.09042143828623
261.8438660026036,168.42922160379084,315.21883542025756,68.05401533558572
261.403523825814,170.8434489091456,316.09951977383673,68.9389818425528
260.98245371986434,170.38743398440715,316.94165998573595,69.85101169202966
260.5635905936499,169.9381781756244,317.77938623816493,70.7495233095952
260.0077260116045,172.52187052145848,318.89111540225565,71.383290535533
259.59050705617597,172.1122520269628,319.72555331311275,72.20252752452434
258.9944739344809,174.72385423540754,320.9176195565029,72.83561581669369
258.8526422185561,174.39216052474464,321.20128298835243,73.4990032380195
258.5614316193316,173.94890454514436,321.7837041868015,74.38551519722006
258.02132625211084,176.61099400919235,322.86391492124295,74.98830169766758
257.69732371365683,176.24911970940428,323.51191999815103,75.71205029724374
257.15087530605246,182.13172826857888,324.6048168133598,75.89993493864439
256.74840786772745,181.76354412039302,325.40975169000984,76.63630323501613
256.52253597214246,181.47153223910118,325.8614954811797,77.22032699759981
255.78493536067535,184.1445867435603,327.336696704114,77.91250178563062
255.52637325496684,183.93082697343806,327.853820915531,78.34002132587511
254.9976267002334,183.45640587233558,328.91131402499786,79.28886352808007
253.9737972125904,189.37058578449992,330.9589730002839,79.70147778040007
253.47895031621675,189.238847347117,331.9486667930312,79.96495465516593
253.23866070766442,189.081235301036,332.42924601013584,80.28017874732792
256.2911982025171,188.93699629419632,332.5128524915006,80.56865676100728
256.1946820630701,188.77084404178805,332.7058847703945,80.9009612658238
255.60449041357913,195.0514901979559,333.88626806937646,80.74844599325058
255.52139203796963,194.93604940823263,334.05246482059545,80.97932757269709
255.3630529001981,194.802497248161,334.3691430961385,81.2464318928404
255.40369353160006,194.79421524303592,334.2878618333346,81.26299590309056
255.30321332392737,194.78223318283403,334.48882224868,81.28696002349432
254.92832739938956,197.85448496439068,335.2385940977556,81.37918803423253
254.64186749515312,197.7560187472059,335.81151390622847,81.57612046860208
254.52839500823194,197.84783449359577,336.03845888007083,81.39248897582235
251.2071822873633,201.09984617113724,336.42042372278183,81.14892621976568
251.00788541677,201.2101498856727,336.81901746396846,80.9283187906947
251.03746255375103,201.33726839383397,336.7598631900064,80.67408177437223
247.45399767195696,207.8025314952514,337.6699251109258,80.25729125687485
