127.0,230.0,372.0,52.0
127.02904357564518,229.7956116991822,370.94191284870965,51.40877660163564
127.34512231356916,230.0664371509392,370.3097553728617,50.86712569812156
124.44619873305732,230.31654624175547,369.97033246629644,50.366907516489064
124.55093412886612,230.39868602392184,369.76086167467884,50.202627952156334
121.3743223072668,230.4916380330685,369.99784574665813,50.01672393386298
118.1565178696128,230.4538556228883,370.3177159848609,50.09228875422336
108.72554820524499,230.3968891921504,370.8146117113067,50.20622161569917
172.88858197051414,208.99492351440423,371.2362366580293,50.094255478771245
111.15521118405701,209.24115650621127,372.015264540402,49.60178949515716
101.60725710518074,209.53131883515798,372.70577279262295,49.02146483726374
101.35000627163879,209.61934819596436,373.22027445970684,48.84540611565098
101.06519775629624,209.67342298329243,373.78989149039194,48.737256540994856
100.9090568397367,209.67035872884017,374.102173323511,48.74338504989938
100.90517157960994,209.6037229230328,374.10994384376454,48.87665666151414
101.03240084310167,209.5034096888525,373.8554853167811,49.077283129874665
101.18207318145397,209.52777789892232,373.5561406400765,49.02854670973504
104.3320912016637,209.5961448589304,373.4008298582174,48.89181278971891
104.61581890418796,209.68230764637022,372.83337445316886,48.71948721483927
107.9464121022335,209.78246623298594,372.30066885932143,48.51917004160785
108.28654701525937,209.99764803764535,371.6203990332697,48.088806432289005
111.82630721080915,210.05282425594743,370.6398138099163,47.97845399568485
112.19957167316176,209.7414013161851,369.8932848852111,48.601299875209534
115.86026435681413,233.53345090493264,368.657460999352,49.70169254927987
118.9974992715994,233.19158260092107,368.4738604243323,50.38542915730303
119.13008419375626,233.1156087448017,368.2086905800186,50.53737686954172
119.22886748052329,233.1054854139104,368.0111240064845,50.55762353132435
122.32953345337253,233.03853790954207,367.9090925916815,50.69151854006098
125.44512827786525,233.21476411064685,367.77850668868814,50.33906613785145
125.67982772558076,233.0185639437217,367.3091077932571,50.73146647170179
125.9373611961052,232.8086632971018,366.79404085220824,51.151267764941565
126.20634841679285,232.732337784593,366.25606641083294,51.303918789959134
126.63116121589113,232.6730612933327,365.4064408126364,51.42247177247973
126.94653307609866,232.71395091278933,364.7756970922213,51.34069253356648
127.26546926860732,232.60483328533036,364.137824707204,51.55892778848444
127.41752522629551,232.33205173189023,363.8337127918276,52.10449089536466
127.66052222121152,232.1126014809825,363.3477188019956,52.54339139718016
127.8328586694829,232.03915995024317,363.00304590545284,52.69027445865876
130.95297192864695,232.05649575580912,362.83607856527385,52.655602847526914
131.13311885209703,232.11216411901674,362.4757847183737,52.544266121111654
131.30487910476344,232.12267984751017,362.13226421304086,52.523234664124786
131.5896231126407,232.14533323126406,361.5627761972863,52.47792789661701
131.82742773601967,232.20237394857156,361.0871669505284,52.36384646200203
129.1277056587262,208.13692717150093,360.4463793945978,52.17288633200272
132.3871553342119,208.33408538420315,359.95501768956115,51.77856990659828
132.6966514711536,208.34661600430624,359.3360254156778,51.753508666392065
135.86859616121757,208.59556977167713,358.99589318022856,51.25560113165028
133.09368437442737,209.13260322802194,358.55669530701493,50.1815342189607
133.2294561499905,209.6552948284208,358.28515175588865,49.136151018162934
133.4464721875686,210.07544376645154,357.8511196807325,48.29585314210145
130.74036686906257,210.4151901632394,357.34996550713146,47.616360348525774
131.12639881920984,210.7203614659894,356.5779016068369,47.00601774302574
128.47922995142326,211.00746751640224,356.0026099371294,46.43180564220005
128.63892643111677,211.25424120534848,355.6832169777424,45.9382582643076
129.00754050333992,211.20578390669186,354.9459888332961,46.03517286162081
129.50020782707773,211.39429638441612,353.9606541858205,45.658147906172324
126.78698363409188,211.3690457577934,353.58095524317343,45.70864915941773
126.9693729914375,211.22668943644223,353.2161765284822,45.993361802120106
127.1620408587678,210.8237672858117,352.8308407938216,46.79920610338118
124.5199667909547,210.42433439744423,352.301206130065,47.59807188011607
124.72343692950824,210.40722424962783,351.8942658529579,47.632292175748866
124.90794322486377,210.37325410675976,351.52525326224685,47.700232461485
124.98071832142742,210.20107069623018,351.37970306911956,48.0445992825442
127.77406755016881,189.73503759247694,351.612040272404,48.243415864679875
127.81730808962291,190.09363363472494,351.5255591934958,47.526223780183884
125.04484005736094,190.60901416984316,351.2599533470052,46.49546270994745
125.25667278058768,191.014822208909,350.8362879005517,45.683846631815776
125.72190107747417,191.33240781695477,349.90583130677874,45.04867541572421
126.21168197893996,191.61306910271713,348.92626950384715,44.48735284419951
126.518919140484,191.64936866819338,348.3117951807591,44.414753713247045
126.8274660277751,191.57842257276573,347.6947014061769,44.556645904102325
124.26459280189172,191.51639302685993,347.1230557926826,44.680704995913885
124.66987546716737,191.52562896294083,346.3124904621313,44.66223312375214
125.02750129906056,191.32175425766863,345.5972387983449,45.069982534296514
122.57648458436091,191.11244932000793,344.82032769269676,45.48859240961794
122.92626211536486,190.96045684528735,344.12077263068886,45.79257735905904
120.634351237152,190.85660231464507,343.0313129286929,46.00028642034365
118.44577754831036,190.75292403819807,341.7459812930961,46.207642973237625
119.04449383136387,190.6193587198854,340.5485487269891,46.47477360986296
119.84836219989506,190.5508488116169,338.9408119899267,46.61179342639996
117.86336387748824,190.4596467257298,337.29234117632717,46.79419759817414
118.6283789347292,190.4723613497279,335.76231106184525,46.76876835017799
119.35425998787807,190.44654429718128,334.3105489555475,46.82040245527122
117.27116831106201,190.38840576058274,332.91791908164294,46.93667952846827
118.15806898997198,190.42112799731788,331.144117723823,46.87123505499803
116.3306599417287,190.5879749315128,329.282788167905,46.53754118660815
117.2742760835387,190.67114340384995,327.395555884285,46.371204241933846
118.18609546729621,190.7171403275941,325.57191711676995,46.27921039444557
118.94095848833857,190.51140277487232,324.06219107468524,46.69068549988915
120.06641467557628,211.71591811001466,321.8112787002098,47.59971579437399
120.98715160484306,211.5383329052864,319.96980484167625,47.95488620383048
121.76205663030095,211.569556607078,318.4199947907605,47.892438800247305
125.1197643494512,211.5838142353143,317.0655874482884,47.86392354377473
125.75234330353669,211.6956273162113,315.8004295401174,47.640297381980695
126.51709527104617,211.67170011280155,314.27092560509845,47.688151788800226
127.25231664633276,211.48931748488,312.8004828545253,48.05291704464332
128.11578371420495,211.3785128413469,311.0735487187809,48.274526331709524
128.9583525900813,211.49054721914064,309.3884109670282,48.050457576122014
132.2526525157562,211.52903784046845,308.0391545281283,47.97347633346638
135.38319751648183,211.38634508374795,306.9972114965498,48.25886184690738
135.79008681013525,213.94244738938173,306.183432909243,48.357102213960616
136.45454881693703,213.74209040355558,304.8545088956394,48.75781618561291
137.32815008516297,213.79514405456956,303.10730635918753,48.65170888358497
138.2451365540909,213.74157674690952,301.2733334213317,48.75884349890502
139.1979939124833,213.5779864013127,299.3676187045469,49.08602419009867
142.69423817974115,213.41469687823277,297.4965033784397,49.41260323625854
143.65109421177357,213.12348914791505,295.58279131437484,49.995018696893936
144.62621871046179,215.5723323039998,293.6325423169984,50.18435326647774
145.8083783385669,215.43064678355088,291.26822306078816,50.46772430737555
146.40221146744665,223.21921458812517,290.0805568030287,50.000372650974725
147.54767581880577,222.90427248274818,287.78962810031044,50.630256861728725
146.01937549326107,222.50538399877917,285.8546523218222,51.42803382966676
146.92973062090738,222.188933345105,284.03394206652956,52.06093513701507
147.18614964022083,234.7308210936871,283.52110402790265,51.81551704057701
148.4139045505067,234.63633454009354,281.06559420733095,52.00449014776411
147.10917709633517,234.33151431213068,278.749704448895,52.614130603689844
148.19344000417516,236.92555325250981,276.581178633215,52.33119588829095
148.83834292381118,247.1089368523737,275.29137279394297,51.44227614920285
149.97853853660868,247.04201465349738,273.010981568348,51.57612054695544
150.90260398979794,246.9759630491348,271.16285066196946,51.708223755680564
151.67256864334215,246.94544528766392,269.62292135488104,51.769259278622386
149.88056314408237,246.7578406811549,268.4451932380247,52.14446849164038
150.21109913048699,246.47727175072902,267.78412126521545,52.70560635249217
148.1602942057819,245.9879240834458,267.13126051672464,53.68430168705863
148.36592359029768,245.41837032116064,266.72000174769306,54.8234092116289
148.56701618808756,244.82622385082206,266.3178165521133,56.0077021523061
146.06623399960077,239.42870535148188,266.52110913319444,57.20619555920142
146.26583952034665,238.78566287968323,266.1218980917027,58.49228050279874
146.0533087780707,230.81981251197442,266.5469595762546,59.893303607161776
146.20869508641283,230.14382719730173,266.2361869595703,61.24527423650714
145.98907406423353,224.59184378272886,266.6754290039289,62.55306474671698
145.88039057296007,223.84770264192684,266.89279598647585,64.041347028321
145.37825005297952,220.76948588282607,267.89707702643693,65.23701990765406
144.97531244535932,220.08291074433453,268.70295224167734,66.61017018463721
144.313533092804,216.9002897932255,270.026510946788,67.9403618485311
143.88612241089155,216.26499015052352,270.8813323106129,69.21096113393509
143.2990409403721,215.6378744759403,272.0554952516518,70.4651924831015
145.250396171256,215.10139640690795,273.3079687225679,71.5381486211662
147.09819645762045,214.6659085281397,274.80542521377726,72.4091243787027
148.64635445993505,214.34994535662105,276.939657976904,73.04105072173999
150.0099621078462,214.12828384102926,279.4849258639871,73.48437375292357
151.23052357837284,213.9925461014617,282.36044353475444,73.7558492320587
149.62508692526325,213.81245401742,285.5713168409736,74.1160334001421
150.54749373289673,213.4611524390597,289.14063558825444,74.81863655686271
148.68424910119478,212.94660262981608,292.86712485165833,75.84773617534995
146.70523518821892,212.4573880516587,296.82515267761005,76.8261653316647
146.85251668829966,203.45162420233052,302.1541016691251,77.96715705529135
144.86292046186858,202.48283996650727,306.13329412198726,79.90472552693787
145.1257876742287,192.8794403362455,311.42006641755944,81.67400462658408
142.72323634786363,185.75899084780073,316.22516907028955,84.07443069176787
143.27025672055169,178.27609774082347,321.1642129256012,86.97404770434696
140.6886856672604,170.85806236550548,326.3273550321838,89.49577884406499
141.16126139564744,163.5487410497459,331.6594601893685,91.55990824766653
138.92193096486272,159.24464465494572,336.1381210509379,93.77698629882937
136.50838876368994,151.6035454753127,340.9652054532835,96.06759241449517
134.48977433078355,150.67899216036733,345.00243431909627,97.91669904438592
132.2220903440296,146.48344312342562,349.53780229260417,99.60952194211244
133.6420047780023,145.87962359316404,353.49188087057297,100.8171610026356
131.6673754838101,145.41133766483483,357.44113945895737,101.753732859294
133.2933852621494,145.12898779181754,361.1346252270192,102.3184326053286
135.08030325599844,145.049045901449,364.56896903311645,102.47831638606566
133.34074259401984,145.11300643550325,368.04809035707365,102.3503953179572
131.528950511098,145.35252918148274,371.67167452291733,101.87134982599822
133.23385895301882,145.60870488363008,375.410231429054,101.35899842170352
131.31756309381598,145.8647004996691,379.2428231474597,100.84700718962547
129.39727233549317,146.0987688743182,383.08340466410533,100.37887044032725
131.03292085470633,146.22886079075514,387.09300196735524,100.11868660745343
128.972597217957,146.3359707797853,391.2136492408539,99.90446662939308
127.03165360988658,146.37608270257888,395.09553645699475,99.82424278380593
125.08520598016787,146.3902359951258,398.98843171643216,99.7959361987121
123.14113299521495,146.43023762598142,402.876577686338,99.71593293700084
124.83703184535182,142.77976485023922,407.0310723219544,99.47058615259509
122.99250412557717,142.73281354679523,410.7201277615037,99.56448875948308
121.24550178238275,142.7520388880441,414.21413244789255,99.52603807698536
119.47067098433473,142.79412866850714,417.7637940439886,99.44185851605927
117.66970626771254,142.86893936127362,421.36572347723296,99.2922371305263
115.81330168119365,142.9353769313624,425.07853265027074,99.15936199034871
113.93439760012882,143.01769419881202,428.8363408124004,98.99472745544949
112.17455139561815,143.10849040028623,432.35603322142174,98.81313505250108
110.3963960243926,143.2949203417227,435.91234396387284,98.44027516962814
108.53124177433432,143.50494336408633,439.6426524639894,98.02022912490085
102.74646667374924,143.71788087545832,443.1837192992747,97.59435410215691
100.85862423790232,144.04196987311937,446.9594041709685,96.94617610683481
98.70256054761387,148.47425362726588,451.2715315515454,96.1915537856197
96.82127868160981,148.66695799485086,455.03409528355354,95.80614505044973
94.9257511559689,148.90802703161438,458.82515033483537,95.32400697692267
92.86239454831826,149.0886381159529,462.95186355013664,94.96278480824567
90.97296130139657,149.2608605704558,466.73073004398003,94.61833989923986
89.1706227184026,149.39477435111945,470.33540720996797,94.35051233791255
91.72388508406945,149.53723873159493,473.61430670382737,94.06558357696159
90.07565366426564,149.6324276290079,476.910769543435,93.87520578213567
88.49781595169091,149.7088773420171,480.06644496858445,93.72230635611723
87.01795166758654,149.7456686199626,483.0261735367932,93.64872380022626
89.89572184055493,149.8397957373177,485.8189315641299,93.46046956551608
88.60633959752798,150.01956824883945,488.3976960501838,93.1009245424726
87.46723399429067,150.1935693945413,490.67590725665843,92.75292225106888
86.44269441788992,150.3762296344378,492.7249864094599,92.38760177127584
85.69497481602036,150.57064516870446,494.22042561319904,91.99877070274253
85.17997494725921,150.80794524518674,495.25042535072134,91.52417054977796
84.67338950419457,151.0618962426592,496.2635962368506,91.01626855483305
84.13013153485844,151.3709016581039,497.3501121755229,90.3982577239437
88.032103901107,151.68245394679556,498.2296853223197,89.77515314656034
87.44332667336027,151.9211755620061,499.4072397778132,89.29770991613921
91.36381038252699,152.16542850109826,500.2566471624564,88.80920403795496
91.12685036205733,152.3580792120359,500.7305672033957,88.42390261607966
95.35164480411407,152.60488479666935,500.9724621811507,87.93029144681279
95.2978630395406,152.74400450861486,501.08002571029766,87.65205202292172
94.8321224130423,131.52762744596492,502.01150696329427,86.67942114329956
95.3598731965979,131.70002068201066,500.95600539618306,86.33463467120812
96.07604796285347,131.8980400366801,499.52365586367193,85.93859596186921
97.00934095583307,132.19790554494165,497.65706987771273,85.3388649453461
98.11108056957406,132.53244339734692,495.45359065023075,84.66978924053556
99.49020035879042,132.94606584010145,492.69535107179803,83.84254435502653
101.07455753600681,133.33523542954353,489.52663671736525,83.06420517614238
102.79224072273288,133.7714439718227,486.0912703439131,82.19178809158403
104.47020491751914,134.2827084071446,482.7353419543406,81.16925922094019
106.32720864682278,134.85080285108944,479.0213344957333,80.03307033305052
108.36394373465237,135.4359713520817,474.94786432007413,78.86273333106604
106.42776024567888,136.0190615609012,470.6755095647079,77.69655291342703
108.57811885066073,136.62329485412562,466.3747923547442,76.48808632697816
110.78504835110965,137.07998039267704,461.96093335384637,75.57471524987534
109.25189031005806,137.55676818326305,457.12774743609805,74.62113966870332
111.74273513903594,138.12903471006695,452.1460577781423,73.47660661509553
114.26173339119592,138.71132638590413,447.10806127382233,72.31202326342115
112.98002981611248,139.25696254829148,442.04253929460725,71.22075093864645
115.64824742776878,139.7945684121564,436.70610407129465,70.14553921091662
118.24524846470723,140.39090555901802,431.51210199741774,68.95286491719337
121.01033415345455,141.00221330570517,425.9819306199231,67.73024942381909
123.78531443268486,141.70364001372587,420.4319700614625,66.3273960077777
122.89443261566922,142.36852896316415,415.0733051604629,64.99761810890111
125.7107242888448,143.01840617587732,409.4407218141117,63.697863683474765
128.10895080269572,143.7151219611849,404.6442687864099,62.3044321128596
126.96443742916648,144.16967767339497,400.091651228072,61.395320688439476
118.17004805337956,144.4065018088795,397.3989290139266,60.92167241747041
140.35785895008488,171.46350155831846,393.30604334270794,60.51798774818178
139.55867716853066,171.8810331723976,388.25528143387885,59.68292452002352
138.65549599829058,172.270184159604,383.4990649565966,58.90462254561066
140.8111763639523,172.7279137106014,379.18770422527314,57.989163443615865
