131.0,116.0,194.0,271.0
130.81772418326904,116.07694253230463,193.3645516334619,269.84611493539074
131.33461638391358,116.39463243330732,192.33076723217283,269.21073513338536
135.63992765221172,116.39822895593178,190.96326215861382,269.20354208813643
136.44155083679755,116.40566792192067,189.36001578944214,269.18866415615867
137.24658747256902,119.80494007132509,187.74994251789923,269.5839498995722
141.74172504588327,119.47412970014034,185.93289291666338,270.2455706419417
142.71850579633076,122.6039630405366,183.97933141576837,271.139075809736
143.75013081610436,122.03057359044834,181.9160813762212,272.28585470991254
144.68791466604017,124.82641944114903,180.04051367634958,273.8114670664278
145.71189300304536,124.0247672263524,177.9925570023392,275.41477149602105
146.89098317180543,123.2984820498286,175.6343766648191,276.8673418490686
148.06324942104334,126.1082294767184,173.28984416634324,278.32913592968623
149.22276819753483,125.37836108252634,170.97080661336028,279.78887271807037
150.42203078360424,124.57892463936005,168.57228144122143,281.38774560440294
151.70410307222676,123.51709018126655,166.00813686397638,283.51141452058994
152.98078211699908,122.52521474079137,163.45477877443176,285.4951654015403
154.24629627783722,121.27289623879525,160.92375045275548,287.99980240553253
155.48658332486156,120.02327409056579,158.4431763587068,290.49904670199146
160.3637102536896,118.52708280904739,155.68199598838228,293.4914292650283
161.69184539285556,117.02361072739765,153.02572571005035,296.49837342832774
163.02250859914784,118.96161544253161,150.36439929746578,299.6107615204283
167.9122848023819,117.09259079552425,147.57294650127494,303.348810814443
165.87098253390246,118.71739245818469,144.66115718659324,307.0936013407627
170.7916242065137,116.84317274556403,141.81820915486185,310.842040766004
172.12220821839819,118.68128734756925,139.15704113109285,314.1689779529279
173.47527548689942,120.47346137795444,136.4509065940904,317.58935686970744
174.85324205827203,122.32258911041234,133.6949734513452,320.8976442546378
176.34668154260157,124.26237034698622,130.70809448268605,324.0236239589397
177.89247743625054,126.1394954259757,127.61650269538812,327.26685724668465
179.58902321107632,128.1736018593004,124.22341114573658,330.1875385244999
181.4124757034248,130.35811458995752,120.5765061610396,332.78840047847467
183.28630081249702,129.18813895670934,116.82885594289516,335.12835174497104
188.8982392695901,128.00055773204986,112.51173692477856,337.50351419429
190.83171262910233,130.30444577816067,108.64479020575413,339.7575875384378
196.40147555140072,132.7681122815354,104.32820530010267,341.65319547063365
198.40508891286242,131.94107618067585,100.3209785771792,343.30726767235274
200.4744698668287,131.27050794499215,96.18221666924666,344.64840414372014
209.5517132613293,130.38556648076025,91.34940197512084,346.41828707218394
211.6365653529302,129.8487638738157,87.179697791919,347.49189228607304
213.687539295767,132.7368488583664,83.0777499062454,348.24686181487016
237.83349200534838,132.48185910219448,80.03136837223948,348.756841327214
239.86943530728655,135.37728834115944,75.95948176836319,349.3784680327501
241.88241296287526,135.3127220280898,71.93352645718575,349.5076006588894
243.80524802370775,135.29853406412596,68.08785633552077,349.53597658681707
245.64635019539563,135.3081089502939,64.40565199214502,349.5168268144812
247.40545982789195,138.87276759483805,60.8874327271524,348.5071897617184
249.08971944411488,142.47395759291518,57.51891349470651,347.3411080072995
250.58976012668307,146.09307790890247,54.518832129570114,346.05621507124675
251.81483845163945,146.69703487555316,52.068675479657394,344.8483011379454
252.61551016542467,156.16115141965187,50.46733205208695,343.35007283915166
273.20750092715696,153.70398488838697,49.583257284310086,342.50727636515467
273.2700908836271,142.49058855516552,49.458077371369754,342.02329795248215
272.9548932063639,142.64046992382092,50.08847272589619,341.72353521517135
272.32563149216423,139.64936857535602,51.34699615429553,341.97869398954396
271.42562587031335,139.24963657882097,53.14700739799728,342.77815798261406
270.27369045631053,135.7779143808987,55.45087822600294,343.91860372158095
268.9021398147554,131.94932138406895,58.19397950911326,345.71099409844845
273.1845090439357,127.41953877454853,61.51760595924583,348.8263768632427
271.387144607352,126.53660628620284,65.11233483241313,350.59224183993405
269.48238910822795,122.64679975447038,68.92184583066127,352.22335064693556
267.5067940134873,115.86016424021724,72.87303602014255,353.30501384410053
268.56788695080877,112.17254737911577,77.08866898027992,354.3424287315231
266.5357063625526,108.583376143534,81.1530301567923,355.0868690358918
264.4931020779846,105.19682045611677,85.23823872592837,355.33745615871214
258.9553612195891,101.78408380709953,89.70951824518508,355.55872725921245
260.0505394958965,98.35560706296974,94.21151664789753,355.7233257921449
254.40540708822334,95.08678775162528,98.72199773627428,355.4811806878643
252.3159968954292,91.96961396855639,102.90081812186254,354.8543871185405
250.2496043493336,92.37207058859306,107.03360321405376,354.04947387846715
248.18604935959402,89.33629943595233,111.1607131935329,353.1252131871293
246.1388450928461,89.85043568647205,115.25512172702875,352.09694068608985
244.1158734530875,86.98577879922459,119.301065006546,350.70656892589125
242.0793574880147,87.72795101653213,123.37409693669157,349.22222449127617
240.01349693055028,84.92756942672978,127.50581805162038,347.59610914072215
237.97278267168903,82.11836509803285,131.58724656934288,345.9360661132877
235.93857551146004,79.27689076809503,135.65566088980086,344.2908115079427
233.93162644548153,80.2855487308631,139.6695590217579,342.27349558240655
231.93091596862592,77.65173440754802,143.67097997546912,340.1210264632775
230.00345711798155,75.12804751194153,147.52589767675784,337.7083107254729
228.09935828502836,72.4919994045998,151.3340953426642,335.4870920954422
226.24954151983044,69.85493683057692,155.03372887306006,333.2331181131012
220.5845762642366,67.21256873634809,158.80352563108022,330.95772054839136
218.7210591113122,68.26915637154434,162.53055993692902,328.84454527799886
216.90250005415183,65.62025734421817,166.16767805124977,326.5157681077647
215.1472132190679,62.963946818243755,169.67825172141758,324.1730136520043
209.58923699961355,60.277237598546634,173.11274903829062,321.8649769693628
208.0121944253796,61.56099133718766,176.26683418675856,319.2974694920807
206.56334200581094,59.262863390859366,179.16453902589586,316.1712539667443
205.14942121730232,60.94176709285864,181.9923806029131,312.81344656274575
203.85014095182265,62.7286800914207,184.59094113387243,309.23962056562164
202.7230959125953,64.79263320324748,186.84503121232711,305.1117143419681
201.8037414889677,66.98834509872768,188.68374005958236,300.7202905510077
200.9789922997169,69.11269099924584,190.33323843808392,296.47159874997135
200.27790497785026,67.50518122072327,191.73541308181723,292.06609051502926
199.62878707555404,69.72144470061042,193.03364888640962,287.63356355525497
199.09970944469657,71.95655991575586,194.0918041481246,283.1633331249641
198.60337346403674,74.27735067576756,195.08447610944427,278.5217516049407
198.15625783585057,76.45183504020369,195.97870736581658,274.1727828760684
197.74679807476969,82.4128549915419,196.79762688797837,269.62905867157906
197.44104011672164,84.70008840871904,197.4091428040745,265.0545918372248
197.18013953980858,90.63682441617348,197.93094395790055,260.4445095507068
196.96331620955647,92.76751193442567,198.3645906184048,256.18313451420244
196.7214547510857,94.81753633060517,198.84831353534634,252.08308572184345
196.36149575499797,100.42734514003169,199.56823152752182,247.95236784979278
196.08026893810356,105.98399501615482,200.13068516131062,243.87633161833534
195.6909537276931,107.66054363718972,200.90931558213148,240.52323437626555
195.32369992563707,112.78384159405948,201.6438231862436,237.22133073987072
191.5319368482048,114.42162567811958,202.32176689649032,233.94576257175052
191.23989859100013,115.95012221426849,202.90584341089965,230.8887694994527
187.57521735034078,121.04510325440134,203.40734894315014,227.52666436825513
187.26589734761598,122.54169074294981,204.02598894859975,224.53348939115818
186.9629914046016,124.1016100179784,204.63180083462848,221.413650841101
186.64622119127333,125.5596877187886,205.26534126128507,218.49749543948062
183.05419685235898,126.86110225945234,205.77677283394348,215.89466635815313
182.84441393852535,128.15316752750363,206.19633866161072,213.31053582205055
182.62618251521414,129.56388326491276,206.63280150823317,210.4891043472323
182.63010229662268,131.07062818004943,206.6249619454161,207.47561451695893
179.39373477036906,132.41961828829892,206.57643151707032,204.77763430045997
179.61216337973474,133.78383149543507,206.13957429833894,202.04920788618767
179.8797459536777,135.13437459878597,205.60440915045302,199.34812167948587
180.1078838723046,133.3222805457158,205.14813331319925,196.59529484646066
180.38593586762596,134.70878716300368,204.5920293225565,193.82228161188493
180.7047121523334,136.0229229295332,203.95447675314165,191.19401007882587
181.08280364273242,134.12627116739844,203.19829377234365,188.7653140044888
178.432176438812,135.26865235898208,202.32793919896076,186.4805516213215
178.86295082242793,136.39800856550923,201.46639043172888,184.22183920826723
179.2485258426993,137.4696522907158,200.69524039118613,182.0785517578541
179.53423599804486,138.44495874235645,200.12382008049502,180.12793885457276
179.82103470979422,139.35475773034094,199.5502226569963,178.30834087860381
179.92912533935854,143.18579175761175,199.33404139786768,176.5944502420012
180.018191952204,146.92016666888128,199.1559081721767,175.0431258527467
180.06514736497093,147.53362991741642,199.0619973466429,173.81619935567642
179.882657374704,151.0468288677364,199.42697732717676,172.65853336740614
176.8235287490706,154.60625648353533,199.68941234162006,171.39550037263177
176.5588223006161,158.05813278079026,200.21882523852904,170.33135645251332
176.30074884516506,158.5464785796251,200.73497214943106,169.35466485484363
176.02391964281873,161.79584045113612,201.28863055412378,168.6788842783364
175.7682753396479,162.02531749612027,201.79991916046544,168.2199301883681
175.56445736780472,162.30098884641657,202.20755510415177,167.66858748777548
175.4118657470864,162.60590196764372,202.5127383455884,167.0587612453212
172.30629425500882,165.88463621114005,202.91055683408578,166.31461725398626
172.16806217992638,166.1617784621608,203.1870209842507,165.7603327519447
172.04356212775448,166.44119785469746,203.4360210885945,165.2014939668714
171.8275952713515,169.62072893937898,203.86795480140046,164.63993538626693
168.67510915670036,172.83710155168563,204.37787919724263,164.00223799511372
168.39326370280622,175.89966723471701,204.9415701050309,163.66965054708507
168.15476124524108,178.94706259807884,205.4185750201612,163.37065723684236
167.91880925343793,182.06300453366748,205.8904790037675,162.9370328461447
167.6859383223496,185.18991779100267,206.35622086594415,162.48165812847657
167.4192789734758,191.1942951414894,206.88953956369176,162.06927891839524
167.20693276693333,194.44256893496654,207.31423197677665,161.37237868527933
167.00900443531634,194.84301367639486,207.71008864001067,160.5714892024227
166.87040878361128,197.98074037753264,207.9872799434208,160.0838564221582
166.59850662196249,201.1122856703808,208.53108426671838,159.60487603512672
166.35735359257768,204.2682467572372,209.013390325488,159.07755636208228
166.0560561466827,207.56717881081033,209.61598521727797,158.2630493109083
165.8879461908379,208.08058914246007,209.95220512896753,157.2362286476088
165.7520107358522,211.3045893513001,210.224076038939,156.5558058769131
165.6392672717414,211.7361453807299,210.44956296716052,155.69269381805353
162.6272517058365,214.99003349009547,210.7237168519213,154.93479484637143
162.48516607220694,215.3515457763461,211.00788811918036,154.2117702738702
162.36392296554794,218.43086430870056,211.25037433249838,153.7872107411256
162.16093698955478,218.68405619357318,211.65634628448467,153.28082697138035
161.98949105876522,218.82980225600718,211.99923814606382,152.98933484651235
161.79099215702865,218.9289108485267,212.396235949537,152.79111766147332
158.71597345081392,221.91158697739576,212.81447424108822,152.55756452461347
158.46659926574182,221.89028211824166,213.31322261123236,152.60017424292164
158.32168459307087,221.86805523769328,213.6030519565743,152.6446280040184
158.20297953294556,221.82362464735138,213.84046207682493,152.7334891847022
158.02919498389838,221.7430725231736,214.18803117491927,152.89459343305776
154.9481050456149,221.61655877382532,214.58956408398637,153.1476209317543
154.74430291396425,221.4904508969742,214.99716834728773,153.39983668545653
154.51891594256546,221.2438536861111,215.44794229008528,153.89303110718276
154.3753225540601,220.98394180505466,215.735129067096,154.41285486929564
154.27704903345386,220.62901423018252,215.9316761083085,155.12271001903989
154.27593982409047,217.29502028870473,215.93389452703522,155.96697184382595
154.33259644978799,213.92250420822762,215.82058127564022,156.8743625909426
154.48771103345538,213.47764364989462,215.51035210830543,157.76408370760865
154.585060448366,210.11071208030847,215.3156532784842,158.6372212055412
154.743788002106,209.6832086083099,214.99819817100425,159.49222814953833
154.90515910723502,206.31326653027088,214.67545596074615,160.3508423506323
155.1028740469388,205.8543445341871,214.28002608133858,161.26868634279987
155.37042738057045,202.35157804337362,213.74491941407533,162.3748149262472
155.7076804172164,201.90007043578925,213.0704133407834,163.277830141416
156.14338758036487,201.44242961028908,212.19899901448645,164.1931117924163
156.5222554615459,200.8833393915431,211.4412632521244,165.31129222990825
156.92808949851855,197.44135624964343,210.62959517817913,166.27327634747823
157.32771079017914,196.94632720344774,209.8303525948579,167.26333443986965
157.76457860013252,196.47199159241183,208.95661697495115,168.21200566194145
158.26903004711932,193.09222807870538,207.94771408097753,169.04054012139162
158.72668510714826,192.58527333053235,207.03240396091968,170.05444961773762
159.14389851293407,189.1358770663934,206.19797714934808,171.02200886198625
159.5920780468492,188.60056208345367,205.3016180815178,172.0926388278657
160.07501219714138,185.05593815908975,204.33574978093344,173.2444252583731
160.59676365246037,181.5282096431113,203.2922468702955,174.35877964912282
161.07992415000385,180.99702737827846,202.3259258752085,175.42114417878852
161.65230365278632,177.4725773342335,201.18116686964353,176.52504490182238
162.3137894295637,173.89892900089757,199.8581953160888,177.72738143294768
162.98843497895197,173.2869726501669,198.50890421731225,178.95129413440907
163.77912443405893,169.69412540262718,196.92752530709836,180.1947286598974
164.4847188955401,169.1261226168056,195.51633638413597,181.3307342315406
168.28102699779896,165.62073824320453,193.85726846892285,182.40795468943816
169.17766495306591,165.13486911905153,192.0639925583889,183.37969293774415
170.0453482579274,164.62974540342327,190.32862594866597,184.38994036900067
170.87604511576382,164.16304156716242,188.66723223299311,185.32334804152237
171.76615340958296,163.752322633069,186.8870156453548,186.14478590970919
172.68347186500125,163.35175356521208,185.05237873451824,186.94592404542306
173.55771009180768,162.96675624085572,183.30390228090536,187.7159186941358
174.479246098791,162.64688701941256,181.46083026693873,188.3556571370221
175.3997372582829,162.34604486497523,179.61984794795495,188.95734144589676
176.23908571020536,162.0477360019193,177.94115104411,189.5539591720086
177.02987419925563,161.70603369722917,176.3595740660095,190.23736378138886
177.80544812383036,161.3710348231324,174.80842621686003,190.90736152958246
178.5052888583186,161.0144041681629,173.40874474788353,191.62062283952136
179.15281165647355,160.67944120385098,172.11369915157366,192.29054876814524
179.74933115264733,160.27850459269814,170.9206601592261,193.09242199045096
177.448715063779,159.9247148170806,169.79206186716863,193.800001541686
175.17375295865864,159.53848171294064,168.61924821573797,194.57246774996594
