287.0,32.0,100.0,332.0
284.1009288644957,35.99296426493791,98.24484158421727,329.5673721569155
284.8995586334245,40.524744006781674,96.64758204635979,326.990123882629
285.5671216708576,42.11986081915964,95.31245597149348,323.7998902578731
283.09472917219546,40.89628974595689,93.90698455260905,319.8967759880698
280.34069006443565,42.80987293874176,93.14612556694185,316.06960960250007
280.6113385590663,44.93971954066242,92.60482857768051,311.80991639865874
277.7959564846368,44.33223800836541,92.10520610681539,306.8944928435287
277.95841532122114,43.7412059171497,91.78028843364682,302.02498479000866
274.9508707115603,43.232515026067574,91.81875829477276,297.06574721397726
274.81699848771035,42.633505552534615,92.08650274247272,292.3566886361133
274.50161755312365,42.05058094116478,92.71726461164616,287.6772909083658
274.13118347237764,41.61566337305911,93.45813277313812,282.756695321839
273.7793476621538,38.48731738397234,94.16180439358584,277.5452252595284
273.512899896043,41.25932086121128,94.69469992580747,272.00121830505054
273.26814975803217,43.817977428891396,95.18420020182904,266.8839051696903
272.9471998323871,43.658118507328425,95.82610005311913,261.66436366934545
272.581741173147,46.10494936330542,96.55701737159936,256.77070195739145
272.2708158472868,48.598731956052404,97.17886802331972,251.7831367718975
272.0411748845708,51.2293739197641,97.63814994875177,246.5218528444741
271.76619753582816,53.615594240195634,98.18810464623704,241.74941220361103
271.37776350257997,55.7174475623431,98.96497271273347,237.5457055593161
271.0820208871067,57.87325726064651,99.55645794368004,233.23408616270927
270.67193081922676,59.93457603628201,100.37663807943994,229.11144861143828
270.30006221639024,62.002572297849184,101.12037528511294,224.97545608830393
269.85477799259843,64.0412579825217,102.01094373269653,220.8980847189589
269.18347343832653,66.04296049147511,103.35355284124033,216.89467970105207
268.4590371084169,67.91828177427426,104.80242550105959,213.14403713545377
267.7232852863059,72.20813015685252,106.2739291452816,209.49816312313914
266.90213167317484,74.00859345350653,107.91623637154368,205.8972365298311
268.48184857997427,78.24447567368793,109.63815448860353,202.30682402012695
269.8865071277916,77.47403679971751,111.68686388141273,198.98967527962395
273.8848128320058,84.16523279915717,113.37827284594623,195.29530365370653
270.34065863984546,80.88976627916006,115.64856430583282,192.21020284483257
276.81631731246387,87.43219498521253,117.12887564127166,188.74643121984468
275.78337535938425,83.96016534425632,119.19475954743085,186.12286810216528
272.4970961840951,87.7271935248231,120.98813382896807,183.36799581007278
233.21168855748013,106.79662497178339,128.04231182419272,178.60356363655467
271.4194424475555,91.02648079688248,128.6288829849155,176.45544244972433
238.56087545512517,94.96241148542362,132.0799702207483,173.37327697641342
274.5688670399702,95.63609608004225,132.05327647993704,172.02590778717615
274.42529285875275,98.921790493544,132.34042484237187,170.23281265583284
274.1552945130847,102.26967691689924,132.88042153370802,168.29262215686924
273.72070058679975,105.47987374877272,133.7496093862779,166.6069075219749
277.890821310856,108.60834283450072,134.85525392597393,165.07291234442312
279.6879721371687,111.6931570024259,135.97823372558827,163.62056546081263
281.46398612489907,114.79534893418912,137.13927391813928,162.1292497652979
285.4474876232961,118.04953029186416,138.5898320562152,160.32966761738282
287.1995924111473,118.85077736591853,139.78990275270112,158.72717346927408
288.9162240050978,121.90801258728666,141.0553304474879,157.31139390922556
290.60230562824484,122.63948133329686,142.38011197134577,155.84845641720517
292.36562854105046,125.70426487506701,143.54878154664286,154.41420473457325
294.03472152753284,126.44699071188465,144.90214605056778,152.92875306093796
295.6719707293978,127.08259452300764,146.31747218282254,151.65754543869198
297.29845418454204,127.65445748936366,147.75683684432497,150.51381950597994
298.87843725160906,128.09830440472314,149.29399623628632,149.626125675261
298.24191830790187,128.33720844476383,150.56703412370072,149.1483175951796
297.6287841085639,128.57314210486123,151.79330252237668,148.67645027498477
297.02668201893783,128.75605107441402,152.99750670162882,148.31063233587923
296.4962544760178,131.3661532308327,154.0583617874689,147.83529457118803
296.0886712484262,133.89329808766936,154.87352824265218,147.53498314222043
295.81469778288243,133.94063771849767,155.42147517373962,147.44030388056382
297.93582605292494,136.44591902885048,155.9482814275982,147.19880405380187
297.71999755997035,138.80646891613986,156.37993841350732,147.25117699960296
297.4952391399636,141.18386183135158,156.8294552535209,147.27744323378928
297.38825839034183,143.414294788621,157.0434167527644,147.60507168981724
297.3004048494976,145.2904419549559,157.2191238344528,148.6498157029973
294.61003695004234,147.09273453157823,157.7834985616447,149.8615916214712
294.33672350659515,149.09231973984055,158.3301254485391,150.7068242024381
293.9019057678058,151.2942345091637,159.19976092611785,151.169348087037
290.99949491809207,153.86652489831977,160.1172891481553,150.91206078611472
288.11899756195805,156.26962298569612,160.98072018619297,151.00342828559258
287.6118626568059,161.09152976908683,161.99498999649728,151.18463083038353
287.1768696089542,163.63058993215577,162.8649760922007,151.03773842940626
286.67270740571087,168.56907252164183,163.87330049868723,151.0457183273811
288.5202712415359,171.03011221241854,165.13649879374805,151.08196491253855
287.93905053303786,173.43177007119158,166.2989402107441,151.25723771796748
289.8605237519954,175.86534783467036,167.45547574580095,151.3895641639818
291.9018617645336,176.04554008472363,168.39238764249836,151.02917966387525
293.9020776288313,176.28861562843113,169.42035853183222,150.54302857646024
295.8171131818657,176.48171740248625,170.62688805978422,150.15682502835003
297.73213410592524,174.3163704668372,171.84598621728244,149.4383788940307
302.24555791197054,172.24486998586923,172.932176608244,148.52486085444062
308.95334173359674,167.5500895667182,174.69260770703278,147.79708919804852
313.1884911622378,167.92466224808857,176.37062980736488,147.04794383530785
319.81270066220463,163.2900888327749,178.38612036995931,146.14115095758325
323.79307475148937,160.94554690690964,180.63408218017585,145.72587981492075
327.6617435027476,158.45408437596615,183.1610878337345,145.57663329877013
336.5693730118133,155.9850466724609,186.01985430320144,145.34620233388108
337.7543798847718,155.9302449830177,188.85836662072185,145.4558057127675
341.63491304463844,153.2940456018173,191.60467299341036,145.47451812895747
348.0637044070067,150.55090394856194,194.63476600622093,145.6649095229524
351.8039468065331,147.52483204460168,197.8446016495371,146.37189310968847
355.65538726251384,144.69517524504062,200.95283945911086,146.62564734804297
359.52080061328303,144.50652895364587,204.1358845827937,147.00293993083244
363.37459451031094,141.5378138196687,207.4511282897348,147.42895444828827
367.4045354725173,141.33486898129865,210.52853248905888,147.83484412502838
368.8600771562293,141.19625971096056,213.23933502456865,148.11206266570457
373.38484283653924,141.04850194175822,215.52464303779803,148.40757820410926
375.16155638316826,140.9334144116474,217.67801415386847,148.6377532643309
374.07215283940224,140.7756601665833,219.85682124140052,148.95326175445913
375.8253103143512,140.55570260701847,222.1316438010196,149.39317687358874
377.7825393476472,140.40663762466,224.03986936600703,149.6913068383057
376.9184764652813,140.38876308515947,225.7679951307387,149.72705591730676
376.0947503382321,140.22639918995432,227.41544738483717,150.05178370771705
375.4136482866097,140.18285558125152,228.77765148808194,150.13887092512266
374.9460810596711,140.2820811601345,229.71278594195917,149.94041976735667
371.85821761101215,140.3842411138274,229.9428092092769,149.7360998599709
368.9877471827876,140.56184518778457,229.73800168154935,149.38089171205655
366.32888538525896,140.81089028383366,229.11897181921756,148.88280151995838
363.901663399895,141.09650775998855,228.05425298714425,148.31156656764858
361.4798936916724,141.3910362332604,227.00412436166897,147.7225096211049
359.1630184153137,141.74220903005744,225.76978018887016,147.02016402751084
353.8837751381762,144.84012489504153,224.65252848352267,146.66220142735386
351.8324116227333,145.0623165461287,222.94011483790433,146.21781812517952
349.86624343347125,148.10300727242821,221.09041391959548,145.9184739694135
347.93599402421694,151.16241973195736,219.20163407606748,145.5489277123917
345.9711936910664,154.241354844047,217.41648280183892,145.10580942874205
343.9952128025176,154.33112916594666,215.6878957385881,144.92626078494277
342.0602783506897,154.443190439288,213.90620076531303,144.7021382382601
342.8494011040741,157.35683420818307,212.32795525854425,144.495875337509
340.7613620525373,157.26651055727925,210.91020160119297,144.67652263931666
341.41083265610666,157.20641124077102,209.61126039405423,144.79672127233312
342.073676270344,157.24307916118428,208.28557316557968,144.72338543150659
339.9094674279695,160.00684306582204,207.0773698171439,144.73247865541583
340.7345166760158,159.9074269877008,205.42727132105128,144.9313108116583
341.4800249760994,159.80860068961906,203.9362547208841,145.1289634078218
339.32658850683936,159.63337953256882,202.76557490883698,145.47940572192223
339.8664181162122,159.4518701728723,201.6859156900914,145.84242444131527
340.3353628944554,159.2363519124151,200.74802613360498,146.27346096222968
340.82818575185485,159.12273651751747,199.76238041880603,146.50069175202498
338.5174600063017,159.00111236025444,198.94702129972205,146.74394006655103
338.91882871402834,156.00522212940834,198.14428388426876,147.30730873274
339.36066495681916,155.88826255438005,197.26061139868708,147.5412278827966
337.17937647296253,153.13269407123963,196.20736949217724,147.6365459748543
334.9249453862949,152.98558747208816,195.31488971374864,147.93075917315724
335.2825450233653,152.7697985275836,194.59969043960797,148.36233706216638
333.0727256493962,152.5721176669494,193.630637241268,148.7576987834348
333.57160715828184,152.31390569203563,192.6328742234968,149.2741227332623
331.39326039989635,152.1012007880304,191.61604033641595,149.69953254127273
329.27744254864683,151.88349027254398,190.48277050468093,150.1349535722456
327.2144139314164,151.65716865884303,189.2541856135862,150.5875967996475
325.1798712314594,151.3565867799225,187.980099204765,151.18876055748856
323.1423594136987,151.03501089098305,186.72174292170206,151.83191233536746
318.5120616411465,150.67668415480614,185.33339649124287,152.54856580772127
316.6515279303286,150.36826630937986,183.7397538769954,153.16540149857383
312.1542704542727,152.64420256138027,182.1340122470251,153.91365728561402
307.66644436311844,152.29337287535202,180.53482016420494,154.61531665767052
305.8543782348049,151.80583521553078,178.88494492427182,155.590391977313
301.4802432405132,151.4103432616775,177.1049477762641,156.38137588501957
297.0319484087191,153.56911881385366,175.50310251822148,157.31304224148263
295.25230865613634,153.11111088137233,173.82314030097118,158.22905810644534
293.566902908647,155.27686713316282,171.96622513177257,159.1252722670415
292.0693853705438,154.88353728937886,169.74820132467994,159.91193195460946
287.9441619576124,154.3558129018109,167.61680736642472,160.96738072974532
286.2787313888351,153.74135997384448,165.77337925291448,162.1962865856782
284.70945590414914,153.11845465825144,163.74713039579137,163.44209721686428
283.13378193408664,152.45033756736572,161.74589263409797,164.77833139863571
281.59299016666546,151.91578510921792,159.68541784261313,165.84743631493131
280.1275524661673,151.25370459841167,157.49002121670677,167.1715973365438
281.2480685615029,150.70226499345478,155.24898902603547,168.27447654645758
279.5875434463145,147.41574725305423,153.47621396529655,169.753686736143
280.5744228465782,146.96981007529476,151.50245516476912,170.64556109166193
279.05666364216,146.29947086934848,149.46701622733755,171.9862395035545
279.89355070504155,145.8064979657346,147.79324210157446,172.97218531078227
278.36791497793575,142.78155918132506,145.79698166556116,173.9745309893764
279.248039314817,142.34830791875532,144.03673299179871,174.84103351451589
277.76012525460783,141.9527628316947,141.99672522528988,175.63212368863705
276.1432221457729,139.18216805717083,140.23551872398411,176.17830051870914
274.54617283698985,138.96123471203634,138.45476623229138,176.6201672089781
272.9334432042169,136.388065581186,136.72752431703486,176.81380428987643
271.3451947206454,136.35081289685957,134.97646154246598,176.88830965852932
269.9230347599235,133.92193661828424,132.92062552309415,176.84590627486432
268.6209561406321,131.43861621364692,130.6588462512157,176.94661057367762
265.08093711929405,131.52475272905042,128.07798471721554,176.77433754287063
261.5026652316628,131.75222887302397,125.66355408741892,176.31938525492356
260.1480884248381,132.0706694665916,123.63382717759112,175.68250406778827
256.58949452209265,132.31204147115568,121.35942979405428,175.19976005866008
255.14893255376535,132.57731931627862,119.5896116330506,174.66920436841423
253.6902753593565,132.7468947669128,117.89326851902928,174.3300534671459
252.25915542430323,132.67481574983805,116.17507242342103,174.47421150129534
250.82626581636225,132.82150737407096,114.48677499612313,174.18082825282954
251.43892230092973,133.00988140190486,113.26146202698814,173.80408019716174
251.88880589832155,133.15634589434518,112.36169483220455,173.5111512122811
