120.0,136.0,381.0,111.0
119.53725415444941,126.13171225186863,380.9254916911012,114.83527581813183
119.58509623786284,120.48867339122461,380.8298075242743,118.6004897515993
119.71527317920197,114.96916757668825,380.56945364159606,122.0503296162119
123.66710679992838,109.54670897613056,380.31483423821874,125.24619897925174
123.58655393147302,111.86000992127126,380.47593997512945,128.32370014044966
123.95406633277503,106.56965421211284,379.74091517252543,131.14170402918623
124.3774337223237,109.33015446620394,378.8941803934281,133.4243363378617
128.58427279742648,108.33566120839936,378.3135674341912,135.41332285347085
128.8917123153721,107.34176653741412,377.69868839829996,137.40111219544133
129.3885805839127,110.26640236627927,376.7049518612188,139.43989217411058
130.0187406225463,109.53937204461336,375.4446317839516,140.8939528174424
130.68561049454092,108.83808042656501,374.1108920399623,142.29653605353909
131.3533507801473,112.14229661485277,372.77541146874955,143.61301255735776
132.2333530340816,111.62878567860712,371.01540696088097,144.64003442984907
132.97664198648567,114.99455083315917,369.5288290560728,145.83101747491736
134.00273472619395,114.54584015193242,367.4766435766563,146.72843883737085
135.00967127637045,114.04323363926379,365.46277047630326,147.73365186270811
136.3485804189208,117.65150762739474,362.7849521912026,148.4150058552971
137.74611465290923,121.34420160124523,359.9898837232257,148.90106282072702
139.23375344038843,121.03170337977659,357.0146061482673,149.5260592636643
140.9960014974714,124.62593810468309,353.49011003410135,150.1455103849978
142.60460842415318,124.22591655580936,350.2728961807378,150.94555348274525
144.366175895006,127.61687340839681,346.7497612390322,151.89922748820473
146.116664733671,127.19581171820958,343.24878356170217,152.7413508685792
147.77197491822733,130.33007748254067,339.9381631925895,154.13829306152158
149.56365414215958,129.88335993679868,336.354804744725,155.0317281530056
151.49997557421938,129.39247226124257,332.4821618806054,156.0135035041178
153.47788158159844,128.8885131523058,328.5263498658473,157.02142172199135
155.40935414814575,132.00455049489125,324.66340473275267,158.31557420129462
157.3015065954166,135.01099975330007,320.87909983821095,159.7950123800801
159.20626033827176,134.38208838662553,317.06959235250065,161.05283511342918
161.02013881131558,133.7159735123187,313.441835406413,162.38506486204284
162.913942906743,133.12104588788844,309.6542272155582,163.57492011090332
164.76203031152053,132.51114496977215,305.9580524060031,164.79472194713597
166.56747172625447,135.34346680745733,302.34716957653524,166.45970687179548
168.33340646382388,134.62835952450246,298.8153001013964,167.88992143770517
170.0689951039021,133.941139342524,295.34412282124,169.26436180166212
171.7921020763818,133.35849018935096,291.89790887628055,170.42966010800816
173.4293836508399,136.18582726410546,288.6233457273644,171.99263964160474
174.98306278197006,135.43627976206324,285.51598746510405,173.49173464568918
176.57366717795827,134.73034014062932,282.33477867312763,174.903613888557
178.20549426900564,134.0126066721312,279.0711244910329,176.33908082555328
179.8134232180152,133.35184618469435,275.85526659301377,177.66060180042695
181.46959797838736,132.67869212396945,272.54291707226946,179.00690992187674
183.03252574213596,132.01015541107859,269.41706154477225,180.3439833476585
184.62667593912536,131.47858878294184,266.22876115079345,181.40711660393197
189.59717596327437,134.4762657130138,263.30543453426037,182.4294361755531
190.98788040635537,133.65267429796643,260.52402564809836,184.07661900564779
192.24619995075187,136.15275569327366,258.00738655930536,186.0521175018916
193.41658756731493,135.52292901799484,255.66661132617926,187.3117708524492
194.55444255071518,134.97239416993858,253.39090135937872,188.41284054856175
195.63045225211062,137.68552138070365,251.2388819565879,189.92528763303523
196.52205943947223,136.9213751915234,249.45566758186462,191.4535800113957
197.60733851425826,136.12599286385603,247.2851094322926,193.0443446667305
198.6371177893884,138.81834596640357,245.22555088203225,194.58079552028218
196.25544497566105,138.15531621459473,243.07430189336714,195.90685502389985
197.2665341922861,140.8067465150599,241.05212346011706,197.5070998695666
194.77434333427863,140.08628218031157,239.13857705335155,198.9480285390633
195.65785915352558,139.34361228345995,237.37154541485768,200.43336833276655
192.96716163412498,142.03631445905324,235.86451250180752,201.93639193343122
193.67769020663394,141.28858320670392,234.4434553567896,203.43185443812985
190.98510477086674,140.53431109303932,232.93727690201212,204.94039866545904
188.33884132610484,143.18772209257588,231.3376169966784,206.52576346124346
189.12388089492427,142.43234804771566,229.76753785903958,208.0365115509639
186.38863618636762,145.12098247002183,228.34559897152377,209.5516710109807
183.60345382107386,144.25319517081468,227.02153169754024,211.28724560939497
184.3251549422319,143.44033852558624,225.57812945522414,212.91295889985187
181.59620578397664,142.62382945639342,224.13137644707035,214.54597703823745
182.41236012130034,141.88953933555467,222.49906777242296,216.01455727991498
183.03714373750552,141.10918768879804,221.24950054001258,217.57526057342827
180.39111936685345,140.35274444590993,219.63098368152467,219.08814705920443
181.227929616064,139.58078252506002,217.95736318310352,220.6320709009043
182.14422545344308,138.88077023313792,216.12477150834533,222.03209548474848
182.949877156311,138.00675607259194,214.51346810260955,223.78012380584045
183.63442622942546,137.1173582299537,213.14436995638061,225.5589194911169
184.25668967982125,136.20046869735367,211.89984305558903,227.392698556317
184.8439545118311,135.27600720928663,210.72531339156933,229.24162153245106
185.4179601985748,134.37544011568676,209.57730201808192,231.0427557196508
185.9300516773688,133.45285901699162,208.5531190604939,232.8879179170411
186.41343576614486,132.6124810464835,207.5863508829418,234.5686738580573
186.8498590343276,131.69278314523558,206.71350434657631,236.40806966055317
187.26281217987616,130.85546305970342,205.88759805547917,238.08270983161748
191.2619242844645,129.99543629456133,204.8764349149518,239.8027633619017
191.7213872376902,129.0911234203303,203.95750900850038,241.61138911036375
192.08292903313915,128.17027064415785,203.2344254176025,243.45309466270862
195.91768820900657,127.17948241906656,202.59222425452475,245.4346711128912
196.25046268606644,126.27062059746324,201.926675300405,247.25239475609786
196.6941447170293,125.35987409153043,201.03931123847929,249.07388776796347
197.0745112923786,124.49193790721606,200.27857808778072,250.80976013659222
200.99847017283,123.62882506834131,199.52326215064255,252.5359858143417
201.38314652304342,122.71491922371924,198.7539094502157,254.36379750358586
201.78156097836015,121.87135685257044,197.95708053958225,256.05092224588344
202.12485783022623,120.97472587772393,197.27048683585005,257.8441841955765
205.84720347256984,119.92058825731294,196.97706787058226,259.95245943639844
206.0581798018888,119.05160192967969,196.5551152119443,261.69043209166495
206.30636072856603,118.22220792716251,196.05875335858985,263.3492200966993
206.6554783749338,117.38036903504772,195.36051806585428,265.0328978809289
210.723048558572,116.60985132787496,194.4548826461392,266.5739332952744
211.08041089021805,112.3590114001708,193.7401579828471,267.83755884308295
215.0699786851477,108.03776925737782,193.00650980557165,269.234555716085
215.33299161312277,107.53230016095318,192.48048394962152,270.2454939089343
215.6698173697213,103.3760858395402,191.8068324364245,271.29667136228403
219.7229438275328,99.21213798521438,190.96663996301746,272.35850662871974
220.07808213466086,98.72140136135584,190.25636334876128,273.3399798764368
220.33468324067644,94.54986162828973,189.74316113673012,274.41169936285394
224.20862909104537,90.26341808452713,189.27432823002863,275.7055276563427
224.51433940611102,86.06122145083691,188.66290759989732,276.8190980253159
224.71605342666487,81.90519129306833,188.25947955878965,277.8336724697289
228.75758941858666,81.56782715545714,187.4824919203914,278.5084007449513
229.02111365983265,77.63042756772171,186.95544343789942,279.0798462203182
229.381372118499,77.26907289441888,186.23492652056672,279.80255556692384
233.36076863838008,76.89288755838959,185.5782328073523,280.55492623898243
233.79452710656608,72.79457575099437,184.71071587098024,281.4490638786406
234.28385073194193,72.46608902298996,183.73206862022855,282.1060373346494
234.78765971991325,72.08208687352888,182.72445064428592,282.87404163357155
235.08335241991693,67.85077874357049,182.13306524427858,284.04692709904117
235.50658891852305,67.34019519588,181.28659224706632,285.06809419442214
239.47878442555577,66.77751716790391,180.64076474463332,286.1934502503743
239.89684965478318,66.20241660766214,179.80463428617847,287.34365137085786
243.97757276653226,65.61207078323253,178.95095956098382,288.5243430197171
244.42151632648444,65.15957008645603,178.06307244107953,289.4293444132701
244.98248139535346,64.54834313980658,176.94114230334145,290.651798306569
245.52451488640503,63.87564910564157,175.85707532123834,291.997186374899
246.05762208821096,63.1631241262354,174.79086091762645,293.42223633371134
250.3242054346477,62.45503738789989,173.57172082369732,294.83840981038236
250.81649176020682,58.03805661754831,172.58714817257905,296.3578955864715
251.2241763484567,57.27501513773649,171.77177899607935,297.88397854609514
251.64748719647744,52.864277546406385,170.92515730003782,299.376264057672
252.06236738035432,52.16394511151955,170.09539693228407,300.7769289274457
256.17697102475734,51.47109936371447,169.20976085119491,302.16262042305584
256.6634212310461,47.197265747117626,168.2368604386175,303.36129017828875
260.89809042456164,42.92497618193559,167.11765595649945,304.5557354037396
265.086130313581,42.4455533338685,166.09024758673124,305.5145810998738
265.6896647280292,42.15831808716146,164.8831787578349,306.0890515932879
270.13750593873385,38.25928829105263,163.32056964823977,306.5540378736913
274.31190654517553,37.9885145666708,162.28491400556416,307.09558532245495
278.68182700835723,34.1575650448994,160.84841722870095,307.4541402164976
279.3460041610255,34.12363210476414,159.5200629233643,307.5220060967681
279.9331000800536,34.03598506554374,158.34587108530815,307.6973001752089
284.4328390537829,34.02564961848907,156.59082611754405,307.71797106931825
288.74534486189293,34.0241286316828,155.18028328985926,307.7210130429308
289.3390034910198,34.20132311394494,153.99296603160553,307.3666240784065
293.8114509445597,34.57575228728311,152.2125047703306,306.6177657317302
294.77408049605856,34.99060325820645,150.28724566733288,305.7880637898835
299.3558976364353,39.17486411329571,148.20076275527225,304.496693448398
300.56744026484307,40.017814787714315,145.77767749845682,302.8107920995608
305.161771748791,44.23273124218284,143.544347343894,301.33629200395677
306.2135247026875,45.23491428770765,141.44084143610098,299.33192591290714
307.2208626506367,46.27510030869635,139.4261655402026,297.25155387092974
311.70506763607176,47.276068639835614,137.2213511656266,295.2496172086512
312.7003479359219,48.30210373296532,135.23079056592633,293.1975470223918
317.0717876944764,49.40958034333988,133.11916881921206,290.9825938016427
314.94417155860657,50.67925342226383,130.8123248648343,288.4432476437948
319.14429680078564,52.03897773259547,128.8968100665869,285.7237990231315
320.049392229056,53.135985718243234,127.08661921004611,283.529783051836
324.1939681257853,51.13915492270823,125.14545210844327,281.1754599510503
324.9267047160699,52.122903183416014,123.67997892787409,279.20796342963473
328.8799178561559,53.19517394511854,121.99893604964231,277.0634219062297
332.781108231159,51.14161215393855,120.361251251929,275.0058495362967
333.38730260943055,49.10659197957432,119.14886249538593,272.96986799148533
337.05317995753586,47.258302717251524,117.87225915355152,270.6112951617547
337.79437344220145,48.28863559604454,116.38987218422035,268.55062940416866
341.3833725113938,46.14962358656362,115.15435081339422,266.8861766555719
344.961993602862,46.964111832109154,113.89367567023524,265.2572001644808
348.5472084633066,47.671965708699446,112.57396620621918,263.84149241130024
349.1780397635808,48.357241003440436,111.3123036056709,262.47094182181826
352.6761444140651,46.343589113615934,110.08085651785217,260.7334833883172
356.1782197128838,47.24562902044099,108.794547492096,258.9294035746671
356.73604793505444,47.78008182173926,107.6788910477547,257.86049797207056
360.2420102186051,48.329364427424224,106.30072248230904,256.76193276070063
363.66562754784746,48.92987309774409,105.04691832738732,255.5609154200609
364.25124927585205,52.47041804434426,103.87567487137812,254.03364505799578
367.69378669416886,55.96465560410421,102.50156121308929,252.55613111682064
368.2513019116341,56.939088516876495,101.38653077815894,250.60726529127606
371.6162305130817,57.84279559756831,100.07392603702075,248.79985112989243
374.90193971449776,58.80363547362617,98.87032442051151,246.8781713777767
375.5939232280062,59.42275568964004,97.48635739349456,245.63993094574897
378.78722746524284,60.31948771491912,96.37588661330443,243.84646689519082
382.2080938662048,60.87135555341537,94.7646428139569,242.74273121819832
382.97459625580433,61.499924135448126,93.23163803475789,241.4855940541328
386.3294106646627,62.037252285964826,91.66225973216922,240.4109377530994
387.06123729570515,62.60787424668561,90.1986064700843,239.26969383165783
390.34122124757715,63.08523693425745,88.69259907922047,238.31496845651415
391.0245512656271,63.55273085920962,87.32593904312063,237.37998060660982
394.37263019510004,66.5005845223292,85.60488518756513,236.45937728376106
395.0728357053729,67.16915901468954,84.20447416701954,235.1222282990404
398.33596521591784,67.62894529066264,82.56456060507692,234.20265574709418
399.0006340431615,67.88043261203234,81.23522295058966,233.6996811043548
402.21371728315626,68.2328796625836,79.62117256348017,232.99478700325227
403.0161272824396,68.6289290669203,78.01635256491349,232.20268819457885
406.2133989373154,68.97347539684687,76.35388955596196,231.51359553472574
406.9690861487885,71.64563270987989,74.8425151330157,230.8611307798609
407.83502603830055,74.341069900395,73.1106353539916,230.12510565047594
411.10763974397236,74.7352808079712,71.17795579138283,229.33668383532356
411.9170106008688,75.11836644218909,69.55921407758996,228.57051256688777
412.62022344276835,77.82586571395301,68.15278839379087,227.68044131453976
415.8093593914375,78.23489194853966,66.2607719658184,226.86238884536647
416.3568479528118,78.61990286724941,65.1657948430699,226.09236700794696
416.9135654886455,79.08970907454587,64.05235977140254,225.15275459335405
417.4709720897401,81.64387584773262,62.93754656921333,224.41861259597633
420.06804847046294,82.00462023876922,62.08638365357254,223.69712381390312
420.144395472472,84.46603716881576,61.933689649554346,223.09116708744475
422.5927351716109,84.94090224149346,61.342483925410505,222.14143694208934
422.5559481221868,85.24261469280286,61.4160580242587,221.53801203947054
422.96786556770945,85.48163933040695,60.59222313321343,221.05996276426237
423.34183044107726,85.66689508809279,59.844293386477844,220.6894512488907
423.924177043908,87.89017201856286,58.67960018081635,220.47532230929127
426.5391133293635,88.01882593938113,57.65722343269747,220.21801446765474
426.62827541411184,90.31293228832247,57.478899263200745,219.81439912401052
428.2658505499379,92.40430319057523,58.3793053085633,219.8072136365197
431.01797473020974,93.74681927700786,61.25993342671015,221.31461970299972
431.1420079378866,93.98996689846055,61.011867011356486,220.82832446009434
432.7703029341021,94.20287589426884,62.01157602426336,220.40250646847775
434.1527571261323,94.26276787269657,63.51568543520995,220.2827225116223
435.5809624904523,94.08964889407545,64.95469457827019,220.62896046886453
436.82830248730886,96.16169494050418,66.78712561034362,220.8119794017937
436.32343885214016,96.41601002216461,67.79685288068104,220.30334923847283
437.7427164546916,96.17007548282109,69.33350693897592,220.79521831715988
439.2312260382341,96.20648473714058,70.76704766327471,220.7223998085209
440.8529453254991,96.49902361518141,71.95953762539958,220.13732205243923
440.501479736057,96.81085803186677,72.66246880428376,219.51365321906852
440.0627662637339,96.97455338259498,73.53989574892987,219.1862625176121
439.7073068015733,97.10729816678105,74.25081467325121,218.92077294923996
439.33282625472253,97.24321646963719,74.99977576695262,218.64893634352768
441.0401169673813,97.47163773667387,76.06912092079003,218.19209380945432
438.3731411973332,97.55835681633799,76.9061910416895,218.01865565012608
438.03978527517864,97.75953531651889,77.57290288599854,217.61629864976427
437.817943505962,97.84781920969513,78.01658642443195,217.4397308634118
437.37269963662106,97.89568538793841,78.90707416311369,217.34399850692523
434.80760921707144,97.98045005878254,79.50101539346105,217.17446916523699
434.3673564571892,98.04325528957631,80.38152091322544,217.04885870364944
431.74568513961316,95.89307736491598,81.06621396924425,216.79056497383672
431.3328882789617,95.95294529440575,81.89180769054713,216.67082911485718
428.89227831783944,95.99773022273534,82.19258867722016,216.581259258198
428.52311610192044,96.13497111900153,82.93091310905808,216.30677746566562
428.1441569901745,96.30769809416695,83.68883133255,215.96132351533478
425.4248261051718,96.28896425436633,84.52496520960952,215.99879119493602
422.9543097341054,96.44250374980174,84.84795151539481,215.6917122040652
420.2468619523487,96.61512478223543,85.64343463747528,215.34647013919783
417.53238803697997,96.8525978177307,86.44371470113278,214.8715240682073
414.8962459754065,97.10365343351003,87.07988299505365,214.36941283664862
411.95685549925923,95.05892062636543,88.31844234881409,213.81865685240362
408.87113099042585,95.13172598627877,89.83557535741879,213.67304613257696
405.6870716307215,92.80411410041536,91.52455258897241,213.6491284164487
400.53214942754323,90.52435753877933,92.4170018689039,213.49994397650823
397.58898734249806,90.64596045152854,93.58101920929813,213.2567381510098
392.5021105535544,90.80478110897107,94.276140560674,212.93909683612475
389.4058680195945,90.9713444229867,95.7216721256359,212.60597020809348
384.13271708636336,88.6933327301735,96.73291088399887,212.39446203967026
381.38594934883724,88.80735188423358,97.44424513028508,212.16642373155008
378.6906772658064,88.92533950861699,98.04344012336115,211.93044848278328
373.5051403729277,89.07925956934747,98.81770698414815,211.6226083613223
370.50615650353586,89.03330098955723,100.00821691714363,211.71452552090278
367.25392093645064,88.8792095648273,101.68311074166007,212.02270837036264
361.9715427419841,86.28179727910367,102.52136301146871,212.35428088224768
361.3630092535491,86.2473537419303,103.73842998833874,212.42316795659443
356.125122719333,83.62399577224626,104.40455398541624,212.76505936028516
353.03502711996884,80.92432493670576,105.66336404929694,213.24301989651852
347.5402118726953,78.23130684273397,106.75260724436848,213.67886243472435
344.41046470180765,78.05442767640862,108.03667008169603,214.03262076737505
339.505679239061,72.87301610854408,107.8406083834513,214.38981127936609
336.55382899356584,72.61339307889548,108.73964838425654,214.90905733866327
331.9674795003631,69.92292733801132,107.85673912917461,215.26218469968788
327.1526031928615,67.32392474285245,107.45106035985135,215.4424741978424
324.37867688863423,64.64507004027523,107.98557720817033,215.7868478428613
319.3280577242226,61.99142011516015,108.03156215807923,216.06652100363434
316.5993368291845,62.01854751090407,108.45648696854391,216.0122662121465
312.0462785157115,59.28407049305437,107.48445841726137,216.44214765873164
307.0062520282187,59.2455848691568,107.5074233499836,216.51911890652678
304.63848602022006,59.06037748943382,107.21288736057076,216.88953366597275
299.9645335184299,56.33709309523708,106.50002405521212,217.3057182998967
297.29831398881765,56.19197685232618,106.80835523891135,217.59595078571851
294.76876959365217,56.063249291531406,106.83374444064125,217.85340590730806
290.10875554786105,55.77656121622692,106.07796566118567,218.42678205791702
285.32871246311566,55.45774780982731,105.57173236027757,219.06440887071625
280.6123377958611,55.184130985517356,104.93714181911275,219.61164251933616
278.1456720513879,54.88124855641102,104.83986199408456,220.21740737754882
275.5747960673795,54.55084031491684,104.94386240418456,220.8782238605372
273.0563147210809,54.14214308648768,104.93162607345248,221.6956183173955
268.6228416723203,51.12169018751099,103.67676951460402,222.67562278716403
263.7649030676478,50.66890328146114,103.28610523549328,223.58119659926373
261.2925942059472,50.41012385299028,103.17110552007205,224.09875545620545
256.56800182127455,49.95447583509409,102.49002397919314,225.01005149199784
254.26969911539,49.51423230957407,102.02017877395252,225.89053854303788
249.501830220749,48.98216813062159,101.41391666340486,226.95466690094284
247.19009031522853,48.52542145878884,100.9615978590573,227.86816024460833
244.67963891404628,45.63707583613544,100.90140639115943,228.5637572196527
237.54453784735296,45.063273913756746,99.90124757456553,229.71136106441008
237.03104403588867,44.58625749047806,100.92823519749415,230.66539391096745
234.43435364119244,44.00035490921147,101.00056529243383,231.83719907350064
227.16805854457226,43.31575460260663,100.11525525415402,233.2063996867103
224.34010025680143,42.6985254895489,100.62768507422511,234.44085791282578
223.8851335423617,42.15069590040265,101.5376185031046,235.53651709111827
219.4106058678072,41.34374618169184,100.08200072799241,237.1504165285399
219.00459624253173,40.78703485045703,100.89401997854334,238.2638391910095
216.76204693838417,40.15185593553599,100.14872252171655,239.5341970208516
212.1035946144462,39.44570181963205,98.99455233341573,240.94650525265948
211.18353234552916,38.8771669869618,100.83467687124984,242.08357491799998
206.51440077242665,38.00490723637239,99.60390519385564,243.8280944191788
205.7942106487256,37.40627337679375,101.04428544125777,245.02536213833608
201.08587748181426,36.52550253908295,99.7995663966451,246.78690381375768
200.34854615182846,35.97021553687716,101.2742290566167,247.89747781816925
200.48677890607695,35.25053348343896,100.9977635481197,249.33684192504566
196.16461794582426,34.47887513494409,98.85804252927323,250.8801586220354
196.3071375179942,33.83692153041204,98.57300338493337,252.1640658310995
194.03275862638816,33.171875033303635,97.73236836918372,253.4941588253163
193.52775604558997,32.70654943182984,98.7423735307801,254.4248100282639
192.00952215987178,32.205259883904375,96.35392892302323,255.42738912411482
189.98811608389195,31.599650980993204,95.00033381581379,256.63860692993717
190.59178529529655,31.217468825810187,93.79299539300463,257.4029712403032
190.23506852920457,30.61849162540301,94.50642892518859,258.60092564111756
187.20134040447644,32.56512774298295,95.16533494186659,260.1162036387359
186.97862912494872,31.902840262571942,95.610757500922,261.4407785995579
184.6791157088304,31.267403603443228,94.74063786076081,262.71165191781535
184.56224749397865,33.43412959368058,94.97437429046438,263.8497871154504
184.46685032967787,32.775461132856634,95.16516861906595,265.1671240370983
184.7892449906068,35.01083649322936,94.5203792972081,266.2107528060836
185.22326424608855,37.17066454298691,93.65234078624458,267.4086989190892
186.0637228377861,36.64362185953439,91.97142360284951,268.46278428599425
