179.0,140.0,316.0,266.0
178.75877600829068,140.09069787197018,315.48244798341864,264.81860425605964
178.7824696834236,140.57244252535486,315.4350606331528,263.8551149492903
178.74607487423697,145.550224614592,315.50785025152607,263.0131855206735
178.64484121794573,145.7078255141875,315.71031756410855,262.6979837214825
183.13013150404248,150.29812388688856,315.838959758025,262.61660974219035
183.2359472400277,150.62690406314246,315.62732828605454,261.95904938968255
183.28036641261517,151.06278411738103,315.53848994087963,261.0872892812054
187.8699511160812,151.39579538210046,315.4299140331058,260.42126675176655
187.9574657761107,151.91643218850425,315.2548847130468,259.379993138959
188.0407710996862,152.4415413184118,315.0882740658958,258.3297748791439
188.1490358763806,153.03221177399683,314.871744512507,257.1484339679738
188.31266086934033,153.6779629841102,314.5444945265875,255.8569315477471
188.44036110068606,154.30671767361054,314.2890940638961,254.5994221687464
188.53721325227593,154.95343319439152,314.09538976071633,253.30599112718443
193.13185990842493,155.75697920578142,313.8287216545806,251.6988991044046
193.21409569570022,156.35198558044732,313.66425008003,250.50888635507283
193.15396471275315,156.98441163560557,313.78451204592415,249.24403424475634
193.15584820563566,157.47996240469587,313.7807450601591,248.25293270657573
193.22478371174194,158.06318632786247,313.6428740479466,247.0864848602425
193.336990042131,158.8214218479117,313.41846138716846,245.57001382014408
193.36899897818196,159.5305222716894,313.3544435150665,244.15181297258866
193.38747325329115,160.17694166330966,313.31749496484815,242.85897418934815
193.3628621728755,156.39186527268126,313.36671712567943,241.68803084375924
193.32192757836083,156.87679124336472,313.4485863147088,240.7181789023923
188.9138288090558,152.91732629098928,313.55655849893327,239.92888345275747
188.76739310870062,149.03161075145061,313.8494298996436,239.0033099625041
184.28549318173353,145.15378198021668,314.1268567353406,238.07259448673477
184.01440179453115,141.16715317693485,314.66903950974535,237.37044219000734
179.2795392404466,137.3599356004164,315.4665620119344,236.31267473706419
174.51424051197185,133.59108561616313,316.33010344262294,235.18331867930974
174.12195895350402,129.8752865749128,317.1146665595586,233.95320088132553
169.5030205249526,126.22085528071155,317.69904901340635,232.60856906647294
164.95401716208013,122.6380757484833,318.15673243360783,231.13380482538602
164.75060715500715,123.43086486406094,318.5635524477538,229.54822659423075
160.24505245805364,119.7495808341463,318.9714848462062,228.30761765860538
155.79298342073537,120.46039995543794,319.28667149268324,226.8859794160221
155.4500604420497,116.75075523109807,319.97251745005457,225.7349520752213
150.73794195863596,117.28409999861151,320.835030914314,224.6682625401944
146.08427826625686,117.89381842538853,321.5851928442501,223.44882568664036
145.6192745506512,118.44949114974028,322.51520027546144,222.33748023793686
145.07918281224104,118.93757795928504,323.59538375228175,221.36130661884735
144.59705344659258,115.24217920029506,324.55964248357867,220.20794665894437
144.25111076141334,115.83507989742586,325.25152785393715,219.02214526468276
143.9292774221592,116.30944740773133,325.89519453244543,218.07341024407182
139.54776057550814,117.02614583160224,326.13396760787936,216.64001339633
139.40536042918916,117.80586540408058,326.4187679005173,215.08057425137332
139.36091256005972,118.48344592759634,326.5076636387762,213.7254132043418
139.44144514208622,119.26003663708042,326.3465984747232,212.17223178537364
139.39220771082975,119.95208294226023,326.4450733372361,210.788139175014
139.530125956299,120.75110782268399,326.1692368462976,209.1900894141665
139.5507765119166,121.44227111242824,326.1279357350624,207.807762834678
143.6798242673338,122.09134760615943,326.2265033401775,206.50960984721561
143.74594227035422,122.71252641333109,326.09426733413665,205.2672522328723
143.8355031505547,123.3269169831245,325.9151455737357,204.03847109328547
148.03871779151888,128.10868687468846,325.799084285381,202.76529930373118
148.26377791678033,128.73287380338095,325.3489640348581,201.5169254463462
148.48189637877437,129.3466909882472,324.91272711087004,200.2892910766137
148.84345640299406,129.98319008002315,324.18960706243064,199.0162928930618
149.01397681191742,130.47731707340836,323.84856624458394,198.02803890629136
153.22604292815558,130.9300464605756,323.58303135345153,197.1225801319569
153.339481290467,131.3658163530842,323.3561546288287,196.25104034693967
157.3709661822256,131.80972658626246,323.41453965110367,195.3632198805832
157.46195235376507,136.31583135820875,323.2325673080247,194.4582810835942
157.59193265633962,136.76118193359713,322.9726067028756,193.56757993281747
157.5100977118677,137.08626784410694,323.13627659181947,192.91740811179784
157.43160907763414,141.48019942266222,323.2932538602866,192.19143229086347
157.33730108219777,141.72986250798039,323.48186985115933,191.69210612022715
157.18305667743743,150.03698878445792,323.79035866068,191.17052616351378
157.08358270667185,150.23018953159092,323.9893066022112,190.78412466924777
157.0567921391458,150.39783287197338,324.04288773726324,190.44883798848286
161.0806754438035,154.6666711684681,324.02877674788056,189.94481701542608
161.0376156374396,154.93945047855135,324.1148963606084,189.39925839525952
160.90092455916133,159.31628067829416,324.3882785171649,188.6625635663557
160.85737089322464,159.6290715984238,324.4753858490383,188.03698172609643
160.77362717884975,159.83402062398068,324.64287327778806,187.62708367498263
160.67756933782854,160.02665206689167,324.83498895983047,187.24182078916067
160.56426249425633,160.21397759666183,325.0616026469749,186.86716972962034
160.4212356132951,160.35450748788793,325.34765640889736,186.58610994716815
160.33537978397345,160.54954860048684,325.51936806754065,186.1960277219703
164.29125986597606,160.8298596018897,325.59109725189677,185.63540571916462
164.28347322906419,161.1733561602196,325.6066705257205,184.9484126025048
164.25850915103192,165.43720420864327,325.65659868178506,184.3843063278648
164.33913939708677,165.6870044938692,325.49533818967535,183.8847057574129
164.599000278699,166.0444948775994,324.97561642645087,183.16972498995256
164.86246634008918,166.39236324488806,324.4486843036705,182.47398825537522
165.14221352755666,170.76381317345636,323.88918992873556,181.63546125553708
165.4872868491798,171.18684157987792,323.19904328548927,180.78940444269395
165.83020153933543,171.66267643450374,322.513213905178,179.8377347334423
166.19044759775986,172.17049349146367,321.7927217883292,178.8221006195224
166.39009543349323,172.62181162590844,321.39342611686243,177.9194643506329
166.4822921445367,173.02228608516387,321.2090326947755,177.11851543212202
166.64908310905452,173.43319930368568,320.87545076573986,176.2966889950784
166.9012655173436,173.86625478355552,320.3710859491617,175.43057803533875
170.8911284904261,174.16082186524775,320.11540186541225,174.84144387195425
171.01616596686918,174.565296755514,319.8653269125261,174.03249409142177
171.19624406324291,174.9693880155438,319.5051707197786,173.22431157136214
171.35818012941908,175.3797030959646,319.1812985874263,172.40368141052053
171.44762681076364,175.7429138055776,319.0024052247372,171.67725999129456
171.53443496450862,172.34382887138614,318.8287889172472,170.83576194650556
171.64236949157916,172.8166971921427,318.61291986310613,169.89002530499243
171.82200825241767,173.27229717480026,318.2536423414291,168.97882533967734
175.9138607303035,173.8436706631113,317.65232811809744,167.83607836305518
176.16877265144436,174.3557869211724,317.1425042758157,166.811845846933
176.3837641595652,174.85114944710608,316.71252125957403,165.82112079506564
176.64618295891134,175.38208085822825,316.18768366088176,164.75925797282133
176.9677155580444,175.91068247003372,315.54461846261563,163.7020547492104
177.21746684964629,176.45590470955528,315.04511587941187,162.61161027016726
177.46535436995418,177.0501436158213,314.54934083879607,161.42313245763526
177.64485139077573,177.69443416263448,314.190346797153,160.13455136400884
177.80145420862283,178.3489223550354,313.8771411614588,158.82557497920703
177.85997596430556,178.99279708214274,313.7600976500933,157.53782552499234
177.96796207602964,176.03667861515999,313.54412542664517,156.13069349136632
178.13555332212664,176.70053559882564,313.20894293445116,154.80297952403504
178.25024673869132,177.36664253400107,312.9795561013218,153.4707656536842
178.31249238463332,177.98031729293197,312.8550648094378,152.24341613582237
178.41568355900472,178.61962689019316,312.648682460695,150.9647969413
178.53108514449144,179.23850542301955,312.41787928972155,149.7270398756472
178.46566937431746,179.85456580407418,312.5487108300695,148.49491911353795
178.3227203566277,184.08481000580747,312.834608865449,147.17912389634648
174.69599306846348,184.72562335433065,312.9621496751386,145.89749719930015
174.68637319500382,185.35395644069922,312.98138942205793,144.640831026563
174.62124629151208,186.04736121045147,313.1116432290414,143.25402148705845
171.0569863643417,186.63069559149147,313.1788483655515,142.08735272497847
170.9469660569803,190.79030621284048,313.3988889802743,140.80997147042052
170.7676033744889,191.36970545201459,313.7576143452571,139.6511729920723
170.62523115270653,191.9184946000757,314.04235878882184,138.5535946959501
170.5120585343067,192.517498873099,314.2687040256215,137.35558614990353
170.34605056428205,193.11305676601236,314.6007199656708,136.16447036407675
170.21011576667553,193.70626062297472,314.87258956088385,134.97806265015203
170.12624124745412,194.28331223746886,315.0403385993267,133.82395942116372
170.1302500493398,194.8368190973045,315.0323209955553,132.71694570149245
169.97666162324808,195.3692269370386,315.33949784773876,131.65213002202424
170.0380154379618,195.94136466313222,315.2167902183113,130.507854569837
170.07763199297204,196.4644784372662,315.1375571082908,129.4616270215691
170.1157981198596,193.66547104070278,315.06122485451573,128.2124247618271
170.09746244796995,194.17399094361815,315.097896198295,127.19538495599639
170.17781979643456,194.7822173860085,314.9371815013658,125.97893207121564
173.5256373780077,195.31035846397708,315.02382538883904,124.92264991527853
173.53505899426727,195.70821556583127,315.0049821563199,124.1269357115701
177.02162657281454,196.2078059078275,314.78200945618045,123.12775502757765
177.06925643213452,196.7716216431126,314.6867497375405,122.00012355700741
177.15021363168864,197.3036558128093,314.52483533843224,120.93605521761405
177.23087626803346,197.8473492372734,314.3635100657426,119.84866836868589
177.42208468922993,198.40995486725836,313.98109322334966,118.72345710871593
177.7252316013352,199.06631422092335,313.37479939913914,117.41073840138596
181.33157654322213,199.71717098933232,312.7683233478807,116.10902486456806
181.6809175149892,200.33361278747282,312.06964140434656,114.87614126828706
182.00124293189853,200.9252889927364,311.4289905705279,113.69278885775984
185.51921413797677,201.58555657891262,310.9043140902425,112.37225368540741
185.6561819965712,202.26889296327892,310.63037837305365,111.00558091667486
185.7596668890621,202.90587345576276,310.4234085880719,109.73161993170713
185.89539709328784,203.53068620877016,310.1519481796204,108.48199442569233
185.9497305168891,204.18615558974193,310.04328133241785,107.17105566374877
185.9226119936285,204.84549688959748,310.09751837893907,105.85237306403772
185.8264486971438,205.51025435408704,310.28984497190845,104.52285813505858
185.52206858909128,206.08345310433577,310.8986051880135,103.37646063456114
185.1803777756408,206.73909061735546,311.58198681491444,102.06518560852174
184.92882585524495,207.50469421040685,312.08509065570615,100.53397842241895
184.64800911913338,208.26112928013873,312.6467241279293,99.0211082829552
184.34015398266627,208.9370179725072,313.2624344008635,97.66933089821826
183.88773492522694,206.73326036961086,314.1672725157422,95.83210486470826
183.51049284719,207.3525599334169,314.92175667181607,94.5935057370962
182.90543999961727,205.01144495263043,316.1318623669615,93.0644075128906
182.41293314456283,205.59872383508883,317.1168760770704,91.88984974797378
181.8730491301615,206.19205343368932,318.1966441058731,90.70319055077276
181.39999905414558,206.88319445518593,319.1427442579049,89.32090850777958
180.86056027822607,207.56552437276963,320.2216218097439,87.95624867261213
180.3586845432896,208.3296545588363,321.22537327961686,86.42798830047883
179.9065002848819,209.1133712232147,322.12974179643226,84.86055497172205
179.43121649977383,209.8322676883365,323.0803093666484,83.42276204147844
178.9820660288932,210.60713322397189,323.97861030840966,81.87303097020764
178.56772153065572,211.47634944639356,324.8072993048846,80.13459852536431
178.1816216500629,212.38574379753925,325.57949906607024,78.31580982307295
177.84790352794505,213.31486468479494,326.24693531030596,76.45756804856153
177.5223133101466,214.17037497611287,326.8981157459029,74.74654746592569
177.28774729102886,215.11895054719588,327.3672477841383,72.84939632375969
176.9121799367618,215.97891598371797,328.1183824926725,71.12946545071547
173.53699444120548,216.77997250598432,328.91591387647395,69.52735240618277
173.16458597455272,217.6057630646494,329.66073080977947,67.87577128885262
172.76450822180044,218.4185122398561,330.46088631528403,66.25027293843918
172.09923221919053,219.17255976005285,331.79143832050386,64.74217789804572
171.35756008221853,219.8985168458962,333.27478259444786,63.29026372635901
167.61801210437176,220.5609248294561,334.88172233825435,61.965447759239254
166.68508906606263,221.13045481707792,336.7475684148726,60.8263877839956
165.74381241348448,221.65602742755345,338.6301217200289,59.7752425630445
164.75804091586932,222.2395775293641,340.60166471525923,58.6081423594232
160.93222183048843,222.84453589825645,342.3717054609962,57.39822562163852
160.00497797484013,223.34327834040644,344.2261931722928,56.40074073733853
159.07134707251174,223.7487905433437,346.0934549769496,55.589716331464025
155.30059635562978,224.12313540120564,347.73729728371376,54.84102661574015
154.61581752451013,224.41509774309264,349.10685494595305,54.25710193196614
153.8822212229858,224.67024550731696,350.5740475490017,53.74680640351747
150.16467076884024,224.84773800073214,352.08636531077065,53.39182141668718
149.42108447699633,225.04812675353799,353.57353789445847,52.99104391107545
148.76344669827938,225.3005500246409,354.88881345189236,52.486197368869625
145.14799245905462,225.49385409104627,356.1626230711474,52.099589236058854
144.47270876931046,225.68753521805343,357.5131904506357,51.71222698204454
140.81957081491208,225.88062218490367,358.8417059981505,51.32605304834408
140.20836345018859,226.16365317197275,360.06412072759747,50.75999107420592
139.52455975677498,226.39055081405624,361.4317281144247,50.30619579003893
138.87218319385468,226.59026494213558,362.7364812402653,49.90676753388027
135.2849330442963,226.67639461880577,363.8976076558353,49.734508180539876
134.78008889832932,226.7050773227806,364.9072959477693,49.677142772590216
134.39301275359267,226.76738539358524,365.6814482372426,49.55252663098095
134.1291025753297,226.92158475044857,366.2092685937685,49.24412791725425
