188.0,241.0,269.0,72.0
190.04431406610982,241.4639344843609,269.0525373838055,70.07213103127825
190.06709970208894,242.40257710130055,269.00696611184725,68.19484579739891
192.43505558197285,243.3382717938234,269.34044536945214,66.32345641235322
194.78590141718996,244.31453662698854,269.6772939975351,64.37092674602292
194.06551881823322,240.5890391971016,271.1180591954486,61.8098122447923
196.5092785203576,241.6431318847903,271.20772705772686,59.70162686941491
196.47318243674252,242.67277476454177,271.27991922495704,57.64234110991198
195.7587318986125,234.35642576878945,272.7088203012171,54.6785542266225
198.033418703633,235.2198001217401,273.02092787726883,52.95180552072122
197.81232181299865,236.14419069247282,273.46312165853755,51.10302437925576
197.56043903832213,236.97559385458703,273.9668872078906,49.44021805502734
197.207438756797,237.65192321350239,274.67288777094086,48.08755933719662
196.93901397983007,238.17986930559837,275.2097373248747,47.03166715300465
196.5806451625881,238.52135338519884,275.92647495935864,46.34869899380374
196.38384519385846,238.64019915727704,276.3200748968179,46.1110074496473
196.01448120791196,238.40438437252814,277.0588028687109,46.5826370191451
195.58711196106938,237.99162851130762,277.9135413623961,47.40814874158613
192.94522634563955,237.49345981501702,278.406415142816,48.40448613416736
192.68161651005323,236.79366700481927,278.93363481398865,49.80407175456287
192.40722888886512,236.00776189127356,279.48241005636487,51.37588198165426
192.10274650821438,235.1227052925628,280.09137481766635,53.145995179075804
191.7322815459577,234.13005746516438,280.8323047421797,55.13129083387264
191.32255273209572,233.06266946675936,281.6517623699037,57.26606683068271
191.0547198033804,231.90715334426721,282.1874282273343,59.57709907566701
190.73615894586828,230.71615153291498,282.82454994235854,61.95910269837144
190.36306009639512,232.0857630121174,283.5707476413049,64.36349591175073
190.0389688469713,230.8812835978525,284.2189301401525,66.77245474028058
189.83628844849483,229.64841725823692,284.62429093710546,69.23818741951173
189.682222969537,228.41040127294693,284.9324218950211,71.71421939009174
189.5477648324398,227.15177412457132,285.2013381692155,74.23147368684295
189.48744873112577,225.88613750415087,285.3219703718436,76.76274692768385
189.3843556094822,224.61308317436004,285.5281566151307,79.3088555872655
189.2074809727289,223.24483980063582,285.88190588863733,82.04534233471398
189.04381223263965,221.91292992282973,286.2092433688158,84.70916209032609
188.92024122848147,220.46256316632451,286.45638537713216,87.60989560333655
188.7214167866594,216.10561466474877,286.8540342607763,90.64487250368146
188.53570693397452,214.64165996646562,287.22545396614606,93.57278190024772
188.3006808096077,210.13812592540563,287.6955062148797,96.78012648622106
188.0938345499463,208.72320673445643,288.1091987342025,99.6099648681195
187.908466754599,204.17428074756273,288.4799343248971,102.78515074292773
187.85889133111792,202.72700880356723,288.5790851718593,105.67969463091873
190.8523645440591,201.26154770271566,288.6316050919849,108.61061683262186
190.72385093633065,199.86819646797983,288.8886323074418,111.39731930209352
193.61438811898648,198.49886725883903,289.2543971576306,114.13597772037511
193.45256492496466,197.17500042159634,289.57804354567423,116.78371139486049
196.43939367759606,195.8523789866368,289.8574731807106,119.42895426477958
199.60942018528013,194.50370147313652,289.82162900434645,122.12630929178013
202.8231098241558,193.2029168576386,289.74581707552346,124.72787852277598
206.0455175020257,191.7738865671739,289.6975084996519,127.58593910370543
206.00536027732488,187.10190507863206,289.77782294905353,130.48367596859552
209.17322412418548,185.7765762535449,289.94044505386,133.13433361876986
212.3204228377881,184.44072095857234,290.19323806025,135.80604420871498
212.3256958405918,183.0709170217345,290.1826920546426,138.54565208239072
215.52657544829404,181.759584240339,290.42614581557854,141.16831764518165
218.6694835522942,180.41102409201252,290.8347121433676,143.8654379418346
218.5821815011356,175.68068888177777,291.0093162456848,146.57895935406236
221.75184780219433,174.33018271734886,291.4666498992809,149.27997168292018
221.59890310823195,172.9819805414182,291.7725392872057,151.97637603478148
224.71161361546947,171.62257116835946,292.4480515457231,154.69519478089896
224.50381369611029,166.79395958893375,292.8636513844415,157.39483282259363
227.73433854688633,165.39383807196913,293.412594327332,160.19507585652283
227.38178069041226,164.00051201963402,294.11771004028014,162.98172796119306
227.16033216480935,162.6001010872448,294.56060709148596,165.78254982597153
226.8888940740066,157.62217152127033,295.10348327309146,168.56017574340623
226.63548172209443,156.2646209109614,295.6103079769158,171.27527696402407
230.0222103115282,154.89058481436115,296.12390842536837,174.0233491572246
229.82092971096193,153.5071493890591,296.5264696265009,176.79022000782874
229.5759868384996,152.18825437419562,297.01635537142556,179.42801003755568
229.37324232452505,150.9126198742993,297.42184439937466,181.97927903734833
229.26637972452477,149.79884457636626,297.63556959937523,184.20682963321443
232.88551357089298,148.75925843721564,297.93262518372734,186.28600191151568
232.81052710863946,147.71444808070385,298.0825981082344,188.37562262453926
232.77195228004365,146.74623796520234,298.159747765426,190.31204285554222
236.60876241755997,145.88754279201135,298.13158039923934,192.0294332019242
236.63132910827528,144.98283318327293,298.0864470178087,193.8388524194011
240.49158106543408,144.1185521306694,298.0691874820215,195.56741452460813
240.51169171935396,143.23902651862787,298.02896617418173,197.3264657486912
240.42355199972883,142.40780409162312,298.205245613432,198.98891060270068
244.3829168089357,141.5879085481942,298.07727359280557,200.62870168955848
244.38047130295246,140.89862237808327,298.08216460477206,202.00727402978038
248.3205658485293,140.11251802286688,298.04098194428894,203.57948274021317
248.27101078383717,139.4311220687676,298.1400920736732,204.94227464841174
248.3271521407904,138.65069807047678,298.02780935976676,206.50312264499334
252.1462370553271,137.8833357475628,298.30225780788226,208.03784729082133
252.12327913721165,137.1260125005883,298.34817364411316,209.55249378477032
252.02953813665522,136.2723755599217,298.53565564522603,211.25976766610353
255.96849638121293,135.4456644654337,298.6565471687646,212.9131898550795
255.8691421421463,130.68874585918215,298.85525564689783,214.3991505478836
259.8014637017459,129.9237543778068,299.0459558032553,215.9291335106343
259.79470394361977,129.14370142164438,299.0594753195075,217.48923942295914
259.7157278403951,128.4327929851536,299.21742752595685,218.91105629594068
263.6908285436908,123.74771328563216,299.40219105589586,220.1462507584531
263.574028711307,123.17972670895396,299.6357907206635,221.2822239118095
267.41512979459685,122.63648346237791,300.13378914568426,222.3687104049616
267.28444700437683,122.05069361174294,300.3951547261244,223.54029010623154
271.178312077591,121.58803612870359,300.8361542968411,224.46560507231024
270.94918468957394,121.12854074062038,301.2944090728751,225.38459584847666
270.76607118644404,116.47903456456245,301.660636079135,226.41101572330672
274.56022571230153,116.17763433739228,302.36728093328566,227.01381617764707
274.23605965102166,115.75820821606854,303.0156130558454,227.85266842029455
274.04172945505707,115.43394447605594,303.40427344777453,228.50119590031974
273.8221419865129,115.05471543365428,303.8434483848629,229.25965398512307
277.638327439528,114.84212099357848,304.58583609319174,229.68484286527467
277.2655958034559,114.69980023697396,305.3312993653359,229.9694843784837
276.9723045619219,114.5731595365349,305.9178818484039,230.22276577936182
276.62986772740635,114.45441826774515,306.6027555174349,230.46024831694132
276.34742551666943,114.42806282036138,307.16763993890885,230.51295921170887
276.04612409409606,114.49438126015261,307.7702427840556,230.3803223321264
279.8810625617134,114.71378137721979,308.5532415806435,229.94152209799205
279.6144489919543,114.88332564065306,309.0864687201617,229.60243357112552
279.32252371281044,115.00941483318118,309.67031927844937,229.35025518606926
279.10608173061627,110.84640597987087,310.1032032428377,229.21135289972932
278.874110484918,111.11947407620369,310.5671457342342,228.66521670706368
278.5688309796376,111.43852250254791,311.177704744795,228.02711985437523
278.1892056963868,111.72943035405737,311.9369553112967,227.4453041513563
277.86044489145866,112.06280086414014,312.594476921153,226.77856313119077
277.5948493731426,112.39999328049038,313.125667957785,226.1041782984903
277.3257658285544,112.81809290868912,313.6638350469614,225.2679790420928
277.0877461332692,113.20791898553892,314.13987443753183,224.4883268883932
276.7684441999604,113.68606184933734,314.7784783041494,223.53204116079638
276.4676403582721,114.31896555019591,315.38008598752606,222.26623375907923
275.9957447083783,114.96302326942572,316.3238772873136,220.97811832061961
275.7065235421099,115.5887394414556,316.90231961985046,219.72668597655985
275.52587472941707,116.16198509774843,317.2636172452361,218.5801946639742
271.0543137213122,116.67129074554549,317.8041057571212,217.56158336838007
270.74910097561906,117.3794451503728,318.4145312485075,216.14527455872545
266.3834826607574,118.03269038360956,318.7661067569158,214.83878409225193
266.18385500160696,118.79277062386242,319.1653620752167,213.3186236117462
261.76788881987875,123.62361347542006,319.65324023085344,212.00099211645073
261.7084994855419,124.37449140725899,319.7720188995271,210.49923625277287
261.34360167151794,125.12134855799076,320.501814527575,209.00552195130933
256.9748305458711,125.82204366971784,320.9470025840857,207.60413172785516
256.8505919470192,126.46959295322002,321.19547978178946,206.30903316085082
252.31524355315563,131.35600085539807,322.0084204805922,204.79397344541914
252.31819655781072,132.27225285983573,322.002514471282,202.96146943654384
247.9182762923935,133.1080531293121,322.5885149196308,201.28986889759105
247.6244258276518,133.8681253314208,323.1762158491142,199.76972449337367
243.42498780201788,134.7088042160395,323.3972501973054,198.08836672413628
243.2286809795069,139.59593859022453,323.7898638423274,196.46698133053673
243.10081652116844,140.4788230435845,324.0455927590043,194.7012124238168
239.01657254587286,145.33451390834597,324.10857401268606,193.09533739120323
238.9577595036552,146.10907064478582,324.22620009712136,191.5462239183235
234.83142330279193,151.0151504178245,324.4239398980166,189.78899697307745
234.76524472566987,155.81936619090436,324.55629705226073,188.20871514636036
234.78996854995603,156.66007333444333,324.5068494036884,186.52730085928246
230.83351912722608,161.5231214963901,324.4456393340104,184.77531345052668
230.86836898189722,166.40147536276743,324.37593962466815,182.9620637388376
226.96829321348434,167.16663224421427,324.2644898649419,181.43174997594397
227.15189093190068,171.96979763404545,323.8972944281092,179.70932462487679
223.23471827699663,172.71541012519765,323.8825123932275,178.2180996425724
223.29889477415466,177.3930656640282,323.75415939891144,176.68625614680585
219.5543328219907,178.06462381115892,323.4478746116242,175.3431398525444
215.77792266162987,182.61243030680268,323.232768311664,174.01545348193866
215.89873302962053,183.1309684881906,322.9911475756827,172.9783771191628
215.9456882380833,187.55871955079056,322.89723715875715,171.8435843199095
212.39697087704928,192.03428118488972,322.2947994825115,170.59233345002482
212.67287366321617,192.5045135245673,321.74299391017774,169.6518687706697
212.91947377074865,196.96130575260523,321.24979369511277,168.3835600325886
213.5022412501411,197.50114838702916,320.08425873632785,167.3038747637407
210.21968045817107,198.0534026061428,319.06883784113074,166.1993663255134
210.61381122066916,198.58805187224,318.28057631613456,165.1300677933191
210.9464875067909,199.10265679150672,317.6152237438911,164.1008579547856
211.3705314093302,203.34676649008188,316.7671359388125,163.10179567301026
208.22562092971,203.65141830677143,315.5974594280364,162.49249203963114
208.64332199759383,204.0806250443028,314.76205729226876,161.6340785645684
209.11902050471076,204.47749519996432,313.8106602780349,160.8403382532454
209.622886253364,204.91424248397044,312.80292878072845,159.9668436852331
210.11906661587713,205.3890274649117,311.81056805570216,159.01727372335066
210.59259495633347,205.76108203497887,310.8635113747895,158.27316458321627
211.02055297984344,202.51763338149507,310.00759532776954,157.47043662175332
211.31179964248537,202.9295487954562,309.4251020024857,156.64660579383104
211.6603916725118,203.28876476512528,308.72791794243284,155.9281738544929
212.03148997823374,203.67950077822582,307.98572133098895,155.1467018282918
212.31010407935858,200.48703306076192,307.42849312873926,154.33818711260923
212.63219815882252,200.80196101726463,306.7843049698114,153.70833119960383
212.78008231701983,197.49128671631837,306.48853665341676,153.17869647075622
212.9424804731397,197.75393900876566,306.163740341177,152.65339188586168
213.1322808149579,194.41282540827206,305.7841396575406,152.21197473173876
213.4856883559651,191.00222562914544,305.07732457552623,151.92272725593278
213.66925769752868,191.1699782928061,304.71018589239907,151.58722192861146
213.77675404154851,187.89895550923507,304.4951932043594,151.04535438214495
213.95291933450216,188.14967628537323,304.1428626184521,150.54391282986865
214.0428366647448,188.41354826034052,303.9630279579668,150.0161688799341
214.03548542739048,185.10652426202023,303.97773043267546,149.58445180401907
214.1304688941966,185.26053589088548,303.7877634990632,149.2764285462886
214.24191353523426,185.38249725272667,303.5648742169879,149.0325058226062
214.37730188170903,182.0013756775881,303.29409752403836,148.77186272212825
214.42214050580907,182.10177340972788,303.2044202758383,148.5710672578487
214.41587883084483,182.2216714276144,303.21694362576676,148.33127122207566
214.3053594822657,178.83639240163842,303.43798232292505,148.09619577474888
214.14465273247515,178.922431578281,303.7593958225061,147.92411742146373
214.0716623505168,179.01563676566275,303.90537658642285,147.7377070467002
213.8990743723014,179.0864520106272,304.2505525428536,147.59607655677132
213.84237570972252,175.7301555271563,304.3639498680114,147.3007031434127
213.84004806166777,175.74995788593142,304.3686051641209,147.26109842586249
213.84260918151236,175.85589590043196,304.3634829244317,147.0492223968614
213.793640969605,172.48840272792202,304.4614193482464,146.7840982694413
213.67048474331267,172.55058384834845,304.7077318008311,146.65973602858844
213.48821562901836,169.05613846653426,305.0722700294197,146.65026469456802
213.39510547056676,169.0497766447828,305.2584903463229,146.66298833807093
213.27094160279034,168.98074440555456,305.50681808187574,146.80105281652746
212.9865179647088,165.55611051578308,306.0756653580388,146.6378381673392
212.7300787476534,162.19448244460136,306.5885437921496,146.34315212889237
212.58349858107425,162.3480051734553,306.8817041253079,146.03610667118446
212.26633119429684,158.93386686547262,307.51603889886275,145.8451636509849
212.17856859248886,159.11225451079838,307.6915641024787,145.48838836033335
211.89268402707614,155.70620432328474,308.26333323330414,145.2790102700694
211.88050340022247,155.8860030112976,308.2876944870115,144.91941289404372
211.72389829030823,156.05090522468618,308.60090470683997,144.58960846726654
211.51998757947808,152.70613414215836,309.00872612850026,144.26010768965696
211.4529244102139,152.83206160425806,309.1428524670286,144.00825276545757
211.35405534233664,149.40506180744444,309.34059060278315,143.84547370843453
211.32761943791084,149.53562824592953,309.39346241163474,143.58434083146432
211.34376967346486,149.64393875420976,309.3611619405267,143.36771981490386
211.3412251921318,146.17613664511683,309.36625090319285,143.29456562356108
211.33139958090229,146.20595814642184,309.38590212565185,143.23492262095104
211.35290563313464,146.24054060547797,309.34289002118715,143.1657577028388
211.40319605586984,142.84673764307018,309.24230917571674,142.94840331258334
211.2753783850707,143.0030087301189,309.49794451731503,142.63586113848592
211.20895121388688,143.07167751438757,309.63079885968267,142.49852356994853
211.22839123335078,139.59699839164819,309.59191882075487,142.4504087794287
210.99955452773486,139.72601897004418,310.0495922319867,142.1923676226367
210.71455155418283,139.85782450734268,310.61959817909076,141.9287565480397
210.49516569350283,140.0679194827964,311.05836990045077,141.50856659713224
210.3457500292818,140.2148537136073,311.35720122889285,141.21469813551045
210.18665025494778,140.32462786708948,311.67540077756087,140.9951498285461
210.03302161932976,136.9587027295574,311.9826580487969,140.72615978009927
209.7506910623563,137.12910281653245,312.5473191627438,140.3853596061491
209.61702157966934,137.2330652512494,312.81465812811774,140.17743473671524
209.48377187971016,133.8418238761637,313.0811575280361,139.95689459773658
209.3307063556366,133.92456812531464,313.3872885761832,139.79140609943465
209.18329205811153,130.58910942803337,313.68211717123336,139.45777599182895
209.08667407876877,130.7940803009506,313.8753531299189,139.0478342459945
209.11415991684424,127.48472721656961,313.82038145376794,138.66799316954723
208.94096415734305,127.71625126205896,314.16677297277033,138.20494507856853
208.72845244974727,127.98265578116285,314.5917963879619,137.67213604036075
208.61860616810154,128.13545802869234,314.81148895125335,137.36653154530177
204.96420866238998,124.81544346033601,315.1377892837867,137.0240660031247
204.8291923350477,124.94260837600964,315.4078219384712,136.76973617177742
204.64729066336054,121.65997005263448,315.77162528184556,136.3544120341011
204.3216583237117,121.90094039890977,316.42288996114326,135.87247134155052
200.59966248814155,118.67756729522573,316.887438633421,135.3397745500561
200.2848728158103,115.49858927441888,317.5170179780835,134.72098714200658
199.85343782256376,115.81781949072165,318.3798879645766,134.08252670940104
195.91273944828018,112.61044124151668,319.2852292407584,133.52122773542558
195.46161311582483,109.51498204953356,320.1874819056691,132.73296711832552
195.123712212475,109.75619408971147,320.86328371236874,132.2505430379697
191.28878349398656,106.57642538725008,321.55375201753236,131.63069131107926
187.3315800524114,103.31536952530871,322.4898358674506,131.17448000172988
187.03098111631226,100.06061171834382,323.0910337396489,130.70029990779076
186.68374817665358,100.34943021715549,323.78549961896624,130.12266291016743
182.70143908864276,97.02272356584967,324.7665041848022,129.7924626025934
178.66715392556338,93.90284010697957,325.843229885422,129.04038489479456
174.57713170146653,90.80332778702639,327.02937048348355,128.24550568456877
174.1227225029438,87.61750763523327,327.938188880529,127.62040252019187
170.2341596763953,87.90040754366287,328.7167038938309,127.05460270333268
169.635276049159,84.75834752084715,329.91447114830356,126.33907114247504
165.71699019932035,85.03522115686027,330.7470350853111,125.7853238704488
