1
266.7433,157.5719,119.5134,74.8562
270.7230,165.2641,120.6761,74.6751
265.5859,175.6784,118.7303,75.2315
266.6706,180.6277,116.5609,74.4386
265.9529,182.3182,115.0067,74.0473
265.3455,186.5352,113.2618,74.4924
261.8692,190.4644,111.3915,75.4568
259.8674,193.0583,109.5374,76.1267
257.9268,197.1483,107.5947,76.6827
256.0479,202.1916,105.5689,78.1633
254.0608,204.7488,103.7724,78.8195
252.1884,209.9306,101.7797,79.9310
247.4475,215.0978,99.8358,81.0222
247.0175,217.4500,97.8515,82.0064
243.7249,225.2999,95.9476,83.2844
241.8038,227.6968,94.1484,84.1324
238.5339,234.5166,92.2687,84.5250
235.3501,236.9667,90.2860,85.1918
233.6115,244.8831,88.2369,85.9379
230.7264,247.4757,85.7785,86.2383
227.8537,251.2859,83.3970,86.7446
227.7148,257.7785,80.9957,87.1559
225.1574,258.9347,78.1676,87.4910
223.7955,266.7090,75.6758,87.5891
223.8053,268.1418,73.0869,87.2928
221.5893,274.4975,69.9494,87.1974
221.5702,275.8868,67.5165,86.8898
221.5886,282.1338,65.0528,86.5299
221.7468,283.7630,62.3555,85.6526
222.9273,286.4665,59.9944,84.8928
223.0434,290.3472,57.4889,83.9510
224.1848,293.0362,55.2061,83.0084
225.2737,295.7459,53.0284,81.9200
226.3009,298.4561,50.9739,80.7255
227.3466,301.2051,48.8826,79.3490
229.4558,303.9840,46.6692,77.8014
232.5452,306.6780,44.3801,76.3029
235.2726,309.2385,42.6928,74.9497
236.6992,310.8457,41.6748,73.5704
238.8481,312.6005,40.9718,71.8582
240.7652,315.1786,40.6578,70.2222
244.3384,316.8433,40.4337,68.6235
246.1252,318.4134,40.2663,67.1863
250.2727,320.0701,40.3654,65.5518
254.2693,321.7315,40.6529,63.8850
256.5667,323.3639,40.9663,62.2564
261.1758,324.8661,41.4495,60.8688
264.9983,326.4263,41.8247,59.3524
269.4723,327.0565,42.4007,58.0921
272.3456,328.5226,42.9651,56.7377
277.5356,329.9205,43.5497,55.5082
280.4199,330.5615,44.0096,54.2261
285.5310,331.9572,44.6019,52.9796
288.3075,333.3084,45.1900,51.8125
292.5343,333.8537,45.8967,50.7220
296.7319,334.3594,46.6279,49.7106
299.3863,335.5721,47.3869,48.8021
303.6031,336.0472,48.0419,47.8520
305.5662,336.4764,48.6461,46.9934
310.4172,336.8448,49.4867,46.2568
311.5077,337.2236,50.3207,45.4991
316.3920,337.5724,51.1116,44.8015
317.4586,337.8649,51.9976,44.2166
321.5728,338.1683,52.8531,43.6098
321.8234,338.4181,53.8692,43.1101
325.2295,338.6677,54.6814,42.6110
324.7303,338.8903,55.6797,42.1657
328.0987,339.0893,56.6289,41.7677
328.3450,339.2710,57.6815,41.4044
328.5863,340.2266,58.7539,41.0482
331.2601,341.1498,59.6683,40.7673
330.6959,341.3059,60.7968,40.4552
330.1510,341.3808,61.8865,40.3053
330.4277,342.2621,62.9334,40.1430
330.7050,342.3496,63.9921,39.9680
330.1526,343.1753,65.0970,39.9429
329.5568,343.1669,66.2886,39.9597
328.9961,343.2248,67.4099,39.8438
328.4723,343.2898,68.4575,39.7139
327.0313,344.1872,69.6511,39.6075
325.5675,344.2273,70.8744,39.5273
324.1366,344.2174,72.0154,39.5471
321.0016,344.2498,73.0707,39.4822
318.7212,344.2424,74.1263,39.4971
316.3853,344.2020,75.2612,39.5779
312.2048,344.1715,76.4761,39.6388
310.7156,344.1779,77.6490,39.6260
306.4503,344.1288,78.8898,39.7243
303.1455,344.1555,79.9726,39.6709
299.7239,343.1965,81.2442,39.7317
295.3835,342.2661,82.4174,39.7157
291.0550,341.3051,83.4994,39.7439
288.5868,340.3391,84.6158,39.7657
282.2900,339.3718,85.6493,39.7737
277.9182,338.4364,86.6256,39.7026
274.4260,337.4053,87.7456,39.8101
268.0551,335.4357,88.6495,39.8034
265.4884,334.3132,89.8110,40.0624
259.0198,332.3526,90.7039,39.9688
255.5072,331.2749,91.6729,40.1054
249.8981,329.2325,92.7155,40.1201
244.3385,327.1739,93.5821,40.1363
239.7276,325.1015,94.5507,40.1544
234.0131,322.9913,95.5914,40.2195
229.3441,320.8333,96.5540,40.3478
223.6134,317.6701,97.4653,40.3441
219.9464,315.5274,98.4301,40.3833
213.1489,312.3270,99.1986,40.3709
210.5549,310.0919,100.0896,40.5439
203.6903,306.8344,100.8317,40.5656
199.9390,304.5831,101.8077,40.7169
195.2283,301.3195,102.4597,40.6670
190.4609,295.7336,103.1912,40.8348
184.5978,294.4937,103.8457,41.1003
182.0253,288.8401,104.5337,41.2651
176.1870,287.6017,105.0035,41.5003
173.6068,281.8522,105.6592,41.7378
169.9307,278.3875,106.2136,41.8693
164.9468,274.8159,107.0761,42.1836
163.4951,268.9339,107.6851,42.4759
159.6634,266.5125,108.4236,42.7021
157.0102,261.7064,109.0841,43.0222
153.0798,256.9179,109.9301,43.2463
149.1595,254.3665,110.7076,43.6403
146.4262,248.2090,111.4289,44.0924
142.5181,245.5600,112.0721,44.6082
139.6616,240.4042,112.9659,45.2817
135.5297,237.6445,113.9265,45.9321
132.6379,233.5995,114.7902,46.6426
128.4253,229.4598,115.7606,47.4671
125.3841,225.2295,116.8157,48.3868
121.0517,223.4611,117.8449,49.3784
117.9117,219.0612,118.9694,50.4450
114.6254,215.7908,120.3164,51.7604
110.1090,212.5279,121.3827,52.9750
106.7645,209.0869,122.6866,54.4721
104.8047,207.0307,123.8685,55.8467
100.0729,204.9048,124.9952,57.3196
98.1693,201.2651,125.9811,58.9566
94.7058,199.0388,127.1798,60.5449
92.7743,196.7443,128.1334,62.2246
90.8267,195.8673,129.0761,63.9785
85.8582,193.4096,130.0229,65.8972
83.8342,190.8555,131.0272,67.9618
81.8664,189.7664,131.8688,70.1398
81.5014,188.6526,132.5988,72.3675
79.5958,187.5583,133.2171,74.5561
79.2884,184.7769,133.8318,76.8796
79.0160,183.5334,134.3767,79.3668
77.1657,182.3465,134.7393,81.7405
77.0093,181.1188,135.0521,84.1958
76.8722,179.9361,135.3262,86.5613
76.8959,178.7499,135.2788,88.9337
78.8019,177.5487,134.9789,91.3361
80.7464,176.3171,134.6372,93.7993
82.7705,176.8039,134.1722,96.4086
86.6986,177.2559,133.5538,99.1237
88.9350,177.6892,132.7353,101.9113
94.9919,176.3428,131.6833,104.6041
99.3933,176.8022,130.3103,107.4003
101.9290,175.4137,128.9781,110.1771
112.0851,175.9818,127.4825,112.8042
114.8003,174.5969,125.8342,115.5742
123.2790,175.2278,124.0802,118.1133
128.0812,173.8405,122.1034,120.8878
134.8868,172.5022,119.9721,123.5643
143.7159,171.1833,117.6544,126.2021
150.7160,169.8173,115.1731,128.9342
157.7304,168.5047,112.6724,131.5593
164.9444,167.0867,109.7742,134.3954
175.9265,165.6242,107.0116,137.3204
181.0624,164.2327,104.4205,140.1034
192.1876,162.7538,101.3726,143.0612
197.4314,161.2207,98.5557,146.1273
208.4965,159.8909,95.6006,148.7869
215.7179,156.5995,92.6351,151.5441
224.8495,153.3447,89.6410,154.2364
231.9829,150.1468,86.7945,156.8254
242.9266,148.8789,83.8906,159.3611
249.9899,143.9289,81.1170,161.6924
258.8918,140.8929,78.3962,163.9937
267.5008,137.8496,76.2071,166.3230
275.6343,134.8992,74.9516,168.4711
279.5204,134.0550,74.7033,170.1595
286.9377,131.1631,74.9975,172.1610
292.1128,128.4786,76.0961,173.7138
295.1547,127.8977,77.7288,174.8757
298.1540,125.2968,79.5377,176.1736
303.0840,124.6245,81.5411,177.5181
305.9942,124.1639,83.7387,178.4394
308.8902,121.7408,86.0685,179.2247
309.8213,121.4975,88.3193,179.7113
310.6618,119.2448,90.7974,180.0575
311.4822,119.1504,93.3638,180.2464
312.2680,119.2009,96.0462,180.1452
313.0262,119.4135,98.8287,179.7202
313.8145,119.7046,101.5923,179.1379
312.4547,120.1795,104.3119,178.1881
311.1253,120.8243,106.9706,176.8985
309.8267,121.6636,109.5677,175.2199
308.5673,122.6398,112.0866,173.2676
307.3958,123.7019,114.4296,171.1432
306.2458,124.8176,116.7295,168.9120
305.1018,126.0317,119.0176,166.4837
303.9332,127.3181,121.3548,163.9108
300.5831,128.7099,123.5751,161.1273
297.2366,130.1662,125.7944,158.2147
294.0330,133.9635,127.7363,155.0853
288.6623,135.6235,129.5803,151.7655
283.3001,139.5615,131.4503,148.3166
280.2063,143.5323,133.2341,144.7788
277.1786,147.5656,134.9124,141.0894
269.9099,151.5759,136.4112,137.4150
264.7987,155.6316,138.0090,133.6158
259.7212,159.6504,139.6092,129.8556
252.5670,163.7164,141.1891,125.9664
247.5726,169.8547,142.7670,122.1009
242.5047,173.8386,144.5669,118.3009
235.3887,177.7533,146.3954,114.6061
230.2920,183.8231,148.3836,110.6717
225.3814,187.6167,150.0672,107.1534
216.3569,193.6447,151.9697,103.1705
211.6049,197.3130,153.4746,99.8334
202.8277,201.1381,155.1623,96.1499
199.9308,207.0428,157.0259,92.2011
189.2881,210.6651,158.8538,88.8481
184.4752,216.3486,160.7563,85.2044
175.8631,219.8440,162.6706,82.0410
171.0787,223.3090,164.6373,78.9121
162.4330,228.7301,166.8264,75.6210
155.8005,232.0176,168.8417,72.7960
149.1787,235.3174,170.8970,69.9258
140.7524,238.6792,172.9169,66.9104
134.1340,242.0211,175.1033,63.9100
125.5137,245.1257,177.7010,61.3614
118.7794,248.0885,180.2147,59.0874
111.9222,250.6011,182.9916,57.7081
105.0282,252.7625,185.7999,57.0452
98.0526,254.6536,188.6884,56.9506
90.9540,256.2844,191.7057,57.4156
85.6349,257.7170,194.7880,58.3285
78.4460,257.1123,197.6502,59.5379
72.8203,258.2767,201.0987,61.1105
67.0427,259.3667,204.6950,62.9100
59.1036,260.3751,208.3820,64.9569
55.1763,261.4039,212.0828,67.0530
51.1225,262.3954,215.9455,69.3148
46.9849,263.3816,219.8795,71.6840
42.8273,264.2894,223.7538,74.3090
40.8988,265.2850,227.6107,76.8620
39.0311,266.1839,231.3462,79.7097
37.2833,267.1536,234.8419,82.5211
35.4676,270.5501,238.4731,85.4317
33.8627,271.4566,241.6830,88.5752
32.2649,272.4166,244.8785,91.7144
33.3578,273.4637,247.8545,94.7819
34.6989,274.6359,250.4318,97.6970
39.0057,273.2626,252.5157,100.4437
43.4322,274.5207,254.5187,103.3552
48.2407,273.1571,255.9190,106.0825
56.1074,274.5520,256.9178,108.8701
61.5598,273.2603,257.2953,111.4536
70.1242,272.0601,257.2439,113.8540
79.0295,270.9756,256.6350,116.0230
88.2441,269.9878,255.4956,117.9986
97.8470,269.0491,253.6337,119.8759
107.8064,268.2086,251.0759,121.5568
120.8712,267.5130,248.0619,122.9481
128.4198,266.9759,244.4828,124.0222
139.2683,263.7470,239.9614,124.7549
153.0250,260.6485,235.1339,125.2804
161.2493,257.7428,229.9043,125.4824
177.9936,255.1056,224.0954,125.2209
183.6650,252.5294,218.1982,124.9275
203.2058,247.5819,211.2370,124.1158
208.9225,247.9742,205.0401,123.3312
225.3480,243.4483,197.8441,122.1209
231.2141,241.5654,191.1154,120.8833
247.0044,237.4689,183.9456,119.3120
252.5848,235.8206,177.5332,117.8600
265.0341,234.3417,171.1468,116.1898
270.6671,230.7249,164.3853,114.4149
284.4939,229.3904,158.5960,112.7111
289.8249,226.0434,152.1914,110.8904
296.6768,224.8084,146.7480,109.2302
303.3395,221.6468,141.4631,107.5129
311.5831,220.3829,136.7112,106.1289
315.8201,219.2793,132.0538,104.5195
321.7390,216.3369,127.6545,102.9658
327.2783,215.1986,123.8293,101.6157
330.9836,212.4164,119.9647,100.0882
336.0399,213.1420,116.7757,98.6370
339.3434,210.4781,113.5580,97.1860
342.3035,209.4507,110.9542,95.9245
345.0867,210.0115,108.6435,94.8030
347.7602,208.9731,106.4987,93.6778
350.2078,209.4582,104.7541,92.7075
352.4645,208.2816,103.3489,91.9525
352.9895,208.5914,102.2989,91.3330
353.3561,208.8574,101.5656,90.8009
353.5801,209.0322,101.1177,90.4512
353.6073,209.1045,101.0634,90.3068
353.5079,209.1863,101.2621,90.1432
354.7568,209.1295,101.7774,90.2567
354.2514,208.9857,102.7882,90.5444
355.2227,208.8433,103.8886,90.8292
355.9373,210.2255,105.5241,91.1295
354.9595,211.5212,107.4797,91.6328
353.6947,212.7681,110.0093,92.2723
353.9155,215.6036,112.7501,92.9661
352.4582,216.8183,115.6648,93.7726
350.8324,217.9793,118.9164,94.7443
349.0235,219.1665,122.5342,95.7292
347.0643,222.0861,126.4525,96.7516
344.9491,225.0581,130.6830,97.8221
342.7098,226.3385,135.1615,98.8505
340.3181,227.6144,139.9450,99.9728
337.8079,228.9512,144.9654,101.0643
335.0693,232.2747,150.4425,102.1354
330.3354,233.8140,155.9511,103.0160
325.4214,235.4401,161.7220,103.8208
320.3780,237.1967,167.6520,104.4644
315.1663,239.0722,173.8192,104.9697
309.8303,238.8547,180.1344,105.4048
302.0956,240.9528,186.6878,105.6665
296.6564,240.9045,193.0065,105.7631
288.7444,243.2843,199.5214,105.6582
278.5360,243.4091,205.6917,105.4084
273.0808,243.6753,211.7670,104.8761
265.2582,244.0968,217.5822,104.0332
259.9956,244.6520,223.1222,102.9227
249.7729,245.3183,228.4279,101.5901
244.5827,243.6599,233.7080,99.8067
239.6830,242.0750,238.3621,97.8313
232.6057,243.0244,242.1618,95.9325
225.6084,241.7102,245.7597,93.3624
221.5479,240.4387,248.6767,90.7015
215.1664,239.2270,251.0443,87.9272
211.6693,238.0098,252.8571,85.1802
208.4762,236.8457,254.0862,82.3514
205.6026,235.6871,254.7106,79.5458
202.9971,232.2077,254.8418,76.3447
200.7092,231.0256,254.3948,73.6863
198.6258,229.8798,253.5948,71.0110
199.1907,226.4658,252.4651,68.0278
197.6407,225.1620,250.7314,65.8018
198.6273,223.9592,248.7582,63.4399
199.7362,220.5639,246.5403,60.8407
198.4251,221.1448,244.5479,59.6790
199.6979,217.7058,242.0023,57.4279
200.7943,216.2338,239.8097,55.8860
201.9030,214.7682,237.5922,54.3915
202.9975,213.2523,235.4032,53.0574
204.0736,211.6754,233.2510,51.9012
205.0530,210.0793,231.2921,50.8360
205.8369,210.2451,229.7244,50.5045
206.5984,206.7323,228.2014,49.1674
207.1028,206.7574,227.1926,49.1171
207.4988,204.9180,226.4006,48.6766
207.8229,204.9310,225.7524,48.6507
207.8993,203.0570,225.5997,48.3086
207.8311,202.9594,225.7360,48.5039
205.5775,202.8685,226.1562,48.6857
203.0632,200.9469,227.0883,48.4322
200.2805,200.7208,228.5492,48.8845
197.3743,200.4585,230.2280,49.4092
194.1902,200.1389,232.4288,50.0484
184.4966,199.7864,234.9750,50.7533
180.8194,199.2930,238.0699,51.7401
172.5223,198.7422,241.6990,52.8418
168.2289,198.0325,245.8922,54.2612
156.8476,197.1951,250.7369,55.9360
152.0621,196.2370,255.7284,57.8521
142.0031,197.4754,261.7882,60.0614
136.4420,198.5902,268.0973,62.6449
128.1825,199.5446,274.7144,65.6870
117.0714,200.4078,281.6315,69.0624
110.8090,201.2281,288.8932,72.6848
101.3583,204.6542,296.9273,76.6999
94.8263,205.3834,304.3687,80.8641
85.0306,208.8180,312.3484,85.6066
78.5158,209.4152,319.3708,90.4195
75.1158,209.9385,326.1707,95.5693
71.7109,213.4810,332.9806,101.2614
68.8371,214.0051,338.7281,106.8039
66.3675,214.5356,343.6674,112.5172
67.6417,218.4654,348.0687,118.5569
69.7525,215.6172,350.9698,124.2532
76.0413,216.3543,352.9278,130.0469
86.6760,213.5298,353.8604,135.6959
94.2621,210.7484,353.7196,141.2586
114.0524,208.0894,352.2056,146.5767
119.5317,205.5688,348.9330,151.6178
137.4982,203.2086,343.9123,156.3382
152.9042,193.3063,336.3152,160.6663
165.4776,187.7286,326.5749,164.1184
190.6372,178.6057,314.3600,167.1226
204.5573,169.7642,301.5063,169.8191
229.6313,161.2131,288.1066,172.2219
251.8410,149.6221,272.4536,173.8292
268.9721,145.9390,259.1465,174.2103
286.5695,136.3741,244.3267,172.9651
296.3616,127.9583,231.2900,170.1542
302.0554,123.7319,219.9025,165.9999
307.5396,117.9124,208.9341,159.4517
312.3578,115.5535,199.2977,152.5931
316.5157,108.4559,190.9818,144.6708
319.7904,109.0418,184.4323,138.2257
320.4179,102.7354,178.1091,130.5657
320.3141,100.8497,173.4702,124.6440
319.8245,98.8345,169.7704,119.3165
316.7685,94.5985,166.8122,114.1830
315.5995,92.0732,164.7444,110.4222
314.2748,89.6500,163.0816,106.6442
310.7098,87.0129,161.7630,103.4698
309.1134,84.1619,160.8041,100.8685
307.4305,83.0915,160.0764,98.9157
307.7594,81.8668,159.4184,97.3150
305.9976,80.5474,158.9286,95.9404
306.2280,79.0548,158.4679,94.9428
306.3822,77.4732,158.1594,94.1467
306.4642,75.7137,157.9955,93.7245
308.4296,75.6296,157.9964,93.8926
308.3820,75.2476,158.0914,94.6566
312.1763,74.6014,158.4006,95.9491
315.9899,75.7757,158.7238,97.5756
319.7435,76.6865,159.2313,99.7614
325.5838,79.5047,159.7057,102.2284
329.4422,80.1500,160.1891,105.0378
333.3429,86.7174,160.6959,108.5197
337.3892,88.9528,161.0426,112.4882
341.5780,93.2349,161.2461,116.7956
345.8844,97.4727,161.3627,121.4140
350.3872,103.8651,161.2411,126.3972
352.7877,107.8466,160.9615,131.9985
355.3364,116.3563,160.4720,138.0186
355.5995,122.6022,159.9457,144.3162
355.7041,128.8334,159.7367,151.0135
352.6582,137.4496,160.9352,158.2472
343.8753,143.6266,163.4218,165.9990
331.5808,152.6333,167.2600,173.9241
320.8493,156.7183,172.6048,181.8723
308.7198,161.2549,180.1181,189.5445
292.6906,166.8161,188.8928,195.8852
278.8454,173.3177,198.4054,201.0596
264.3893,177.5571,208.4454,205.1624
252.7926,182.4331,218.6117,208.4373
237.6346,184.5596,228.7536,210.9091
225.7516,187.2461,238.6748,212.4584
210.2407,190.3992,248.3923,213.2536
201.9662,190.3322,257.6767,213.3877
186.5178,190.7890,266.3430,212.4740
178.7611,191.7009,274.3278,210.6502
171.2596,189.2678,281.7098,207.8955
163.9171,187.3700,288.7066,204.0027
156.9825,182.2598,294.8453,198.7621
150.7840,181.3174,299.5058,192.9106
149.1895,180.9537,302.6947,185.9288
148.0873,177.3875,304.8991,177.7818
147.6842,174.3157,305.7054,168.8552
147.7216,171.5560,305.6306,159.5839
148.0603,172.3137,304.9531,150.8331
155.7100,166.4602,303.8026,141.3170
160.2164,167.3040,301.6819,132.7374
164.8854,165.1134,299.0544,123.6971
169.9319,162.9789,295.4743,114.9407
178.5043,163.7060,290.9393,107.1815
184.5669,158.7267,284.9145,98.8391
193.9490,161.5577,277.8765,93.1771
200.9553,159.1166,269.5234,86.7402
208.3416,158.5056,260.1734,82.5396
218.0966,157.4662,251.0888,79.4056
224.5356,155.8363,243.2368,77.6396
230.2619,153.8354,236.6662,76.7592
235.7531,149.2576,230.4563,76.3699
240.5307,146.8253,225.5782,76.5573
242.5810,144.3854,221.4778,76.8260
246.6163,141.8826,217.9645,77.2741
248.0525,139.4048,215.0923,77.7141
249.2740,136.9199,212.6493,78.2016
247.9655,134.4858,210.8099,78.6133
246.5075,132.0450,209.2885,79.0577
244.7939,129.6270,208.2921,79.4701
245.1576,129.3704,207.5647,79.9832
243.3106,126.9642,206.8433,80.3802
241.3432,124.5620,206.3658,80.7722
241.4435,122.1436,206.1652,81.1968
239.2561,119.6797,206.1229,81.7073
239.2307,119.4415,206.1736,82.1838
236.9283,116.9574,206.3436,82.7170
236.7873,114.4453,206.6256,83.2945
234.3844,111.9093,206.9703,83.9052
234.2761,111.5556,207.1869,84.6127
231.7221,108.9352,207.8021,85.3606
229.1718,106.3025,208.3876,86.1112
228.8679,105.8847,208.9955,86.9468
226.1675,103.1065,209.8359,87.9428
225.7361,100.3227,210.6987,88.9203
223.0080,99.8495,211.5349,89.8667
220.1652,96.9883,212.5717,90.9402
219.6294,96.4757,213.6434,91.9655
218.9393,93.5340,215.0236,93.1324
218.4005,92.9407,216.1012,94.3190
215.2951,89.8919,217.5185,95.6231
214.6864,89.2408,218.7359,96.9253
211.5794,88.5699,220.0723,98.2671
208.2973,85.4154,221.7159,99.6556
207.5942,84.6998,223.1220,101.0867
206.8282,83.9352,224.6540,102.6160
203.5252,83.1945,226.1965,104.0974
202.5969,79.8545,228.0531,105.6654
201.8056,79.0543,229.6357,107.2659
198.3803,78.2575,231.2691,108.8594
197.4904,77.4124,233.0489,110.5496
196.5631,76.5699,234.9034,112.2347
192.9275,75.7117,236.7938,113.9511
191.8862,74.8122,238.8764,115.7500
190.9005,73.9468,240.8479,117.4809
189.8759,73.0855,242.8970,119.2034
186.0347,72.2016,244.9610,120.9712
184.9388,71.2898,247.1527,122.7949
183.8684,70.3774,249.2936,124.6197
179.9243,69.4285,251.3757,126.5175
178.8049,71.4424,253.6145,128.3590
177.7577,70.5557,255.7089,130.1323
176.6622,72.6693,257.8999,131.9005
175.5991,74.8150,260.0262,133.6668
174.5481,73.9532,262.1281,135.3904
170.4203,76.2016,264.2036,137.0737
169.4218,78.5450,266.2007,138.6264
168.4480,77.7673,268.1482,140.1819
167.3637,83.3188,270.3168,141.7808
166.4157,82.5772,272.2129,143.2641
165.4680,85.1379,274.1083,144.6063
164.5706,87.7439,275.9030,145.9089
163.7842,90.4400,277.4758,147.0801
162.9458,93.1945,279.1527,148.1776
162.2125,96.0424,280.6192,149.1321
161.4998,98.9341,282.0447,150.0367
160.7653,101.9023,283.5136,150.8248
160.1151,104.9511,284.8140,151.4871
159.5232,111.5559,285.9978,151.8578
159.0486,114.6843,286.9470,152.4149
158.5750,117.8930,287.8943,152.8352
158.0913,121.1938,288.8616,153.0921
157.6997,124.5712,289.6448,153.2147
157.3420,128.0154,290.3603,153.2172
156.9678,131.5607,291.1086,153.0281
156.6385,138.7084,291.7672,152.5512
156.4578,142.3833,292.1286,152.1122
156.3143,146.1040,292.4156,151.5792
159.6618,149.8880,292.6242,150.9147
159.6723,153.7249,292.6032,150.1362
159.8027,157.5818,292.3424,149.3038
160.0068,161.4924,291.9342,148.3459
163.6712,165.4381,291.4461,147.2952
164.0249,169.4504,290.7387,146.0860
167.7566,173.4848,290.0594,144.8014
168.2069,177.5577,289.1589,143.4075
168.7105,181.6851,288.1518,141.8676
169.2463,185.7961,287.0802,140.3188
173.0717,189.8827,286.0600,138.7764
173.6850,193.9225,284.8334,137.2857
174.3258,197.9286,283.5518,135.8188
178.2211,201.9204,282.2622,134.3363
178.8566,205.9109,280.9913,132.8116
179.5163,210.0223,279.6718,131.0001
183.3352,210.8119,278.3944,129.4210
184.0905,214.8752,276.8839,127.6086
187.8998,218.9193,275.5260,125.7810
188.6622,219.7007,274.0012,124.2182
189.5052,223.6892,272.3150,122.4004
193.2882,227.6099,270.8520,120.6618
194.0392,228.3258,269.3500,119.2301
197.9307,232.2192,267.5712,117.4474
198.6498,232.9591,266.1329,115.9675
199.4783,236.7347,264.4758,114.3164
200.1826,237.4477,263.0672,112.8905
203.8550,238.2022,261.5237,111.3814
204.6953,241.8420,259.8432,109.8541
205.3890,242.5352,258.4557,108.4677
208.9242,243.2010,257.0417,107.1361
209.7138,246.7215,255.4625,105.7074
210.3367,247.3350,254.2168,104.4804
213.7137,247.8928,252.9870,103.3649
214.4216,248.4447,251.5713,102.2611
215.0703,248.9926,250.2739,101.1652
215.7012,252.2549,249.0121,100.0491
219.0050,252.7355,247.7749,99.0880
219.4877,253.1746,246.8095,98.2097
219.9574,253.5878,245.8702,97.3833
220.3971,253.9670,244.9907,96.6250
220.8620,254.3358,244.0609,95.8874
221.2631,254.6637,243.2587,95.2316
221.6417,257.4934,242.5015,94.7736
221.9712,257.7670,241.8425,94.2265
224.8255,258.0210,241.2971,93.7185
225.0912,258.2353,240.7657,93.2900
225.3361,258.4100,240.2759,92.9405
225.4998,258.5807,239.9484,92.5990
225.6221,258.6878,239.7039,92.3849
225.6273,258.6279,239.6935,92.5047
225.4562,261.0092,240.0357,92.8435
225.0542,260.6731,240.8396,93.5158
224.5347,260.1791,241.8787,94.5038
223.7907,262.1540,243.3667,95.7227
220.4436,261.3839,244.8490,97.2628
216.9773,260.4286,246.5209,99.1734
213.2466,259.2615,248.6632,101.5077
209.1798,260.5599,251.4055,104.3023
205.0486,259.1045,254.1874,107.2130
200.7724,257.4358,257.1672,110.5505
196.3685,255.6315,260.3004,114.1592
191.7445,253.6865,263.7649,118.0491
187.0446,251.5637,267.2623,122.2947
182.2698,249.3105,270.7843,126.8011
177.3995,246.9623,274.3672,131.4974
175.5358,244.4716,278.0945,136.4789
170.4659,238.5850,281.8017,141.8193
165.3558,232.5163,285.4424,147.3771
160.2122,222.8511,289.0006,153.2499
158.4893,212.9927,292.4465,159.2026
156.9159,202.9848,295.5933,165.1488
155.4655,196.5295,298.4941,170.8768
154.0290,182.6321,301.3671,176.7024
152.8155,176.2250,303.7941,182.0522
151.7637,158.4252,305.8977,187.2885
154.7853,152.2378,307.5649,191.9530
158.0192,142.2460,308.9106,196.3094
161.5803,132.4728,309.6951,200.0424
165.5470,123.0090,309.7426,203.0086
169.9069,117.9738,309.0537,205.0479
174.5815,109.4047,307.7589,206.0771
179.4968,105.4395,305.9807,205.9552
188.7751,101.9447,303.4707,204.9214
194.3597,99.1819,300.2701,202.4786
204.0859,96.9115,296.5773,199.1396
210.0346,95.0531,292.4486,195.0875
216.0190,97.2453,288.1191,190.7031
225.9164,96.1761,283.3271,185.3401
235.6574,98.8350,278.5255,180.0224
241.7162,101.6789,273.5874,174.3345
254.7302,104.6566,268.5908,168.3791
260.5103,107.6663,263.8665,162.3598
266.4205,114.3199,258.7106,155.7170
275.2471,117.1879,254.0091,149.9811
280.8668,123.4742,249.0788,143.7175
289.3394,129.5467,244.3934,137.7024
294.6235,135.3365,239.7835,132.0811
302.5705,140.8747,235.4783,126.7991
307.3570,146.1215,231.5458,121.9461
311.8315,151.0743,228.0964,117.5400
316.0884,155.7533,224.9557,113.5552
320.0890,160.1322,222.2127,110.0554
323.8354,161.6047,219.8773,107.1105
327.4524,165.5706,217.7156,104.2509
330.8312,166.5762,215.9490,102.2398
331.6484,170.0145,214.3146,100.2935
332.2687,170.7454,213.0741,98.8316
335.1837,171.3542,212.0728,97.6140
