1
428.6460,223.4210,140.7080,98.1581
428.7651,223.3738,140.4698,98.2524
428.7727,223.3228,140.4547,98.3543
428.8317,223.2960,140.3366,98.4080
428.8755,223.2944,140.2490,98.4111
428.8541,223.2994,140.2919,98.4012
428.8425,223.3104,140.3150,98.3792
428.8295,223.3109,140.3411,98.3782
428.8087,223.3334,140.3826,98.3333
428.7515,223.3620,140.4971,98.2761
428.7302,223.4294,140.5397,98.1412
428.6188,223.4809,140.7624,98.0383
428.5730,223.5790,140.8539,97.8421
428.4841,223.5955,141.0319,97.8090
428.4274,223.6328,141.1452,97.7345
430.2737,223.6596,141.1988,97.6808
430.2142,223.6566,141.3179,97.6869
430.1087,223.6125,141.5289,97.7750
431.8753,223.5457,141.7486,97.9086
431.8648,223.4964,141.7695,98.0073
431.8417,223.4406,141.8157,98.1189
431.8237,223.4324,141.8517,98.1353
431.8001,221.5373,141.8989,98.1618
431.7296,221.6076,142.0399,98.0212
431.6591,221.6732,142.1808,97.8899
433.4554,221.6717,142.3529,97.8930
433.4639,221.6779,142.3358,97.8805
433.4734,221.7053,142.3168,97.8257
433.4124,219.8378,142.4388,97.7953
433.2872,219.8409,142.6892,97.7891
433.1517,219.7303,142.9602,98.0103
434.9427,219.6754,143.1565,98.1200
434.8568,217.7811,143.3283,98.1256
434.7610,217.9049,143.5198,97.8779
434.7084,218.0888,143.6251,97.5103
434.6628,218.2601,143.7162,97.1676
436.4531,216.4646,143.9114,96.9829
436.3565,216.5889,144.1045,96.7342
436.2543,216.7267,144.3090,96.4587
436.1541,216.9411,144.5094,96.0298
437.9245,217.1320,144.7373,95.6481
437.7982,217.2782,144.9900,95.3558
437.7386,215.5505,145.1092,95.0463
437.7322,215.7716,145.1218,94.6042
437.7984,214.0779,144.9895,94.2374
437.9358,214.1932,144.7148,94.0068
438.0496,214.3164,144.4871,93.7604
438.1880,212.6627,144.2103,93.3372
438.1916,212.7635,144.2032,93.1356
438.2682,212.9208,144.0500,92.8210
438.2751,213.0148,144.0361,92.6330
438.3041,211.2255,143.9781,92.5066
438.4313,211.4129,143.7237,92.1318
438.4737,211.6457,143.6389,91.6661
438.6133,210.0935,143.3598,91.0876
438.7147,210.3495,143.1570,90.5755
438.6274,208.8305,143.3315,89.9562
438.4706,209.1949,143.6452,89.2274
438.2781,209.5119,144.0301,88.5934
438.1207,207.9924,144.3449,87.9950
437.9579,208.3642,144.6704,87.2514
437.9012,208.6916,144.7840,86.5967
439.6514,207.2390,144.8984,85.8870
439.6003,207.5512,145.0007,85.2626
439.4473,206.0763,145.3067,84.6169
439.4838,206.3128,145.2337,84.1439
439.4338,206.6017,145.3336,83.5661
439.4195,206.9360,145.3622,82.8975
439.3686,205.6034,145.4639,82.0018
439.2915,205.6965,145.6182,81.8157
439.3036,201.7789,145.5940,82.5583
439.3906,202.0363,145.4200,82.0436
439.4395,202.5824,145.3222,80.9514
439.4758,203.1545,145.2496,79.8073
439.5058,203.6216,145.1896,78.8730
439.5983,204.0972,145.0047,77.9218
439.6540,204.5404,144.8933,77.0354
437.8546,204.8780,145.0382,76.3601
437.7302,205.2499,145.2869,75.6163
437.5771,205.5532,145.5932,75.0098
437.4192,205.9478,145.9089,74.2206
437.2863,204.6298,146.1747,73.4363
437.2120,204.9617,146.3233,72.7724
435.4229,205.3140,146.5001,72.0679
435.3513,205.7541,146.6434,71.1877
435.2557,206.1867,146.8346,70.3224
435.1720,206.5881,147.0019,69.5197
435.0883,206.8613,147.1693,68.9733
435.0848,207.1973,147.1764,68.3013
433.3401,207.5138,147.3297,67.6682
433.2217,207.8996,147.5665,66.8967
433.1625,208.4437,147.6849,65.8084
433.0466,208.9689,147.9167,64.7581
432.9666,209.5660,148.0768,63.5639
431.2086,210.0647,148.3270,62.5665
431.1171,210.5060,148.5099,61.6837
430.9648,210.8688,148.8145,60.9583
430.8708,211.2944,149.0026,60.1070
429.2184,211.5905,149.0895,59.5148
429.0969,211.8307,149.3325,59.0344
429.0028,212.0258,149.5206,58.6442
428.7353,212.2816,150.0557,58.1326
428.4749,212.5194,150.5766,57.6570
428.2882,212.6196,150.9499,57.4566
428.1718,212.6820,151.1826,57.3318
427.6068,214.3637,152.3127,57.1679
425.6615,214.4481,152.9907,56.9991
424.0870,216.1006,152.9203,56.9134
424.1405,216.0943,152.8131,56.9260
424.0847,216.1731,152.9248,56.7685
422.8105,217.8079,152.2589,56.7132
422.3072,217.8723,153.2656,56.5843
422.9219,219.5297,152.0361,56.4855
423.5452,219.5960,150.7896,56.3528
422.9142,221.2880,152.0516,56.1450
421.7982,222.9797,154.2835,55.9521
421.6564,223.0726,154.5671,55.7663
421.0660,224.7660,155.7480,55.5992
420.2196,224.7817,157.4407,55.5679
419.1370,224.7857,159.6059,55.5598
420.8078,226.5647,162.8401,55.2897
419.4194,226.6615,165.6169,55.0961
419.7592,228.4545,168.3024,54.8752
418.5367,228.5428,170.7475,54.6986
419.0237,230.3544,173.2043,54.5061
417.7938,232.0934,175.6640,54.4901
416.7571,232.0103,177.7374,54.6563
415.7890,233.7770,179.6736,54.6522
414.5074,235.4610,182.2367,54.8405
413.1666,235.2826,184.9184,55.1973
415.1964,237.0224,188.1403,55.3586
413.5763,238.7216,191.3805,55.6494
412.3419,238.4921,193.8493,56.1084
410.7195,240.2281,197.0941,56.4204
409.3347,241.9200,199.8638,56.8723
409.9818,241.6735,202.4526,57.3652
408.4587,243.2189,205.4988,58.2034
407.1637,242.7575,208.0888,59.1261
406.0302,242.3850,210.3557,59.8711
404.6907,243.8672,213.0349,60.9940
403.3865,245.5458,215.6432,61.7829
402.0495,245.6550,218.3172,61.5645
400.5443,245.4743,221.3275,61.9257
396.9755,247.4946,224.1848,62.1657
395.5894,247.5469,226.9571,62.0611
392.1642,249.7729,229.4450,61.9715
390.6338,252.0364,232.5059,61.8400
387.4158,252.1015,234.5056,61.7099
386.2498,254.3758,236.8376,61.6234
382.8448,254.2780,239.1544,61.8190
381.4470,256.3831,241.9500,62.1382
379.9018,256.4130,245.0405,62.0783
378.1050,256.3597,248.6340,62.1849
376.1569,256.1210,252.5303,62.6623
371.6929,258.3047,256.7251,63.0280
368.1223,258.1393,254.2683,63.3588
364.9333,259.9572,255.8755,64.4939
362.2147,259.3009,256.4980,65.8064
356.4530,260.9798,258.3243,67.2971
353.5166,260.2580,259.2947,68.7408
348.0869,259.5169,260.2679,70.2230
345.3455,261.3227,260.7658,71.5962
342.6133,260.4339,261.2126,73.3737
339.5241,262.0099,262.3336,75.2789
336.4688,261.1884,263.3357,76.9220
333.6411,260.4543,263.8375,78.3902
328.0509,259.6499,264.6424,79.9989
325.2863,258.7810,264.9424,81.7368
317.1810,257.8151,265.3567,83.6686
314.5409,256.9116,265.3299,85.4756
311.8610,256.1064,265.3497,87.0861
304.0025,255.3686,264.9576,88.5615
304.2580,254.7142,264.4465,89.8703
301.7642,254.0242,264.0263,91.2505
299.3705,253.3029,263.3868,92.6930
288.9017,252.8433,262.5479,93.6122
287.7412,250.0522,259.4201,93.7456
275.7079,249.6839,256.4542,94.4822
276.5462,249.4397,254.7775,94.9706
274.5575,246.4829,253.3928,95.5219
273.1445,243.5366,250.8665,96.0623
269.0626,243.2281,248.3789,96.6793
265.3835,240.2911,245.1348,97.2523
261.7387,239.9144,241.8951,98.0057
260.8500,237.1444,238.4411,98.3141
259.5203,236.9310,235.9133,98.7410
255.8560,234.2498,232.9253,98.9451
249.7860,232.2600,229.7090,97.8059
249.0575,230.1588,226.1141,96.9564
240.7728,230.7772,222.7433,95.7195
242.6600,228.7388,218.9689,94.8819
239.6114,229.4667,215.3761,93.4260
242.2928,230.1323,210.0132,92.0949
243.7752,228.4749,202.3824,90.7436
244.2687,226.5777,196.8637,90.0063
238.6468,224.5836,194.7916,89.5560
233.7780,224.8997,191.3276,88.9236
235.6340,223.1007,187.6156,88.1826
235.5661,217.5176,183.4792,86.5324
233.1883,218.1809,179.8687,85.2057
231.1010,216.7813,175.8286,83.8976
232.2793,215.4617,173.4720,82.5113
233.9072,214.0777,170.2163,81.3123
233.0795,212.5469,167.9729,80.4750
233.9282,213.2149,166.2756,79.1390
234.5862,211.7135,164.9595,78.3385
233.8610,212.1377,162.6397,77.4900
233.3715,211.1999,159.8969,75.6440
232.1908,210.0620,158.6089,74.2703
229.3261,207.2001,157.1247,72.7806
228.6352,205.9648,154.9475,71.6921
228.0965,205.0051,152.5164,70.1031
226.3656,203.8278,149.0879,69.0125
227.0363,204.0656,147.7465,68.5368
227.5213,204.2993,146.7763,68.0694
226.5565,201.9025,145.3799,66.2106
227.6341,201.5943,143.2245,63.5538
226.1924,201.3027,139.7174,60.9416
225.9776,201.9163,137.0484,59.7144
225.2312,201.0246,135.5030,58.4597
226.0322,199.9828,133.9010,57.5494
225.1898,198.9466,132.6315,56.6675
224.5629,197.7991,130.9648,56.0420
223.9620,198.0208,129.2812,55.5986
224.4688,198.4525,128.2675,54.7353
223.7464,197.4813,126.8892,53.8545
223.1216,196.3961,125.3512,53.2371
222.6586,195.3273,123.5227,52.6202
223.0635,194.2886,122.7129,51.9806
222.2051,193.2042,121.7357,51.4552
221.4484,191.9123,120.5784,51.3684
218.3082,190.6824,118.9014,51.1756
217.9367,190.9433,117.0196,50.6539
216.1584,190.0979,115.3997,49.7564
215.1755,190.6080,114.8164,48.7362
214.0948,191.1060,114.4554,47.7402
208.8821,190.4370,114.8821,46.5785
197.6210,190.9261,120.0082,45.6003
196.6085,191.4816,122.0332,44.4893
196.6144,190.6990,122.0214,43.5043
197.5009,191.1583,120.2483,42.5856
200.2480,190.2215,117.2446,41.9690
201.7854,190.1521,114.1699,42.1077
203.2920,189.0876,111.1565,41.8419
204.7625,188.7342,108.2157,40.2020
204.9085,188.1408,105.6485,39.1137
201.4806,187.6926,103.6295,37.7913
202.2087,186.3366,102.1732,36.1715
201.7453,186.8616,100.9842,35.1214
195.8787,187.0116,100.2393,34.8215
195.9808,186.2407,100.0350,34.2996
195.3321,182.5600,99.2812,31.4051
194.7955,183.4610,98.3670,29.6031
195.4703,183.8460,97.0173,28.8331
190.1755,184.7640,96.1601,26.9971
190.7041,184.7914,95.1030,26.9422
191.3764,184.8039,93.7584,26.9173
191.0367,183.6674,92.6117,27.3641
186.8311,182.0550,91.9321,26.9527
187.5052,181.1945,90.5839,26.8726
188.8430,180.1029,87.9081,27.2754
182.5697,178.9520,88.2050,27.8273
182.7008,177.7156,87.9429,28.5357
180.5358,177.3707,88.7256,29.2257
174.7424,176.1373,89.5278,29.8950
174.7012,174.1671,89.6100,30.1930
173.9744,173.3861,89.2360,29.9273
172.6917,172.5471,88.1663,29.7878
168.0408,169.9999,88.4693,29.4829
167.6740,169.4448,89.2028,30.5931
160.6337,168.7032,92.3080,30.2470
156.3818,166.8569,95.2104,30.2053
154.5199,165.2110,97.0268,29.6820
153.3020,164.2843,97.5389,31.5355
147.0318,164.0815,98.2885,33.9062
146.3196,163.0763,99.7129,35.9166
145.8842,162.6047,100.5838,36.8598
139.2868,160.9230,101.1455,38.1178
138.9687,159.2571,101.7818,39.3134
138.9346,158.7749,101.8500,40.2778
137.8872,157.2854,101.7596,41.0717
136.9938,155.6310,101.3485,42.1824
135.9884,153.9914,101.1475,43.2499
133.6955,153.4781,101.2778,44.2763
133.7225,151.9128,101.2236,45.1592
131.2383,150.3117,101.6669,46.0989
131.3413,149.8164,101.4610,47.0894
130.0143,149.2642,101.8151,48.1938
128.5589,146.3529,102.4016,49.3678
127.0993,144.7218,102.9676,50.2768
125.5017,144.2281,103.7853,51.2641
123.9961,143.7842,104.3901,52.1519
122.4257,142.1232,105.1003,53.0432
122.3976,140.4129,105.1563,54.0074
120.9101,139.9369,105.6574,54.9594
120.9101,138.2267,105.6574,55.8821
120.9249,136.5989,105.6278,56.6241
120.9965,136.1552,105.4847,57.5115
121.0987,135.7918,105.2803,58.2383
121.2821,133.9167,104.9135,59.4401
121.3416,132.1531,104.7945,60.4039
121.3668,131.7604,104.7440,61.1893
121.4276,130.0257,104.6225,62.0684
121.5069,129.5859,104.4639,62.9478
121.7250,127.9321,104.0277,63.6394
121.8054,127.4340,103.8668,64.6357
121.9262,126.9011,103.6253,65.7014
122.1046,125.1423,103.2684,66.5692
122.3986,124.6889,102.6804,67.4761
122.7841,121.5740,101.9095,68.3753
123.1505,121.1120,101.1766,69.2993
123.6770,119.2892,100.1236,70.2721
123.9190,118.8904,99.6396,71.0696
124.0121,117.0825,99.4534,72.0066
123.9262,116.6536,99.6253,72.8643
123.8882,114.7770,99.7012,73.9093
124.0299,114.3196,99.4179,74.8240
124.2410,111.0826,98.9956,75.8239
124.2964,110.6365,98.8849,76.7162
124.2611,110.1544,98.9554,77.6803
124.4207,108.3017,98.6363,78.6091
124.5151,106.3014,98.4475,79.8228
124.4840,104.2831,98.5096,81.0558
124.4288,103.7848,98.6200,82.0524
125.8160,101.8958,98.6880,82.9883
126.0920,101.4386,98.1359,83.9026
126.2883,99.5383,97.7433,84.8388
126.5853,99.2164,97.1493,85.4825
126.8449,95.8792,96.6300,86.4076
127.0543,93.9466,96.2113,87.3914
127.3251,93.5335,95.6698,88.2177
127.6011,91.5398,95.1178,89.3099
127.7096,89.5897,94.9006,90.3061
127.7380,89.0651,94.8438,91.3552
127.7378,87.0152,94.8444,92.5229
127.6609,84.9281,94.9980,93.7464
129.1051,83.0272,95.0819,94.5759
129.1340,82.5147,95.0242,95.6009
129.2231,81.9482,94.8461,96.7339
130.8531,79.8616,94.6030,97.8901
130.7846,77.7765,94.7399,99.0290
132.3766,75.6813,94.6073,100.1682
132.5018,75.2521,94.3569,101.0266
132.8131,73.2216,93.7343,102.0112
133.2325,72.7521,92.8954,102.9501
133.6085,70.7917,92.1434,103.7877
135.4734,68.7881,91.4978,104.7109
135.7146,66.8433,91.0154,105.5122
136.0242,66.3371,90.3962,106.5247
136.2440,64.2862,89.9567,107.5278
136.3595,63.8346,89.7256,108.4311
137.9161,61.8121,89.7295,109.3591
137.7513,61.3949,90.0591,110.1935
140.5108,59.4603,90.8394,110.9130
147.5683,59.4219,95.7640,110.9897
144.9904,59.2060,100.9197,111.4216
143.1671,59.3106,104.5663,111.2123
142.4589,57.3668,105.9828,111.7023
142.1069,55.3177,106.6868,112.3727
142.1926,53.2617,106.5153,113.0353
142.8390,51.0481,105.2225,114.0053
143.4574,48.9603,103.9857,114.7292
144.1591,48.5233,102.5824,115.6033
144.7224,46.5593,101.4558,116.0967
145.1297,44.5848,100.6412,116.6216
145.2415,44.3213,100.4176,117.1487
146.8922,44.1953,100.5398,117.4007
146.6473,43.9948,101.0297,117.8017
146.1911,43.8685,101.9422,118.0543
145.6022,41.9495,103.1199,118.4302
146.9007,41.5912,104.0099,119.1466
146.4689,41.2931,104.8734,119.7429
147.8623,40.9839,105.6219,120.3614
149.3114,39.1223,106.2805,120.5275
150.7927,38.8243,106.8880,121.1235
152.3634,38.5981,107.3355,121.5760
153.9904,38.3587,107.6846,122.0547
155.5505,38.2109,108.1807,122.3504
157.1193,37.9913,108.6718,122.7896
158.6629,35.9550,109.2280,123.2188
160.1438,35.6522,109.9252,123.8245
161.5761,35.4086,110.7400,124.3117
162.9503,35.2091,111.6916,124.7107
164.3405,35.0220,112.6326,125.0849
163.9964,34.8381,113.3209,125.4526
169.3268,32.9314,113.9371,125.5071
169.0650,32.8442,114.4607,125.6815
170.6273,32.7481,115.1167,125.8737
172.2710,32.7031,115.6237,125.9637
175.7545,32.6941,116.2638,125.9816
177.2552,32.5772,117.0766,126.2154
178.6825,32.5722,118.0528,126.2255
179.8541,32.6987,119.5559,125.9724
181.1817,32.8225,120.7670,125.7249
182.3659,32.9046,122.2801,125.5607
183.7276,32.9716,123.4596,125.4267
187.6830,33.1098,123.3877,125.1502
191.5343,31.2788,123.5131,124.8983
193.4309,31.2277,123.6318,125.0005
195.0948,31.1494,124.2194,125.1571
196.7666,31.1474,124.8030,125.1611
198.5464,31.1826,125.1799,125.0908
202.3410,31.2014,125.4732,125.0530
206.1717,31.1885,125.7025,125.0790
207.9496,31.1750,126.0958,125.1059
211.7274,31.1099,126.4521,125.2361
213.5128,31.1159,126.8450,125.2241
217.2859,31.1138,127.2378,125.2283
219.1016,31.1408,127.5823,125.1742
222.9545,31.1182,127.8373,125.2196
224.7642,31.0530,128.2030,125.3500
228.5292,31.0960,128.6587,125.2638
230.3055,31.0823,129.1048,125.2913
232.0658,31.0811,129.5903,125.2936
237.8698,31.0739,130.0237,125.3082
239.6914,30.9710,130.4013,125.5138
241.4713,30.8703,130.8716,125.7153
243.2018,30.7000,131.4509,126.0559
244.9314,30.5598,132.0467,126.3364
246.6685,30.3619,132.6413,126.7322
250.4569,30.2514,133.2332,126.9531
252.2142,29.9831,133.8159,127.4897
253.9864,29.8498,134.3862,127.7563
255.6919,29.6824,135.1030,128.0911
259.4840,31.6204,135.8076,128.3595
261.2373,33.3611,136.4607,129.0377
265.1428,32.8361,137.0112,130.0878
266.9667,32.4862,137.5692,130.7875
268.9095,33.9720,137.9093,132.0418
270.7984,33.5934,138.3825,132.7989
272.6707,33.2260,138.9084,133.5337
276.6537,33.1033,139.5227,133.7792
278.4434,33.0979,140.2472,133.7900
280.1696,32.9476,141.1100,134.0906
281.8693,32.7489,142.0441,134.4879
283.5125,34.6974,143.1120,134.9454
285.2446,30.5695,144.0262,134.4444
286.9756,30.7742,144.9490,134.0350
288.8693,30.9943,145.5541,133.5949
292.9591,29.1599,146.1647,132.8685
294.9368,29.5815,146.6023,132.0254
296.9597,29.8643,146.9427,131.4598
298.9636,30.1134,147.3177,130.9616
300.9023,30.3502,147.8205,130.4880
302.8026,30.5516,148.4007,130.0852
304.6295,30.6938,149.1301,129.8007
306.4265,30.8967,149.9262,129.3949
308.2003,31.0668,150.7742,129.0547
309.9882,31.1810,151.6020,128.8264
311.7918,31.2872,152.4072,128.6140
313.5681,31.4407,153.2762,128.3070
315.4136,31.5545,154.0153,128.0793
317.3154,31.6911,154.6495,127.8063
319.1953,31.8246,155.3327,127.5391
321.0627,31.9081,156.0473,127.3722
322.9591,31.9950,156.7120,127.1984
324.8831,32.0689,157.3289,127.0507
326.8335,32.1698,157.9002,126.8488
328.8236,32.2532,158.3976,126.6820
330.7658,32.3357,158.9957,126.5170
332.6621,32.3844,159.6921,126.4196
334.5911,32.4539,160.3322,126.2806
336.4754,32.4933,161.0691,126.2017
336.1517,32.5186,161.7166,126.1512
338.1161,32.5522,162.3125,126.0839
340.0330,32.5492,163.0115,126.0899
341.9577,32.5511,163.7055,126.0862
343.9302,32.5301,164.3145,126.1281
343.6541,34.7932,164.8666,126.1661
345.6950,34.8706,165.3578,126.0112
347.7530,34.9493,165.8200,125.8538
349.8112,35.0437,166.2859,125.6649
349.5774,35.1277,166.7537,125.4969
351.6789,37.5275,167.1415,125.2882
351.4160,37.6228,167.6674,125.0977
353.5362,37.7177,168.0252,124.9079
355.6446,40.0979,168.4091,124.7480
355.3599,40.2038,168.9784,124.5362
357.5016,40.3471,169.3040,124.2497
357.2641,40.4901,169.7791,123.9638
359.4023,40.5979,170.1145,123.7480
361.4853,43.0191,170.5617,123.5191
361.2327,43.1879,171.0670,123.1814
361.0483,43.3406,171.4358,122.8760
363.2083,45.8091,171.7349,122.5581
363.0284,45.9871,172.0946,122.2020
365.1809,46.1665,172.4075,121.8432
367.3134,48.6760,172.7592,121.4411
367.1049,48.8659,173.1763,121.0613
366.9360,51.3735,173.5139,120.6615
366.8475,51.5821,173.6909,120.2442
369.0099,54.1538,173.9759,119.7106
368.9164,54.3998,174.1631,119.2185
368.8227,54.6687,174.3504,118.6807
370.9766,54.9799,174.6364,118.0584
370.8312,57.5715,174.9271,117.4631
370.8068,57.8504,174.9760,116.9052
372.9828,60.4418,175.1977,116.2961
372.8520,63.0514,175.4594,115.6439
372.8314,63.2980,175.5005,115.1507
372.7495,65.9493,175.6642,114.4006
372.7525,66.2847,175.6582,113.7297
372.6674,68.9792,175.8286,112.8718
372.6215,69.3561,175.9203,112.1181
374.8157,74.4128,176.0401,111.0209
374.8517,74.7623,175.9681,110.3218
374.7968,77.4146,176.0779,109.4962
374.7275,80.0302,176.2164,108.7314
376.8992,80.4133,176.3289,107.9653
376.9135,85.4594,176.3002,106.7623
376.8962,85.7961,176.3348,106.0888
376.8453,88.4306,176.4367,105.2329
376.7410,91.0927,176.6452,104.3090
378.7494,95.9941,177.0162,103.2814
378.7781,96.3897,176.9587,102.4903
378.7340,99.0121,177.0470,101.6069
378.6329,103.7710,177.2490,100.7849
380.7117,106.4883,177.4284,99.6872
380.6940,109.0710,177.4638,98.8426
380.6823,111.6092,177.4873,98.0732
380.6907,114.1213,177.4705,97.3434
382.7836,118.7968,177.5661,96.5554
382.5570,121.4667,178.0194,95.4852
382.3216,124.1132,178.4901,94.4499
382.1621,126.7241,178.8091,93.4752
381.9454,131.3956,179.2426,92.6021
381.9181,133.8310,179.2972,91.9577
381.7687,138.5524,179.5959,90.9469
381.4006,141.0958,180.3322,90.0630
383.3836,145.8414,180.5645,88.9687
383.3936,148.6796,180.5446,87.4753
383.3357,151.4753,180.6604,86.0405
385.4080,156.3184,180.6492,84.6211
385.6626,161.0461,180.1400,83.3827
385.8031,163.8240,179.8589,81.9062
387.8565,166.6537,179.8017,80.2964
387.9227,169.5128,179.6692,78.5986
388.0628,176.2084,179.3891,77.1731
388.0776,178.7791,179.3595,75.9912
390.0432,185.3490,179.3664,74.6655
390.1818,187.9452,179.0892,73.3876
390.0537,192.4744,179.3452,72.1051
390.0729,195.0013,179.3069,70.9200
390.0391,201.5267,179.3745,69.4105
391.7659,204.1164,179.7420,68.0520
391.4239,208.7307,180.4259,66.4271
391.3553,213.3147,180.5631,64.8239
391.4024,215.8173,180.4689,63.5741
391.4606,222.2094,180.3526,61.9839
390.8186,226.4703,181.6365,60.8636
390.3737,230.8488,182.5262,59.5038
389.7570,235.1459,183.7597,58.2824
391.1665,239.5371,184.6221,56.8629
391.2630,243.8366,184.4292,55.5988
390.9066,248.0143,185.1419,54.5259
390.3598,252.1456,186.2355,53.5263
390.1435,254.3504,186.6680,52.7449
389.8156,260.5664,187.3240,51.1724
389.3665,264.5026,188.2220,50.4993
389.0896,268.4410,188.7760,49.8215
388.6394,272.4781,189.6763,48.9365
388.5600,276.7601,189.8352,47.5537
387.9963,277.4261,190.9625,46.2216
385.2149,285.6018,192.9682,44.0985
388.5781,286.2253,189.7865,42.8515
388.9180,290.6467,189.1066,40.9610
389.2935,295.0389,188.3556,39.0370
391.6200,295.7288,187.0851,37.6572
390.2364,307.8940,186.5143,36.6923
391.0011,308.4303,184.9850,35.6198
394.0644,308.9814,182.1273,34.5176
396.1423,309.5764,181.1791,33.3276
397.9849,321.1558,180.6651,32.3665
396.7971,321.3003,179.8955,32.0776
397.9898,321.8093,177.5102,31.0597
395.6747,328.3640,179.0648,30.2521
398.4756,328.3032,176.5442,30.3737
393.3086,328.4483,177.7325,30.0836
391.0175,330.1478,179.2557,29.7438
388.3209,336.5245,181.5752,29.2846
385.1282,336.1364,181.7674,30.0609
384.5433,339.1447,182.9372,30.2737
384.7230,338.7108,182.5780,31.1413
384.6113,349.5442,182.8013,31.5060
379.1806,349.3253,181.0320,31.9439
379.7715,349.1947,179.8501,32.2051
376.7599,349.0990,179.6122,32.3964
376.8636,348.7583,179.4048,33.0778
376.8795,348.5943,179.3731,33.4058
376.8824,348.3621,179.3673,33.8702
376.7375,350.0076,179.6571,33.7358
376.8600,351.6605,179.4122,33.5880
375.5700,353.2863,178.8403,33.4882
374.6558,353.2608,177.5271,33.5392
373.6089,353.2193,176.4962,33.6222
372.0703,357.9494,176.4615,33.4974
369.4924,357.8743,175.3996,33.6478
368.3706,357.8399,174.5460,33.7165
369.0884,357.7747,173.1105,33.8468
366.4817,357.6692,172.1856,34.0579
367.2536,357.5956,170.6418,34.2050
366.3327,357.5152,169.4418,34.3658
363.9111,357.4020,168.2285,34.5923
364.5364,357.3812,166.9779,34.6338
359.0291,357.3337,165.9962,34.7288
359.7116,357.3961,164.6310,34.6042
358.7219,357.3468,163.6446,34.7027
356.0882,357.4057,163.0042,34.5849
354.9769,357.5416,162.2840,34.3130
353.9844,357.5107,161.3415,34.3748
345.8791,357.5881,160.0592,34.2201
346.4173,357.6360,158.9828,34.1242
345.4244,357.6819,158.0907,34.0326
342.9884,357.8054,157.2357,33.7855
336.2869,357.8551,156.4046,33.6861
336.2806,357.8939,156.4171,33.6084
333.4402,357.7393,156.4339,33.9176
325.4857,357.5816,155.3138,34.2330
321.8546,357.4196,154.0901,34.5571
321.1923,357.1687,152.5970,35.0588
315.9548,357.1128,151.8457,35.1707
308.7240,357.1151,149.5182,35.1661
310.5146,357.2713,145.9371,34.8537
310.1351,357.6043,143.9867,34.1877
306.4879,358.2118,143.2729,32.9727
306.9876,358.6312,142.2734,32.1338
304.5620,360.1935,141.9127,31.6154
304.2981,359.0380,142.4403,31.3353
296.8275,359.1989,141.8234,31.0136
296.8853,359.4591,141.7079,30.4931
290.9985,359.8509,140.6488,29.7094
291.5608,360.0529,139.5242,29.3054
284.9964,360.3581,137.5742,28.6951
284.1612,359.8429,136.7707,29.7255
281.4865,361.2629,134.6716,31.8511
280.3521,362.0713,134.4462,32.7286
271.3365,361.3310,134.9221,34.2091
267.8226,361.8728,134.3218,35.6683
260.2884,361.6848,134.0192,36.0443
258.2127,360.1128,135.6060,36.6236
251.9472,360.1500,135.1476,36.5492
251.1915,360.6267,134.0689,35.5958
245.9859,360.5670,131.6955,35.7153
240.7238,360.7770,129.5911,35.2952
236.6648,361.2406,127.7562,34.3680
234.7699,360.3654,126.6562,33.6735
228.2222,360.6576,125.2532,33.0892
228.5171,360.7589,124.6634,32.8866
220.7596,361.3296,123.5636,31.7451
219.7403,360.5866,123.2657,30.8946
213.3265,360.6211,122.1960,30.8256
212.4553,360.5992,121.6386,30.8694
204.5028,360.3635,119.2006,31.3407
200.3530,359.8293,118.4299,32.4093
198.3941,359.4816,117.7940,33.1046
193.2017,359.4456,116.7745,33.1766
191.1524,359.3124,116.3375,33.4429
187.9833,359.0544,115.8757,33.9590
183.2315,358.8944,116.3004,34.2789
180.6153,358.7338,116.9694,34.6001
173.7378,358.6932,116.9417,34.6814
173.7607,358.8745,116.8959,34.3188
165.7599,358.9147,116.8617,34.2383
165.1093,358.9780,115.8740,34.1118
158.4046,358.8294,115.6481,34.4090
157.3485,358.6980,115.4853,34.6717
152.7479,358.5339,115.5768,35.0000
151.1804,358.3714,116.4269,35.3250
144.4470,358.2018,116.0764,35.6643
142.7962,358.0978,114.7696,35.8721
138.7128,358.0772,113.7784,35.9135
137.7417,358.0483,113.4444,35.9712
131.2117,358.0952,112.8689,35.8774
131.3235,358.1474,112.6455,35.7729
126.9691,358.1865,112.3240,35.6948
125.8762,358.0081,112.2582,36.0516
119.2899,358.0197,111.8877,36.0284
119.3714,357.9974,111.7246,36.0730
116.2476,357.9337,111.2222,36.2003
115.0265,358.0222,111.4193,36.0233
109.4865,358.1232,111.2754,35.8214
109.4699,358.1921,111.3086,35.6835
105.0993,358.3884,111.1020,35.2911
105.3195,358.7914,110.6617,34.4851
98.8095,358.9911,110.4477,34.0856
98.7959,358.2448,110.4748,33.3830
99.0358,358.5156,109.9950,32.8414
98.1835,358.7575,109.5338,32.3576
97.2611,358.9946,109.2284,31.8834
96.3268,359.2218,108.9599,31.4289
94.3553,359.3517,108.6531,31.1692
93.4078,359.4945,108.4323,30.8835
92.4751,359.5015,108.1904,30.8695
91.4788,359.6605,108.0795,30.5516
90.4468,359.9401,108.0473,29.9923
90.5414,359.8568,107.8582,30.1589
90.6294,359.8572,107.6821,30.1582
90.7402,359.8231,107.4605,30.2263
90.6434,359.9545,107.6542,29.9635
90.5977,360.0475,107.7456,29.7776
