1
267.2928,298.3821,77.0403,28.8617
268.1165,300.8735,77.0170,28.7510
269.0722,308.0373,76.7273,29.0187
272.4036,309.8143,76.5539,28.7095
273.3156,312.2426,76.3443,28.6959
276.6051,313.4824,76.2095,29.4383
277.5840,317.6984,75.8743,30.7412
280.2562,318.6857,75.4527,32.0485
284.4972,320.4758,75.2610,33.4425
286.1966,324.5085,75.2219,35.4566
289.8044,327.1015,74.8649,37.1290
291.6332,330.4292,74.6842,39.1660
297.0298,332.8537,74.5167,41.4008
297.9944,338.1125,74.3945,43.5304
301.7961,340.4200,74.1555,46.2801
304.6531,344.8622,74.0932,48.6988
305.6746,348.5712,73.9735,50.8977
308.7276,352.1633,73.7417,53.5037
309.8707,357.8789,73.4530,56.0551
311.0978,361.6620,73.0336,58.6634
313.4729,366.5380,72.4253,61.3367
314.8894,368.2371,71.6968,64.2526
315.2983,374.2954,70.8791,67.1169
315.8093,375.1025,69.8571,69.8486
316.2918,380.3584,68.8921,72.5374
316.8513,381.2328,67.7731,75.2427
317.4515,384.4099,66.5727,77.8944
318.0803,385.4544,65.3151,80.3519
317.6459,388.9162,63.8930,82.5919
316.2319,387.9252,62.1166,84.5739
314.8750,388.3120,60.2239,86.1036
314.6432,390.0121,58.3922,87.2942
313.4520,389.6020,56.2087,88.1143
313.3850,389.4258,54.0837,88.4667
312.3341,389.2812,51.7286,88.7559
312.3688,388.2706,49.4661,88.5841
311.4533,386.2376,46.9929,88.3458
311.4717,384.4557,44.8498,87.6971
311.5128,380.8575,42.7078,86.6538
311.4943,377.5275,40.7372,85.2835
311.4487,375.3280,38.8749,83.8225
311.3500,371.4127,37.1728,82.1554
311.0893,369.5103,35.8487,80.4236
311.3856,364.9405,35.2562,78.7807
311.4913,363.2492,35.0447,76.8746
311.5363,358.1444,34.9547,74.9641
311.4545,354.8303,35.1184,73.0817
311.2872,351.5770,35.4529,71.2009
311.0253,349.2306,35.9767,69.2704
311.5594,344.4423,36.5451,67.3909
312.9141,342.1989,37.0730,65.4029
312.6153,339.7986,37.6706,63.8104
313.1340,335.7995,38.2180,62.2996
313.6306,334.1463,38.7963,60.8914
314.1567,330.1469,39.3043,59.5291
314.6832,328.3872,39.7998,58.4035
315.2314,325.8084,40.2428,57.4028
315.8080,323.1785,40.6213,56.5357
315.6472,322.0223,40.9430,55.7982
315.5302,320.8314,41.1771,55.1422
315.4337,318.0507,41.3701,54.6521
315.3336,316.7374,41.5703,54.2617
315.2905,315.4036,41.6565,53.9175
315.2563,311.8260,41.7249,53.5627
315.1726,311.1955,41.8922,53.3260
315.1249,309.7980,41.9877,53.1273
315.0969,308.3998,42.0436,52.9332
314.2939,306.9588,42.1563,52.8287
314.2558,304.0131,42.2325,52.7464
314.1774,303.3035,42.3895,52.6720
314.1321,301.1407,42.4799,52.5130
314.0598,300.4201,42.6245,52.4604
314.0233,298.2333,42.6976,52.3479
313.9756,298.2855,42.7931,52.2435
313.9111,296.8354,42.9220,52.1541
313.8539,294.6239,43.0365,52.0907
313.7952,293.1346,43.1538,52.0765
313.7277,292.3593,43.2888,52.1290
313.6330,291.5748,43.4782,52.1971
312.8224,290.0849,43.5943,52.1664
312.7542,287.8225,43.7307,52.1718
312.6789,287.8164,43.8812,52.1839
311.8701,286.3169,43.9874,52.1601
311.7991,285.5341,44.1294,52.2128
311.7128,283.2203,44.3020,52.2928
311.6520,283.1970,44.4236,52.3395
311.5611,281.6375,44.6053,52.4133
311.4767,280.8640,44.7743,52.4337
311.4008,280.0677,44.9260,52.4968
311.2970,279.2495,45.1336,52.6001
311.1991,277.6646,45.3295,52.6938
311.1360,276.8704,45.4556,52.7397
311.0557,276.0582,45.6162,52.8187
310.9928,274.4816,45.7420,52.8738
310.9070,274.4085,45.9136,53.0200
310.8419,272.0531,46.0437,53.0598
310.7578,271.2241,46.2120,53.1580
310.6488,270.3737,46.4299,53.2950
310.5426,269.5352,46.6424,53.4024
310.4622,268.7158,46.8032,53.4665
310.3633,267.8648,47.0011,53.5903
310.2703,267.0180,47.1871,53.7008
310.1461,266.1187,47.4354,53.9114
310.0391,265.2568,47.6495,54.0400
309.9453,263.5760,47.8370,54.2003
309.8698,262.7548,47.9880,54.2366
309.7717,261.8970,48.1843,54.3431
309.6848,260.2128,48.3581,54.4838
309.5924,260.1362,48.5428,54.6370
309.4967,259.2730,48.7341,54.7393
309.4120,258.4052,48.9035,54.8460
309.2961,257.5101,49.1354,55.0030
309.1778,255.8073,49.3720,55.1300
309.0943,254.9220,49.5390,55.2555
308.9664,254.0049,49.7948,55.4400
308.8531,251.4617,50.0214,55.5566
308.7759,251.4119,50.1757,55.6562
308.6603,249.6588,50.4069,55.8301
308.5470,248.7753,50.6337,55.9246
308.4689,247.8965,50.7898,56.0046
308.3727,246.9958,50.9823,56.1247
308.2788,246.0970,51.1700,56.2361
308.2048,244.3452,51.3181,56.3577
308.1447,243.4240,51.4383,56.5050
308.1145,242.5431,51.4987,56.5673
308.0737,241.6352,51.5802,56.6818
308.0349,241.5445,51.6579,56.8631
308.0315,240.6032,51.6647,57.0373
307.1630,239.6125,51.6903,57.3073
307.1958,239.5161,51.6246,57.5002
307.2228,238.5242,51.5706,57.7660
306.4000,238.3975,51.4951,58.0195
305.6242,237.3970,51.3229,58.2966
305.7000,237.2371,51.1714,58.6165
305.7710,236.1908,51.0293,58.9811
305.8859,236.0539,50.7995,59.2549
306.0205,235.0233,50.5303,59.5842
305.3046,234.9009,50.2295,59.8290
305.4729,234.7628,49.8929,60.1053
304.7991,234.6192,49.5100,60.3924
304.0881,234.4261,49.2033,60.7787
303.4155,233.4164,48.8191,61.0684
303.6210,233.2340,48.4080,61.4332
303.8427,233.0633,47.9647,61.7746
303.2172,232.9080,47.4909,62.0852
303.4530,232.7581,47.0193,62.3850
302.8472,231.6974,46.5123,62.7877
302.2533,231.5327,45.9835,63.1171
301.6442,230.4868,45.4889,63.4961
301.8722,230.3654,45.0330,63.7389
301.2854,230.2523,44.4999,63.9652
300.6899,230.1218,43.9896,64.2261
300.9133,229.9826,43.5429,64.5046
301.1512,229.0439,43.0672,64.6884
300.5391,228.9244,42.6030,64.9274
299.9178,228.8415,42.1614,65.0933
300.1301,227.9112,41.7366,65.2745
300.3328,227.8424,41.3313,65.4121
299.6793,226.9353,40.9680,65.5560
298.9831,226.8265,40.6942,65.7736
299.1429,225.9353,40.3744,65.8910
298.4814,225.9011,40.0361,65.9594
298.6430,225.0211,39.7129,66.0627
298.8255,224.1996,39.3480,66.0530
298.9641,223.3982,39.0707,66.0093
299.0581,223.3967,38.8827,66.0122
299.1589,222.6087,38.6811,65.9501
298.4032,221.8272,38.5588,65.8796
298.4117,221.0691,38.5417,65.7652
297.5737,220.3196,38.5893,65.6356
297.4835,218.8144,38.7697,65.3911
295.7394,218.0127,39.0041,65.3676
295.5861,218.0919,39.3108,65.2093
295.4380,217.3796,39.6069,65.0004
294.4547,216.6166,39.9383,64.8914
294.3333,215.0688,40.1812,64.7086
294.1902,215.1319,40.4673,64.5824
294.0812,212.7753,40.6852,64.3655
293.9726,212.8574,40.9026,64.2013
293.8529,212.1452,41.1418,63.9806
293.7309,209.7613,41.3860,63.8115
293.6199,209.8142,41.6079,63.7057
293.5022,209.0562,41.8434,63.5724
293.4301,207.5128,41.9876,63.3567
293.3214,206.7213,42.2049,63.2893
294.0524,205.9578,42.3960,63.1632
294.7663,204.3497,42.6225,63.0709
295.4893,203.5216,42.8330,63.0704
296.2235,202.7348,43.0247,62.9838
296.9442,201.8979,43.2455,62.9957
296.8162,201.8757,43.5014,63.0400
297.5444,201.8356,43.7158,63.1201
298.2766,200.9921,43.9270,63.1316
298.9771,200.1083,44.2051,63.2202
300.5413,199.2546,44.4468,63.2424
301.2404,199.1483,44.7380,63.4550
302.8034,199.0746,45.0069,63.6025
303.5092,198.1396,45.2994,63.7684
304.2318,197.2051,45.5656,63.9259
305.8063,197.1077,45.8531,64.1208
306.5081,196.1433,46.1754,64.3236
307.2049,195.9875,46.5160,64.6351
308.7840,195.8622,46.8470,64.8859
309.4886,195.7394,47.1915,65.1314
311.0935,195.5857,47.5082,65.4388
311.7774,195.4028,47.9136,65.8046
312.4750,195.2371,48.3037,66.1360
313.1643,195.0659,48.7218,66.4784
313.8661,194.9010,49.1270,66.8081
315.4436,194.6881,49.6128,67.2341
316.1351,194.4805,50.0647,67.6492
316.8364,194.2802,50.5108,68.0497
317.4930,194.9429,51.0595,68.5864
317.2349,194.7085,51.5757,69.0552
317.9134,194.4902,52.1135,69.4918
320.4407,194.1952,52.7893,70.0818
320.1517,193.8866,53.3673,70.6991
319.8452,194.5745,53.9803,71.2723
320.5000,195.2472,54.6384,71.8947
320.1458,195.8753,55.3467,72.6265
320.7913,195.5417,56.0665,73.2935
320.4224,196.2103,56.8043,73.9891
320.0138,195.8853,57.6215,74.6390
319.5951,196.6217,58.4589,75.2448
320.1793,196.3021,59.3919,75.8839
319.7720,196.9902,60.2065,76.6342
319.3213,196.6287,61.1079,77.3572
318.8572,197.4229,62.0361,77.9455
318.3952,198.1885,62.9601,78.6152
317.8889,198.9803,63.9727,79.2577
317.3283,198.6526,65.0940,79.9132
316.7374,199.4678,66.2758,80.5633
316.0976,200.2807,67.5553,81.2473
315.4739,201.1229,68.8027,81.9037
314.7660,200.8297,70.2185,82.4901
314.0279,200.5668,71.6947,83.0160
312.0877,201.5413,73.1404,83.5017
310.0948,202.5430,74.6606,83.9637
308.0511,203.5701,76.2512,84.4066
305.9742,203.3670,77.8758,84.8127
305.1997,203.2021,79.4247,85.1424
303.0667,204.3334,81.0996,85.4711
300.8490,205.4546,82.9119,85.8516
298.6406,206.6626,84.6712,86.0931
296.3436,207.9326,86.5761,86.2425
292.6087,210.5759,88.6027,86.3990
290.1223,211.9143,90.8196,86.4780
287.5431,214.6603,93.1862,86.5697
284.8580,217.4700,95.7260,86.6110
282.0296,220.3500,98.5123,86.5922
279.1032,221.8061,101.4516,86.5933
276.0158,226.3599,104.6674,86.3629
274.3553,227.9786,107.9884,86.1304
270.9618,232.7452,111.7232,85.7536
269.1481,234.5007,115.3506,85.3457
267.0913,237.8936,119.4643,84.8634
263.1807,243.0586,124.0793,84.1520
261.1422,244.9991,128.1563,83.5351
258.7563,248.7620,132.9281,82.6396
256.3438,252.6593,137.7529,81.5881
253.9067,256.7250,142.6273,80.3083
251.4472,259.0902,147.5463,79.0543
248.7873,263.4448,152.8660,77.4002
248.0079,266.0347,158.0020,75.7975
247.2083,268.7151,163.2258,74.0612
246.3601,271.4886,168.5923,72.1845
245.4624,274.3739,174.1027,70.1290
242.9311,275.3239,179.1655,68.2288
244.1443,276.3165,184.3325,66.2438
243.1645,278.9932,190.1271,64.7253
242.5074,279.3513,195.3313,64.0092
241.9014,279.2884,200.4944,64.1350
241.3082,278.8752,205.7075,64.9612
242.8462,278.2399,210.8634,66.2319
242.5901,277.4727,215.5881,67.7662
242.6958,276.6212,219.6844,69.4693
242.8801,273.5406,223.7132,71.2331
245.5073,270.4148,227.4326,72.9979
246.2175,267.3384,230.5845,74.5784
247.2167,264.3239,233.2321,75.9614
248.5293,261.3630,235.3162,77.1740
250.0619,258.5549,237.0118,78.0293
249.4756,255.8514,238.1845,78.6356
251.5438,253.2363,238.8766,79.0371
253.8075,250.7594,239.1950,79.1452
256.2239,248.3156,239.2143,79.1807
256.3295,243.6689,239.0032,78.7678
258.9765,241.4221,238.5517,78.4187
259.3392,239.2489,237.8264,77.9353
262.1530,237.1541,237.0093,77.3142
262.6394,235.0792,236.0365,76.6764
263.1763,233.0662,234.9627,75.9404
266.0908,228.7979,233.8672,75.0104
266.9028,226.7417,232.2431,74.4221
267.6985,224.7341,230.6517,73.7706
268.3986,222.7416,229.2515,73.1236
268.9261,222.8999,228.1965,72.8069
269.4228,220.9079,227.2032,72.2113
269.7431,221.0255,226.5625,71.9761
270.0120,221.1549,226.0247,71.7174
270.1635,219.0622,225.7217,71.3740
270.2769,219.1015,225.4949,71.2953
270.2462,219.1430,225.5564,71.2124
270.1435,219.1766,225.7617,71.1452
270.0452,219.2047,225.9582,71.0890
272.0950,219.2023,226.3749,71.0938
271.8252,219.2026,226.9145,71.0932
271.5150,219.1841,227.5349,71.1303
273.3681,219.1677,228.3679,71.1631
272.8843,219.1055,229.3355,71.2874
274.5994,219.0301,230.4730,71.4382
274.0435,218.9653,231.5849,71.5679
275.6454,218.8669,232.9858,71.7645
274.7836,218.7549,234.7095,71.9886
276.2307,218.6385,236.4721,72.2213
277.6143,218.5216,238.3909,72.4551
276.6533,218.3742,240.3131,72.7501
278.0889,218.2467,242.1921,73.0051
277.1656,218.1266,244.0386,73.2451
278.5273,218.0111,246.1274,73.4762
279.8873,217.9100,248.2535,73.6783
278.8871,217.7969,250.2540,73.9047
277.8173,217.6709,252.3935,74.1567
279.1833,217.5713,254.6090,74.3557
280.3703,219.9901,257.2172,74.5006
279.1687,219.7915,259.6205,74.8976
280.5183,219.6086,261.9844,75.2635
279.2330,219.5275,264.5551,75.4257
280.5429,219.4368,267.0781,75.6072
281.6108,221.9273,270.1240,75.8079
280.3388,221.7507,272.6680,76.1610
281.6285,221.6285,275.3594,76.4055
280.2456,221.4909,278.1253,76.6808
281.5748,221.3705,280.8246,76.9216
280.1679,224.0148,283.6384,77.0331
278.8529,223.8496,286.2684,77.3634
280.2556,223.6833,288.9482,77.6960
278.9489,223.5563,291.5615,77.9501
280.4691,223.5047,294.0917,78.0533
279.1686,223.4406,296.6928,78.1814
277.8818,226.2271,299.2663,78.2557
276.7009,226.1347,301.6282,78.4405
275.5395,226.0793,303.9510,78.5514
277.2679,226.0340,306.2505,78.6418
276.1682,225.9948,308.4499,78.7203
275.0841,225.9516,310.6180,78.8066
274.0340,225.9021,312.7182,78.9057
275.9471,225.8711,314.7782,78.9677
274.9753,225.8517,316.7218,79.0065
274.0783,225.8494,318.5157,79.0111
273.2626,225.8354,320.1471,79.0391
272.4945,225.8427,321.6833,79.0244
274.7934,225.8345,323.0996,79.0408
274.1755,225.8329,324.3354,79.0442
273.6202,225.8437,325.4461,79.0226
273.1173,225.8512,326.4519,79.0076
272.6333,225.8375,327.4199,79.0348
272.2497,225.8344,328.1871,79.0411
271.8993,225.8693,328.8878,78.9713
271.6539,225.9137,329.3787,78.8826
271.4654,225.9274,329.7557,78.8551
271.4376,225.8575,329.8112,78.9948
271.5387,225.7438,329.6090,79.2223
271.7567,228.7320,329.1731,79.3749
272.1042,228.5146,328.4780,79.8096
272.6134,231.3163,327.4597,80.3306
270.1964,233.9650,326.1737,81.1531
267.9232,236.5550,324.6024,82.0909
268.9181,236.0247,322.6127,83.1514
267.0074,241.5998,320.3286,84.2122
265.3564,240.9726,317.5373,85.4665
263.9622,243.2696,314.2480,86.9502
262.7447,245.5320,310.6236,88.4847
261.6433,247.6821,306.7894,90.2215
260.6892,249.7251,302.6826,92.1505
259.8398,251.7010,298.3887,94.1915
259.1967,253.6913,293.7053,96.1806
258.7909,255.6316,288.5771,98.2397
258.3438,254.6275,283.5669,100.2478
258.2891,256.5475,277.8070,102.2772
258.2938,255.5785,271.9737,104.2153
258.4474,254.6655,265.8914,106.0412
258.9949,250.9172,259.0761,107.8176
259.4693,250.2130,252.4734,109.2259
260.0868,249.5689,245.6552,110.5141
261.1445,246.2651,238.0327,111.6146
262.2675,243.0473,230.3712,112.6347
263.4097,240.0257,222.7652,113.3564
264.5957,237.1426,215.1706,113.8999
265.9810,231.8455,207.2794,114.2531
266.9943,229.2335,200.2427,114.4669
268.3178,224.2959,192.6857,114.5224
269.5630,219.5412,185.3968,114.4345
270.7208,214.9996,178.3926,114.1405
271.9814,210.7278,171.2925,113.5263
272.9716,206.5031,164.8498,113.0514
274.0228,200.2840,158.3902,112.4175
274.7787,194.0890,152.6290,112.0595
275.2449,190.1590,147.5405,111.6074
275.9142,184.3023,142.1308,111.1070
276.3638,178.6242,137.2509,110.5218
276.7083,173.0612,132.6657,109.9590
276.8931,169.5214,128.4796,109.4053
277.0680,164.2251,124.3865,108.7683
277.1408,159.0206,120.5711,108.1682
278.9200,153.8573,117.0128,107.6922
278.7916,150.5155,113.7317,107.3000
278.6094,145.5303,110.6156,106.8290
278.3999,142.3219,107.6104,106.3975
278.0544,139.0924,104.9312,106.1162
277.6454,132.6135,102.4256,105.7796
278.7756,131.1280,100.1653,105.4720
278.2549,128.0023,97.9686,105.2471
277.6453,126.5298,95.9881,104.9924
278.4179,123.4120,94.4428,104.8995
279.1422,121.9298,92.9943,104.7257
278.2567,120.4566,91.6529,104.5598
278.8027,118.9614,90.5609,104.4618
279.1900,117.4562,89.7864,104.4030
279.5082,117.5247,89.1499,104.2659
279.7082,117.5596,88.7499,104.1961
279.7793,117.5725,88.6076,104.1704
279.7376,117.5734,88.6912,104.1686
279.5667,117.5669,89.0328,104.1816
280.7831,117.5656,89.6405,104.1843
281.9070,119.0536,90.4430,104.2584
284.4344,120.5317,91.5165,104.3663
285.3320,121.9807,92.8045,104.5515
287.6388,123.4570,94.4040,104.7055
288.3046,126.5221,96.2070,104.8444
290.4591,128.0477,98.2289,104.9586
292.5276,131.1734,100.4906,105.1059
292.8907,134.3194,103.0019,105.2891
296.4811,137.5071,105.6616,105.4739
296.7046,140.7254,108.5395,105.6872
300.2231,144.0326,111.6231,105.8200
300.3120,147.4284,114.8694,105.8764
300.2921,152.5070,118.3847,106.1458
303.7292,156.0329,122.1144,106.1634
303.5456,159.6102,126.0744,106.1941
303.3028,165.1069,130.2145,106.1641
303.0619,168.7562,134.4138,106.3009
302.7617,174.4460,138.7986,106.2742
302.5526,176.4041,143.0676,106.2089
302.1487,182.3070,147.7904,106.1477
299.9069,184.4137,152.2740,105.9198
299.3365,190.7085,157.4643,105.4792
297.1210,193.0029,161.8953,105.0109
296.7653,197.5725,166.7861,104.2302
294.5488,200.0631,171.2192,103.4886
291.9746,204.8848,176.3674,102.4314
289.7027,207.6080,180.9113,101.3368
287.4167,210.4225,185.4832,100.1081
285.1698,213.2858,189.9771,98.8286
283.2213,213.9203,193.8742,97.5596
278.8750,216.9572,198.0402,96.0123
277.0890,217.6847,201.6122,94.5572
273.1734,218.5271,204.8562,92.8725
269.3912,219.4648,207.8155,90.9970
268.0333,220.4085,210.5314,89.1096
264.4361,219.1078,213.1049,87.0902
260.9827,217.3609,215.3896,85.9618
260.0592,217.1720,217.2365,86.3396
256.8855,214.1826,218.9157,87.6500
256.3065,210.8289,220.0737,89.6415
253.6446,207.0972,220.6294,92.3370
251.1244,203.1665,220.8458,95.3744
251.1881,199.1552,220.7185,98.5162
251.3321,192.5532,220.4304,101.8513
251.5829,188.5730,219.9287,104.8231
251.9896,184.6357,219.1155,107.6644
252.5270,178.1463,218.0406,110.5017
253.0356,174.4337,217.0235,112.8228
253.6023,168.2254,215.8900,114.9810
251.5591,164.7889,214.8268,116.7042
252.2843,158.8935,213.3764,118.1681
252.9338,155.8338,212.0774,119.1204
253.6636,152.9344,210.6179,119.7552
254.4331,150.2599,209.0787,119.9508
255.2123,147.8020,207.5203,119.7328
256.0381,143.0146,205.8689,119.0935
256.7166,143.3856,204.5118,118.3516
257.4801,141.4252,202.9849,117.2333
258.2634,139.5823,201.4181,115.9217
259.0687,137.8432,199.8077,114.4482
259.9024,136.0576,198.1402,113.1163
260.7482,134.3453,196.4485,111.6851
261.5684,132.6218,194.8083,110.3257
262.3620,133.2676,193.2209,109.0341
263.2052,131.7339,191.5345,107.3879
264.0497,130.1763,189.8456,105.8425
264.9121,128.6225,188.1208,104.3408
265.6400,129.2704,186.6650,103.0452
266.4678,127.7659,185.0093,101.5395
267.2886,126.2586,183.3677,100.0896
268.0540,126.9077,181.8371,98.7915
268.8202,127.5711,180.3046,97.4646
269.6477,126.1209,178.6496,96.0395
270.4619,124.6670,177.0211,94.6707
271.2185,125.2479,175.5080,93.5091
272.0544,123.8754,173.8362,92.0669
272.8259,124.4390,172.2931,90.9397
273.5745,124.9782,170.7960,89.8614
274.3445,123.6109,169.2560,88.5409
275.0494,124.0695,167.8462,87.6237
275.7865,124.6027,166.3720,86.5573
274.5873,123.2473,164.8371,85.3348
275.3479,123.7196,163.3160,84.3903
276.0633,124.1796,161.8851,83.4702
276.7632,124.6344,160.4854,82.5606
277.4598,125.0696,159.0921,81.6903
278.1898,123.7703,157.6321,80.5462
278.8619,124.1712,156.2880,79.7445
279.5229,124.5800,154.9659,78.9268
280.1573,124.9586,153.6972,78.1698
280.8035,125.3560,152.4047,77.3748
279.7291,123.9983,150.9836,76.5203
280.4056,124.3397,149.6304,75.8375
281.0297,124.6965,148.3823,75.1238
281.6408,125.0500,147.1601,74.4168
282.2298,125.3766,145.9821,73.7637
282.7807,125.7199,144.8804,73.0770
283.3542,126.0765,143.7333,72.3638
283.9070,126.4120,142.6278,71.6928
284.4463,126.7308,141.5491,71.0554
284.9892,127.0574,140.4633,70.4021
285.5333,127.3672,139.3751,69.7826
284.4489,127.6744,138.2959,69.1681
284.9665,127.9780,137.2607,68.5608
285.4582,128.2422,136.2775,68.0324
285.9448,128.5320,135.3042,67.4529
286.4516,130.4230,134.2905,66.8189
286.9376,130.6686,133.3186,66.3277
287.4110,130.9302,132.3717,65.8044
287.8584,131.1921,131.4770,65.2807
286.7716,131.4072,130.5962,64.8505
287.2223,131.6683,129.6948,64.3284
287.6889,133.4732,128.7616,63.7304
288.1019,133.7020,127.9356,63.2728
288.5023,133.9132,127.1347,62.8503
288.9144,134.1437,126.3106,62.3893
289.3281,135.8487,125.4831,61.9081
289.7585,136.0691,124.6223,61.4672
288.6891,137.7616,123.8732,60.9704
289.0435,137.9898,123.1645,60.5138
289.3695,138.1559,122.5123,60.1817
289.7132,138.3273,121.8250,59.8388
290.1222,139.9373,121.0069,59.4379
290.4576,140.1131,120.3361,59.0861
289.3794,140.2905,119.7085,58.7314
289.6907,141.8732,119.0859,58.3347
289.9855,142.0408,118.4963,57.9996
290.3333,143.6022,117.8007,57.6151
290.6183,143.7751,117.2308,57.2692
290.9349,145.3151,116.5975,56.8964
291.2056,145.4641,116.0561,56.5984
291.4559,145.6120,115.5555,56.3027
290.4355,147.1795,114.9303,55.8336
290.6860,147.3052,114.4294,55.5822
290.9468,148.7832,113.9078,55.2632
291.2697,150.2883,113.2619,54.8766
291.4768,151.7459,112.8478,54.5691
291.6711,151.8619,112.4593,54.3372
291.8968,152.0253,112.0079,54.0104
292.1297,153.4861,111.5419,53.6629
291.1623,154.9847,110.9153,53.2273
291.3101,156.3522,110.6198,53.0370
291.4708,156.4806,110.2983,52.7800
291.6813,157.8904,109.8772,52.4884
290.6833,159.2978,109.3565,52.1903
290.8513,160.6488,109.0206,51.9921
290.9762,160.7767,108.7709,51.7364
291.1323,162.1425,108.4587,51.4924
290.0768,163.5418,108.0910,51.1724
290.2402,163.6300,107.7643,50.9959
290.4329,164.9984,107.3788,50.7190
290.5572,166.3430,107.1302,50.4792
290.6824,167.7021,106.8798,50.2027
289.6081,169.0562,106.5952,49.9277
289.7139,170.3826,106.3836,49.6991
289.8252,170.4888,106.1611,49.4866
289.9680,171.8461,105.8755,49.1822
290.0903,173.1606,105.6308,48.9539
290.1956,174.4945,105.4202,48.6793
290.2922,175.8144,105.2270,48.4247
289.1710,177.1081,105.0915,48.2154
289.2557,178.3888,104.9219,48.0264
289.3640,179.6905,104.7055,47.7895
288.2404,180.9968,104.5933,47.5363
288.2843,182.2919,104.5056,47.2992
288.3070,183.5552,104.4601,47.1205
287.1787,186.0449,104.3727,46.8291
287.2317,187.2903,104.2667,46.6760
287.2992,188.5505,104.1316,46.4889
287.3327,189.8086,104.0648,46.3008
287.2989,192.2596,104.1324,46.0467
286.1589,193.5108,104.0919,45.8646
286.1257,194.7543,104.1583,45.6942
286.1080,196.0011,104.1936,45.5151
286.0921,198.4763,104.2254,45.1886
284.9099,199.6776,104.2833,45.0926
283.7088,200.9233,104.3798,44.9068
283.5338,204.6219,104.7299,44.4212
282.1266,205.8891,105.2438,44.1872
280.6665,209.5881,105.8605,43.7001
277.9943,210.9428,106.5971,43.2944
276.3524,214.7151,107.5737,42.6717
273.5469,217.3237,108.5643,42.0750
270.6189,221.2250,109.7927,41.2136
267.6585,223.9122,111.0815,40.4711
264.6696,226.7345,112.4174,39.4687
261.5348,232.0388,114.0432,38.1476
258.4399,233.5629,115.5910,37.4205
254.0242,241.0506,117.4333,36.4231
251.9842,242.2246,119.1758,36.4126
247.2756,247.0027,121.5071,36.3043
244.9685,249.0161,123.7285,37.0634
241.3945,252.0788,125.9994,38.2533
237.8436,255.0359,128.1160,39.8171
235.4808,257.9095,130.2900,41.7247
233.1085,260.8458,132.4170,43.7050
230.7374,262.5014,134.4749,45.7620
228.3987,265.5384,136.4012,47.9413
226.1222,265.8774,138.1360,50.0815
223.7563,269.0342,139.9861,52.4134
222.9318,269.3990,141.6351,54.6342
220.6206,271.2414,143.2435,56.9773
220.0420,271.6980,144.4007,59.1432
219.6176,272.1732,145.2495,61.3272
219.2928,272.6656,145.8990,63.5276
219.0761,273.2104,146.3324,65.6717
219.0566,272.2143,146.3714,67.6639
219.1184,271.2003,146.2478,69.6919
219.2929,270.2457,145.8989,71.6011
219.6253,269.3430,145.2340,73.4066
220.1217,268.5187,144.2411,75.0551
220.7460,267.7569,142.9925,76.5787
221.5586,265.4493,141.3674,77.7759
222.4675,264.8774,139.5496,78.9197
223.6031,260.9783,137.2784,79.9036
224.6566,258.9119,135.1715,80.6461
224.2996,255.2661,132.5140,81.1947
225.4538,253.4057,130.2055,81.5743
226.7285,249.9944,127.6562,81.7710
226.3984,248.2705,125.0382,81.9405
226.0472,246.6779,122.4988,81.8839
225.9217,243.6477,119.5471,81.5389
227.2719,240.6703,116.8466,81.1887
226.9198,239.2818,114.4449,80.8596
226.6366,236.4767,111.9470,80.3413
226.2053,235.1881,109.7917,79.9006
225.7706,233.9527,107.6830,79.3933
225.3759,231.2739,105.5348,78.8757
226.2811,230.0106,103.7245,78.5057
225.6320,230.1638,102.1598,78.1994
224.9543,228.9441,100.6810,77.8047
225.6002,227.7691,99.3893,77.3496
226.1183,227.9352,98.3531,77.0176
226.5183,228.0332,97.5532,76.8215
225.4998,226.8134,96.8488,76.5199
