1
44.4047,45.2536,18.0980,61.2344
33.7498,41.8593,20.1714,59.6070
31.2624,46.9683,21.4941,60.3453
36.2615,43.5478,22.7637,59.6744
26.8816,46.6175,25.0748,57.3309
26.1675,46.5349,26.5029,56.2236
29.1215,47.1831,27.0029,56.2086
33.2766,46.1926,27.7234,56.8997
33.1555,40.8868,27.9655,57.0098
38.5329,39.9018,29.0772,57.6613
40.8807,38.3980,28.4234,60.6687
56.2451,42.6498,28.0517,61.8242
61.4809,36.6319,27.3111,62.7388
58.2812,35.6421,26.7586,61.9375
79.0674,35.2802,26.2576,61.2922
94.0192,39.3079,26.0728,61.3419
85.9357,32.0303,26.0601,61.0659
80.4004,30.6888,26.3781,62.4047
85.6880,28.6298,26.7554,63.7846
82.2979,28.2050,27.9528,64.6341
76.0982,30.5878,28.9189,64.1561
76.8927,36.0050,30.2084,63.3965
82.6077,42.8114,31.8352,62.8404
69.9467,46.4671,32.1531,64.3540
68.7855,43.7940,32.9769,65.2046
74.8992,32.5149,32.9512,66.4101
72.3405,25.1203,31.8989,67.3175
65.2666,18.9488,32.2103,67.3615
54.4540,16.7684,32.2274,67.0921
56.4662,18.6349,32.8224,66.4386
67.3407,25.9513,34.1823,65.6712
74.4710,27.2078,33.8971,66.2637
80.6599,27.8165,33.9721,66.6030
99.2526,24.8335,32.7330,67.8804
112.8346,27.0480,32.0909,68.1316
109.8272,26.5126,33.4480,67.6500
105.5563,24.8283,34.1439,67.8802
122.7843,30.6451,36.1329,67.3385
129.9650,31.4120,36.2692,67.4156
138.1991,33.0971,35.9440,67.2741
145.0932,33.5373,35.0090,68.0004
145.6541,34.7063,33.8873,68.8649
140.4970,31.7212,33.0396,70.0515
144.7006,29.5013,34.2151,69.6999
144.3903,34.8730,34.8358,68.6311
116.9547,36.7835,35.0511,68.0252
98.4124,36.7374,35.2817,68.1173
94.4929,34.9049,35.0824,68.5671
94.7784,35.4354,34.5115,69.1167
99.1520,26.9994,33.8093,69.8985
99.0276,17.5199,34.0582,69.5581
98.5195,18.2693,35.0743,69.6668
106.3802,23.6999,35.6211,70.1935
111.3394,24.6372,37.2107,69.9629
112.2628,32.2229,38.6997,69.8031
101.7224,32.4910,37.7967,70.9580
101.8184,35.2883,37.6047,72.1339
93.7957,28.5592,36.5837,73.6455
94.6667,22.0206,34.8418,74.7445
115.4342,19.1901,34.0329,75.3146
128.0730,19.7501,34.1210,74.1947
121.2005,24.8554,36.1317,74.0421
122.2227,31.1072,35.7965,73.5024
120.4027,39.1896,37.7410,72.5967
119.5889,42.2509,39.3687,71.6214
121.1078,46.7875,38.0602,72.9243
134.5744,57.6253,37.0185,73.6878
127.6525,67.3471,38.8269,71.4374
113.9467,67.5678,40.4781,69.2787
116.1039,54.3970,41.3044,69.9176
110.7665,53.8949,41.5572,70.9219
99.0377,57.3613,42.1847,72.7699
87.4436,43.6057,42.0480,75.1620
82.8677,49.9390,42.0633,75.2867
96.9794,55.2914,41.2813,75.5585
104.7534,65.3183,40.2939,75.5257
112.4821,69.5878,39.2581,76.0003
126.1063,69.1029,38.8880,75.1781
139.0349,76.4273,39.6326,74.7168
125.3336,66.6076,40.3433,74.7822
131.9131,63.1038,41.5251,74.6194
145.1514,59.9416,42.2045,75.5125
152.8827,55.8182,41.4230,76.4186
159.8302,55.0475,40.3746,76.1250
174.4971,53.6714,38.2344,78.8772
170.6618,57.9204,36.8235,79.4606
169.1696,55.7225,38.0078,80.2559
168.6905,56.3946,38.9659,80.7442
166.8004,51.3041,40.8899,79.7876
122.4714,59.4852,43.2706,78.4301
108.1350,45.4514,43.4967,78.0510
122.9852,39.2647,40.3222,79.0562
125.6790,36.5436,36.7897,80.7882
131.7959,30.2725,33.6505,82.4170
127.1124,30.5573,34.0823,81.8474
126.5027,42.0951,37.0881,80.2098
138.5346,45.5920,40.2605,78.6633
138.1116,49.3128,42.9546,78.6146
130.9178,49.8175,42.1920,79.4991
132.7656,44.9394,40.3903,81.6801
135.4016,43.2035,37.0129,83.2574
135.2058,32.6799,35.5459,83.8590
128.0903,20.5780,36.8863,82.2816
162.1521,23.6410,38.7701,79.8403
172.5807,29.5944,39.9891,78.9714
172.3037,29.3972,40.5431,79.3659
178.0681,30.2413,40.1949,79.5412
182.9996,37.0765,39.6318,78.8906
167.6262,35.9909,37.2456,81.0618
167.9454,38.9266,36.6071,82.5139
166.6397,41.5047,39.2187,81.0392
156.8223,44.9218,42.0686,79.8000
127.4117,49.6633,45.9041,77.9012
118.4737,44.4052,46.3801,78.7507
108.7980,50.9948,44.2373,81.2035
115.6205,46.8643,42.3158,83.6029
114.8870,45.2023,39.8704,84.9708
114.7986,49.6086,40.0472,87.7602
120.8686,46.3633,41.7486,88.3187
130.5007,44.5690,42.6367,89.8921
137.2165,46.7560,43.5804,89.6254
130.3171,43.8432,44.9823,89.2525
129.9451,42.5754,45.7261,89.7031
134.2925,27.2625,45.4493,88.7622
135.8951,21.0924,44.3299,88.5872
164.2311,20.6635,45.4491,87.3809
171.0037,22.0733,46.3631,88.6925
169.5392,28.6039,47.1915,90.3355
161.7001,30.3132,47.8969,91.1948
154.2731,30.2543,47.6047,91.3126
153.6723,30.8806,46.6459,92.2205
156.1320,33.5275,46.0411,93.3984
147.6590,29.6937,47.8390,92.4099
126.4233,29.3299,48.8793,90.9569
112.2994,25.3333,48.8250,90.2418
120.1097,15.4311,48.3638,90.5557
110.6495,19.3568,49.9855,89.1913
116.9816,15.8049,50.3407,89.7854
119.3926,22.8708,47.7035,90.9468
