1
146.3130,113.6785,292.3741,119.6430
146.1630,113.8347,292.6740,119.3306
146.0548,113.9450,292.8903,119.1099
145.9530,113.9930,293.0939,119.0140
145.8784,113.9780,293.2432,119.0440
145.8196,113.9552,293.3607,119.0896
145.7928,113.9196,293.4145,119.1607
145.7551,113.9876,293.4898,119.0249
145.7271,114.0381,293.5457,118.9239
145.7312,114.0465,293.5377,118.9069
145.7049,114.0652,293.5902,118.8696
145.6653,114.1215,293.6694,118.7569
145.6133,111.0353,293.7733,118.5823
145.6283,111.1293,293.7433,118.3942
145.6297,111.2241,293.7405,118.2046
145.5025,111.3343,293.9950,117.9841
145.4396,111.4351,294.1207,117.7826
145.3968,111.5263,294.2064,117.6002
145.3759,111.6300,294.2483,117.3928
145.3414,111.6711,294.3172,117.3107
145.3037,111.7346,294.3925,117.1837
145.2653,111.7943,294.4694,117.0641
145.2238,111.8560,294.5524,116.9408
145.1469,111.9337,294.7063,116.7854
145.0593,112.0004,294.8813,116.6520
144.9770,112.0686,295.0461,116.5155
144.8912,112.1420,295.2177,116.3688
144.8376,112.2216,295.3248,116.2097
144.7798,112.3092,295.4405,116.0344
144.5749,112.3460,295.8502,115.9608
144.4648,112.3891,296.0704,115.8746
144.2162,112.2852,296.5676,116.0825
143.8216,115.3400,297.3568,116.3140
143.2561,118.3381,298.4877,116.6744
142.5273,118.0914,299.9453,117.1677
141.6519,120.9895,301.6962,117.7806
140.8151,123.8585,303.3698,118.4880
139.9671,123.4415,305.0658,119.3219
139.1644,129.4505,306.6713,120.3464
138.4196,132.1460,308.1608,121.5182
137.5141,138.1540,309.9718,122.7123
136.6694,144.0938,311.6612,124.1377
135.8370,150.2492,313.3260,125.2314
135.1343,153.0873,314.7314,126.3010
134.4994,159.3942,316.0013,127.2572
137.3690,162.2767,317.0825,128.3126
136.7789,168.7066,318.2627,129.1624
139.6279,171.6801,319.4515,130.1024
138.8797,174.6572,320.9479,131.0690
138.1263,177.6418,322.4548,132.0594
137.2334,180.6181,324.2406,133.1057
136.2732,180.1648,326.1610,134.0122
135.0716,183.1629,328.5642,135.1033
133.9052,182.5937,330.8969,136.2416
132.7307,182.0187,333.2459,137.3916
131.4900,181.3849,335.7274,138.6593
130.2524,180.6529,338.2026,140.1232
128.9387,179.8558,340.8299,141.7175
123.8912,178.9281,343.4892,143.5727
122.6122,177.7493,346.0472,145.9305
117.4190,176.6443,348.8479,148.1404
112.2181,175.5155,351.5843,150.3980
106.9873,170.3462,354.3010,152.9917
101.7685,169.0502,356.9086,155.5836
96.4176,163.6953,359.6970,158.3800
95.0762,162.2990,362.3798,161.1726
89.5215,156.8413,365.3979,163.9968
83.8334,151.3505,368.5893,166.7936
82.3421,150.0694,371.5720,169.3558
80.7020,144.4455,374.8522,172.2352
74.8110,143.1598,378.1675,174.8067
73.1947,141.9240,381.4001,177.2782
71.5581,140.6554,384.6734,179.8155
65.6020,135.0569,387.8436,182.2705
64.0136,133.9227,391.0204,184.5388
62.5556,132.8694,393.9365,186.6454
61.1904,131.7995,396.6668,188.7852
59.9103,130.8512,399.2270,190.6818
58.6392,129.9033,401.7693,192.5777
57.4546,128.9662,404.1384,194.4518
56.2574,128.0800,406.5327,196.2242
55.2797,127.2809,408.4881,197.8224
54.3363,126.5785,410.3750,199.2272
53.3812,125.9717,412.2852,200.4409
52.4275,125.4243,414.1926,201.5355
51.6298,124.8552,415.7879,202.6738
50.9391,124.3671,417.1693,203.6500
50.2345,123.9185,418.5786,204.5473
54.3789,128.4139,419.9570,205.2237
53.7907,132.9847,421.1333,205.7811
53.2967,132.7658,422.1213,206.2188
57.6277,137.5678,423.2073,206.3629
62.0715,142.4925,424.0861,206.2798
61.7374,142.5282,424.7543,206.2084
66.3139,147.5075,425.3875,206.0362
65.9642,147.6040,426.0871,205.8432
70.5922,152.5584,426.6303,205.7337
70.3781,157.5959,427.0587,205.4641
70.1993,157.9500,427.4161,204.7559
75.0272,163.2522,427.5603,203.9515
75.0692,163.5722,427.4763,203.3114
75.1457,164.0241,427.3234,202.4076
75.2960,169.4813,427.0226,201.2508
75.5276,170.0349,426.5594,200.1436
75.8363,170.5497,425.9421,199.1140
76.2474,171.1139,425.1198,197.9857
76.9109,171.6821,423.7930,196.8493
77.7690,172.3639,422.0768,195.4856
78.8810,173.0295,419.8528,194.1544
85.1899,169.2293,416.7396,192.2501
86.7557,170.2328,413.6080,190.2431
88.6625,171.3586,409.7944,187.9915
90.6576,172.5327,405.8041,185.6434
93.0494,169.3618,401.0206,182.8337
95.3457,170.5621,396.4280,180.4332
97.9828,167.4869,391.1537,177.6597
100.3607,168.8377,386.3979,174.9581
102.7497,170.2123,381.6199,172.2090
105.4734,167.3379,376.1725,169.3933
107.9757,168.5147,371.1680,167.0397
110.3939,169.5405,366.3315,164.9882
112.8031,170.5694,361.5131,162.9303
115.3028,175.7867,356.5138,160.6054
121.5428,176.7214,352.0298,158.7360
123.7378,181.4967,347.6400,157.0836
129.6285,186.1848,343.6640,155.5128
131.2980,190.6586,340.3250,154.2854
132.5145,190.7229,337.8921,154.1569
137.6063,194.7215,335.3209,153.7722
138.5853,198.4969,333.3630,153.7897
143.1331,202.1231,331.8076,154.0776
147.7306,205.7125,330.1352,154.4215
148.4671,205.5120,328.6624,154.8226
152.9165,209.0710,327.2533,155.1944
157.2551,208.8396,326.0521,155.6572
161.5320,208.4712,324.9645,156.3940
169.6421,208.0579,323.6711,157.2206
174.2504,203.8914,321.9133,158.0948
182.7520,203.4757,319.8067,158.9262
187.6229,199.2716,317.4969,159.9026
196.1053,195.0030,315.3621,161.0247
200.8709,194.3837,313.2340,162.2634
209.6416,186.2008,310.4788,163.8428
214.5990,177.8987,307.9440,165.6872
219.3851,173.2761,305.7459,167.5582
224.1931,168.5509,303.5036,169.6350
228.9629,167.4872,301.3401,171.7623
233.7310,162.6669,299.1842,174.0227
234.7670,157.7921,297.1122,176.3857
239.5692,149.1546,294.9036,178.8691
240.6879,144.1135,292.6661,181.5464
245.5974,131.4480,290.2637,184.6280
246.7080,126.2242,288.0424,187.6434
247.9528,113.2457,285.5528,191.2525
249.1382,107.6864,283.1820,194.8991
250.3137,98.1155,280.8311,199.0475
255.4122,88.4915,278.1638,203.2362
256.7567,82.8148,275.4748,207.0316
258.1730,77.1470,272.6420,210.7877
259.3791,71.4389,270.2299,214.6064
260.5995,65.8678,267.7891,218.1260
261.8797,64.1330,265.2287,221.5957
263.2864,58.5962,262.4153,225.0103
264.8424,57.0134,259.3033,228.1761
266.2432,54.9540,256.5018,232.2948
267.7677,53.0861,253.4527,236.0307
269.4911,51.7495,250.0060,238.7038
267.4019,46.4208,246.4886,241.6654
265.1906,44.8986,243.2240,244.7099
262.9663,43.2938,239.9884,247.9194
260.7965,41.7003,236.6448,251.1065
258.5753,40.1254,233.4068,254.2563
260.1415,38.6094,230.2744,257.2883
257.9401,37.1002,227.0021,260.3066
255.7160,35.6394,223.7806,263.2283
253.4791,34.2407,220.5912,266.0257
255.0804,32.9140,217.3886,268.6792
252.8545,31.5577,214.1964,271.3918
254.4388,30.2229,211.0280,274.0612
255.9392,28.9825,208.0271,276.5421
257.3452,27.7998,205.2151,278.9075
258.7591,26.6786,202.3872,281.1499
260.0615,29.2846,199.7824,283.5274
257.5776,31.9461,197.1676,285.7870
258.8804,38.5237,194.5620,287.7788
260.1604,37.6789,192.0021,289.4684
261.4772,40.9032,189.3686,290.5630
262.6760,44.2152,186.9709,291.4549
263.7241,43.8690,184.8747,292.1472
268.4552,43.6460,182.8770,292.5933
273.0628,43.4090,181.0996,293.0672
273.8041,39.6100,179.6169,293.2502
278.2236,35.8862,178.1706,293.3051
278.7289,32.2691,177.1600,293.1702
282.7585,32.5657,176.4512,292.5769
286.6088,32.9678,176.0801,291.7726
286.6658,33.5152,175.9660,290.6780
286.5010,34.0675,176.2957,289.5732
286.0988,34.6702,177.1000,288.3680
285.5346,35.3707,178.2285,286.9669
284.8544,39.6755,179.5888,285.6331
283.9957,40.2963,181.3061,284.3914
282.9778,44.6376,183.3419,282.9975
281.6311,45.1365,186.0353,281.9998
280.2729,49.3370,188.7517,280.9305
278.7038,53.5068,191.8901,279.9519
277.0037,57.7627,195.2903,278.8383
275.1894,58.4422,198.9189,277.4792
273.3213,62.9912,202.6551,275.8580
271.4787,67.6462,206.3403,274.0616
273.3561,68.5072,210.1319,272.3396
275.1937,73.3556,214.0389,270.2248
273.2972,74.5291,217.8319,267.8780
275.1357,79.5708,221.7938,265.4333
273.2503,80.8761,225.5646,262.8227
271.4021,86.2463,229.2610,259.7679
269.5445,87.8415,232.9761,256.5775
267.7734,89.6583,236.5184,252.9438
266.0053,91.6696,240.0546,248.9213
264.2109,93.8410,243.6434,244.5785
262.3938,96.0654,247.2775,240.1296
264.4118,98.2211,250.9170,235.8182
266.4632,100.4337,254.4785,231.3931
264.6362,102.6625,258.1324,226.9355
262.7326,104.8105,261.9396,222.6395
260.8187,106.9822,265.7674,218.2960
262.8344,109.2490,269.3501,213.7624
261.0600,111.4949,272.8987,209.2708
263.1266,113.7441,276.3423,204.7723
261.5430,115.9332,279.5094,200.3940
260.0026,122.0292,282.5902,195.7339
262.2303,127.9379,285.6365,191.4181
260.7698,129.8996,288.5574,187.4947
259.2792,135.7302,291.5385,183.2880
257.7052,144.7282,294.6866,180.1497
256.5653,146.1461,296.9664,177.3139
251.7024,152.1037,299.2828,172.8079
246.6291,153.7984,302.0620,169.4185
238.0830,159.3826,304.4521,165.6013
233.4117,161.1689,306.4734,162.0286
225.1508,162.1364,308.4156,160.0937
224.1538,163.6009,310.4095,157.1647
216.0908,161.4131,312.0080,154.2764
211.7426,159.0042,313.4670,151.8570
207.5787,160.0109,314.5782,149.8435
199.9081,157.5514,315.5239,147.5647
195.8140,154.5802,316.5403,146.3354
188.2386,151.5149,317.3609,145.3009
184.2129,148.0866,318.2533,144.9984
180.2277,144.3613,319.0571,145.2824
176.3456,143.9319,319.6379,146.1412
172.4495,143.3064,320.2235,147.3924
168.5547,142.5313,320.7759,148.9425
164.5440,141.6120,321.5249,150.7810
160.4994,140.4969,322.2988,153.0112
156.3808,139.4339,323.1704,155.1372
152.2088,138.2409,324.0992,157.5233
147.9415,137.1090,325.1633,159.7871
143.6170,132.1385,326.2873,162.2030
139.2031,130.9194,327.5314,164.6410
134.7237,129.6059,328.8463,167.2682
133.9640,128.2231,330.3659,170.0337
133.2758,126.9178,331.7422,172.6443
132.5992,125.6523,333.0954,175.1752
131.9493,124.2962,334.3951,177.8876
131.2923,122.9195,335.7093,180.6409
130.5745,121.6162,337.1447,183.2475
129.7929,120.3384,338.7079,185.8031
129.0886,123.1890,340.1166,188.2737
128.5184,121.9735,341.2570,190.7047
127.8360,124.9026,342.6218,193.1395
127.2061,127.9328,343.8817,195.4338
126.5107,126.8902,345.2723,197.5189
125.8030,130.0396,346.6877,199.6885
125.0119,133.2204,348.2701,201.8531
124.1660,132.1171,349.9619,204.0597
123.3051,131.0378,351.6836,206.2182
122.5519,130.2225,353.1899,207.8489
126.3461,129.5065,354.3625,209.2809
130.3329,128.8135,355.1912,210.6669
134.5852,132.8488,355.5249,211.4345
134.7767,136.9570,355.1418,212.0741
139.7144,145.6805,354.1277,212.3495
145.0263,154.7708,352.3547,211.8705
146.1419,159.5151,350.1235,211.1984
152.0079,164.4869,347.1632,210.0265
153.8111,169.8458,343.5569,208.0165
160.1154,170.9171,339.5687,205.8740
162.3526,176.4984,335.0941,203.2364
164.4919,177.5328,330.8155,201.1675
170.9966,183.0833,326.1214,198.3818
173.1045,188.4617,321.9057,195.8234
175.1065,189.5698,317.9016,193.6073
177.1070,194.7986,313.9006,191.1452
179.0369,195.8521,310.0408,189.0381
180.9636,200.8871,306.1874,186.7696
182.7024,201.9226,302.7100,184.6988
184.4282,206.7740,299.2583,182.6152
182.3155,207.8226,295.9508,180.5181
183.8986,208.9083,292.7848,178.3465
185.5323,213.6841,289.5172,176.1595
187.2153,214.6993,286.1514,174.1291
188.7666,215.6541,283.0487,172.2195
190.4498,220.1780,279.6823,170.2878
192.0224,224.5615,276.5371,168.5544
193.4304,225.2057,273.7211,167.2661
194.8064,229.4585,270.9690,165.6544
192.5350,233.6495,268.6862,164.0982
193.6456,237.7395,266.4649,162.6838
194.6246,241.7466,264.5069,161.3783
195.5696,245.6832,262.6169,160.1625
196.4451,246.2487,260.8660,159.0315
197.3506,246.8964,259.0549,157.7361
198.2738,247.5845,257.2085,156.3599
202.4991,248.3867,255.2222,154.7555
203.4965,249.1383,253.2275,153.2523
204.5557,249.9276,251.1091,151.6738
208.7270,247.5278,249.0610,150.1788
209.7093,245.1221,247.0964,148.7513
210.5347,245.7695,245.4455,147.4565
214.2553,246.3604,244.1434,146.2748
214.7944,240.7134,243.0652,145.3691
215.0317,234.5850,242.5907,145.4888
218.2181,231.3848,242.2814,145.8258
221.2406,225.5453,242.3010,145.3756
221.0551,222.7673,242.6719,144.8745
220.9751,219.9716,242.8318,144.4116
223.9379,220.3032,242.9552,143.7484
223.8106,220.5657,243.2099,143.2233
223.6751,220.7657,243.4807,142.8234
223.5160,220.8458,243.7990,142.6631
223.2785,220.8594,244.2741,142.6359
222.9949,220.7903,244.8411,142.7742
222.6111,220.7517,245.6088,142.8513
222.1566,220.7115,246.5178,142.9316
221.7245,220.6460,247.3819,143.0628
221.1864,220.5151,248.4582,143.3245
220.6386,220.4417,249.5538,143.4714
220.0124,220.3747,250.8063,143.6053
219.4375,220.2642,251.9560,143.8263
218.8862,217.0055,253.0586,144.1693
218.3638,213.7894,254.1033,144.4051
217.8206,213.7484,255.1898,144.4871
214.2427,210.6134,256.1121,144.5236
213.7379,210.5827,257.1216,144.5849
210.1641,207.3747,258.0057,144.7372
209.7412,207.4456,258.8514,144.5955
206.1814,207.4189,259.6816,144.6487
202.6475,204.2437,260.4466,144.6966
202.1227,204.2390,261.4962,144.7060
198.4312,204.1542,262.5488,144.8756
194.7558,203.9918,263.5508,145.2003
190.9480,203.8528,264.7973,145.4784
190.2176,203.6452,266.2580,145.8936
186.2173,203.3551,267.8376,146.4737
182.1211,203.0508,269.5757,147.0824
181.3412,202.8103,271.1356,147.5633
177.0726,202.5351,273.1512,148.1137
176.1667,202.2261,274.9630,148.7318
171.7017,201.8023,277.2952,149.5793
167.3621,201.5227,279.3275,150.1386
166.3611,204.6319,281.3296,150.6064
162.0461,204.3208,283.2357,151.2286
161.1332,207.3404,285.0615,151.9521
156.7066,210.5269,287.1129,152.3808
155.8090,210.2601,288.9081,152.9144
154.7849,213.5277,290.9562,153.2541
150.4616,213.1450,292.6920,154.0197
149.5508,212.8214,294.5135,154.6667
145.2095,212.5757,296.2087,155.1582
144.2601,212.2764,298.1076,155.7568
139.7645,211.9281,300.0396,156.4534
138.8887,215.1089,301.7912,157.1911
138.0540,214.8447,303.4606,157.7196
137.2025,218.1765,305.1637,158.2274
136.3477,217.8272,306.8733,158.9260
131.8262,217.1232,308.6739,160.3340
130.9826,220.3383,310.3611,161.1969
130.2916,220.1102,311.7431,161.6531
129.5554,219.8950,313.2155,162.0834
128.7059,219.6504,314.9145,162.5726
127.8333,219.3813,316.6598,163.1109
127.0277,219.1570,318.2709,163.5594
126.3158,218.9698,319.6947,163.9339
125.6362,218.8240,321.0540,164.2255
124.9785,218.6475,322.3693,164.5785
128.2448,218.5145,323.4039,164.8444
127.6401,214.6879,324.6134,164.9107
130.8766,214.5760,325.7461,165.1346
130.2820,214.5105,326.9352,165.2656
133.5854,214.3928,327.9745,165.5010
133.0771,214.3182,328.9910,165.6502
136.4631,214.2774,329.9019,165.7318
136.0792,214.2423,330.6695,165.8020
139.5625,214.1448,331.4129,165.9970
139.1122,213.8911,332.3134,166.5043
142.6483,213.5423,332.9874,167.2019
142.1868,217.1267,333.9105,167.8013
141.7945,220.4276,334.6951,168.9914
141.6070,223.9054,335.0699,169.8598
141.3998,227.8825,335.4843,169.7501
141.0178,231.8457,336.2485,169.6724
140.6384,231.8167,337.0072,169.7304
140.1999,231.8049,337.8843,169.7540
139.7240,231.7537,338.8360,169.8563
139.2241,231.6133,339.8359,170.1373
138.6995,231.4348,340.8850,170.4942
138.2089,231.4554,341.8662,170.4530
137.7804,231.3965,342.7233,170.5709
137.3166,227.2759,343.6508,170.8431
136.7659,227.1021,344.7523,171.1906
136.1568,226.7709,345.9703,171.8532
135.5373,226.4594,347.2095,172.4761
138.9377,226.1161,348.4761,173.1628
138.2039,226.0575,349.9438,173.2800
137.5148,225.9037,351.3219,173.5876
136.7956,225.8699,352.7604,173.6552
136.0173,225.8459,354.3169,173.7030
139.3927,221.7672,355.7589,173.6678
138.7268,217.5715,357.0907,173.8459
137.8334,213.2816,358.8775,174.1899
136.9524,209.0695,360.6394,174.3463
136.0662,204.8489,362.4118,174.4913
135.2035,200.6395,364.1373,174.5854
134.3553,196.4577,365.8336,174.5975
133.5489,196.4223,367.4466,174.6683
132.6866,192.2051,369.1711,174.7014
131.8615,192.1148,370.8212,174.8820
135.1984,187.8347,372.6016,174.9881
134.2953,183.4522,374.4078,175.2711
133.4191,183.2831,376.1601,175.6093
132.5532,183.1030,377.8920,175.9697
135.9925,178.6365,379.5896,176.3265
135.1815,178.4994,381.2116,176.6007
134.4052,174.0236,382.7642,176.9169
133.6499,173.7339,384.2747,177.4962
132.8831,169.1918,385.8084,177.8848
132.1459,168.9355,387.2828,178.3974
131.4374,164.3413,388.6997,178.8306
130.7328,159.7341,390.1090,179.2617
129.9687,159.3169,391.6372,180.0961
129.2390,154.4696,393.0965,180.9425
128.5594,153.9709,394.4557,181.9398
127.9935,149.0647,395.5875,182.8307
127.3910,144.1799,396.7925,183.6467
126.7843,139.2890,398.0060,184.4430
126.2531,134.3655,399.0684,185.2732
125.6923,129.3139,400.1900,186.3295
125.2044,128.8048,401.1658,187.3475
129.2039,123.8036,402.2805,188.2363
128.6796,118.7839,403.3292,189.1301
128.1900,113.6763,404.3083,190.1690
127.6567,113.2125,405.3749,191.0967
131.7147,108.2207,406.4994,191.8398
131.1540,103.2598,407.6208,192.4916
130.5712,98.2939,408.7864,193.1260
134.5751,93.3862,410.1041,193.6158
133.9051,88.4711,411.4441,194.0927
137.8196,83.5105,412.9964,194.6327
141.6935,78.2202,414.6616,195.8001
145.1577,72.9605,417.1911,196.8617
153.4882,67.9356,419.5566,197.3982
157.2087,63.0555,421.6728,197.6014
165.7823,58.0960,423.7083,197.9289
169.6965,57.9940,425.5067,198.1329
173.6969,53.2067,427.1624,198.0510
177.9272,48.7096,428.3810,197.3659
182.2636,44.1808,429.3932,196.7387
181.8992,44.5719,430.1221,195.9565
181.7214,40.3063,430.4775,194.8021
181.6713,40.8799,430.5777,193.6549
181.8369,41.5289,430.2466,192.3569
182.1075,46.8787,429.7054,191.2815
182.5392,52.1317,428.8419,190.3729
178.2894,52.4447,427.7728,189.7470
169.3826,57.4911,426.5015,189.1966
165.4145,62.6054,424.9233,188.4821
161.5996,67.7524,423.0743,187.6670
153.0941,72.9431,421.2100,186.7232
149.3123,78.1459,419.3797,185.7117
145.6058,78.7332,417.4430,184.5371
142.0176,79.3855,415.3184,183.2325
138.4711,80.0700,413.1642,181.8635
134.9133,80.8885,411.0880,180.2265
136.1301,77.0400,408.6544,178.7906
132.4934,77.5889,406.8554,177.6929
128.8755,78.1382,405.0643,176.5942
129.8171,78.6791,403.1812,175.5125
126.2056,79.1806,401.4690,174.5094
127.0830,79.6851,399.7142,173.5004
123.5789,80.1093,397.8728,172.6520
124.6987,85.1216,395.6333,171.4353
125.6841,85.4169,393.6624,170.8447
122.5077,85.8410,391.3001,169.9965
123.7549,90.8640,388.8058,168.6164
124.9965,95.7599,386.3226,167.4300
126.1163,100.5843,384.0831,166.3296
127.1218,101.1835,382.0720,165.1312
128.1795,105.9401,379.9567,164.0645
129.1074,106.3037,378.1008,163.3371
125.9358,110.8767,376.0868,162.5485
126.8890,111.4013,374.1804,161.4991
127.8216,111.8376,372.3151,160.6265
128.7486,112.2988,370.4612,159.7041
129.5327,112.7075,368.8930,158.8867
130.3412,113.0904,367.2760,158.1209
131.0275,113.4240,365.9034,157.4538
131.6337,113.6968,364.6910,156.9082
132.2052,113.9328,363.5480,156.4363
132.8044,114.0798,362.3496,156.1422
133.3958,114.3755,361.1669,155.5508
134.0203,114.6552,359.9177,154.9915
134.6739,114.7674,358.6105,154.7670
139.4744,110.9812,356.9333,154.4157
140.2776,107.3255,355.3269,153.8338
141.0034,107.5607,353.8753,153.3634
145.8495,103.8520,352.0135,152.9503
146.8142,100.1887,350.0841,152.4809
147.7854,96.7205,348.1418,151.6572
148.8100,96.9817,346.0927,151.1348
149.9232,93.5770,343.8661,150.2658
150.9971,93.9090,341.7183,149.6019
152.0010,94.1297,339.7106,149.1603
153.0067,94.2903,337.6992,148.8392
154.1460,98.2145,335.4207,148.5072
155.0544,98.1603,333.6037,148.6155
156.0304,98.1160,331.6518,148.7042
153.1290,101.9018,330.0284,148.5587
150.2095,101.8904,328.4673,148.5817
147.1305,101.7121,327.2474,148.9381
144.0838,101.6122,325.9744,149.1379
141.0874,105.3124,324.6157,149.0889
141.7743,105.2652,323.2419,149.1834
138.8225,105.2434,321.8332,149.2270
139.5658,105.2990,320.3466,149.1157
140.2448,105.3584,318.9887,148.9969
140.9913,105.4570,317.4956,148.7998
141.7332,105.5562,316.0117,148.6014
142.4725,105.6694,314.5331,148.3750
143.0730,105.7699,313.3322,148.1739
143.6135,105.8474,312.2512,148.0190
144.0848,105.8735,311.3085,147.9667
144.2136,105.7609,311.0509,148.1920
144.1964,105.6424,311.0853,148.4290
143.8622,105.3815,311.7538,148.9507
143.4792,105.1525,312.5197,149.4087
142.9474,104.7667,313.5834,150.1804
142.4899,104.3306,314.4983,151.0525
141.8216,103.8635,315.8349,151.9867
137.3866,103.1934,317.4515,153.3270
136.3501,98.9749,319.5245,154.4637
131.5381,98.2338,321.7982,155.9457
126.3856,97.4788,324.6939,157.4558
125.0980,96.7394,327.2691,158.9345
119.8800,95.9972,330.1640,160.4190
118.3115,91.3372,333.3009,162.1297
116.6558,90.4761,336.6124,163.8520
114.8678,89.5308,340.1883,165.7426
109.0144,88.5318,344.0471,167.7406
107.0805,87.4549,347.9148,169.8944
105.0435,86.3717,351.9887,172.0607
102.9332,85.2743,356.2094,174.2555
100.7838,84.1702,360.5083,176.4638
98.5897,83.0221,364.8964,178.7599
96.3048,81.8439,369.4662,181.1164
94.0103,80.6316,374.0553,183.5411
91.6413,79.3970,378.7932,186.0103
89.1596,78.1460,383.7565,188.5122
82.1418,76.8481,388.9121,191.1080
79.6051,75.5195,393.9857,193.7652
77.0127,74.1535,399.1704,196.4972
74.3276,72.7844,404.5407,199.2354
71.6712,71.3743,409.8535,202.0556
64.2515,69.9399,415.1964,204.9244
61.4833,73.2856,420.7328,207.8573
53.7683,71.7476,426.4067,210.9333
45.9432,70.2865,432.1643,213.8555
