1
309.6059,316.7985,65.7882,42.4031
311.3458,316.8515,65.6961,42.2969
313.9011,317.6616,65.6575,42.3675
318.9494,319.1764,65.7085,42.7204
323.0815,319.6131,65.9338,43.5450
327.2503,322.3458,66.1714,44.9397
333.1785,323.3453,66.5076,46.4242
339.1878,326.0334,66.8887,48.1336
346.2090,326.7193,67.2892,50.3726
353.2850,331.9101,67.9222,52.9281
360.6430,333.2960,68.4021,55.8547
368.2108,338.4791,68.9009,59.1686
376.1088,343.6779,69.2282,62.8787
384.3055,348.8506,69.4734,67.0921
391.7957,354.0667,69.5469,71.7139
400.7135,360.6123,69.5073,76.4186
408.8699,366.2601,69.2764,81.2049
413.8567,373.0853,68.7744,86.4979
420.4105,381.4314,67.8731,91.7769
423.5712,388.4059,66.5660,92.8706
426.8581,392.1465,64.9966,90.3939
428.4456,401.5697,61.8216,86.1810
429.6736,405.2305,59.3657,81.1822
428.8393,414.0241,58.8275,74.6283
425.9920,423.4118,60.3262,66.3429
420.4105,431.2010,61.5181,58.7414
416.8011,436.4126,63.0558,52.1056
408.9256,443.1569,64.3147,45.8632
400.9547,445.3285,64.6954,41.5200
390.1340,448.1691,64.7217,37.5014
380.5629,449.5130,64.7182,34.8135
367.2903,449.3684,66.4691,33.5531
350.8473,444.2742,69.8351,34.4194
333.4666,441.3066,75.4735,37.1187
316.0160,433.3717,80.6723,40.7582
302.8264,428.6957,84.4162,46.3376
293.3131,416.2707,87.1452,50.8159
284.0134,399.5009,88.5152,52.0500
276.3843,384.7018,88.4088,50.9193
271.5215,370.8814,87.2635,48.1212
269.1743,357.8622,85.6288,44.6246
266.1075,344.2372,83.6598,41.4897
265.3196,331.1033,81.3503,38.6171
264.9373,317.3652,78.3968,36.3486
265.5952,304.4805,75.3045,35.4716
267.2059,290.7298,72.0831,35.5158
268.7420,276.9929,69.0110,36.2725
270.2402,264.1553,66.0146,37.3800
272.5072,251.4430,63.0931,38.6158
277.8760,238.6297,60.3059,40.3913
280.7554,225.8914,57.7031,42.1977
286.7102,217.8587,55.2045,44.1468
291.7490,206.0008,52.9377,45.9923
296.7384,198.9083,50.7439,47.7213
301.6125,191.9310,48.7479,49.2723
307.9050,184.2917,46.9683,50.6584
314.1159,178.2256,45.3066,52.0304
319.5298,174.4677,43.6704,53.4185
325.6644,171.6449,42.0904,54.4828
331.0772,170.3518,40.3712,55.5514
335.6829,167.6306,38.6890,56.4763
340.8549,167.2527,37.2977,57.2321
345.9897,167.0270,35.9101,57.6834
351.0363,167.5467,34.6005,58.1080
356.0224,168.8467,33.3174,58.4043
359.5419,170.8872,32.0018,58.6160
363.0417,173.6499,30.6487,58.7368
367.1088,176.3613,29.4652,58.8748
368.9733,179.8560,28.4797,58.7441
372.1679,181.9312,27.5016,58.6521
375.2067,186.6180,26.7617,58.6193
375.9330,191.3039,26.6301,58.4944
376.4817,194.0520,26.8494,58.2656
377.4810,198.2072,27.4855,57.8593
377.7794,203.0638,28.2113,57.4041
377.9297,205.8928,29.2393,57.0602
377.3381,210.8766,30.4225,56.4815
376.6779,215.2048,31.7430,55.9438
375.9644,217.4534,33.1700,55.5495
375.2332,222.5292,34.6322,55.0999
374.4507,226.2596,36.1974,54.6587
372.9368,229.3053,37.8017,54.2609
372.1590,233.1096,39.3573,53.8722
369.9114,236.9783,40.9250,53.4534
368.4355,238.6540,42.3939,53.0680
365.4809,243.2913,43.8002,52.7993
364.0115,245.0116,45.2192,52.3979
362.5207,248.2506,46.6646,52.0649
359.4564,249.9571,48.1307,51.7603
355.6495,253.2487,49.4532,51.4684
354.1611,254.9826,50.8407,51.1791
351.1161,256.7110,52.1109,50.9356
349.7036,258.4508,53.3131,50.7015
345.7419,260.1872,54.6848,50.5044
343.4371,261.9449,55.9822,50.3015
340.2867,262.8740,57.2635,50.1164
336.3340,263.8305,58.4086,49.8934
334.0922,264.8714,59.4836,49.5158
331.0417,265.8965,60.4404,49.1803
327.9699,266.8837,61.4120,48.9300
324.9033,267.8783,62.3405,48.6758
322.6500,267.9850,63.3571,48.4623
318.6938,268.1086,64.2413,48.2152
317.4124,268.2289,65.0378,47.9747
314.3189,268.3376,65.9008,47.7572
311.2460,268.4434,66.6941,47.5456
308.2247,267.7077,67.3584,47.2242
306.9803,266.9509,68.0498,46.9404
302.1979,266.1943,68.5984,46.6504
301.8688,265.4175,69.2567,46.3972
300.6019,263.7576,69.9782,46.0923
297.5674,262.9894,70.5925,45.8103
296.4146,262.1770,71.0755,45.6125
294.3506,260.6371,71.5502,45.0391
293.2101,259.0995,72.0071,44.4661
292.0254,257.3992,72.5550,44.2239
290.9043,254.7440,72.9719,44.0579
290.7167,253.7906,73.3471,44.1358
289.5995,251.9785,73.7457,44.0885
289.4686,249.2768,74.0075,43.9691
289.2806,247.4174,74.3835,44.0024
289.0780,245.6027,74.7887,43.9339
289.7828,243.7316,75.2329,43.9686
291.4857,241.8172,75.5489,44.0754
292.2794,241.7097,75.8292,44.2904
294.0167,239.8021,76.1051,44.3551
294.8568,239.7134,76.3052,44.5324
296.6892,238.7042,76.4133,44.6644
298.4724,237.6190,76.6275,44.9445
302.1833,236.5178,76.7985,45.2488
303.0991,236.3643,76.8728,45.5556
306.9289,236.1653,76.8619,45.9536
308.8736,235.9613,76.8099,46.3618
313.6331,235.7211,76.9151,46.8421
314.5719,235.5402,76.9720,47.2039
318.4915,235.3232,76.8984,47.6380
323.3668,235.0384,76.8861,48.2076
325.4688,234.7651,76.5960,48.7542
330.5406,234.4758,76.2615,49.3327
332.6208,235.2110,76.0340,49.8289
337.6902,234.9476,75.7519,50.3557
341.8136,234.6308,75.4084,50.9892
345.0354,235.2863,74.9084,51.6594
351.2777,235.9454,74.3324,52.3259
355.5233,235.6209,73.7896,52.9750
358.8081,235.3135,73.1886,53.5898
364.1813,235.0179,72.3949,54.1809
368.5870,235.6676,71.5361,54.8698
373.0373,235.4142,70.5809,55.3765
376.5436,235.1278,69.5081,55.9492
382.0473,234.8470,68.3649,56.5109
385.5517,234.5687,67.2490,57.0675
391.9997,234.2844,66.0896,57.6361
393.6203,233.0112,64.7956,58.2353
399.1750,232.7536,63.3704,58.7504
400.7325,231.5571,62.1781,59.2205
406.1649,229.4516,60.8715,59.6084
407.8105,228.3548,59.4777,59.9045
411.4450,226.2872,57.8488,60.2798
414.1057,225.1458,56.2477,60.7023
416.7478,223.1110,54.6463,61.0892
417.4596,219.2778,53.2227,61.4679
419.1604,217.3093,51.6262,61.7951
421.7265,214.5277,50.0627,62.0051
422.4208,210.8851,48.6740,62.2410
423.0461,209.0440,47.4234,62.4363
423.7176,205.5003,46.0805,62.6196
424.3036,203.7628,44.9085,62.6808
423.1788,198.6706,43.7810,62.7340
422.8383,196.9681,42.7913,62.7975
420.8792,192.8352,41.7434,62.7867
418.1611,189.5873,40.6285,62.7313
416.1181,186.3407,39.8594,62.7511
411.5085,181.5639,39.4437,62.6696
406.8697,179.9614,39.1353,62.6793
402.9342,175.2460,39.0431,62.5545
397.3260,172.1194,39.1350,62.4507
391.6751,169.7694,39.3124,62.3831
385.9962,165.0627,39.5320,62.2495
379.4913,163.4570,39.7991,62.2752
371.3945,158.6938,40.0157,62.2154
364.8303,157.8833,40.3407,62.2361
357.4353,153.0421,40.6754,62.2814
350.7899,152.1735,41.0669,62.4063
343.2821,149.6362,41.4951,62.6184
334.0569,147.8524,42.0032,62.9238
327.2753,144.4527,42.4130,63.1466
320.3651,143.3896,42.9990,63.6185
312.4873,141.4889,43.7140,64.0776
305.3698,139.5216,44.4299,64.6323
298.1118,139.2204,45.2646,65.2347
290.7479,137.2275,46.1283,65.7544
283.2849,136.0271,47.0132,66.4002
275.6372,135.6311,48.0726,67.1921
267.8858,134.3630,49.1039,67.9194
259.9106,133.0137,50.3589,68.7810
251.8405,132.5720,51.5342,69.6644
244.5147,132.1036,52.8629,70.6013
236.9901,131.6205,54.3369,71.5675
229.2867,131.0948,55.8970,72.6189
222.3855,130.5295,57.5818,73.7494
215.3333,130.9978,59.3006,74.8770
208.0977,131.4931,61.1151,75.9959
200.6517,131.9998,63.0707,77.1387
195.2673,131.4284,65.0184,78.2814
187.4009,131.8927,67.2256,79.6070
182.8485,132.4149,69.3998,80.8729
174.5753,134.1262,71.7574,82.1799
170.9756,135.8562,74.1112,83.5656
162.1949,136.3896,76.7807,84.9807
158.3442,136.9942,79.3889,86.3181
153.0483,138.9492,82.1536,87.6261
148.9027,139.5989,85.0982,89.0000
141.8749,141.6829,88.1877,90.3152
138.7929,143.7989,91.5407,91.7053
134.2386,144.6748,94.8776,92.8391
129.5013,147.0671,98.4401,93.9669
127.6303,147.9429,102.1821,95.2451
124.0949,150.4418,106.1442,96.4645
120.4965,151.5491,110.1514,97.4397
118.4027,152.6585,114.3389,98.4884
116.1592,153.8422,118.8259,99.4704
113.8338,156.7828,123.4767,100.4579
111.4532,158.1327,128.2378,101.2799
110.8178,159.5432,133.1169,102.0672
110.1647,159.1958,138.1188,102.7619
109.3603,160.8386,143.5107,103.2596
110.4934,160.7251,148.9909,103.4865
111.5693,162.6713,154.7587,103.5539
114.6900,162.6685,160.6611,103.5595
115.8378,162.7617,166.6387,103.3730
119.1313,162.9006,172.7202,103.0953
126.8298,163.2338,178.8674,102.4289
125.9696,163.6339,184.9765,101.6287
133.9303,161.8981,191.3827,100.6349
132.9739,160.3208,197.8382,99.2465
143.5145,158.7320,204.4389,97.8106
142.5308,157.1895,211.0914,96.2104
151.1624,155.6578,217.5989,94.5196
152.7026,154.0772,224.1559,92.8622
159.0899,150.2405,230.9182,90.7671
163.0817,146.0784,237.7673,89.2028
167.4768,144.1236,244.0206,88.0979
171.9640,139.5729,250.2984,87.0311
176.7819,137.1053,256.1258,86.8119
179.0335,131.8604,262.0894,86.8348
186.6778,126.0759,268.0759,87.7663
186.6391,122.7515,273.5743,88.9942
195.0454,116.5679,278.8484,90.3179
198.3490,113.1003,283.4829,91.6322
199.1893,109.6064,287.5132,92.9092
208.8473,103.1856,291.3637,94.1675
210.2570,96.6782,294.4138,95.4434
212.0160,93.0282,296.8321,96.8072
217.0088,89.4913,298.8378,97.8854
219.2773,86.0976,300.3447,98.6288
224.5507,79.8075,301.9558,99.0511
226.9926,76.4080,303.1816,99.7404
229.5921,73.0811,304.1224,100.2547
232.3324,69.7876,304.8042,100.6791
235.2365,66.6086,305.1761,100.8571
238.3559,63.5310,305.1258,100.8238
241.7555,60.4251,304.5136,100.8483
242.2930,60.3602,303.4388,100.9783
245.9253,60.4161,302.3401,100.8663
246.6575,57.7101,300.8759,100.1300
247.5243,57.8220,299.1422,99.9062
248.5127,58.0923,297.1653,99.3657
252.6481,58.5981,294.9418,98.3540
253.7296,59.1239,292.7788,97.3024
254.8561,59.6795,290.5257,96.1913
256.1922,60.3277,287.8535,94.8948
257.5076,61.0030,285.2227,93.5443
258.7801,61.6679,282.6778,92.2145
260.0880,62.3923,280.0620,90.7657
261.5557,63.0404,277.1267,89.4694
263.1337,66.5464,273.9707,88.0382
264.5740,69.9857,271.0899,86.6694
266.0813,73.3560,268.0754,85.3725
267.5215,76.7499,265.1950,83.9617
269.0063,80.0699,262.2254,82.6319
267.8936,83.5157,259.2072,80.9837
269.2570,89.6577,256.4804,79.0403
268.1169,92.8210,253.6650,77.8094
269.3683,98.7594,251.1621,75.9987
270.5926,101.7295,248.7136,75.0226
269.2739,110.0598,246.4396,73.0959
270.4050,112.8818,244.1774,72.2955
271.4882,118.3443,242.0111,70.9635
270.0327,126.1579,240.1810,69.5597
271.0365,131.2677,238.1733,68.7184
271.8713,136.3678,236.5036,67.8084
272.6634,143.9716,234.9194,66.4145
271.2075,146.5559,233.2752,65.8021
271.7448,156.1598,232.2005,64.6803
272.3678,158.6196,230.9546,64.2460
272.8076,167.9349,230.0750,63.4540
273.3342,172.6395,229.0217,62.9097
273.5801,179.5611,228.5298,62.2884
273.8456,186.3936,227.9989,61.7899
273.8922,193.1441,227.9057,61.4046
273.9138,197.6059,227.8624,61.2077
273.7639,206.5612,228.1622,60.7333
273.6441,210.9722,228.4019,60.6200
273.3007,221.9258,229.0888,60.4907
273.1185,223.9160,229.4531,60.8732
272.5722,234.8715,230.5457,60.8378
272.2248,236.9149,231.2405,61.1409
271.5153,249.9776,232.6595,61.4474
270.8050,251.8754,234.0801,62.0827
267.6504,260.6903,235.9264,62.3050
266.7304,264.9683,237.7663,62.7355
263.3044,278.1813,240.0912,63.4725
262.1123,279.9841,242.4754,64.4408
260.7601,286.6574,245.1797,64.9709
259.3132,295.6730,248.0735,65.6339
257.8141,299.9788,251.0717,66.4761
253.5686,309.1050,254.7779,67.3631
251.7303,313.4112,258.4545,68.4581
249.6655,325.1243,262.5842,69.6622
247.7212,326.9603,266.4726,70.9971
242.7577,336.4660,271.3130,72.3326
237.7147,340.8848,276.2189,73.8548
235.1162,345.4945,281.4160,75.1909
229.6444,355.7225,286.9837,76.2386
227.2397,357.8482,291.7929,77.4613
221.6015,368.5098,297.5046,78.3972
218.9986,370.5721,302.7105,79.9353
213.0475,378.5891,308.8477,81.1962
210.1345,384.0094,314.6738,82.1057
204.1633,389.5067,320.6421,83.0593
201.3392,392.3482,326.2902,83.4522
195.3456,395.5923,332.1145,83.1271
189.6515,396.1658,337.2643,81.9800
183.7891,400.1127,342.7003,80.3749
181.4416,401.0010,347.3954,78.5984
172.6043,402.0409,352.3381,76.5187
162.9527,403.0443,358.8515,74.5119
153.5044,404.1312,364.8541,72.3379
147.2364,405.1740,370.9019,70.2524
137.5213,406.0318,377.2690,68.5367
131.0475,406.7954,383.6303,67.0096
127.8397,407.4393,390.0461,65.7217
121.4434,407.9868,396.1309,64.6267
111.3032,408.2918,402.8707,64.0167
107.5742,408.0736,410.3288,64.4532
107.1757,407.5007,418.0889,65.5990
100.6304,407.0905,424.0861,66.4193
90.4638,406.6382,430.0337,67.3240
87.3288,391.6630,436.3036,68.1017
84.4440,387.6848,442.0732,68.6627
76.2468,379.2180,443.4949,70.6236
72.7403,363.3908,442.9627,72.0970
76.4564,358.8341,443.0977,73.6430
75.4953,338.9300,445.0199,75.4518
78.8085,333.9316,446.0560,77.7861
79.5118,317.2540,444.6494,80.2493
84.4804,307.9048,442.4642,83.4432
85.9002,290.6009,439.6247,86.9126
87.5811,281.1618,436.2628,90.1648
90.1035,260.1833,431.2181,92.9744
96.6064,254.8580,426.0258,95.8115
99.7260,245.5032,419.7866,98.9296
107.0024,231.9741,413.0020,102.6831
110.3602,222.4869,406.2865,106.1680
114.3017,213.1407,398.4035,109.4277
122.7108,200.3583,389.2522,111.9921
127.5882,191.5418,379.4974,114.4536
132.5702,182.9098,369.5333,116.7305
137.8202,178.2073,359.0333,118.7411
147.2093,170.3068,347.5374,119.9776
156.5220,162.4828,336.0529,121.3433
161.7837,158.4665,325.5296,122.3741
170.9081,151.2307,314.1507,123.1061
176.3831,147.7755,303.2007,123.2970
182.3859,141.6725,291.1950,122.3721
191.2037,138.5278,279.9353,122.2857
196.6639,135.5528,269.0148,122.0243
205.0546,132.7415,258.2817,121.5986
210.1995,130.0763,247.9919,121.0442
214.9506,130.3282,238.4898,120.5405
220.0755,128.0128,228.2400,119.5940
224.5237,128.5819,219.3435,118.4558
231.5972,126.7223,210.4565,116.9150
235.2852,127.5046,203.0805,115.3503
238.8828,128.3432,195.8853,113.6731
242.4444,129.2025,188.7621,111.9545
245.7542,130.0719,182.1426,110.2157
248.9610,130.8638,175.7291,108.6319
252.0456,131.6166,169.5597,107.1263
254.8955,132.3432,163.8600,105.6732
257.6695,133.1468,158.3120,104.0659
260.4555,136.0633,152.7400,102.3427
263.0173,138.8659,147.6165,100.7349
265.3826,141.5612,142.8858,99.2379
267.6594,142.2429,138.3323,97.8746
269.8592,146.7122,133.9326,96.3482
271.8680,147.3705,129.9151,95.0317
273.7650,151.6174,126.1210,93.6013
275.5378,153.9458,122.5755,92.3952
277.2372,156.2298,119.1766,91.2044
278.7973,158.4450,116.0564,90.0796
278.7178,162.2431,112.9756,88.9632
280.1059,164.3599,110.1994,87.9039
281.4241,167.9547,107.5631,86.9440
282.6493,169.9207,105.1126,86.0708
283.7896,173.3586,102.8321,85.2089
283.4095,176.7168,100.6342,84.4087
284.3676,178.5181,98.7181,83.7173
285.3381,184.5616,96.7769,83.1125
286.1447,186.2866,95.1638,82.4934
286.8920,189.2870,93.6692,82.0847
287.6241,192.2813,92.2050,81.6284
288.2738,195.2025,90.9056,81.2587
288.8110,199.4796,89.8312,80.8351
289.2881,202.3070,88.8770,80.5537
289.6485,205.0994,88.1562,80.3037
289.9704,209.1883,87.5123,80.0824
290.2060,211.8582,87.0412,80.0200
290.3876,215.8241,86.6779,79.9791
291.8463,218.4684,86.3846,79.9385
291.8946,221.0726,86.2879,79.9676
293.1946,224.9578,86.3056,80.0502
294.4084,228.8181,86.4973,80.1876
295.5308,230.0472,86.8771,80.3539
296.6193,232.5902,87.3331,80.5340
297.6337,235.1105,87.9474,80.7795
298.5836,236.2973,88.7040,81.0625
300.8228,238.8266,89.5712,81.3496
301.6984,240.0061,90.5109,81.6814
303.8649,243.9001,91.5996,82.0257
304.5713,245.0524,92.9200,82.4544
305.3029,246.2253,94.2174,82.8691
307.3098,246.0231,95.7783,83.2735
307.9276,247.1851,97.3607,83.7675
308.5624,248.3570,98.9415,84.2741
309.1349,249.6425,100.6794,84.5860
309.6544,250.8910,102.5553,85.0039
311.6332,250.6639,104.4985,85.4581
312.0897,250.4173,106.5732,85.9512
312.5267,250.1931,108.7268,86.3997
312.9069,249.9125,111.0343,86.9610
313.3009,249.6601,113.3585,87.4658
312.1115,249.3895,115.7373,88.0070
312.5365,249.1210,118.0883,88.5438
311.3175,248.8935,120.5264,88.9989
310.0620,248.6747,123.0373,89.4365
308.7531,248.4463,125.6552,89.8934
307.4206,248.2724,128.3202,90.2411
307.7937,248.1590,131.0029,90.4680
306.4756,246.2809,133.6391,90.7510
305.1258,244.3486,136.3387,91.0982
303.8124,244.2608,138.9653,91.2737
302.5006,242.3411,141.5890,91.5067
301.1914,240.4234,144.2073,91.6926
299.9150,240.3704,146.7602,91.7986
294.7706,238.5461,149.5854,91.7155
291.6072,238.5853,152.1395,91.6371
290.3159,236.7419,154.7222,91.5146
287.0602,236.8233,157.3878,91.3517
281.9239,236.9178,159.8956,91.1627
278.6452,235.1195,162.5365,90.8428
275.4361,233.2784,165.0045,90.5750
272.2662,233.3822,167.3623,90.3672
267.1252,233.4901,169.6180,90.1516
263.8385,231.5829,172.1487,89.9233
260.6833,231.7692,174.3831,89.5505
255.4653,231.9097,176.6142,89.2697
252.1882,230.0016,179.0382,88.9555
248.9514,230.1515,181.3515,88.6557
245.6957,230.2621,183.6738,88.4344
242.4362,230.3478,185.9739,88.2632
237.0322,230.4095,188.2827,88.1397
233.7381,230.4986,190.5897,87.9616
230.4087,230.5585,192.9370,87.8417
229.2314,230.5684,195.2915,87.8220
228.0147,230.5308,197.7250,87.8971
224.6156,230.4683,200.1091,88.0221
223.3788,230.3702,202.5826,88.2184
222.1408,230.2354,205.0587,88.4880
220.8483,232.3826,207.6436,88.7243
219.6670,232.1925,210.0063,89.1044
218.4877,231.8909,212.3648,89.7076
217.3058,231.5504,214.7287,90.3886
216.0526,231.1276,217.2351,91.2342
214.7911,230.6333,219.7581,92.2229
213.5242,230.0500,222.2919,93.3895
212.2579,229.3636,224.8244,94.7623
210.9259,231.0045,227.4884,96.4081
209.7366,230.1553,229.8671,98.1065
206.0234,229.2496,232.2337,99.9179
204.8407,228.2113,234.5993,101.9943
203.5390,229.6839,237.2026,104.2460
202.2882,228.6492,239.7042,106.3155
201.0154,230.2704,242.2498,108.4200
199.8040,229.2361,244.6726,110.4886
198.5705,228.2110,247.1396,112.5389
197.2305,229.8966,249.8195,114.7319
196.0124,231.7758,252.2559,116.6150
194.7851,230.9548,254.7104,118.2571
190.7240,232.9566,257.0583,120.0277
189.6392,232.1479,259.2278,121.6451
188.4746,234.3038,261.5571,123.2328
187.4735,236.5237,263.5592,124.7539
186.6839,235.9317,265.1384,125.9380
185.7859,238.3406,266.9345,127.1804
185.0383,240.9028,268.4296,128.1643
184.3560,243.6284,269.7942,128.8602
183.7943,243.4615,270.9175,129.1940
183.2003,246.4981,272.1056,129.3222
182.7081,246.3452,273.0900,129.6279
182.2932,246.4286,273.9199,129.4612
181.7279,246.5584,275.0503,129.2015
181.0638,250.4238,276.3785,127.7325
180.4077,254.3042,277.6908,126.2272
182.7044,254.7974,279.3456,125.2407
182.3693,258.7762,280.0157,123.5380
182.3315,259.8693,280.0913,121.3518
182.3526,260.8366,280.0491,119.4171
185.1787,258.8633,280.5593,117.2015
185.0428,259.9412,280.8310,115.0456
185.3578,261.0155,280.2010,112.8970
185.8255,259.4482,279.2657,109.9829
186.0428,260.6905,278.8310,107.4984
186.0795,259.1175,278.7576,104.7118
189.2315,258.0111,278.3349,101.0432
189.3703,256.8170,278.0575,97.6224
189.6546,255.3613,277.4888,94.7908
190.2143,254.1354,276.3694,91.5591
191.0791,252.5445,274.6397,89.1324
192.1392,248.5303,272.5196,86.0822
192.8087,246.9202,271.1806,83.8493
192.9780,244.7835,270.8420,82.7297
193.0094,237.8811,270.7792,80.4323
193.1107,236.2037,270.5766,78.4631
193.3570,232.2682,270.0840,75.7651
196.0511,228.0580,269.9228,73.7313
198.5780,226.3076,270.0557,72.0455
198.1440,217.0760,270.9238,69.8812
197.7304,215.0395,271.7509,68.8259
197.1271,212.9304,272.9576,67.9242
196.5570,203.3616,274.0978,66.5830
196.0958,203.5973,275.0201,66.1116
197.9069,199.3115,276.5122,64.4550
197.4954,194.8988,277.3351,63.0736
199.1503,192.8594,279.1136,62.0642
197.7114,185.9508,281.9914,60.5999
196.9777,183.8448,283.4590,59.7061
199.1134,181.8971,284.2963,58.4927
200.4005,177.4281,286.8193,57.2365
198.9612,175.3853,289.6978,56.2145
197.2481,173.3141,293.1241,55.2289
196.1493,171.4977,295.3217,53.7057
195.1049,167.4450,297.4104,51.4975
194.7918,163.3775,298.0367,49.3482
189.8511,164.1556,297.7017,47.7921
191.6333,159.8420,299.2098,46.2742
193.0692,157.8516,301.4012,45.1919
194.4440,155.7842,303.7231,44.2550
192.5923,153.2989,307.4265,44.1408
188.5788,148.6006,310.3199,43.2699
187.9842,146.3943,311.5091,42.5264
190.4683,143.9773,311.6982,42.2031
190.4018,141.3436,311.8313,42.3171
190.4387,135.5447,311.7575,43.5996
193.0850,134.5607,311.6474,45.5675
194.8649,131.2931,313.3083,46.8821
196.2463,127.8136,315.8157,48.5710
197.5602,124.3389,318.5265,50.1818
196.4004,120.9226,320.8460,51.6060
195.6189,117.3575,322.4091,53.2673
195.1696,116.1640,323.3077,55.6544
194.7312,112.1730,324.1844,58.0529
194.5786,108.1717,324.4897,60.4127
197.2826,107.1446,324.7753,62.4669
197.1382,106.0939,325.0640,64.5683
196.8518,102.2496,325.6369,66.4739
196.6021,101.2593,326.1364,68.4545
196.3200,97.3574,326.7005,70.3848
196.0484,93.4260,327.2437,72.3289
198.7196,92.4466,327.8651,74.2877
198.4494,91.4539,328.4055,76.2732
198.0990,87.4114,329.1063,78.3024
197.7839,86.4266,329.7365,80.2720
200.5779,85.4421,330.2994,82.2410
200.2826,84.4159,330.8899,84.2934
199.9410,83.4310,331.5730,86.2633
202.7327,82.4512,332.2798,88.2228
202.4032,81.5277,332.9390,90.0698
202.0813,80.5779,333.5826,91.9694
204.8623,79.6116,334.4466,93.9019
204.3063,78.6850,335.5585,95.7552
203.7595,77.7317,336.6522,97.6617
206.3495,76.6661,338.0478,99.7929
208.9172,78.9608,339.5474,101.8386
208.1677,78.1135,341.0464,103.5332
210.5654,80.5319,342.9978,105.4433
209.5502,79.7242,345.0282,107.0588
211.7710,82.1837,347.4552,109.0081
210.4699,84.7488,350.0574,110.8168
212.6142,83.9810,352.7779,112.3524
214.5444,86.6811,355.9934,114.0283
212.7765,89.5815,359.5292,115.3800
211.0296,89.0306,363.0229,116.4817
212.5238,92.2176,367.3322,117.4051
210.3172,95.6611,371.7454,117.8938
208.2086,95.5226,375.9626,118.1709
205.9414,95.5402,380.4970,118.1356
207.2540,95.6395,385.4477,117.9370
204.4586,99.8109,391.0384,117.2366
201.8400,100.2015,396.2757,116.4555
199.1830,100.6731,401.5897,115.5122
196.4843,101.1837,406.9871,114.4910
193.8653,101.7649,412.2250,113.3286
190.9798,102.2573,417.9960,112.3438
188.0040,102.7134,423.9476,111.4315
185.0638,103.0810,429.8279,110.6964
182.0946,103.3224,435.7664,110.2137
175.0754,103.4264,441.5977,110.0056
172.1815,103.4483,447.3856,109.9618
169.2079,103.2947,453.3328,110.2690
162.1091,103.1222,459.0758,110.6139
159.3179,103.0394,464.6581,110.7795
156.7152,102.9070,469.8636,111.0445
149.9458,102.6342,474.7015,111.5900
139.1521,102.4412,478.7306,111.9760
128.7555,102.2487,481.8381,112.3611
123.2923,98.2073,483.8707,111.5500
122.9094,94.2439,484.6365,110.5703
113.1649,90.3699,486.3284,109.4198
108.3742,82.3238,487.0097,107.7117
105.7079,78.7686,483.4656,105.9455
99.2078,62.3098,478.8795,103.6901
91.9903,62.7863,475.9431,102.7372
90.0698,59.7606,471.1580,100.1623
68.1476,39.3511,463.9438,98.4326
71.6667,39.7811,456.9056,97.5727
87.9217,40.7003,449.1783,95.7343
73.8916,36.9935,444.7684,95.0303
75.4712,32.9523,441.6093,95.0704
74.4205,32.8390,435.7115,95.2969
63.4138,24.4134,426.0406,96.3059
67.6120,23.8000,417.6443,97.5328
67.6520,18.9776,409.8527,99.4661
68.0258,17.9305,401.4656,101.5602
60.6665,12.9838,393.4998,103.8921
61.3860,11.8427,384.5670,106.1744
62.2631,6.9472,375.4020,108.5546
62.7053,5.9057,367.1916,110.6375
59.6468,4.9423,358.8114,112.5643
63.6203,4.0105,350.8645,114.4279
59.9473,3.2036,344.0364,116.0417
62.9425,2.5048,338.0461,117.4394
62.7691,5.4067,331.4333,118.5950
62.1909,4.9077,325.7037,119.5930
61.8603,4.5277,319.5427,120.3531
61.2234,4.1468,314.0688,121.1148
59.8744,3.6579,310.0842,122.0927
61.5269,3.1455,306.7792,123.1174
62.9564,2.7124,303.9201,123.9837
