1
324.4971,162.7806,92.0058,55.4387
326.3191,163.1656,90.6659,54.6688
326.6115,163.3397,90.0810,54.3206
327.5893,163.3234,90.3820,54.3531
327.3966,163.3742,90.7674,54.2517
327.2377,163.4730,91.0851,54.0539
328.4290,162.6435,90.9696,53.4461
329.6894,162.6420,90.7038,53.4490
331.1826,162.4860,89.9684,53.7610
331.0464,161.0876,90.2408,54.3124
332.1212,159.8690,90.3500,54.4908
333.0149,158.8393,90.8261,54.2867
336.2767,157.4192,91.1036,54.8600
337.0127,155.7762,91.9125,55.8651
337.8230,153.9356,92.6017,57.2365
338.8757,153.2180,92.8395,58.6715
339.9173,151.1968,93.1270,60.3432
342.2386,149.5509,93.2905,61.2321
345.4390,148.0176,94.1507,61.8783
346.1300,147.4482,95.2125,63.0172
348.5183,146.7062,95.3938,64.5012
350.9613,144.8252,95.5202,65.7570
355.7827,140.5539,95.9933,66.7125
356.5344,139.8357,97.0417,68.1490
357.2119,138.9856,98.2782,69.8493
358.3740,138.3099,98.5923,71.2005
365.0154,137.9674,98.6354,71.8856
364.4560,136.3550,99.7543,72.4334
368.2748,135.7852,100.2258,73.5729
370.6322,135.0093,100.9689,75.1247
374.1075,133.9053,102.3151,77.3326
376.0131,131.7464,104.1485,78.8283
382.0825,130.9539,106.3828,80.4132
382.4136,129.7988,108.6552,82.7234
386.0801,128.8165,110.3429,84.6881
386.9038,127.9935,111.7602,86.3340
390.9877,127.5826,112.9318,87.1558
393.4309,128.4422,114.3344,88.5811
394.4095,129.1430,115.5663,90.3686
400.3037,129.4300,116.7259,93.0316
401.6411,130.0573,117.3491,95.0750
404.3821,130.8648,118.5484,96.8006
406.7263,131.2332,120.6340,99.4508
407.3035,131.6221,122.9414,102.1349
408.3234,134.3500,124.4423,103.7606
414.9547,135.8794,125.5399,104.2918
415.9093,140.0784,127.2463,106.7404
417.1878,140.9311,128.3706,108.7162
420.2214,141.3801,129.7642,111.5487
421.0146,144.2968,131.9754,113.3104
423.8572,152.4257,134.0101,116.3524
425.4104,153.3865,134.8440,118.3711
426.6603,154.4032,136.3298,120.3233
427.9914,155.4791,137.7074,122.2111
429.1462,162.9996,139.4892,123.5358
430.6667,164.3016,140.5884,125.0720
430.1659,167.9175,141.5900,126.2039
429.5618,171.3341,142.7982,127.8016
431.5236,174.6107,143.1343,129.7680
430.6187,184.8223,144.9442,130.8266
431.6048,184.3286,147.3133,131.8141
431.2613,185.9907,148.0003,132.8839
430.9128,189.6324,148.6973,134.4441
430.5230,193.9086,149.4769,134.8067
430.5677,196.3010,149.3876,134.4973
430.1558,198.6436,150.2113,134.2812
429.6028,203.1152,151.3175,134.2948
429.1708,205.6001,152.1814,133.8210
428.6856,210.8413,153.1518,132.3418
426.4291,216.1284,153.1717,130.7536
426.6297,216.6577,152.7705,129.6949
426.8516,219.3188,152.3268,128.8173
424.5538,223.9144,152.4987,128.4733
422.5395,228.4848,152.1067,128.1740
422.4459,231.2926,152.2939,126.9681
420.6131,234.1926,151.5663,125.5614
418.4631,236.8198,151.5067,124.6665
415.9824,237.4263,152.1241,123.4535
413.9973,242.2126,151.7604,122.5488
414.0897,242.6453,151.5756,121.6833
411.5279,245.6734,152.4023,119.9239
409.5736,246.5378,152.0300,118.1951
407.8396,248.9297,151.2508,117.6584
405.8885,251.3393,150.9266,117.0659
404.0552,251.8475,150.3812,116.0494
402.3397,256.6890,149.6251,114.7405
400.7007,257.4258,148.7491,113.2670
399.0561,258.1075,147.9214,111.9035
397.3498,258.8658,147.2520,110.3869
397.7305,261.3069,146.4906,109.5517
394.0378,263.9709,145.8327,108.2453
392.1377,264.3669,145.6426,107.4534
390.2604,266.8102,145.4229,106.5411
388.6304,269.1914,144.7269,105.7348
386.8974,269.5047,144.2605,105.1081
385.2249,272.0438,143.6905,103.9449
383.3529,272.4293,143.5473,103.1740
381.5095,274.8511,143.3618,102.2028
379.6124,277.0790,143.3025,101.6004
377.7856,279.3427,143.1133,100.9157
376.0768,281.5769,142.7022,100.2759
376.3259,281.7782,142.2042,99.8734
374.4637,283.8709,142.1308,99.4855
372.6368,284.0404,141.9945,99.1466
372.5935,286.0611,142.0811,98.8878
370.5623,286.2294,142.3641,98.5511
368.5697,288.2744,142.5710,98.2392
366.4949,288.4748,142.9444,97.8386
364.5957,290.4264,142.9675,97.7105
364.7158,292.6599,142.7274,97.0171
363.0276,292.8306,142.3455,96.6755
361.4250,293.0442,141.8038,96.2484
359.5596,295.1161,141.8029,95.8362
359.4495,295.1829,142.0231,95.7026
357.4699,297.1693,142.2565,95.4557
355.7296,297.3886,142.0117,95.0170
355.6196,299.3444,142.2318,94.8198
353.7522,299.5244,142.2522,94.4598
351.7849,299.6673,142.4781,94.1740
351.7120,299.8471,142.6239,93.8145
349.8860,301.8088,142.5724,93.5947
348.0598,301.8824,142.5257,93.4475
347.8777,302.0302,142.8898,93.1519
346.0209,304.0415,142.9068,92.8257
344.0678,304.0907,143.1218,92.7272
342.0984,305.9895,143.3677,92.6226
339.9720,306.1089,143.9256,92.3837
339.7986,306.2313,144.2725,92.1390
337.7791,306.3143,144.6111,91.9731
335.7931,306.3463,144.8805,91.9091
333.8689,308.1651,145.0234,91.9770
333.7062,308.1440,145.3487,92.0192
331.7881,308.1087,145.4705,92.0897
329.8211,308.1309,145.6871,92.0453
327.8795,308.1910,145.8505,91.9251
327.6519,308.1676,146.3057,91.9720
325.7590,310.1255,146.3634,91.7841
323.7505,310.2076,146.6547,91.6199
323.6139,310.1843,146.9280,91.6666
321.5235,310.1957,147.3767,91.6437
319.4847,312.1737,147.7159,91.4262
317.3780,312.2169,148.1894,91.3398
317.1778,312.2415,148.5898,91.2904
315.1795,312.0555,148.8359,91.6626
313.1778,311.8604,149.0788,92.0527
311.0259,311.6385,149.6118,92.4964
310.7835,311.5803,150.0965,92.6129
308.8377,311.4924,150.1928,92.7887
306.8324,311.5169,150.4037,92.7398
306.6742,311.5947,150.7202,92.5842
304.4836,311.7091,151.2973,92.3552
302.4437,311.7012,151.5681,92.3711
300.3517,311.7268,151.9389,92.3200
300.0366,311.7388,152.5693,92.2960
297.9986,311.7252,152.8183,92.3231
295.8892,311.7159,153.2061,92.3417
295.6253,311.7123,153.7339,92.3488
293.7082,311.6894,153.7231,92.3947
291.5871,311.7191,154.1197,92.3354
289.1877,311.7286,155.0678,92.3164
286.8663,311.6915,155.8463,92.3906
284.4432,311.6880,156.8153,92.3975
281.9807,311.7776,157.8486,92.2184
279.4556,311.8891,158.9948,91.9953
277.1398,311.9413,159.7092,91.8910
275.0193,311.9532,160.0242,91.8671
272.7757,311.7786,160.5811,92.2162
270.7645,311.7326,160.6590,92.3082
268.7852,311.6208,160.6704,92.5319
266.4165,309.7002,161.4565,92.4219
264.3154,309.8751,161.6977,92.0721
262.1771,308.1114,162.0158,91.6409
259.8088,308.0176,162.7964,91.8285
257.4398,307.9153,163.5637,92.0331
257.3318,307.9071,163.7798,92.0496
255.3895,305.9691,163.6753,91.9366
253.1534,305.8337,164.1620,92.2073
251.1400,303.8755,164.1914,92.1264
250.2299,304.2740,166.0116,91.3294
247.7361,302.7981,166.9895,90.2714
245.0759,303.1238,168.3038,89.6200
242.6554,303.1510,169.1305,89.5656
240.7901,303.0351,168.8357,89.7975
238.8690,300.9671,168.6526,89.9083
236.8955,299.0260,168.5754,89.7661
234.7297,296.9388,168.8862,89.9197
232.5955,296.9627,169.1266,89.8720
230.5957,297.1779,169.0954,89.4415
228.3509,295.2151,169.5623,89.3445
225.9240,295.2700,170.3881,89.2346
223.7221,293.5761,170.7534,88.5841
221.5655,291.7470,171.0341,88.2098
219.2466,291.6916,171.6419,88.3207
217.0275,291.6114,172.0391,88.4810
216.5957,289.4918,172.9027,88.6706
214.5114,289.5584,173.0057,88.5374
210.2664,287.7873,173.3663,88.0148
208.4411,286.0068,172.9560,87.5148
206.6466,285.9557,172.4985,87.6171
204.3478,284.1919,173.0548,87.1032
200.1357,282.1830,173.3976,87.0805
198.3032,282.0894,173.0172,87.2676
196.3241,278.5169,172.9324,86.3265
194.4381,278.6961,172.6790,85.9682
192.4895,279.0531,172.5605,85.2542
190.1466,275.6648,173.2450,84.0279
185.9713,273.8705,173.6153,83.6264
183.9439,271.9499,173.6814,83.4790
181.7500,272.2125,174.0822,82.9538
180.0168,270.4350,173.5649,82.5251
178.2339,268.6329,173.1621,82.1606
174.1399,266.8797,173.4370,81.7105
172.0014,265.1844,173.7615,81.1483
168.0008,263.5026,173.8676,80.5644
166.1499,263.9432,173.6305,79.6832
166.1341,264.1584,173.6621,79.2529
160.0629,262.4681,174.0657,78.7206
160.5625,262.3116,173.0666,79.0336
159.0973,258.2586,172.0965,79.3387
157.5614,257.9978,171.2767,79.8602
153.6782,256.2365,171.2654,79.4941
151.3210,252.4946,172.0975,79.2134
149.1135,252.6916,172.6229,78.8194
147.2859,249.3911,172.3880,77.6398
147.5356,249.2491,171.8886,77.9238
146.3264,249.1952,170.4430,78.0317
144.7791,245.4073,169.6930,77.9179
143.0668,245.5976,169.2857,77.5374
141.6056,243.9510,168.3888,77.0113
140.0897,242.1786,167.6237,76.7591
136.3811,242.0740,167.4779,76.9683
134.6821,240.0486,167.0930,77.2361
132.6216,238.0231,167.4319,77.5051
128.5352,236.2891,168.0212,77.1812
126.8877,234.7851,167.5216,76.3947
123.2317,233.5023,167.2863,75.1867
121.4550,231.9377,167.0908,74.5668
119.6805,230.6141,166.9045,73.4789
119.4921,230.9419,167.2813,72.8232
117.5227,229.1934,167.5129,72.6130
115.5472,228.9287,167.7569,73.1423
113.1575,225.1212,168.8165,73.3177
111.1489,223.4577,169.0955,72.9064
110.7811,221.7586,169.8310,72.5696
108.3776,220.1261,170.8984,72.0949
106.1638,220.4122,171.5792,71.5226
106.4676,218.7099,170.9716,71.1809
104.2762,216.8096,171.6228,71.2499
102.5000,216.6484,171.4329,71.5723
100.9399,213.1218,170.8079,71.1350
99.4177,213.5258,170.1239,70.3270
97.6080,213.6841,170.0392,70.0104
95.9979,210.5333,169.5619,68.9174
94.8209,210.6685,168.2451,68.6470
95.0134,210.7538,167.8600,68.4764
95.1929,209.1664,167.5009,68.0126
93.3584,207.7646,167.5448,67.1910
89.5573,206.3641,167.9245,66.3807
87.8992,206.5842,167.6387,65.9405
87.8350,205.2373,167.7670,65.0441
86.3309,203.8140,167.1992,64.3148
84.8510,202.6116,166.6042,63.1648
83.0214,201.2295,166.7379,62.4035
83.0493,201.2524,166.6821,62.3576
81.6533,199.5616,165.9621,62.2270
80.3250,199.6501,165.1192,62.0501
80.8394,197.9852,164.0903,61.8957
79.2861,198.2330,163.7302,61.4001
77.7728,196.8106,163.3043,60.7923
78.0987,195.2210,162.6525,60.5360
76.4504,195.1586,162.5275,60.6608
76.0410,193.7428,163.3462,60.0705
75.6347,193.9445,164.1589,59.6669
73.7549,192.5029,164.4912,59.1228
72.3061,192.5325,163.9663,59.0635
72.7419,192.5983,163.0947,58.9320
73.0824,191.2907,162.4137,58.1483
72.1296,190.1008,160.9443,57.1530
71.3255,188.8920,159.2166,56.2347
71.8575,189.0131,158.1527,55.9925
71.8717,187.5248,158.1243,55.6940
70.3958,187.6201,157.8069,55.5035
70.9282,186.1482,156.7421,55.1861
71.5015,184.6784,155.5953,54.8855
71.9782,183.3254,154.6420,54.3730
72.1813,182.0001,154.2358,53.8281
72.3203,182.1789,153.9577,53.4705
72.6634,180.7927,153.2715,53.0736
72.8800,179.4043,152.8384,52.6981
71.3931,179.4558,152.6730,52.5951
71.5901,179.5084,152.2789,52.4900
68.3277,178.0013,152.5487,52.3766
68.6524,176.5583,151.8992,52.1333
68.8322,176.4946,151.5397,52.2607
69.2459,174.8936,150.7122,52.3499
69.7160,173.4147,149.7721,52.2050
70.0796,173.4129,149.0450,52.2086
70.4510,171.9673,148.3021,52.0236
70.7624,171.9991,147.6793,51.9599
71.1636,170.7702,146.8768,51.3656
71.6093,170.9766,145.9855,50.9528
72.1135,169.7250,144.9772,50.4462
72.4302,168.3882,144.3436,50.1337
71.1236,168.3020,143.9855,50.3059
71.4850,168.1764,143.2627,50.5573
71.7237,166.6170,142.7852,50.7123
71.7644,165.0332,142.7038,50.9203
72.0238,163.4488,142.1851,51.1267
72.3203,163.3126,141.5920,51.3991
74.2962,161.8818,140.5953,51.3057
74.7702,160.5487,139.6473,51.0327
76.6173,160.5765,138.8739,50.9771
76.7023,159.3497,138.7037,50.5221
76.3421,157.9364,139.4242,50.4508
76.4931,157.8231,139.1223,50.6773
76.2268,157.6400,139.6549,51.0436
76.4275,155.8969,139.2534,51.6089
76.5895,154.2019,138.9293,52.0735
78.5296,153.9414,137.9782,52.5945
78.6922,152.3538,137.6531,52.8447
78.8851,150.7607,137.2674,53.1063
79.6046,150.7074,135.8284,53.2129
81.4954,149.1906,134.9517,53.3414
81.9116,147.6901,134.1194,53.4477
83.6231,146.1085,133.5810,53.7261
83.9022,144.4452,133.0229,54.1709
83.7082,144.1867,133.4109,54.6879
85.6252,142.6017,132.4735,54.9612
87.9788,140.9385,130.6542,55.3997
88.7778,140.5570,129.0562,56.1627
90.8999,139.0085,127.6718,56.3997
91.1832,138.9680,127.1052,56.4807
91.3981,137.5628,126.6754,56.4541
91.5818,136.0509,126.3080,56.6474
93.2975,135.6144,125.7051,57.5204
94.8762,133.9011,125.3827,58.1120
95.2495,133.7384,124.6362,58.4373
96.9632,131.9338,124.0442,59.2112
97.6147,130.1570,122.7413,59.9244
98.2154,129.8098,121.5399,60.6187
98.6430,128.3375,120.6847,60.7351
100.4172,126.9312,119.9540,60.7299
100.8145,125.5511,119.1595,60.6832
102.5673,125.3723,118.4484,61.0408
105.7869,123.9491,117.5895,61.0969
107.4515,122.6169,117.0390,60.9828
107.7813,122.4332,116.3794,61.3501
108.3835,120.7737,115.1750,61.9040
110.3077,119.2072,114.0836,62.2801
112.4450,117.7799,112.5562,62.3875
114.5500,117.5265,111.0728,62.8942
116.5636,115.8364,109.7588,63.5611
118.0604,114.2585,109.4702,64.0119
119.6196,113.7449,109.0604,65.0390
121.1018,111.9706,108.8156,65.8679
122.8431,110.4093,108.0631,66.2606
123.4949,108.7946,106.7595,66.7645
126.8663,107.3800,105.4456,66.8792
128.4064,105.9218,105.0622,67.0989
129.9865,104.3421,104.5967,67.5637
131.8195,102.8242,103.6260,67.9040
133.6800,102.4962,102.5916,68.5600
136.9121,100.8385,101.4914,69.1933
137.1111,99.1588,101.0934,69.8769
140.0047,97.5209,100.6685,70.4715
140.5650,97.3688,99.5479,70.7756
144.0859,95.9345,97.8515,70.9716
146.1911,94.5114,96.2914,71.1676
149.2721,94.4426,95.3887,71.3053
151.0852,93.1054,94.3808,71.3613
152.7273,91.7973,93.7004,71.3737
154.4700,91.4981,92.8085,71.9722
156.1707,89.7057,91.9971,72.9671
157.8476,89.3680,91.2366,73.6426
161.0230,87.7290,90.0715,74.3278
162.6826,87.4025,89.3384,74.9807
164.4084,85.8905,88.4720,75.4194
166.2454,84.4150,87.3770,75.7917
169.1281,84.2404,86.7474,76.1408
170.7251,82.7495,86.1173,76.5587
176.2235,81.2733,85.3634,76.9504
176.7688,81.2209,84.2729,77.0554
178.4623,80.7962,83.4256,77.9046
180.0294,80.3710,82.8317,78.7551
182.9604,79.9814,82.0588,79.5344
186.8054,78.5045,82.0029,79.9434
187.3856,78.3791,80.8424,80.1941
188.9942,78.1615,80.1612,80.6294
193.3244,76.8023,79.0973,80.8157
195.1469,76.6270,77.9705,81.1662
198.2395,75.2743,76.7972,81.3658
201.3367,75.2996,75.5838,81.3151
204.2138,75.1549,74.7705,81.6045
206.0917,75.0043,73.4768,81.9056
211.3036,74.7627,72.8373,82.3888
211.8980,74.5794,71.6484,82.7554
213.5496,74.1359,70.7752,83.6424
217.5227,73.9030,70.1180,84.1083
217.7878,73.6967,69.5877,84.5210
220.5387,73.4074,68.9341,85.0994
223.3349,72.0967,68.1863,85.2984
226.3041,72.1518,67.0747,85.1884
228.1025,71.9750,65.8714,85.5419
231.0361,71.8128,64.7631,85.8663
233.9025,71.6819,63.7629,86.1281
236.5973,71.5631,63.0810,86.3656
239.1877,71.4219,62.5930,86.6481
240.6367,71.2809,62.0376,86.9302
243.2153,71.1300,61.5560,87.2319
245.8889,71.0868,60.8776,87.3183
247.3551,72.0542,60.2694,87.7080
250.0751,71.6547,59.4701,88.5070
252.7628,71.4957,58.7329,88.8251
254.3857,71.3710,57.7989,89.0744
256.0852,72.2028,56.6996,89.7107
258.7947,72.2143,55.8627,89.6875
260.3997,72.1566,54.9292,89.8030
262.0036,71.9964,53.9840,90.1234
263.6502,72.8761,52.9424,90.6155
265.0513,72.7890,52.3813,90.7898
267.5683,72.8440,51.8159,90.6796
268.9700,72.6619,51.2355,91.0439
269.1745,72.6176,50.8266,91.1326
272.8268,73.7019,50.1608,91.1769
272.9926,73.6241,49.8292,91.3324
277.7388,73.6409,49.1322,91.2989
277.9645,73.6784,48.6809,91.2238
278.2214,73.6342,48.1671,91.3123
282.8308,74.8333,47.6287,91.0842
283.0537,74.8057,47.1828,91.1393
284.4871,74.7792,46.4667,91.1923
285.7899,74.8364,46.0001,91.0780
288.1797,75.9703,45.4791,90.9394
290.7498,75.9105,44.5757,91.0591
291.0370,75.8374,44.0012,91.2053
293.5286,76.6399,43.2110,91.6967
294.6988,77.0333,42.9606,90.9100
296.8049,77.4133,42.8967,90.1501
298.8947,77.5113,42.8408,89.9540
299.8018,77.7978,43.0848,89.3810
300.7142,78.2588,43.3140,88.4590
302.9053,79.4159,43.0207,88.1893
303.8673,79.8695,43.1323,87.2821
305.8112,81.0021,43.2927,87.0410
307.7327,80.8168,43.4965,87.4117
308.7975,80.2676,43.3993,88.5100
309.8469,79.7811,43.3470,89.4831
310.8264,79.7456,43.4480,89.5540
313.8650,79.6857,43.5594,89.6738
314.6105,79.4085,44.1348,90.2282
315.3434,79.2100,44.7536,90.6252
317.0585,78.9821,45.5257,91.0810
317.6490,79.9770,46.4659,91.2125
318.3250,80.1206,47.2532,90.9251
320.1333,80.5346,47.9339,90.0971
319.7509,81.7966,48.6989,89.7214
320.5611,81.7817,49.2342,89.7511
321.1578,81.6759,50.2061,89.9628
324.1647,81.9146,50.7477,89.4855
325.0000,82.2782,51.2643,88.7582
325.7163,82.6093,52.0168,88.0961
328.4209,82.7934,53.1721,87.7279
329.0524,82.7912,54.1112,87.7322
329.6539,82.7414,55.1262,87.8319
332.4641,83.0393,56.2153,87.2361
331.8914,83.1171,57.3608,87.0804
333.3463,83.2912,58.9762,86.7323
333.6064,83.7307,60.7403,85.8532
335.1655,84.4356,62.2222,84.4433
334.4585,84.7264,63.6362,83.8619
336.1098,84.8147,64.9683,83.6853
335.5484,84.9142,66.0910,83.4863
337.2995,86.2755,67.2919,83.1153
339.2260,86.4855,68.1696,82.6952
339.9306,86.7794,69.1336,82.1073
343.2156,87.2100,69.7021,81.2462
344.1107,87.3869,70.2874,80.8923
344.9015,87.5722,71.0850,80.5219
346.7478,87.6832,72.1651,80.2999
349.8776,87.7218,73.1061,80.2227
350.4516,88.1270,74.3720,79.4122
351.1254,88.3078,75.4459,79.0506
354.4881,88.8208,76.0191,78.0245
355.3596,89.3818,76.7018,76.9026
357.0700,91.0893,78.1190,75.9066
357.6729,91.3830,79.3388,75.3192
359.5331,92.7198,80.4891,75.0809
360.3983,92.9091,81.2083,74.7023
363.9010,93.2500,81.5670,74.0204
366.0193,93.6931,82.2296,73.1342
366.6784,94.2398,83.3569,72.0410
371.9267,94.6539,85.0882,71.2127
371.1881,95.2529,86.5653,70.0146
375.5945,95.7930,87.6021,68.9345
376.4207,96.5651,88.4106,67.3903
379.6998,97.0682,89.1962,66.3842
380.6475,98.5864,89.7443,65.7913
381.2156,100.2623,91.0502,64.8814
386.7822,101.6220,92.1517,64.6092
386.2419,101.6094,93.2323,64.6342
390.9445,103.0507,93.7307,64.2275
393.2760,103.2570,94.0209,63.8149
395.5488,103.4710,94.4238,63.3869
396.3284,104.6940,95.3377,63.4141
396.8971,105.9979,96.6876,63.2938
402.8841,107.5495,97.2419,62.6961
402.8061,109.0704,97.3979,62.1584
403.6715,110.7589,98.1644,61.2785
405.8910,111.1912,98.7135,60.4140
409.7744,114.0697,100.8976,59.6325
410.0800,115.7266,102.7936,58.8257
411.7686,117.1930,104.4593,58.4145
412.5355,118.9773,105.4647,57.3850
415.7910,119.5196,106.5631,56.3004
416.4758,121.0658,107.7275,55.7421
418.6649,122.6007,108.4326,55.2140
419.8809,124.0880,108.5433,54.7821
424.9306,125.8424,108.5918,53.8102
425.9500,126.2672,109.0740,52.9606
427.9330,129.3903,110.1343,51.7409
428.5004,130.9184,111.5069,51.1922
432.7036,132.5337,113.1718,50.4792
433.1506,135.6049,114.8071,49.3957
433.3586,137.1531,116.9252,48.8335
439.4263,138.9091,117.5633,47.8761
439.1673,140.6823,118.0813,46.8767
441.6939,142.1972,118.1012,46.3833
443.6535,143.4452,119.2381,46.4154
444.7620,144.8351,119.5660,46.1804
445.6710,146.3460,120.2934,45.7042
447.3531,147.8405,122.0238,45.2623
449.8464,149.3851,124.7298,44.7375
448.2033,150.9588,128.0158,44.1834
448.5411,154.1324,129.9704,43.0966
448.7711,155.9593,132.1486,42.0811
449.4179,157.6960,133.5056,41.2583
448.8167,159.2348,134.7081,40.8351
449.3400,160.8879,136.3252,40.1927
449.9470,162.4133,137.7861,39.8167
451.6533,163.9039,139.7503,39.5239
453.9618,165.3268,140.5547,39.3889
456.3161,166.9378,141.2850,38.8864
457.6653,168.5211,141.3070,38.4402
461.5588,170.1094,141.6569,37.9759
463.9830,171.6864,142.2254,37.5303
462.3480,174.3602,145.4954,37.5990
464.4656,175.5968,146.7711,37.8811
465.0106,176.8846,148.4597,38.0841
461.4578,178.1732,149.9528,38.3131
460.7347,179.4336,151.3991,38.6239
459.8738,180.7076,153.1209,38.9336
459.2042,182.0016,154.4601,39.2334
460.1940,183.3490,155.3928,39.4508
461.1008,184.6943,156.5085,39.6896
460.7008,186.1565,157.3085,39.7148
460.4430,186.2154,157.8241,39.5970
460.0858,187.6714,158.5385,39.6513
460.0211,188.9982,158.6680,39.9751
459.7574,188.9200,159.1953,40.1316
459.5999,190.3281,159.5105,40.3112
459.3182,191.7898,160.0738,40.3913
458.8059,191.8207,161.0983,40.3295
458.4043,191.8661,161.9016,40.2387
457.9283,193.2499,162.8536,40.5069
457.4134,193.3223,163.8834,40.3621
457.0298,193.3286,164.6505,40.3493
456.7054,194.6915,165.2993,40.7000
456.2471,196.1643,166.2159,40.8465
455.6973,197.5661,167.3156,41.1508
455.2888,197.3451,168.1326,41.5929
453.1988,198.7832,169.1637,41.8654
451.3438,198.6660,169.7051,42.1000
449.6635,198.7435,169.8851,41.9448
447.9261,198.7727,170.1799,41.8865
446.3130,198.8745,170.2228,41.6829
446.2480,198.9491,170.3529,41.5337
444.5612,199.0388,170.5474,41.3543
442.7358,200.7000,171.0201,41.2101
441.0543,200.7243,171.2011,41.1615
439.3694,200.7463,171.3871,41.1175
437.5391,200.7130,171.8624,41.1842
435.7421,202.2977,172.2630,41.2081
433.9965,202.2275,172.5547,41.3484
432.4846,202.1284,172.3722,41.5466
430.9550,202.0822,172.2241,41.6390
429.3291,202.0346,172.2688,41.7343
426.1597,201.9945,172.1883,41.8145
422.9925,201.9457,172.1029,41.9121
421.4334,201.9218,172.0103,41.9598
418.4562,201.9081,171.5444,41.9872
415.5049,201.9252,171.0385,41.9530
412.5975,201.9018,170.4603,41.9998
409.5652,201.8509,170.1464,42.1017
408.0510,201.7957,169.9879,42.2121
401.8376,201.7711,169.6680,42.2614
402.0782,201.7172,169.1867,42.3690
395.7568,201.6452,169.1160,42.5130
395.9479,201.6179,168.7337,42.5677
391.3513,201.5955,168.3995,42.6124
389.9417,201.5779,168.0468,42.6476
385.3718,201.5491,167.6834,42.7052
382.4026,201.5395,167.2945,42.7244
379.4046,201.5581,166.9733,42.6873
376.3624,201.5857,166.7509,42.6321
373.3376,201.6618,166.5021,42.4799
370.3333,201.6854,166.2250,42.4327
368.8274,201.7139,166.0987,42.3757
367.3749,201.7458,165.8686,42.3119
361.2225,201.7409,165.6503,42.3216
360.0248,201.8048,164.9178,42.1938
358.8592,201.8680,164.1340,42.0674
352.9822,201.8930,163.4809,42.0175
352.0292,201.9172,162.2952,41.9691
349.3583,201.8870,161.4889,42.0294
348.1797,201.8615,160.7822,42.0805
343.8517,203.3954,160.2734,42.0675
342.5240,203.3215,159.8815,42.2154
341.0397,203.2540,159.8052,42.3504
338.0099,203.1977,159.7723,42.4630
335.0305,203.1996,159.6352,42.4592
333.4822,203.1876,159.6859,42.4831
330.4878,203.1971,159.5807,42.4642
327.4373,203.2277,159.5912,42.4030
325.9483,203.2905,159.5249,42.2775
323.0780,204.8695,159.1837,42.1602
320.1978,204.9022,158.8760,42.0949
318.7764,206.4382,158.6905,42.0513
317.3297,206.4693,158.5590,41.9891
314.2812,206.4865,158.6123,41.9547
311.2265,207.9617,158.6775,42.0264
309.8085,207.9554,158.4894,42.0388
308.2895,207.9141,158.5054,42.1215
306.7711,209.3751,158.5186,42.2231
303.7490,209.2992,158.5113,42.3750
302.2496,209.2293,158.4815,42.5147
300.7637,209.1696,158.4226,42.6340
297.7370,210.6597,158.4116,42.6860
296.2847,210.6582,158.2834,42.6891
294.7276,210.6297,158.3663,42.7461
293.2012,212.0940,158.3856,42.8510
291.7304,212.1230,158.2916,42.7929
290.2756,212.1230,158.1678,42.7929
288.8428,212.0683,158.0019,42.9023
285.7812,213.5577,158.0626,42.9549
284.3239,213.4963,157.9441,43.0775
282.8512,214.9496,157.8557,43.2048
281.3889,214.9219,157.7456,43.2602
279.9270,214.8599,157.6349,43.3842
278.3703,214.8466,157.7131,43.4108
276.7864,216.2782,157.8442,43.5843
275.2891,216.2986,157.7969,43.5434
273.8360,216.3656,157.6628,43.4095
270.7492,217.8590,157.7645,43.4587
269.2751,217.9687,157.6742,43.2394
267.7810,217.9740,157.6294,43.2286
266.3089,219.4401,157.5415,43.3285
264.7832,219.4688,157.5601,43.2714
263.2750,220.9487,157.5445,43.3433
263.4264,221.0389,157.2417,43.1631
262.0348,221.0709,156.9995,43.0990
260.5594,222.5364,156.9294,43.1889
260.6254,222.4919,156.7975,43.2779
259.1601,223.9134,156.7068,43.4562
257.7140,223.8862,156.5755,43.5106
257.8013,223.8017,156.4010,43.6796
256.2692,225.1658,156.4419,43.9747
256.3702,225.1608,156.2398,43.9846
254.8698,226.6317,156.2140,44.0697
254.9360,226.6794,156.0814,43.9743
253.4573,226.7091,156.0146,43.9147
253.4736,226.6831,155.9820,43.9668
251.8571,228.2007,156.1922,43.9543
251.8896,228.2515,156.1272,43.8528
250.2604,228.2758,156.3630,43.8042
248.7941,228.3190,156.2704,43.7177
247.2487,229.7477,156.3391,43.8824
247.2856,229.8862,156.2654,43.6055
247.2800,229.9769,156.2767,43.4240
247.2900,230.0394,156.2565,43.2992
245.7202,231.5375,156.3821,43.3170
245.7142,231.6391,156.3941,43.1139
245.6998,231.6640,156.4228,43.0641
245.6635,231.6727,156.4954,43.0467
244.1259,231.6670,156.5579,43.0581
244.1255,233.0771,156.5587,43.2516
244.1144,233.1254,156.5809,43.1552
244.1115,233.1699,156.5868,43.0661
242.4461,234.6076,156.9031,43.2051
242.4031,234.5941,156.9891,43.2320
242.3055,234.5759,157.1844,43.2684
242.2697,234.5526,157.2559,43.3152
242.1888,234.5097,157.4176,43.4008
240.6561,236.0113,157.4507,43.4301
240.6596,236.0309,157.4437,43.3909
240.6507,236.0364,157.4616,43.3799
240.6481,236.0218,157.4668,43.4090
240.6064,236.0164,157.5501,43.4198
240.5885,236.0038,157.5859,43.4450
240.5608,235.9918,157.6413,43.4691
240.5433,235.9734,157.6764,43.5058
