1
596.0627,488.8422,71.6182,86.5057
594.0795,487.2435,70.6099,87.2155
596.6449,485.6862,67.9611,90.3302
600.4781,484.7460,65.2676,94.6971
602.4593,484.5101,63.8138,97.6773
602.5411,484.5178,63.6500,100.1912
602.3148,483.5450,64.1027,102.1367
603.3594,483.8857,64.6142,104.0560
604.6772,484.6527,64.6166,105.1601
606.4902,484.9037,63.6451,107.3126
605.4950,485.3073,62.9654,109.1756
604.4851,483.2115,62.2988,110.6808
603.4332,483.4183,61.7054,112.9645
605.0538,482.7570,61.1852,114.2872
604.3031,482.9768,59.9549,116.5792
604.9055,481.9380,58.7503,118.6568
605.0474,481.7814,58.4664,118.9700
606.7433,479.9604,57.8279,119.8586
605.0630,482.6947,58.4333,119.9004
599.6266,497.0032,61.0068,118.9474
600.9343,485.5200,61.1885,119.5381
598.1658,492.1103,63.9168,120.4012
596.3616,494.9701,67.5251,117.5500
592.2826,497.7164,72.7953,112.0575
590.1631,501.2410,77.0343,107.9029
590.8493,502.1585,78.5642,106.0678
590.6556,502.5308,78.9514,105.3233
591.8072,502.8837,79.5428,104.6175
589.7234,503.4268,80.8170,103.5312
590.6949,505.1060,81.7717,103.0705
590.5143,502.3339,82.1328,102.8026
594.9857,503.5210,81.9134,103.3362
595.0060,502.2711,81.8727,102.9235
597.9857,503.7664,81.7243,102.8383
602.3548,502.4556,81.6914,102.5583
600.5570,501.2234,82.3900,102.1257
603.2220,499.7594,82.8633,102.1520
599.3118,498.6497,84.8644,101.4617
606.0788,498.5121,85.9872,101.7370
603.5984,498.4594,87.9942,101.8424
603.9611,500.1416,90.2563,101.4656
603.2114,500.1252,91.7559,101.4984
602.7311,502.9417,92.7164,101.9503
607.4893,506.3220,92.3944,104.3839
607.4144,508.8908,92.5441,105.4411
605.7460,514.3191,92.7645,107.0494
600.5248,515.9564,93.7731,106.9194
600.6506,518.5714,93.5215,108.0072
601.1761,525.5273,92.4703,109.9534
602.6505,526.9589,92.7066,110.2750
607.0850,533.3691,93.4182,110.2290
607.9997,533.0704,94.7930,110.8263
606.1379,532.2582,95.2811,112.4509
601.3328,537.8154,98.3541,111.1421
633.8553,535.3300,99.2614,112.8152
638.6385,535.9029,96.3711,118.3456
641.8160,529.6752,93.3932,124.0472
649.3930,537.6132,91.9021,128.6656
658.1763,544.6454,91.6426,131.9083
2
0
0
0
0
1
583.5543,584.5332,87.1264,105.1131
582.5167,585.9210,89.2017,102.3375
591.4326,584.3532,89.4575,102.4585
594.1621,586.9728,90.0395,100.2400
603.0817,586.0440,90.1730,99.1020
608.4998,584.8011,91.2563,98.6080
619.1426,582.9280,90.8967,99.3647
618.7491,578.4818,91.6837,99.2707
618.2021,575.0138,92.7777,100.1935
619.3995,570.5156,93.4212,103.1132
637.5947,537.4183,94.1600,104.3320
641.2355,538.9818,96.2528,104.3297
667.8841,547.6913,93.4859,109.0176
644.2875,532.8914,99.2522,106.7508
645.9412,537.7306,102.4321,106.8031
649.1471,536.5291,105.9048,105.9112
655.5339,540.5153,109.8096,104.6102
668.7819,536.4430,113.7016,102.6255
677.8600,532.6926,115.9789,103.3149
679.8510,531.0602,118.9011,103.1278
684.7209,530.6868,119.6440,103.8746
688.0787,530.1526,119.9642,104.9431
696.8744,527.8259,120.0721,106.0566
704.9317,525.7590,121.7543,106.6309
700.0286,523.8884,124.3712,106.7776
673.0712,523.0715,130.9985,104.7739
669.7827,518.5622,137.5757,102.6709
661.6915,513.7437,142.4378,100.9877
661.4445,512.8337,146.7511,98.9880
659.7592,511.3176,150.1219,98.1686
650.2111,500.4909,153.6635,96.4903
2
0
0
0
0
1
833.6454,543.4713,79.7853,83.2054
835.3906,543.5580,78.8615,83.0320
838.0187,545.5046,78.7038,81.6879
839.6140,545.8030,78.0391,81.0911
841.7567,544.5496,76.2595,81.0921
844.0661,543.2265,74.1184,81.2607
844.8345,543.3665,72.5815,80.9807
848.2162,543.0482,70.6531,81.6173
849.9280,544.7717,69.6257,82.9632
850.1658,544.1168,69.1503,84.2729
849.0661,543.8467,68.9364,84.8129
846.7078,543.6049,68.8169,85.2966
844.3096,544.7238,68.7664,85.4825
840.7719,544.7175,68.5652,85.4950
843.0370,536.6999,66.4572,89.4177
840.8078,535.9105,66.0197,90.9966
837.7839,531.2145,64.6728,92.9940
830.3827,528.2883,64.6378,93.9006
827.3030,528.8007,63.3391,95.3618
817.9548,527.0280,64.6303,93.9343
812.8955,527.6072,67.2896,92.7758
791.5775,517.4021,69.7224,90.5716
788.9864,512.2476,72.3855,88.2856
787.8381,506.3414,74.6822,87.4623
783.9889,510.1338,74.7260,90.0834
782.8068,507.0278,71.9052,96.2954
777.8157,495.3034,71.3198,101.2513
778.1450,490.7365,70.6614,107.6777
782.1790,487.0297,70.9733,112.2978
761.3875,457.5936,75.2754,110.9471
750.8091,438.2253,78.9172,108.8157
749.1129,430.7473,82.3097,106.0894
744.4551,424.5477,85.7032,103.6837
735.7125,418.6323,88.2930,103.5979
729.2141,412.4300,89.2117,106.9441
