1
166.0571,126.3626,218.8858,290.2747
166.5761,126.2438,217.8477,290.5124
167.0763,126.2464,216.8473,290.5072
167.6660,122.3301,215.6680,290.3711
168.1520,122.5486,214.6960,289.9340
172.6746,118.7429,213.5756,289.6207
177.1091,118.9319,212.6084,289.2427
177.6843,115.2568,211.4579,288.7126
182.0893,115.5218,210.5010,288.1827
182.6654,115.6241,209.3489,287.9782
187.0097,111.8896,208.4678,287.6396
187.3697,112.1720,207.7477,287.0750
187.7915,112.3816,206.9041,286.6557
192.0940,112.6730,206.0462,286.0730
192.4607,112.9407,205.3129,285.5375
192.7998,113.2297,204.6346,284.9595
193.1935,113.6063,203.8473,284.2062
193.5390,113.9206,203.1564,283.5778
193.8724,114.2242,202.4894,282.9705
197.9818,114.5051,201.8895,282.4088
198.1664,114.7718,201.5202,281.8754
198.3889,114.9497,201.0752,281.5195
198.6344,115.0887,200.5843,281.2416
198.8057,115.2088,200.2416,281.0013
198.9616,115.3251,199.9298,280.7686
202.8465,119.1658,199.7032,280.6306
202.8569,119.3025,199.6825,280.3572
202.9290,119.5700,199.5383,279.8221
202.9697,119.8302,199.4568,279.3018
206.7587,120.0376,199.3920,278.8870
206.7404,120.2217,199.4288,278.5188
206.7427,120.3882,199.4242,278.1858
206.7780,120.5760,199.3536,277.8102
210.5243,120.7596,199.3499,277.4429
210.4593,120.8049,199.4799,277.3524
210.4067,120.8713,199.5850,277.2195
210.3671,120.9653,199.6643,277.0316
210.3163,121.1357,199.7658,276.6907
210.2217,121.3708,199.9550,276.2206
210.1235,121.5213,200.1515,275.9195
210.0787,121.6000,200.2410,275.7623
210.0486,121.7023,200.3013,275.5575
209.9893,121.8403,200.4198,275.2816
210.0067,121.9669,200.3851,275.0283
209.9946,122.0975,200.4093,274.7671
209.8305,122.1420,200.7374,274.6782
209.5958,122.1681,201.2068,274.6260
209.3396,122.1837,201.7194,274.5948
209.0422,122.1879,202.3140,274.5863
208.7561,122.1380,202.8862,274.6861
208.4340,122.1109,203.5304,274.7403
208.1537,122.0825,204.0910,274.7971
207.8225,122.0056,204.7535,274.9510
207.4859,122.0053,205.4267,274.9515
207.1599,122.0945,206.0787,274.7732
206.8901,122.1290,206.6183,274.7042
206.6965,122.2517,207.0055,274.4587
206.6131,122.3991,207.1722,274.1640
206.6259,122.6391,207.1466,273.6839
206.6623,122.9038,207.0739,273.1546
206.6730,123.1759,207.0526,272.6103
206.6418,123.4143,207.1148,272.1335
206.6378,123.6285,207.1229,271.7052
206.7106,123.8898,206.9772,271.1826
206.7213,124.1976,206.9559,270.5670
210.4199,124.4477,207.0621,270.0667
210.3548,124.6795,207.1922,269.6031
210.2814,124.8925,207.3389,269.1771
210.2491,125.1145,207.4036,268.7332
210.2150,125.3461,207.4717,268.2700
210.1841,125.6002,207.5336,267.7617
210.1983,125.8520,207.5052,267.2581
210.2173,126.0555,207.4671,266.8513
213.9999,126.1749,207.3569,266.6125
213.8592,126.3779,207.6384,266.2064
213.7402,126.5855,207.8764,265.7911
213.6451,126.9052,208.0665,265.1517
213.5697,123.5311,208.2173,264.4612
213.4845,123.9573,208.3877,263.6089
213.4732,124.4952,208.4104,262.5331
213.4917,125.0288,208.3734,261.4659
213.4743,125.5268,208.4081,260.4699
213.4496,126.0169,208.4575,259.4897
213.3414,126.4488,208.6739,258.6258
213.2240,126.8871,208.9088,257.7492
213.1672,127.3370,209.0223,256.8495
213.1060,127.7979,209.1448,255.9277
213.0471,128.2818,209.2625,254.9598
212.9235,128.7405,209.5097,254.0425
212.8021,129.2211,209.7526,253.0812
212.7056,129.6834,209.9455,252.1568
212.6275,130.2015,210.1017,251.1206
212.5449,130.6548,210.2669,250.2139
212.4763,131.0789,210.4041,249.3657
212.3887,131.5061,210.5794,248.5113
212.2664,132.0369,210.8238,247.4496
212.1288,132.4467,211.0992,246.6301
211.9708,132.8485,211.4151,245.8265
211.7584,129.5571,211.8400,245.2137
211.5381,130.0578,212.2805,244.2122
211.3235,130.4555,212.7098,243.4169
211.2585,130.9764,212.8397,242.3751
211.1539,127.9674,213.0490,241.2282
207.3536,128.4991,213.4989,240.1648
207.1293,128.8653,213.9475,239.4324
203.3520,129.2947,214.3652,238.5735
203.0947,129.6651,214.8798,237.8328
202.8127,130.0296,215.4438,237.1037
202.5293,130.3119,216.0105,236.5392
202.2101,130.5858,216.6489,235.9913
198.2850,130.8384,217.3727,235.4861
197.9311,131.0640,218.0804,235.0349
197.5521,131.3434,218.8383,234.4761
197.1427,128.0025,219.6572,234.0202
196.7643,124.6446,220.4139,233.5923
196.3006,124.8531,221.3414,233.1753
195.8312,125.0475,222.2802,232.7866
195.3912,121.7093,223.1602,232.2971
194.9565,121.9451,224.0297,231.8255
194.5605,118.5592,224.8216,231.4188
194.1581,118.7562,225.6264,231.0246
193.8064,118.9743,226.3298,230.5884
193.4203,119.1710,227.1019,230.1951
193.0794,115.7970,227.7838,229.7416
192.7832,116.0114,228.3763,229.3127
192.4775,116.2424,228.9877,228.8508
192.1398,116.4423,229.6631,228.4510
191.8101,116.5747,230.3225,228.1862
191.5600,113.0950,230.8227,227.9251
191.2542,113.1135,231.4342,227.8880
190.9408,113.1880,232.0611,227.7389
190.6332,113.2360,232.6762,227.6430
190.3448,113.3637,233.2529,227.3877
190.0475,113.4208,233.8475,227.2735
189.8095,109.8607,234.3236,227.1320
189.4495,109.7909,235.0436,227.2717
189.1163,109.7326,235.7099,227.3883
188.7823,106.0678,236.3781,227.4253
188.4090,105.9554,237.1246,227.6501
188.0779,105.8479,237.7869,227.8651
187.7798,105.7675,238.3830,228.0258
187.4953,105.6454,238.9520,228.2701
187.2511,101.8521,239.4405,228.4993
187.0086,101.7779,239.9254,228.6478
186.6517,97.8630,240.6393,229.0990
186.2567,94.0602,241.4292,229.3076
185.9404,93.9301,242.0618,229.5679
185.7166,90.1269,242.5094,229.7477
185.4758,89.9840,242.9910,230.0335
185.2880,89.8896,243.3667,230.2222
185.0919,89.7640,243.7588,230.4735
184.8199,85.8694,244.3029,230.7952
184.4882,85.6856,244.9662,231.1629
184.1640,85.4639,245.6147,231.6062
183.8494,85.2306,246.2437,232.0728
183.5569,84.9905,246.8288,232.5529
183.2356,84.7091,247.4713,233.1158
182.9235,84.4715,248.0956,233.5910
182.6392,84.1848,248.6642,234.1644
182.3611,83.9391,249.2204,234.6559
182.1139,83.7430,249.7148,235.0479
181.8990,83.5468,250.1447,235.4403
181.6941,83.4012,250.5544,235.7315
181.4874,83.1912,250.9679,236.1515
181.2838,83.0318,251.3751,236.4704
181.0816,82.7964,251.7794,236.9411
180.8667,82.5944,252.2091,237.3453
180.6670,82.4098,252.6086,237.7144
180.4978,82.2355,252.9470,238.0630
180.3523,82.1201,253.2380,238.2937
180.2015,81.9577,253.5397,238.6186
180.0174,81.8225,253.9077,238.8889
179.7745,81.7010,254.3937,239.1320
179.5527,81.5605,254.8371,239.4129
179.2959,81.3538,255.3508,239.8264
182.8613,81.0703,256.0170,240.3934
182.6098,80.8414,256.5202,240.8511
182.3367,80.6723,257.0663,241.1894
185.9353,80.4530,257.7147,241.6280
189.5345,80.2229,258.3790,242.0881
193.2656,80.1253,258.7971,242.2833
193.1403,80.0479,259.0476,242.4381
197.0465,79.9338,259.1317,242.6663
201.0058,79.8252,259.1142,242.8836
201.0860,79.7258,258.9538,243.0823
205.1816,79.8026,258.6677,242.9289
205.3865,79.9097,258.2580,242.7145
209.5297,80.0186,257.8599,242.4968
213.6247,80.1659,257.5486,242.2022
213.8328,80.2786,257.1324,241.9768
217.8419,80.3124,256.9733,241.9092
218.0147,80.4509,256.6277,241.6321
221.9996,80.6042,256.5035,241.3255
226.0920,80.8261,256.1577,240.8818
226.3377,81.0527,255.6664,240.4285
230.5385,81.2307,255.0764,240.0726
234.8137,81.5618,254.3226,239.4104
239.0927,82.0033,253.5392,238.5274
243.3970,78.6965,252.6787,237.3927
247.7295,79.1326,251.7305,236.5206
248.2524,75.8336,250.6845,235.4306
252.6899,72.6091,249.4640,234.2252
257.0123,69.3745,248.4355,233.0782
261.2363,66.1464,247.5694,231.9525
265.4604,62.8155,246.6717,231.0636
265.6737,59.3839,246.2450,230.4044
269.7019,52.1931,245.6940,229.7756
273.6101,48.7603,245.3641,229.1546
