1
133.8775,208.8643,312.2449,82.2714
134.0929,209.1426,311.8141,81.7147
134.3273,209.4060,311.3454,81.1879
134.5606,209.5853,310.8788,80.8294
134.7378,209.7521,310.5244,80.4958
134.8509,209.9074,310.2981,80.1853
134.9574,209.9214,310.0852,80.1572
135.0619,209.8897,309.8762,80.2206
135.1612,209.8264,309.6776,80.3472
135.1548,209.7007,309.6904,80.5986
135.0923,209.5459,309.8153,80.9082
135.0485,209.3868,309.9030,81.2264
135.0924,209.2058,309.8152,81.5884
135.0324,209.0247,309.9352,81.9507
137.9635,208.8271,309.9776,82.3458
140.9012,208.5766,310.0149,82.8469
141.0792,208.3949,309.6589,83.2102
141.1579,208.2210,309.5014,83.5580
144.4687,205.1456,308.8085,83.7801
144.7326,204.6475,308.2808,84.7762
145.0179,204.1660,307.7101,85.7392
145.3624,203.7135,307.0212,86.6443
145.7004,203.2691,306.3451,87.5331
146.0166,199.9539,305.7127,88.2048
146.1896,199.4133,305.3668,89.2859
146.3121,198.8599,305.1218,90.3927
146.4739,195.4312,304.7981,91.2554
146.6842,194.8794,304.3775,92.3591
146.9464,194.2285,303.8531,93.6608
147.1889,193.6172,303.3681,94.8834
147.4478,192.9770,302.8502,96.1639
147.7513,192.3443,302.2434,97.4292
148.0490,191.6592,301.6480,98.7995
148.3854,190.9759,300.9751,100.1660
148.6696,190.2589,300.4068,101.6000
148.9958,189.5482,299.7543,103.0215
149.3136,188.8181,299.1187,104.4817
149.7547,188.0368,298.2365,106.0442
150.1998,190.2997,297.3464,107.7027
150.6636,189.5480,296.4187,109.2060
151.1675,188.7638,295.4109,110.7744
151.6065,187.9554,294.5330,112.3912
151.9458,187.1098,293.8544,114.0824
152.2935,186.2393,293.1589,115.8235
152.6758,185.3996,292.3943,117.5028
149.9004,184.5377,291.6386,119.2267
150.2963,183.6260,290.8468,121.0500
150.7644,182.6905,289.9107,122.9210
151.2241,181.7005,288.9912,124.9009
148.5351,180.7605,287.9806,126.7811
148.8706,179.7688,287.3097,128.7644
149.2405,178.7765,286.5699,130.7491
149.7059,177.7442,285.6391,132.8136
150.1361,176.6315,284.7787,135.0390
150.5923,175.5127,283.8663,137.2765
151.0968,174.4562,282.8571,139.3896
151.5539,173.2638,281.9429,141.7744
151.9750,172.0807,281.1008,144.1406
152.5928,170.8331,279.8651,146.6358
153.1700,169.5583,278.7109,149.1854
153.7994,168.3357,277.4519,151.6306
154.4448,167.0545,276.1612,154.1930
155.2269,165.8161,274.5970,156.6698
155.9562,164.5005,273.1383,159.3011
156.7382,163.2562,271.5745,161.7897
157.5264,162.0286,269.9980,164.2448
158.3337,160.7628,268.3834,166.7765
159.1620,159.5473,266.7268,169.2074
159.8691,158.2188,265.3126,171.8643
160.5555,156.8258,263.9397,174.6505
161.2775,155.5275,262.4958,177.2470
161.9608,154.1588,261.1292,179.9844
162.7281,152.7407,259.5946,182.8206
163.5423,151.3339,257.9661,185.6341
167.6308,153.3573,256.7517,188.5501
168.4760,151.8888,255.0614,191.4870
172.7533,153.8760,253.5213,194.5270
173.5210,152.3489,251.9858,197.5811
174.3797,150.7624,250.2684,200.7543
175.3665,149.1983,248.2948,203.8825
176.4072,147.7180,246.2135,206.8429
177.3506,149.7873,244.3267,209.8324
178.2737,148.3847,242.4804,212.6375
179.2040,146.9977,240.6197,215.4117
180.1460,145.6065,238.7358,218.1941
181.1797,144.2739,236.6684,220.8592
182.1124,142.9731,234.8030,223.4608
182.9744,141.6814,233.0789,226.0441
184.0794,140.3822,230.8689,228.6427
185.1219,139.1339,228.7839,231.1392
186.1615,137.8494,226.7048,233.7083
187.1915,136.6145,224.6449,236.1781
188.2470,135.4048,222.5338,238.5974
189.3198,134.2624,220.3882,240.8822
190.3614,133.1369,218.3049,243.1333
191.4532,132.0348,216.1214,245.3374
192.5241,127.3791,213.9795,247.3854
193.5561,126.5391,211.9156,249.0653
194.6119,125.7528,209.8040,250.6380
195.6004,121.2651,207.8271,252.3694
196.4852,120.4633,206.0575,253.9730
200.9553,119.6531,204.3520,255.5935
201.8596,118.9406,202.5433,257.0185
202.7024,118.2444,200.8578,258.4108
203.4977,117.6131,199.2672,259.6735
207.8568,116.9823,197.7608,260.9351
208.6733,116.5138,196.1277,261.8721
209.4333,116.1115,194.6078,262.6766
213.8018,115.7713,193.0520,263.3571
214.4040,111.8661,191.8477,264.0013
215.0127,111.5158,190.6302,264.7019
215.6171,107.6757,189.4214,265.2352
216.2385,107.2990,188.1787,265.9887
216.8293,107.0272,186.9971,266.5323
217.3170,103.1590,186.0216,267.1540
221.3539,102.6735,185.0559,268.1249
221.7912,102.2172,184.1813,269.0376
225.8259,101.6731,183.2177,270.1258
226.2950,101.2286,182.2796,271.0148
230.3320,100.7775,181.3099,271.9169
230.7711,100.3556,180.4315,272.7608
234.8481,99.9723,179.3774,273.5273
235.4408,99.6455,178.1919,274.1810
236.0498,99.3096,176.9740,274.8527
240.2959,102.6009,175.5553,275.3436
240.9231,102.4948,174.3009,275.5558
241.6448,102.5044,172.8574,275.5366
242.3635,102.5153,171.4201,275.5148
243.0540,102.6207,170.0391,275.3040
243.8966,102.8956,168.3539,274.7544
244.8024,103.2187,166.5423,274.1081
245.7731,103.7045,164.6009,273.1364
246.8750,104.2981,162.3971,271.9492
248.0374,105.0038,160.0722,270.5378
249.2377,105.7763,157.6717,268.9930
250.4706,106.6082,155.2058,267.3290
251.7147,107.4458,152.7177,265.6539
252.8636,108.3166,150.4199,263.9124
253.9431,109.2243,148.2608,262.0969
258.1954,110.1507,146.1561,260.2441
259.1075,110.9364,144.3318,258.6727
259.9790,111.8145,142.5889,256.9165
260.8590,112.6616,140.8288,255.2222
264.8582,113.6353,139.0021,253.2748
265.6308,114.2148,137.4571,252.1160
266.4582,114.9993,135.8022,250.5470
270.2964,115.7090,134.1426,249.1274
274.2278,116.6040,132.2471,247.3374
275.0023,117.4946,130.6981,245.5563
278.9577,118.5622,128.6432,243.4211
279.8603,119.6414,126.8380,241.2626
283.7517,120.7691,124.7817,239.0073
284.7076,121.9807,122.8699,236.5840
288.7148,123.2501,120.4450,234.0452
292.5694,124.5463,118.2462,231.4529
293.4045,125.5877,116.5759,229.3700
297.0820,126.8371,114.5959,226.8712
300.6975,125.2942,112.6693,224.6528
301.5936,126.3217,110.8770,222.5979
305.1696,124.7879,108.9024,220.4880
308.7172,125.8665,106.9195,218.3309
312.1679,124.2420,105.0646,216.5334
312.8701,125.0661,103.6601,214.8853
316.0325,123.3797,102.2747,213.3187
319.2321,121.5004,100.7680,212.1848
322.3648,119.6156,99.3522,211.1048
325.3309,119.9986,98.2292,210.3387
330.7331,117.9989,96.9819,209.5597
333.5750,118.2227,96.0433,209.1120
338.7577,118.5207,95.1228,208.5159
344.0292,118.7807,93.9750,207.9960
346.7475,118.9705,93.2084,207.6164
351.7061,119.2192,92.5930,207.1190
354.2838,119.5099,92.0705,206.5377
359.0916,119.6711,91.6855,206.2152
363.8848,119.6058,91.3070,206.3458
366.3625,119.6426,90.9506,206.2722
371.1226,119.5886,90.6140,206.3803
375.9816,121.7771,90.0707,206.5906
378.4380,121.7124,89.7387,206.7199
383.2762,121.6122,89.2160,206.9205
388.1071,123.6217,88.6955,207.4719
392.8740,123.3792,88.3003,207.9569
395.1957,123.1543,88.2261,208.4068
399.7421,125.1638,88.2824,208.9623
404.3151,124.8536,88.3035,209.5826
408.9747,124.6064,88.1701,210.0770
413.5470,126.3956,88.2209,211.0963
418.0374,125.8547,88.4665,212.1782
424.9490,125.4022,88.5434,213.0833
427.3020,125.0953,88.4850,213.6970
431.9233,126.9545,88.5533,214.6341
436.4770,126.5659,88.7866,215.4113
441.1853,126.2724,88.7412,215.9982
445.9488,125.8504,88.6008,216.8422
448.3338,125.6268,88.5336,217.2894
453.1365,125.2258,88.3446,218.0916
455.6209,127.2830,88.0921,218.6935
458.1332,126.9828,87.7881,219.2938
460.5880,126.6449,87.6024,219.9697
465.5803,126.1594,87.0782,220.9407
468.1395,125.7124,86.6945,221.8347
470.7406,125.2717,86.2330,222.7161
473.3761,125.0016,85.7072,223.2563
476.0164,124.6645,85.1702,223.9304
476.1844,124.2168,84.8340,224.8258
479.0042,123.8617,83.9448,225.5361
479.3280,123.5916,83.2972,226.0763
479.6981,123.3035,82.5570,226.6526
480.1594,123.1081,81.6345,227.0433
480.6447,122.9654,80.6639,227.3286
481.2795,122.9156,79.3942,227.4283
481.9202,122.7134,78.1129,227.8326
482.6104,122.6336,76.7324,227.9922
483.3762,122.4883,75.2008,228.2828
484.1710,122.4431,73.6113,228.3732
484.9904,122.3835,71.9724,228.4925
485.8765,122.2840,70.2002,228.6915
484.5566,122.2205,68.3016,228.8185
485.3758,122.0428,66.6632,229.1739
486.1581,122.0423,65.0986,229.1749
484.9373,119.7708,63.0897,229.2674
485.8003,120.0966,61.3636,228.6157
486.6799,120.1841,59.6044,228.4408
487.5604,120.2753,57.8435,228.2583
488.4225,120.1673,56.1192,228.4743
489.2872,120.0714,54.3899,228.6662
490.1151,119.8302,52.7341,229.1485
490.9064,119.4358,51.1514,229.9374
491.7191,121.1614,49.5261,230.6830
492.4938,120.9624,47.9766,231.0809
493.3078,122.8918,46.3486,231.3736
494.0698,124.7995,44.8246,231.6818
494.7474,124.7433,43.4695,231.7943
495.2965,126.6933,42.3712,231.9677
495.7664,128.6892,41.4315,232.0301
496.1345,130.6368,40.6953,232.1713
496.3851,132.4090,40.1940,232.6508
496.3192,132.2617,40.3258,232.9454
496.0861,134.0401,40.7921,233.4160
493.8634,133.8607,41.1943,233.7748
489.4770,133.9554,41.8551,233.5853
486.8055,133.8530,43.1317,233.7902
482.1020,133.8398,44.3498,233.8166
479.3005,134.0781,45.8340,233.3400
