1
428.7494,223.5944,140.5011,97.8112
428.8959,223.7064,140.2081,97.5872
429.0402,223.7149,139.9197,97.5702
429.1032,223.7551,139.7936,97.4899
429.1816,223.8359,139.6368,97.3282
429.1752,223.8593,139.6496,97.2814
429.1493,223.9055,139.7014,97.1890
429.1621,223.9695,139.6757,97.0610
427.2768,224.0230,139.7333,96.9541
427.1976,224.0858,139.8918,96.8283
425.3219,224.1738,139.9308,96.6525
425.2443,224.2023,140.0859,96.5954
423.3561,224.2352,140.1509,96.5297
423.2608,224.3208,140.3414,96.3583
421.3093,224.4014,140.5330,96.1972
419.3239,224.4609,140.7921,96.0782
417.4204,224.4672,140.8855,96.0656
417.3955,224.4367,140.9354,96.1266
415.3542,224.4691,141.3013,96.0617
413.1975,224.4031,141.8938,96.1938
411.1078,224.3833,142.3412,96.2333
409.0432,224.4309,142.7310,96.1382
406.8842,224.4818,143.3051,96.0365
404.7097,224.5342,143.9032,95.9316
402.6431,224.5332,144.2785,95.9335
400.4924,224.6537,144.8163,95.6926
398.3633,224.7069,145.3067,95.5862
396.2091,224.7746,145.8418,95.4508
392.2471,224.8581,146.2076,95.2839
390.0399,224.9584,146.8401,95.0832
389.7791,225.0718,147.3618,94.8564
385.7727,225.1736,147.7906,94.6529
383.5550,225.2673,148.4310,94.4653
379.4086,225.4124,149.1209,94.1753
377.1177,225.5346,149.8957,93.9308
374.8972,225.6378,150.5222,93.7244
372.5935,225.7987,151.3093,93.4026
370.1827,225.8428,152.3044,93.3144
366.1018,225.9876,152.7861,93.0248
363.8751,226.1348,153.3971,92.7303
361.6208,226.3387,154.0592,92.3225
357.3570,226.5664,154.8880,91.8672
355.0628,226.7277,155.6222,91.5446
352.8175,226.8174,156.2533,91.3652
350.4200,227.0858,157.1825,90.8284
347.9563,227.3411,158.2392,90.3179
343.6861,227.6209,159.0246,89.7581
341.2762,227.9752,159.9647,89.0496
337.0259,228.2800,160.7022,88.4401
334.6884,228.6132,161.4952,87.7737
332.2076,228.9618,162.5743,87.0763
329.8333,229.2617,163.4367,86.4765
325.5320,229.5460,164.2619,85.9080
322.9527,227.8253,165.5295,85.4582
320.5825,228.1433,166.3678,84.8223
318.4367,228.4754,166.7562,84.1581
316.3491,228.8106,167.0338,83.4878
314.1671,229.1850,167.5078,82.7389
310.0533,227.7077,167.9676,81.8096
307.8121,228.1271,168.5754,80.9708
305.4656,228.5200,169.3996,80.1850
303.1220,228.8490,170.2196,79.5270
300.8568,227.4286,170.8823,78.5001
298.5679,227.7480,171.6008,77.8614
296.2616,228.0896,172.3549,77.1782
295.9761,228.4484,172.9258,76.4605
293.8959,228.8525,173.2331,75.6523
291.8337,229.2860,173.5139,74.7853
288.0483,227.9415,173.4205,73.6421
286.0150,230.3288,173.6765,72.6782
285.7412,230.7168,174.2240,71.9022
283.9181,229.2861,174.0789,70.9722
281.8791,229.7613,174.3843,70.0219
281.5293,230.1820,175.0838,69.1805
281.2454,230.5582,175.6517,68.4279
279.1201,230.9318,176.1524,67.6808
278.8742,231.2916,176.6441,66.9612
276.7655,231.6752,177.1237,66.1940
276.4681,232.0834,177.7185,65.3776
276.2081,232.4865,178.2385,64.5714
274.0572,232.8911,178.8227,63.7623
273.8281,233.3554,179.2810,62.8336
271.8290,233.8059,179.5782,61.9326
271.3772,234.2028,180.4818,61.1389
271.0140,234.5766,181.2081,60.3912
270.8531,234.9246,181.5299,59.6951
270.6022,235.3580,182.0318,58.8283
270.4517,235.7800,182.3327,57.9844
270.0320,236.1594,183.1722,57.2257
269.8087,236.5584,183.6188,56.4277
267.9838,236.9738,183.6235,55.5967
267.9360,237.3455,183.7190,54.8534
267.6109,239.5519,184.3692,54.0580
267.3788,239.8745,184.8335,53.4128
266.9466,240.1481,185.6978,52.8657
266.2783,242.2472,187.0345,52.2758
265.6230,242.4600,188.3450,51.8501
266.9250,242.6240,189.3677,51.5223
266.3392,244.6523,190.5394,51.1006
265.9223,244.7842,191.3730,50.8368
267.1658,246.8040,192.5364,50.4474
268.4670,246.8236,193.5933,50.4082
267.8554,246.8204,194.8165,50.4147
269.0440,248.8354,196.1301,50.0753
268.3409,250.7060,197.5362,50.0370
267.7821,250.5726,198.6538,50.3038
269.0752,250.4654,199.8102,50.5181
270.1949,252.2833,201.3335,50.6452
269.5870,252.1374,202.5494,50.9370
269.0455,251.9604,203.6324,51.2910
268.5229,251.7901,204.6776,51.6316
267.9857,251.5641,205.7520,52.0837
269.1299,253.2995,207.3394,52.4888
268.4003,253.0925,208.7987,52.9027
267.8628,252.8605,209.8738,53.3666
267.2902,252.6267,211.0190,53.8343
266.7722,252.2880,212.0549,54.5117
266.1794,251.9809,213.2405,55.1259
265.5403,251.6377,214.5188,55.8122
264.9131,251.2962,215.7731,56.4954
264.3459,250.9768,216.9075,57.1342
265.7243,252.7470,218.2790,57.7218
265.3214,252.3611,219.0847,58.4937
264.9380,251.9936,219.8514,59.2286
264.5152,251.5674,220.6972,60.0811
264.1028,251.1826,221.5220,60.8508
263.7846,250.8390,222.1584,61.5378
263.4267,250.4922,222.8742,62.2314
263.1512,250.1978,223.4250,62.8202
262.8780,249.9050,223.9716,63.4058
262.6379,249.5963,224.4516,64.0234
262.3722,249.3198,224.9832,64.5763
262.1042,249.0958,225.5190,65.0243
261.7996,248.9490,226.1284,65.3179
261.5154,248.8350,226.6966,65.5459
259.1158,248.8541,227.0720,65.5078
256.7382,249.0338,227.3988,65.1484
256.5342,249.1555,227.8069,64.9049
256.2791,247.3097,228.3169,64.1689
253.9588,247.3786,228.5367,64.0312
251.7113,245.4355,228.6101,63.4957
251.8143,245.6027,228.4040,63.1614
249.7533,243.6278,228.1227,62.7079
247.9124,243.5871,227.4136,62.7892
246.0659,241.3353,226.7242,62.9103
246.6251,238.8673,225.6057,63.4714
244.8722,236.3131,224.7417,64.2101
245.0043,233.7853,224.4775,64.8943
242.8408,231.1062,224.4242,65.8722
242.9523,228.5636,224.2011,66.5595
242.9864,228.3425,224.1330,67.0018
242.9229,228.4442,224.2601,66.7984
242.6097,226.4366,224.8865,66.4008
242.2700,223.6278,225.5658,67.6042
244.3352,223.1633,225.8815,68.5332
245.8835,220.7329,227.2529,68.9261
245.7922,218.6167,227.4354,68.6641
247.6854,218.7287,228.1413,68.4399
255.1088,218.8132,231.2870,68.2711
252.4670,216.9933,236.5705,67.3712
255.9008,217.3034,243.4950,66.7512
256.4839,217.6957,251.6955,65.9666
252.6249,218.1179,259.4135,65.1221
251.8870,218.6478,265.7658,64.0624
254.0547,219.0334,271.3210,63.2912
254.1245,219.0725,276.1899,63.2130
254.3992,216.2070,280.7155,63.8689
252.9344,216.1349,283.6451,64.0131
254.9699,215.7922,284.7687,64.6986
263.2441,215.2496,283.8908,65.7837
271.7270,214.6161,282.6212,67.0506
278.5334,208.9420,284.7239,67.9220
265.9841,218.7155,288.6841,69.5132
260.3144,210.6157,294.6530,69.6015
261.9459,225.9914,296.8459,71.5844
259.9906,219.6863,300.7563,73.1462
258.2320,230.2188,304.2736,74.5166
261.3038,224.3375,309.4984,74.9107
293.9570,220.6009,307.6070,76.6189
278.9609,228.3909,308.7444,78.3518
313.5615,227.6617,303.5611,79.8101
319.6959,230.4648,297.0669,79.9785
326.1071,230.2957,289.9308,80.3167
334.9681,229.8690,283.3932,81.1700
340.5614,226.2310,277.7226,82.9301
2
0
0
0
0
1
224.4840,189.1931,173.0320,34.6138
226.4971,189.6356,172.0888,33.7287
227.1664,190.2077,170.7502,32.5846
227.8174,190.5920,169.4482,31.8161
229.3048,190.8012,166.4734,31.3977
228.3098,188.0094,165.5344,31.1232
227.0896,186.9769,165.0644,30.2778
226.5542,185.5939,163.2477,30.1565
225.0502,184.0281,160.5362,30.4282
226.6125,182.2838,157.4117,31.0893
228.1552,180.4397,154.3262,31.9806
229.8522,179.0855,153.7035,31.9177
229.7483,175.9419,153.9114,32.6822
228.9762,175.4478,155.4555,33.6704
226.9545,173.3104,156.6792,35.1253
226.3378,171.3671,157.9127,36.1471
226.4090,169.4779,160.6719,37.0238
225.5711,168.9907,162.3478,37.9981
224.6489,165.6385,164.1921,38.7040
223.9591,163.0550,165.5717,40.8324
222.2574,160.6732,165.8765,42.4975
223.2925,158.5190,163.8065,43.6716
222.8521,156.6214,161.5598,44.3392
224.0871,154.8962,159.0898,44.6812
224.9746,154.3445,157.3149,45.7848
225.7294,152.2821,155.8052,46.8339
226.3690,150.0611,154.5261,48.2023
226.5278,147.8770,154.2083,49.4897
225.6760,142.9239,152.8119,50.0957
226.3651,142.8492,151.4337,50.2451
226.7931,142.4482,150.5777,51.0472
225.2120,140.3327,150.6630,52.2012
224.5435,139.9624,152.0000,52.9419
223.8834,137.5460,153.3202,54.6429
224.1261,135.0572,152.8348,56.4388
222.9942,134.1792,151.8915,58.1949
222.8279,133.3098,152.2242,59.9338
222.1804,132.4259,153.5192,61.7014
222.1913,131.4493,153.4973,63.6547
219.6842,127.2291,155.1659,65.4036
217.6518,126.7834,155.8297,66.2951
217.4343,127.0903,156.2648,65.6813
215.7208,124.6320,159.6917,63.7545
212.2083,125.4930,163.2799,62.0326
211.4906,123.7433,164.7154,62.0745
211.2468,122.1986,165.2029,61.6849
211.7123,119.7001,164.2719,63.2032
212.4370,118.3484,162.8225,65.9064
212.9554,115.3147,161.7857,68.4536
213.4400,112.3063,160.8165,70.9199
214.3292,109.4191,159.0381,73.1143
215.1779,108.6173,157.3406,74.7178
214.2767,106.0366,155.5470,76.2831
215.3671,105.2317,153.3662,77.8930
214.5142,102.6148,151.4789,79.5336
215.0475,101.8270,150.4123,81.1092
215.3996,99.2687,149.7081,82.6208
215.8769,96.7232,148.7536,84.0916
216.1586,95.9967,148.1902,85.5445
214.4044,93.4799,148.0509,86.9304
214.8062,92.6700,147.2474,88.5503
213.2369,90.3282,146.7014,89.5494
213.7210,88.0649,145.7332,90.3829
214.2834,85.8749,144.6084,91.0701
214.6749,85.6479,143.8255,91.5241
213.2037,83.7073,143.0846,91.7219
213.6635,81.7272,142.1648,92.0066
214.0821,81.5099,141.3277,92.4412
214.4697,79.4410,140.5525,92.9178
214.8131,78.9774,139.8658,93.8449
214.9877,78.4527,139.5164,94.8944
213.2787,77.8966,139.2598,96.0066
213.4507,77.4077,138.9156,96.9844
213.5960,76.8531,138.6251,98.0935
213.6508,74.4709,138.5156,99.1439
213.7262,72.1477,138.3647,100.0604
213.7970,71.8941,138.2232,100.5676
213.8923,71.4805,138.0325,101.3948
212.1507,69.2532,137.7563,102.0899
212.2943,68.8974,137.4692,102.8016
212.3678,68.5487,137.3222,103.4990
210.5945,66.3158,137.0855,104.1817
210.6791,66.1458,136.9164,104.5216
210.8031,64.0294,136.6684,104.9608
210.8449,63.8357,136.5848,105.3482
210.9397,61.9285,136.3952,105.3606
210.9931,61.7801,136.2883,105.6574
211.1176,61.6364,136.0394,105.9449
211.2442,61.4501,135.7863,106.3174
211.3873,59.3252,135.5000,106.7616
209.6205,59.1678,135.2251,107.0764
209.7350,58.9463,134.9961,107.5195
209.8067,58.7008,134.8528,108.0105
209.8627,58.4713,134.7407,108.4695
209.9998,58.2165,134.4666,108.9791
210.0821,57.9401,134.3019,109.5318
210.1497,55.7461,134.1667,110.0849
210.2484,55.3997,133.9693,110.7777
210.3338,55.0907,133.7985,111.3958
208.5185,54.7942,133.5719,111.9886
208.4288,54.5422,133.7513,112.4928
208.4102,54.2970,133.7884,112.9831
208.3738,54.1383,133.8613,113.3004
208.4272,53.9651,133.7545,113.6469
208.4460,53.7961,133.7169,113.9849
208.4671,53.7222,133.6746,114.1327
208.4932,53.6344,133.6225,114.3082
208.5144,53.5270,133.5800,114.5231
208.5490,53.4301,133.5109,114.7169
208.5739,53.3364,133.4611,114.9044
208.5860,53.2624,133.4370,115.0523
208.6350,53.2605,133.3388,115.0562
208.6066,53.1977,133.3956,115.1817
208.5692,53.2253,133.4704,115.1264
208.4977,51.2560,133.6136,115.1528
208.3073,51.1322,133.9943,115.4005
208.0890,51.0198,134.4309,115.6252
207.8775,50.9273,134.8539,115.8102
207.6489,50.8439,135.3110,115.9771
207.3747,50.7920,135.8595,116.0808
209.0426,48.7574,136.4882,116.1856
208.7409,48.6678,137.0916,116.3647
208.3595,48.5240,137.8543,116.6524
210.0115,46.4265,138.5549,116.8428
209.5505,46.1630,139.4769,117.3697
211.1582,46.0233,140.3026,117.6491
212.7188,43.8324,141.2397,117.9727
212.1940,43.5846,142.2892,118.4683
213.7162,41.3891,143.3470,118.7572
213.0109,41.1493,144.7576,119.2368
214.4921,40.9855,145.9477,119.5644
215.9959,38.6970,147.1162,119.9652
215.4218,38.5993,148.2645,120.1607
216.9883,38.4944,149.3529,120.3705
218.4946,36.2454,150.5816,120.6270
219.9282,36.1034,151.9789,120.9109
221.3144,33.8000,153.4970,121.2273
222.6506,33.7495,155.1435,121.3282
224.0129,31.4294,156.7647,121.6227
225.3551,31.3543,158.4557,121.7730
226.6350,31.2486,160.2993,121.9844
227.8662,28.9028,162.2723,122.2408
231.3096,28.8548,164.3241,122.3367
232.5151,28.7986,166.4155,122.4492
235.9698,26.4268,168.5778,122.6569
237.1370,26.5188,170.8154,122.4728
238.3092,26.5748,173.0742,122.3609
241.7476,26.6286,175.4679,122.2533
242.8461,26.6333,177.9407,122.2439
246.2288,26.7317,180.5892,122.0471
247.2828,24.4800,183.2249,121.8070
250.6708,24.5551,186.0073,121.6568
254.0674,24.6736,188.8512,121.4197
255.1088,24.9152,191.6256,120.9365
258.6110,25.1464,194.4025,120.4741
259.6540,25.3643,197.2408,120.0382
263.2032,25.5547,200.0613,119.6575
266.8583,25.7049,202.7411,119.3572
268.0126,25.9053,205.4623,118.9563
271.7898,26.2178,208.0345,118.3313
273.0551,26.5502,210.5947,117.6666
276.9276,26.9254,213.0847,116.9161
278.3711,27.3767,215.3389,116.0136
279.8728,27.8915,217.4948,114.9839
284.0282,28.4089,219.5307,113.9492
285.5883,31.6365,221.5958,112.6793
289.8621,32.2508,223.4360,111.4507
291.6238,32.8753,225.1121,110.2017
295.9492,36.2649,226.8662,108.6251
297.8524,36.9661,228.2605,107.2227
299.8044,40.3948,229.5529,105.5617
301.7571,43.7766,230.8337,103.9844
303.8387,44.5121,231.8478,102.5133
305.9500,47.9492,232.7913,100.8054
308.0616,51.3494,233.7178,99.1547
310.3441,52.0034,234.2869,97.8466
312.6187,55.3875,234.8564,96.1973
314.9029,56.0916,235.3859,94.7891
317.2077,59.5191,235.8567,93.0145
319.6316,60.2609,236.0644,91.5308
321.8994,63.6520,236.5607,89.7805
321.7884,64.4290,236.7827,88.2266
324.2124,67.7208,236.9175,86.6259
326.8307,68.4788,236.6368,85.1097
326.8859,71.7202,236.5262,83.5515
329.3666,74.9142,236.4594,82.0580
329.3942,78.1228,236.4043,80.5072
329.5388,78.8999,236.1152,78.9531
332.2805,82.1340,235.4365,77.2896
332.6245,82.9278,234.7485,75.7021
333.0812,86.1139,233.8351,74.0559
335.8041,89.2790,233.0719,72.4082
336.1717,90.0295,232.3369,70.9071
336.3992,93.0486,231.8818,69.4723
336.6664,93.7361,231.3473,68.0972
336.9165,96.6385,230.8471,66.8295
337.1327,99.5315,230.4149,65.5499
337.5344,100.1467,229.6114,64.3196
337.9029,102.9483,228.8744,63.1583
338.2792,103.4562,228.1217,62.1426
338.7238,106.2039,227.2325,61.0275
339.1363,106.5959,226.4076,60.2435
339.5405,109.1446,225.5993,59.4665
339.8484,109.4878,224.9833,58.7800
340.1697,111.9968,224.3407,58.0348
340.4174,112.4216,223.8455,57.1853
340.6628,114.8145,223.3545,56.6261
340.9744,115.2820,222.7313,55.6912
339.1809,115.7226,222.1358,54.8099
337.5183,118.1494,221.3033,54.1140
338.0314,118.6046,220.2772,53.2036
336.6413,121.0247,218.9564,52.4642
335.1085,121.3122,217.9537,51.8893
333.6647,121.5997,216.7980,51.3142
332.3709,123.9128,215.3693,50.7042
331.1257,124.2248,213.8752,50.0802
329.7535,126.4030,212.6680,49.6756
327.8379,128.5578,212.5724,49.2929
323.8452,128.8265,212.7211,48.7555
321.2180,130.8815,214.0653,48.5556
316.6099,131.0184,215.4313,48.2818
314.3491,131.0142,216.0140,48.2902
312.1490,132.7502,216.4671,48.7653
310.2892,132.9510,216.2239,48.3637
304.7913,133.1425,215.3652,47.9808
303.3120,135.1048,214.3917,47.9884
303.8227,135.1947,213.3701,47.8085
302.3120,135.4600,212.4907,47.2780
301.0109,137.7098,211.2143,46.6569
299.7849,138.0128,209.8177,46.0507
294.9636,138.4167,208.0076,45.2431
293.6089,138.8187,206.9405,44.4391
290.0604,139.1772,206.5448,43.7221
288.6194,141.5015,205.6999,42.8003
283.5869,141.8013,204.6734,42.2007
279.5291,143.8981,205.4466,41.6784
276.6328,144.0138,207.5672,41.4469
273.4874,144.1977,210.1610,41.0792
267.1929,144.4521,215.2985,40.5704
263.4500,144.5752,218.9971,40.3242
254.8524,144.6530,224.6908,40.1685
253.2929,144.6281,231.7195,40.2183
243.9955,144.5673,238.2897,40.3399
236.8398,144.6058,244.3976,40.2629
237.1063,144.7506,248.0493,39.9733
240.1208,145.0745,250.4794,39.3256
239.4092,145.1884,251.9026,39.0978
218.1518,145.0423,247.4986,39.3900
211.8368,144.4389,239.0772,40.5968
212.5281,146.0408,229.4590,41.5107
215.3680,147.6454,223.7792,42.3039
217.2940,149.5800,219.9274,42.3737
216.3411,149.3313,217.9461,42.8711
216.6394,149.2718,217.3495,42.9901
213.0539,148.8822,216.7943,43.7695
207.2192,150.8286,216.8519,43.7472
205.3586,153.2832,216.7021,42.7089
201.0421,155.9590,213.7893,41.2059
198.1091,158.7610,208.3190,39.3807
189.2104,159.6239,204.1146,37.6548
186.1128,162.1557,199.5858,36.1660
180.6091,162.6843,196.6632,35.1088
179.4674,164.7599,195.5255,34.3787
170.5801,168.5526,192.9547,33.5752
168.0185,168.8635,191.3991,32.9533
163.4957,172.4614,187.2227,32.3685
164.4595,172.5665,185.2951,32.1583
156.5484,172.8326,181.8863,31.6262
155.7422,174.4353,180.3515,31.5680
155.3715,174.6012,177.9678,31.2363
152.6740,176.4547,177.1922,30.6145
149.0097,176.7555,178.3964,30.0130
143.2378,178.4608,180.7390,29.6693
139.4186,178.5632,182.1920,29.4646
139.4886,178.6265,182.0522,29.3381
133.6004,180.3616,181.4117,28.9721
135.5042,180.5093,180.6921,28.6767
134.8735,182.1174,178.8812,28.5327
126.1243,183.6944,181.1584,28.4230
125.6000,185.0438,182.2070,28.7977
119.3262,186.5798,185.4677,28.8212
117.6797,186.6820,185.6196,28.6169
112.0729,188.2938,187.4159,28.5325
112.4533,188.1969,186.6550,28.7263
102.4449,187.9341,187.7379,29.2518
100.4852,189.5764,188.4762,29.1484
98.6959,189.5381,188.8654,29.2250
91.9524,191.2115,186.3715,29.0743
90.0076,191.4531,183.9437,28.5912
85.8427,196.4373,182.9272,27.9692
82.0588,196.5067,181.2281,27.8304
79.8902,199.7354,179.4398,27.4984
80.3259,199.7149,178.5684,27.5394
77.3122,202.5949,178.5557,27.8196
77.2016,202.6707,178.7769,27.6680
77.0087,203.7839,179.1627,28.4671
77.1906,203.6008,178.7988,28.8333
74.2282,204.9238,178.6254,29.2365
69.4279,205.0282,179.0616,29.0276
70.4277,206.4401,180.1187,29.2605
69.6624,206.0940,178.5735,29.9527
72.7760,205.7871,175.4145,30.5664
68.9149,207.1275,177.0634,30.9222
68.5813,207.0842,177.7306,31.0089
69.7606,208.5615,178.4496,31.1318
70.5109,210.0642,176.9490,31.2163
70.3173,211.5564,177.3361,31.3027
66.3846,211.7074,179.0457,31.0008
63.8022,214.7999,181.1149,31.0071
61.4252,216.3353,182.7446,31.0607
59.2806,217.7534,183.8857,31.3726
60.6627,217.8547,184.2915,31.1699
64.8772,218.0072,182.2058,30.8648
76.2402,219.3156,175.1634,31.3847
78.2218,220.6213,171.2003,31.8228
75.7458,221.8223,170.1464,32.4236
77.8655,225.0244,168.9069,32.0197
74.2192,231.1977,170.2497,31.5730
78.6253,230.9729,167.4071,32.0225
80.4245,232.0113,163.8087,32.9000
80.1701,231.6194,164.3176,33.6837
77.0182,233.0127,167.6777,33.8407
75.6428,234.2940,170.4285,34.2715
76.0252,233.9637,172.7039,34.9322
77.2271,235.1791,173.3848,35.5860
76.7490,237.5269,174.3409,37.1040
76.0821,237.9454,175.6748,39.4167
74.1128,238.4477,176.4005,41.6251
74.4566,239.4012,175.7128,42.9833
74.8130,240.5110,175.0001,44.0454
74.3174,240.1742,175.9913,44.7190
72.2755,239.8850,176.7566,45.2974
70.2769,241.4016,177.4136,45.6044
68.6229,243.1838,177.3664,45.3952
64.9218,244.7699,178.0673,45.5737
63.0519,246.1549,178.4432,46.1674
61.6920,247.1659,181.1631,47.5258
61.0371,248.3396,182.4729,48.6227
60.9780,247.3340,182.5910,50.6340
61.0618,246.2172,182.4234,52.8675
61.0029,247.1544,182.5412,54.5553
61.0336,249.3468,182.4799,53.7657
60.8057,255.6645,182.9356,51.8694
60.6338,256.1039,183.2794,50.9905
62.1904,258.2274,183.7054,50.2828
61.8388,262.1348,184.4086,49.5318
61.6248,264.0621,184.8367,49.2049
61.3421,265.7780,185.4021,49.3008
61.0914,267.4327,185.9035,49.5287
60.9135,267.3566,186.2593,49.6808
60.6715,268.9631,186.7433,50.0244
60.4785,270.6458,187.1292,50.2289
60.2995,272.2048,187.4873,50.6900
60.0684,273.7003,187.9495,51.2917
59.7600,275.1399,188.5662,52.0232
59.4624,276.5537,189.1615,52.8287
59.1370,277.9408,189.8123,53.7110
58.8059,279.4178,190.4745,54.4392
58.5158,280.9480,191.0547,55.0841
58.1475,282.4978,191.7912,55.7099
57.8092,284.0883,192.4678,56.2763
57.5042,285.6393,193.0779,56.9420
57.1102,287.2306,193.8658,57.5479
56.7509,288.7611,194.5844,58.2980
56.3781,290.3603,195.3301,58.9346
56.0489,291.9586,195.9885,59.5956
55.7362,293.6335,196.6139,60.1247
55.4723,293.2679,197.1416,60.8558
55.3124,295.0016,197.4616,61.3072
54.8966,296.6319,198.2931,61.9781
54.5287,298.3264,199.0289,62.5447
54.2106,300.0760,199.6650,63.0223
53.9288,301.8006,200.2287,63.5675
53.6927,303.5689,200.7009,64.0434
53.3623,303.2811,201.3616,64.6190
52.9590,305.0490,202.1682,65.1311
54.6187,306.8712,202.9176,65.5554
54.2509,308.6657,203.6532,66.0536
53.9592,310.4427,204.2366,66.6066
53.6131,312.2147,204.9289,67.1879
53.2828,313.9345,205.5894,67.8941
53.0114,313.6256,206.1323,68.5119
52.6397,315.5746,206.8756,68.8009
52.2641,317.4213,207.6268,69.3106
52.0266,316.9981,208.1019,70.1571
53.7177,318.9188,208.9649,70.5609
53.3520,320.8255,209.6963,71.0124
53.0333,322.6928,210.3336,71.5614
54.8061,324.5865,211.0909,72.0768
54.5273,324.2847,211.6485,72.6804
54.2157,326.2463,212.2716,73.0990
53.9442,325.9513,212.8147,73.6891
55.6929,327.9973,213.6941,73.9739
55.3059,329.9547,214.4680,74.4536
55.0226,329.6958,215.0347,74.9715
56.7676,331.6750,215.9765,75.4449
56.4442,331.3640,216.6233,76.0669
58.3116,333.3825,217.3630,76.5043
57.9664,333.0870,218.0534,77.0954
59.8518,335.1476,218.7963,77.4877
59.4268,334.9513,219.6463,77.8804
61.2212,337.1127,220.6080,78.1080
60.8137,336.9713,221.4230,78.3908
60.3771,339.1956,222.2961,78.5274
62.2829,339.1018,223.0847,78.7150
61.8375,339.0113,223.9754,78.8960
63.6691,341.1938,224.9430,79.1619
63.2095,341.0681,225.8622,79.4132
65.0456,340.9851,226.8572,79.5792
66.8575,340.8412,227.9177,79.8669
66.1638,343.1636,229.3052,79.9270
68.0020,343.0723,230.3543,80.1096
69.7808,342.9185,231.5407,80.4171
69.1134,342.7888,232.8754,80.6765
70.6702,345.2119,234.5521,80.6206
72.4845,345.1114,235.7366,80.8216
71.8176,345.0821,237.0704,80.8802
73.5648,345.0618,238.4297,80.9207
75.1452,347.5016,240.1427,80.9149
77.0643,347.5029,241.2027,80.9123
78.8489,347.5438,242.5465,80.8306
80.6458,347.6011,243.8836,80.7160
79.9880,347.6933,245.1991,80.5316
81.8037,347.8137,246.5307,80.2908
86.0929,347.9688,247.9074,79.9806
87.6594,350.6101,249.7658,79.6894
87.0844,350.7261,250.9160,79.4574
89.0849,350.8692,251.9394,79.1713
91.0553,350.9645,253.0324,78.9805
93.0931,351.1127,254.0025,78.6842
95.1590,351.2430,254.9248,78.4235
97.2126,351.4280,255.8797,78.0535
99.2101,351.5336,256.9538,77.8423
103.8688,351.6654,257.7968,77.5787
106.0269,351.7706,258.5680,77.3684
108.2762,351.8993,259.1638,77.1110
110.4954,352.0338,259.8233,76.8419
112.7397,352.1169,260.4370,76.6759
114.9416,352.1880,261.1410,76.5337
117.1251,352.2964,261.8892,76.3167
119.3394,352.3227,262.5823,76.2642
121.5240,352.3750,263.3436,76.1597
123.8181,352.3940,263.8947,76.1216
126.2060,352.4015,264.2654,76.1066
128.6089,352.3863,264.6110,76.1370
131.1085,352.3480,264.7685,76.2137
133.6045,352.3581,264.9371,76.1933
136.1065,352.4601,265.0956,75.9894
138.6668,350.0616,265.1359,75.6256
141.2380,349.9760,265.1481,75.7966
143.9343,349.9929,264.9135,75.7629
146.6098,350.0758,264.7167,75.5971
149.3939,347.6650,264.2968,75.2704
149.8176,347.6371,263.4494,75.3263
152.6434,347.6517,262.9230,75.2970
155.3210,345.2669,262.6850,74.9494
158.3614,345.2867,261.7117,74.9097
161.3768,345.3251,260.7738,74.8330
164.3656,342.9523,259.8746,74.5003
164.9436,342.9981,258.7186,74.4087
167.9311,342.9894,257.7850,74.4260
170.5713,340.6751,257.5331,74.0262
173.3768,340.7138,256.9396,73.9487
176.2244,338.4076,256.2520,73.5535
176.7285,338.5029,255.2439,73.3629
179.6165,338.6257,254.4406,73.1173
182.3562,336.4919,253.9182,72.4281
182.7621,336.5692,253.1064,72.2735
185.8378,334.3935,251.8772,71.7025
186.5974,334.4342,250.3581,71.6212
187.2859,334.5590,248.9810,71.3716
190.3512,332.4655,247.6977,70.7112
191.3422,332.5464,245.7156,70.5495
192.0459,330.5054,244.3082,69.8457
192.7598,330.6005,242.8805,69.6556
195.8993,330.7913,241.3304,69.2740
196.7766,328.8090,239.5760,68.5386
199.9428,326.8511,237.9051,67.7928
200.5223,326.9466,236.7461,67.6018
201.1909,327.1412,235.4089,67.2126
204.0791,327.3838,234.2103,66.7273
204.4575,325.3580,233.4536,66.2270
205.0657,325.5032,232.2373,65.9366
207.8144,323.5802,231.2492,65.2732
208.2702,323.6467,230.3375,65.1402
208.9164,321.7422,229.0453,64.4814
209.4035,321.7979,228.0710,64.3700
210.0084,321.8403,226.8611,64.2853
210.7162,321.9933,225.4456,63.9793
211.5588,322.1431,223.7604,63.6797
212.2328,320.2315,222.4124,63.1552
212.8886,320.3596,221.1007,62.8991
213.5705,320.5050,219.7370,62.6084
214.2755,318.6284,218.3270,62.0908
214.8420,318.6541,217.1940,62.0394
215.4052,318.7431,216.0676,61.8613
215.8641,316.9012,215.1498,61.3400
216.3572,316.9575,214.1636,61.2276
216.7989,317.0122,213.2801,61.1182
217.1303,317.1349,212.6175,60.8728
217.4343,317.2323,212.0094,60.6779
217.7331,317.3068,211.4118,60.5289
218.0691,315.5789,210.7398,59.8703
218.4320,315.5546,210.0140,59.9189
218.6694,315.5681,209.5392,59.8919
219.0174,315.5822,208.8433,59.8637
219.2439,315.5862,208.3901,59.8556
219.4935,315.6312,207.8909,59.7657
219.4840,315.6473,207.9099,59.7334
