1
400.6933,232.6399,152.6135,163.7202
400.8576,232.7910,152.2847,163.4180
400.9977,232.8830,152.0045,163.2340
401.1637,232.9677,151.6727,163.0645
401.3666,233.1420,151.2667,162.7160
401.5462,233.2894,150.9075,162.4212
399.2173,233.2881,150.6320,162.4238
396.8877,233.3730,150.3620,162.2540
394.6178,233.4837,149.9795,162.0325
394.7482,233.5572,149.7188,161.8856
392.4688,233.6242,149.3713,161.7515
390.2822,233.7955,148.8460,161.4090
385.7096,231.5570,148.2214,161.0011
386.0008,231.7889,147.6389,160.5373
381.5397,231.9634,146.8569,160.1884
379.4263,232.1457,146.2495,159.8237
377.3579,232.4323,145.5675,159.2506
372.9321,230.3546,144.8209,158.6069
370.8845,230.6105,144.1391,158.0949
366.5045,231.0223,143.3823,157.2714
364.4919,231.3876,142.6740,156.5409
357.8104,229.3603,141.9047,155.8847
358.0678,229.6457,141.3898,155.3139
351.4700,230.1591,140.5719,154.2871
349.4566,228.2171,139.9564,153.5288
345.1780,228.6245,139.2726,152.7141
340.9131,229.0700,138.6083,151.8231
336.6941,227.2377,137.9012,150.9151
332.4508,227.5568,137.2935,150.2768
325.9399,225.7083,136.7328,149.4463
323.8822,225.9903,136.3426,148.8824
317.4335,226.3380,135.7681,148.1869
315.4136,224.5075,135.3372,147.3774
306.7726,224.8533,134.8145,146.6856
304.7268,225.2310,134.4740,145.9303
298.3270,223.5145,134.0289,144.9485
296.2865,223.8910,133.7173,144.1954
287.7044,224.3030,133.3783,143.3715
285.7720,222.5307,132.8857,142.5584
281.7043,222.9565,132.3470,141.7068
275.4947,221.2056,131.8205,140.8936
271.3990,221.5648,131.4237,140.1752
267.3766,219.8358,130.9153,139.3564
261.2062,220.2195,130.4890,138.5890
257.1741,220.5811,130.0793,137.8658
251.0488,218.8921,129.6724,137.0248
249.1033,219.2633,129.3638,136.2824
240.8951,217.6138,129.0481,135.3984
238.8912,218.0383,128.8916,134.5492
234.8693,216.4472,128.6385,133.5830
228.7612,216.9027,128.4669,132.6720
226.7263,215.2546,128.4244,131.8559
220.6551,215.6954,128.2704,130.9744
216.6061,214.0839,128.2032,130.1148
212.6227,214.5019,128.0342,129.2789
208.6402,212.8698,127.8947,128.4909
202.6584,213.2277,127.7458,127.7752
200.6773,213.5725,127.6839,127.0855
196.7475,211.9476,127.5193,126.3231
192.8186,212.2718,127.3822,125.6747
188.8651,210.6111,127.3188,125.0110
184.9200,210.9256,127.2617,124.3820
180.9390,211.2120,127.2980,123.8092
178.8518,209.5746,127.5181,123.1298
172.9106,209.8028,127.5593,122.6734
170.8030,208.1577,127.8341,122.0229
168.7411,208.5293,128.0234,121.2797
162.8207,208.8911,128.0872,120.5562
160.7228,207.2146,128.3678,119.9940
158.6430,207.5511,128.6167,119.3209
154.6465,205.9109,128.8021,118.6975
152.5960,206.2113,129.0062,118.0968
148.6014,204.5689,129.2145,117.4911
146.5327,204.8225,129.4678,116.9839
144.5206,205.1168,129.6122,116.3952
138.6508,203.4762,129.7336,115.8038
136.6196,203.7157,129.9309,115.3248
134.5994,203.9573,130.1107,114.8416
132.6218,202.2688,130.2101,114.3630
130.6467,202.5738,130.3110,113.7529
128.6994,202.8343,130.3641,113.2320
126.7626,203.0567,130.4039,112.7872
124.8354,201.3426,130.4310,112.3881
122.9022,199.6561,130.4762,111.9398
120.9645,199.9256,130.5368,111.4008
120.9121,200.1278,130.6416,110.9964
119.0280,200.3420,130.6077,110.5680
117.1177,200.5354,130.6334,110.1812
117.1501,198.8103,130.5686,109.8425
115.2663,199.0683,130.5538,109.3264
113.3807,199.2491,130.5511,108.9648
113.3525,199.4134,130.6076,108.6363
113.4099,197.6918,130.4928,108.3159
111.5956,197.9153,130.3646,107.8688
111.5921,198.1049,130.3716,107.4895
111.6529,198.2623,130.2499,107.1749
111.6639,198.4251,130.2280,106.8491
111.7164,196.6222,130.1230,106.7260
111.7952,196.7915,129.9655,106.3875
111.8411,196.9462,129.8736,106.0780
111.9090,197.0806,129.7377,105.8092
111.9649,197.1796,129.6259,105.6113
112.0839,197.3348,129.3881,105.3009
112.2415,197.4828,129.0727,105.0048
112.3862,195.7502,128.7834,104.7888
114.4241,195.9497,128.3810,104.3897
116.4587,196.1490,127.9727,103.9910
118.5025,196.3226,127.5331,103.6439
120.5215,196.4454,127.1308,103.3982
122.5458,194.6962,126.7078,103.2710
124.6103,194.8013,126.1957,103.0610
126.6772,194.9209,125.6678,102.8217
128.7006,195.0157,125.2147,102.6321
132.5445,195.1225,124.6944,102.4184
134.5765,195.2011,124.2027,102.2613
138.4705,195.2238,123.5390,102.2158
142.3378,195.2972,122.9069,102.0691
144.4135,195.2867,122.2946,102.0901
150.0774,193.5638,121.5570,102.0059
152.1253,193.6871,120.9785,101.7593
156.0087,193.8507,120.2205,101.4321
161.6048,193.9816,119.4906,101.1702
163.7047,194.1021,118.7627,100.9293
169.2779,194.2291,117.9869,100.6753
173.1091,192.6406,117.2062,100.4115
176.9380,192.7948,116.3974,100.1031
180.7111,192.9203,115.6653,99.8522
187.8448,193.0155,114.9646,99.6616
189.8591,193.1559,114.3138,99.3809
196.9688,193.3125,113.5473,99.0677
199.0083,191.7919,112.8146,98.7625
209.3282,191.8994,112.1552,98.5475
209.5549,192.0265,111.7019,98.2933
216.4122,192.1353,111.2087,98.0757
218.2861,192.3139,110.7550,97.7185
228.3294,190.7317,110.3571,97.6015
230.1406,190.9092,110.0080,97.2464
235.2368,191.0985,109.6027,96.8679
240.2550,191.2539,109.3160,96.5572
246.8658,189.7089,109.0565,96.4065
250.2114,189.8172,108.8336,96.1899
258.3438,188.3369,108.7047,95.9234
260.0794,188.4744,108.4544,95.6484
269.7947,188.5807,108.2996,95.4357
271.5077,188.7424,108.0804,95.1124
281.1431,187.1474,107.9992,95.1041
282.7898,187.3109,107.9027,94.7771
290.7628,185.8455,107.9074,94.5177
293.9348,186.0683,107.9354,94.0722
300.2120,184.6895,108.0985,93.6505
304.9259,184.9238,108.1960,93.1818
309.6086,183.5480,108.3379,92.7644
315.8244,183.7533,108.5646,92.3536
320.4583,182.3530,108.7812,91.9929
325.1201,182.5583,108.9349,91.5823
332.8690,181.1467,109.2108,91.2507
334.3875,179.7646,109.3278,90.8611
342.1725,178.3974,109.5038,90.4462
345.1267,178.6114,109.8859,90.0183
352.7545,177.3984,110.3514,89.3000
355.6247,176.0981,110.8905,88.7610
360.0136,176.3506,111.5304,88.2560
365.9963,175.2077,112.1286,87.4008
368.7799,175.5797,112.8338,86.6568
374.7556,174.3015,113.4216,86.0784
377.5735,172.9397,114.0546,85.6678
383.5251,171.5302,114.7005,85.3494
386.2882,170.0802,115.4581,85.1075
390.6097,168.6860,116.2634,84.7465
394.9168,167.1763,117.1165,84.6102
397.7139,167.3313,117.8553,84.3000
402.0638,165.8457,118.6733,84.0988
404.8045,164.4021,119.5550,83.8044
409.1660,162.9282,120.4025,83.5619
413.5172,161.4277,121.2967,83.3640
416.2738,159.9629,122.2018,83.0846
420.5727,158.4974,123.2586,82.7975
421.7140,157.1101,124.2051,82.3427
426.0829,155.7494,125.1752,81.8282
428.7491,152.8356,126.3269,81.1718
433.0993,153.1164,127.3714,80.6101
434.2269,151.8161,128.3707,79.9563
436.8365,148.8995,129.6685,79.2725
439.6341,147.5164,130.6061,78.7721
442.4266,146.1612,131.5649,78.2106
443.5963,144.8259,132.5023,77.6044
446.4117,143.4571,133.4323,77.0616
447.5574,142.0805,134.4259,76.5299
450.3877,140.7100,135.3468,75.9803
451.5761,139.3195,136.2649,75.4662
452.7870,137.9460,137.1431,74.9134
453.9460,138.1621,138.1284,74.4812
455.0979,135.1905,139.1350,73.8034
456.3210,133.8151,140.0025,73.2406
457.5722,132.4358,140.8168,72.6824
458.8044,131.0619,141.6714,72.1111
458.4677,129.7109,142.3449,71.4913
458.1687,129.9722,142.9429,70.9686
459.4675,128.6216,143.6659,70.3493
459.1452,127.2507,144.3105,69.7705
460.5362,125.9010,144.8484,69.1501
460.4248,126.1412,145.0712,68.6697
460.1467,124.8269,145.6273,67.9864
459.9144,123.4674,146.0920,67.3974
459.6302,122.1222,146.6605,66.7834
459.3397,120.7965,147.2414,66.1330
459.1056,119.4263,147.7095,65.5742
458.7546,118.0163,148.4117,65.0983
458.4024,116.5302,149.1159,64.7728
458.0359,115.1216,149.8490,64.2878
457.6964,115.2846,150.5280,63.9618
457.2798,113.8838,151.3612,63.4551
456.8485,112.4743,152.2238,62.9627
456.3934,111.0656,153.1340,62.4651
455.9208,109.6638,154.0792,61.9493
455.4989,109.8926,154.9230,61.4917
455.0751,108.4188,155.7706,61.1115
454.6192,107.0537,156.6825,60.5086
453.9839,105.6305,157.9530,60.0196
453.3719,104.2521,159.1770,59.4315
452.7009,102.8154,160.5189,58.9530
452.0975,102.9391,161.7258,58.7057
451.3514,101.5941,163.2179,58.0203
450.5667,100.2271,164.7875,57.3702
449.7899,98.7211,166.3410,56.9875
449.0610,97.1696,167.7988,56.6806
449.9066,95.5587,169.5327,56.4771
449.1022,93.8076,171.1416,56.5333
448.2782,91.9853,172.7896,56.7080
447.5662,91.8287,174.2136,57.0210
446.6457,89.9074,176.0546,57.3410
445.7162,87.9354,177.9135,57.7303
444.9016,87.6098,179.5427,58.3815
443.8790,85.5112,181.5880,58.9555
443.0067,85.0832,183.3326,59.8114
441.9974,82.7884,185.3510,60.6975
441.0453,80.4355,187.2554,61.6550
440.2535,79.8435,188.8389,62.8389
439.3754,79.2477,190.5951,64.0305
438.4032,78.6215,192.5396,65.2829
437.2765,76.1798,194.7930,66.2318
436.3833,75.6203,196.5794,67.3507
435.4589,73.0029,198.4281,68.5557
434.5771,72.2890,200.1916,69.9835
433.5768,71.5480,202.1924,71.4655
432.8410,70.7512,203.6639,73.0590
432.1670,69.9516,205.0120,74.6583
431.4769,69.1109,206.3921,76.3396
430.8512,68.3382,207.6435,77.8851
430.1890,67.5781,208.9680,79.4052
429.5745,66.8275,210.1969,80.9065
426.5357,68.2915,211.8046,82.4482
425.8186,67.5754,213.2390,83.8805
422.7533,69.0950,214.8027,85.4081
421.9845,68.3496,216.3403,86.8989
418.7118,69.9344,218.2203,88.3947
417.8419,69.1605,219.9601,89.9426
416.7148,70.7415,222.2144,91.5523
413.3605,72.3829,224.0899,93.1024
412.3283,71.5791,226.1544,94.7100
408.8780,73.2134,228.1092,96.3872
407.6877,74.8200,230.4897,98.1779
404.1398,76.3828,232.5155,100.1221
400.5611,75.4631,234.5394,101.9615
399.2174,76.9853,237.2268,104.1125
398.0138,78.5871,239.6340,106.1812
394.1725,80.2387,241.9731,108.2216
392.8221,81.8649,244.6737,110.3826
388.8612,83.4315,247.1050,112.7399
387.5069,87.8645,249.8137,115.0083
383.5559,86.6360,252.0694,117.4652
379.5620,88.2334,254.3349,119.9927
378.2822,92.7294,256.8947,122.5990
374.1766,91.4876,259.2238,125.0828
369.9354,96.1086,261.7471,127.7592
368.7971,97.9020,264.0237,130.2149
364.7697,99.6754,265.9600,132.7866
360.7073,101.5159,267.8935,135.2968
356.7048,106.4999,269.6356,137.8547
352.7923,108.4907,271.1279,140.2059
348.9485,110.5270,272.4202,142.5285
345.1813,112.5898,273.5006,144.8570
341.4523,114.7100,274.4486,147.1266
334.5302,116.7848,275.1671,149.5399
330.9297,118.8947,275.7534,151.9348
327.3679,124.3165,276.2126,154.4197
320.4887,126.5984,276.5442,156.5694
317.0057,128.9546,276.7551,158.6120
313.5458,131.3788,276.8822,160.5564
306.7046,133.8616,276.9093,162.4184
303.2694,139.8901,276.9200,164.0805
296.3726,142.5370,276.9382,165.6745
292.9745,145.2418,276.8192,167.1800
286.1931,147.9799,276.5050,168.6422
282.9462,150.8517,276.0402,169.8572
276.2181,150.2105,275.5522,171.1397
273.0441,153.2052,274.9140,172.1367
266.4356,156.2016,274.1438,173.1374
259.8428,159.2263,273.3319,174.0865
256.8352,162.3758,272.3447,174.7901
250.3790,165.5612,271.2582,175.4187
247.5175,168.7449,269.9875,176.0450
241.1691,168.5128,268.7142,176.5094
234.9128,171.8955,267.2792,176.7175
232.2452,171.8691,265.6589,176.7703
222.7632,175.4202,263.8265,176.6003
220.2612,175.6161,261.9288,176.2086
214.4813,175.8336,259.7552,175.7736
208.7445,176.1099,257.5752,175.2209
206.4577,176.4912,255.3641,174.4584
197.5569,176.9604,252.9492,173.5199
195.4683,177.5612,250.4395,172.3184
190.0132,178.2431,248.0915,170.9545
184.6847,179.0000,245.6062,169.4407
182.7280,179.7539,243.0110,167.9329
174.3336,180.5848,240.4662,166.2711
172.4796,181.5030,237.7956,164.4348
170.6295,182.4416,235.1880,162.5576
162.5711,183.4030,232.5921,160.6347
160.8742,184.4615,229.8193,158.5176
159.1654,185.7054,227.1472,156.0299
151.4704,183.9745,224.5124,153.4836
149.7523,185.2577,222.0222,150.9170
145.1833,183.6779,219.4677,148.2304
143.5825,184.9920,216.9060,145.6021
139.2421,183.6010,214.2246,142.7031
137.7295,182.1625,211.6570,139.9874
133.4860,183.4844,209.1263,137.3437
129.3237,182.2641,206.5973,134.3573
127.8232,183.5684,204.2590,131.7488
123.8115,182.2922,201.7613,129.0407
122.3656,183.5722,199.4753,126.4806
118.3997,182.3220,197.2052,123.8800
117.0721,181.0393,194.8371,121.4222
115.7838,182.1740,192.4669,119.1526
112.1062,181.0403,190.0754,116.5467
110.7791,182.1636,187.9357,114.3003
109.5138,181.0272,185.7421,111.8489
108.2465,182.1681,183.6265,109.5671
104.7186,181.0151,181.5219,107.2927
103.4791,182.1498,179.4903,105.0235
102.3205,181.1416,177.3654,102.5977
101.1425,182.1969,175.3521,100.4872
97.8552,183.2428,173.3193,98.3953
96.8134,182.3983,171.1648,95.8462
97.7385,183.4429,169.3145,93.7571
96.6449,184.4830,167.4019,91.6769
95.5954,183.5694,165.4647,89.4679
94.4616,184.4017,163.7624,87.8032
93.3802,185.2547,162.0090,86.0973
92.3019,186.1791,160.3043,84.2485
91.2786,187.1031,158.5466,82.4005
90.2750,188.0610,156.8071,80.4848
91.0665,188.9471,155.2241,78.7126
90.0418,189.7183,153.6389,77.1701
89.0545,190.5309,152.0290,75.5449
88.0403,191.3076,150.5245,73.9915
88.7400,192.0272,149.1252,72.5522
89.4414,192.7060,147.7224,71.1947
88.5772,195.1228,146.0564,69.7555
89.2735,195.7151,144.6637,68.5709
88.3882,198.0223,143.1301,67.2606
89.0958,198.6138,141.7150,66.0777
88.1872,200.8989,140.3144,64.7251
88.9054,203.1540,138.8781,63.3886
89.5880,205.3311,137.5128,62.1638
88.7116,207.4374,136.1776,61.0392
87.8291,209.5099,134.8937,59.9431
88.4292,211.4974,133.6936,58.9792
89.0454,213.5368,132.4612,57.8768
89.6312,215.4847,131.2895,56.9204
88.6856,217.3849,130.2751,56.0256
89.2680,219.2798,129.1105,55.1107
89.7748,221.1023,128.0968,54.3078
88.8879,222.9175,127.0575,53.4905
89.4111,224.6570,126.0111,52.7952
88.5013,227.8456,125.0745,51.9303
88.9962,230.9730,124.0848,51.1302
88.0606,233.9882,123.2570,50.4976
88.4365,236.9442,122.5053,49.9368
88.7828,239.8492,121.8126,49.4366
89.1583,241.3340,121.0617,49.1029
89.4623,245.6362,120.4536,48.3559
89.7474,247.0684,119.8834,48.0886
88.6603,252.5387,119.4735,47.4845
88.9180,253.8926,118.9581,47.3442
89.1382,257.9941,118.5176,46.8136
89.3678,260.6428,118.0585,46.5996
89.5974,263.3394,117.5994,46.2690
88.4457,269.8284,117.3840,45.8846
88.6183,271.0929,117.0388,45.8644
88.6875,273.7006,116.9005,45.6558
87.5044,278.8114,116.7689,45.4252
87.6847,281.3306,116.4083,45.3702
87.7107,286.3848,116.3562,45.2039
87.7157,290.1040,116.3463,45.2110
87.7073,292.5125,116.3630,45.3575
86.4390,298.7584,116.4151,45.2889
86.4397,301.1658,116.4136,45.4425
85.0965,306.1109,116.6131,45.4998
85.0284,309.7646,116.7493,45.6649
84.8611,313.3722,117.0839,45.9367
84.7048,318.2621,117.3965,46.1786
84.5642,321.9483,117.6777,46.3488
84.3843,324.3097,118.0375,46.6686
84.2043,329.3034,118.3975,46.8098
83.9551,332.9946,118.8958,47.0472
83.7734,335.3754,119.2593,47.3882
83.5662,340.3573,119.6738,47.6749
83.3630,342.7278,120.0800,48.0812
83.1061,346.4192,120.5939,48.4589
82.8794,348.8130,121.0472,48.8733
83.9090,353.8698,121.6029,49.2191
83.6274,356.2203,122.1661,49.7763
84.7695,357.2020,122.5290,50.4599
85.7607,362.3477,123.2111,50.8263
85.4827,363.3440,123.7671,51.5146
86.4891,365.7478,124.4553,52.1091
87.4800,369.5807,125.1953,52.6081
88.4928,370.5421,125.9107,53.4264
90.8561,374.4714,126.7160,53.8656
91.9144,375.4834,127.3848,54.6269
92.9449,377.9649,128.1321,55.2810
93.9548,378.9620,128.9432,56.1177
96.3256,381.5007,129.9164,56.7549
97.3894,384.0479,130.6715,57.4259
99.7810,385.0254,131.6993,58.3765
100.7460,386.0535,132.7063,59.2573
103.1795,387.1204,133.7737,60.0907
104.1605,388.2164,134.8091,60.8961
106.6055,389.3448,135.9722,61.6659
109.1822,390.4640,136.9326,62.4843
110.2538,390.0447,137.8747,63.3229
116.0440,391.1886,138.7487,64.1487
117.2199,390.7415,139.5376,65.0429
119.9162,391.8921,140.4808,65.9096
122.7036,391.4682,141.2997,66.7574
127.1389,391.0165,142.0994,67.6608
128.3654,392.1983,142.8974,68.5481
137.8998,391.7017,143.4964,69.5413
137.5697,391.1960,144.1566,70.5527
140.4726,390.6250,145.0134,71.6948
148.5443,390.0949,145.6876,72.7550
149.7625,389.4917,146.6430,73.9614
156.2737,387.1877,147.3271,75.1428
157.5821,384.8675,148.1673,76.3261
165.9150,384.2055,148.9504,77.6501
168.9380,381.7264,149.9524,79.0841
173.7725,379.2397,150.9740,80.4942
178.6494,376.7344,152.0281,81.9021
183.5536,374.2579,153.1466,83.2127
190.2734,371.7333,154.4320,84.5807
193.3189,369.1548,155.7882,86.0142
198.1870,364.6005,157.3562,87.5866
203.3906,363.8905,158.4031,89.0067
208.5017,359.2143,159.7540,90.6436
215.6488,356.4928,161.0820,92.1810
218.8460,351.8058,162.5902,93.6523
226.1559,349.1446,163.9650,94.9762
231.5013,344.3578,165.3986,96.4667
237.0393,339.4751,166.5867,98.0563
242.6951,334.5952,167.6725,99.5510
248.4485,331.8508,168.6875,100.8660
254.2159,326.9506,169.7864,102.2438
260.0923,322.0147,170.7860,103.6141
266.0663,319.2090,171.7043,104.9368
269.8740,311.9936,172.7382,106.3934
275.9939,309.0814,173.5924,107.8532
279.9513,303.9622,174.4814,109.2878
286.1438,298.8037,175.4140,110.7262
290.2608,293.5869,176.1345,112.2055
296.6345,288.3167,176.9255,113.7202
300.9420,283.0325,177.4103,115.1887
305.2693,279.9789,177.9194,116.7141
309.5442,272.3335,178.5991,118.1605
313.9602,269.2898,179.0652,119.5989
320.7279,263.9210,179.5698,120.9765
322.9119,260.8928,179.9124,122.3224
327.3559,253.1328,180.5004,123.6284
331.9427,252.6821,180.8635,124.5299
334.1558,247.4331,181.2262,125.4502
336.4848,244.6064,181.3778,126.2942
341.2290,236.7757,181.5410,127.4781
343.6471,236.2679,181.5525,128.4938
346.1503,230.8713,181.4107,129.5575
348.5956,227.9724,181.4003,130.4751
351.1032,225.1585,181.2801,131.2080
353.5132,219.9125,181.3654,131.8895
355.9466,217.1178,181.4164,132.5611
355.8528,214.3272,181.6039,133.2128
358.3305,211.5152,181.5915,133.8937
358.2780,208.7793,181.6966,134.4115
360.8226,208.5289,181.5715,134.9123
360.7955,205.7741,181.6257,135.4514
360.8051,205.5641,181.6066,135.8715
360.8058,202.8242,181.6050,136.3646
360.8377,200.1443,181.5413,136.7297
360.8495,200.0041,181.5177,137.0100
360.9178,199.8744,181.3812,137.2695
361.0564,197.1933,181.1039,137.6256
361.1919,197.0750,180.8329,137.8622
361.2786,196.9764,180.6595,138.0593
358.9737,196.8805,180.2615,138.2513
356.6459,196.7981,179.9120,138.4159
356.8506,196.8013,179.5025,138.4097
354.6086,196.7393,178.9906,138.5336
352.3778,194.1579,178.4618,138.7061
352.5406,194.0698,178.1362,138.8823
350.3222,193.9245,177.5902,139.1729
348.1304,193.8108,176.9946,139.4004
345.8573,193.6998,176.5671,139.6223
343.5979,193.6149,176.1149,139.7922
341.3048,193.5563,175.7346,139.9094
341.4583,193.5416,175.4274,139.9387
339.1874,193.4973,175.0108,140.0274
336.9346,193.5226,174.5629,139.9768
334.6602,193.5437,174.1657,139.9346
332.3781,193.5880,173.7907,139.8459
330.0799,193.5912,173.4552,139.8396
327.7779,193.5529,173.1326,139.9162
325.4778,193.5283,172.8098,139.9653
323.1757,193.5334,172.4952,139.9551
320.8967,195.9873,172.1395,139.9612
318.5579,195.9620,171.9086,140.0117
316.1785,195.9252,171.7617,140.0853
313.8042,195.8882,171.6056,140.1594
308.9800,198.3010,171.4472,140.2371
306.6600,198.2823,171.1849,140.2746
304.3050,198.2965,170.9960,140.2461
301.8928,198.3102,170.9251,140.2189
299.4410,200.7650,170.9347,140.2031
296.9646,200.6611,170.9936,140.4109
294.4880,200.6141,171.0487,140.5049
291.9889,200.5870,171.1465,140.5591
289.4092,203.0509,171.4030,140.5341
286.9062,203.0106,171.5026,140.6148
284.3610,202.9576,171.6838,140.7208
279.3873,205.3446,171.8039,140.8606
276.8936,205.3050,171.8735,140.9397
274.3948,205.1911,171.9508,141.1674
271.9033,207.5869,172.0088,141.3009
269.3929,207.5424,172.1016,141.3898
266.8216,207.4900,172.3132,141.4948
264.2139,209.9236,172.5927,141.5633
261.5684,209.8547,172.9425,141.7012
258.9338,209.8571,173.2627,141.6965
253.8805,212.4235,173.4618,141.5173
253.7766,212.5136,173.6696,141.3372
248.6395,215.0177,174.0354,141.2831
245.9772,215.0807,174.4011,141.1571
243.3391,217.6557,174.7148,140.9697
240.7203,217.7466,174.9880,140.7878
238.0909,217.8003,175.2813,140.6805
235.4686,220.3461,175.5575,140.5573
232.8076,220.4580,175.9091,140.3334
230.1465,223.0751,176.2588,140.0714
229.9129,223.1574,176.7262,139.9070
227.2728,225.8056,177.0284,139.5884
224.5785,225.9858,177.4396,139.2280
221.9055,226.2180,177.8078,138.7637
219.2147,228.9205,178.2136,138.3346
216.5173,229.1710,178.6332,137.8334
216.4117,229.4142,178.8444,137.3471
213.8000,232.1809,179.0991,136.7823
211.1976,232.3277,179.3406,136.4887
208.6101,235.1034,179.5534,135.8996
208.5099,235.2603,179.7538,135.5858
205.9759,235.4789,179.8679,135.1487
203.3963,238.1827,180.0788,134.6895
203.2210,238.4010,180.4295,134.2527
200.7258,238.6615,180.4775,133.7318
200.6798,238.8873,180.5695,133.2802
198.1665,241.5437,180.6676,132.8959
198.1304,241.8005,180.7399,132.3823
195.6277,242.0991,180.8290,131.7850
195.5114,244.8054,181.0615,131.2804
195.3967,244.9215,181.2908,131.0482
192.8158,245.0438,181.5499,130.8035
192.6728,245.1863,181.8360,130.5186
192.6555,247.7733,181.8706,130.2469
192.7274,247.7700,181.7267,130.2536
190.3035,247.8082,181.6781,130.1772
190.2616,247.8689,181.7620,130.0556
190.3132,247.9292,181.6589,129.9350
190.3418,248.0274,181.6017,129.7387
190.4471,248.0851,181.3910,129.6232
190.5653,248.1290,181.1546,129.5356
190.6792,248.1770,180.9268,129.4396
190.9065,248.1524,180.4721,129.4887
191.0838,248.1618,180.1176,129.4699
190.9156,248.1951,180.4541,129.4032
190.8393,248.1724,180.6065,129.4487
190.9158,250.5693,180.4537,129.5211
191.0309,250.5720,180.2235,129.5157
191.0574,250.5755,180.1705,129.5085
191.0015,250.5844,180.2822,129.4908
191.0100,250.5943,180.2652,129.4711
191.1785,250.5750,179.9283,129.5096
191.2932,250.5045,179.6988,129.6505
191.2874,250.4327,179.7104,129.7942
193.6953,250.3191,179.7528,130.0214
193.7290,250.2886,179.6853,130.0825
196.1674,250.3152,179.6712,130.0292
196.1725,250.3692,179.6611,129.9212
198.6795,250.4351,179.5065,129.7894
201.1271,250.4774,179.4664,129.7048
203.6051,248.1372,179.3633,129.5321
203.5310,248.1744,179.5117,129.4578
205.8629,248.1659,179.6976,129.4748
208.2298,248.2478,179.8165,129.3110
210.4690,245.9038,180.1900,129.1470
210.2014,246.0535,180.7252,128.8477
212.3986,246.2066,181.1888,128.5414
217.0146,246.3636,181.6768,128.2276
219.1801,244.0997,182.2079,127.8931
218.7997,244.2833,182.9688,127.5258
220.8442,244.4319,183.7498,127.2286
222.9120,242.0907,184.4913,127.0340
224.9530,242.2228,185.2943,126.7699
227.0683,242.3184,185.9565,126.5786
229.2750,242.3934,186.4427,126.4287
231.4767,239.9866,186.9437,126.3378
233.5751,240.0176,187.6573,126.2758
233.2214,239.9917,188.3647,126.3277
235.3898,239.9265,188.9596,126.4581
237.5126,239.9068,189.6566,126.4975
239.5815,237.2997,190.4728,126.7577
241.6540,237.2567,191.2984,126.8437
241.2592,237.1118,192.0879,127.1335
243.3183,236.9344,192.9707,127.4883
245.3515,236.7399,193.9245,127.8774
247.4597,236.4830,194.7491,128.3911
247.0894,236.1683,195.4897,129.0206
249.3173,235.8794,196.1175,129.5983
249.0002,235.5643,196.7517,130.2286
251.2363,235.2483,197.4021,130.8604
250.9093,234.9308,198.0561,131.4955
250.6110,234.6268,198.6527,132.1036
252.9350,234.3277,199.1869,132.7016
252.7184,234.0461,199.6201,133.2650
252.5380,233.7556,199.9810,133.8460
252.3478,233.4942,200.3613,134.3688
252.1540,233.2755,200.7490,134.8061
252.0230,233.0659,201.0110,135.2253
254.6149,232.8365,201.0969,135.6841
254.6859,232.6308,200.9548,136.0956
254.8859,232.4545,200.5548,136.4482
255.0643,232.2937,200.1980,136.7697
255.1893,232.1233,199.9480,137.1105
255.2803,231.9228,199.7661,137.5116
255.3573,231.7372,199.6121,137.8828
255.4668,231.5192,199.3931,138.3188
255.5138,231.1699,199.2990,139.0173
255.5721,233.5997,199.1824,139.4643
255.6399,233.3429,199.0468,139.9780
253.0713,235.7294,198.8655,140.5237
253.2260,235.4567,198.5560,141.0690
250.7925,235.2415,198.0936,141.4994
251.0142,237.7560,197.6503,141.7998
248.5834,237.4893,197.1844,142.3331
248.8315,237.1479,196.6881,143.0159
246.3960,239.5516,196.2263,143.5416
246.7075,239.2742,195.6032,144.0962
244.2554,238.9191,195.1731,144.8064
244.5548,241.2279,194.5745,145.5282
242.1472,240.8857,194.0475,146.2126
239.8496,243.2632,193.2977,146.8029
240.0865,243.0429,192.8238,147.2435
237.7272,242.7051,192.1991,147.9189
235.4270,245.0037,191.4546,148.6666
233.0815,244.7537,190.7999,149.1666
233.4670,244.5500,190.0290,149.5739
231.1992,246.9524,189.2259,150.1078
231.5344,246.7211,188.5557,150.5704
229.2522,246.4881,187.7878,151.0365
227.0066,246.2497,186.9512,151.5132
224.7325,245.9585,186.1764,152.0957
225.0460,245.6613,185.5495,152.6900
222.7649,245.3590,184.7914,153.2946
220.4646,245.0996,184.0736,153.8134
218.1440,244.8738,183.3991,154.2651
215.7748,247.4563,182.8248,154.4127
216.0023,247.2980,182.3698,154.7291
213.6438,247.1220,181.7827,155.0811
213.8353,246.9839,181.3996,155.3575
211.4714,246.8877,180.8281,155.5498
211.7303,246.7677,180.3103,155.7899
209.2690,246.6483,179.9436,156.0285
209.4883,246.5337,179.5049,156.2577
207.0466,246.4322,179.1039,156.4607
207.2143,246.3409,178.7685,156.6434
204.7653,246.2344,178.3873,156.8564
204.8902,246.1392,178.1375,157.0468
205.0674,246.0875,177.7831,157.1501
205.2220,246.0294,177.4740,157.2663
205.3774,245.9766,177.1631,157.3720
202.8519,245.9070,176.9482,157.5112
202.8914,245.8493,176.8692,157.6265
202.9207,245.8067,176.8105,157.7118
202.9421,245.7711,176.7678,157.7829
