1
289.2900,95.9835,225.4200,287.0331
290.0034,96.4422,223.9931,286.1155
290.5349,96.8462,222.9302,285.3076
290.9659,97.1978,222.0682,284.6043
291.3422,97.4372,221.3156,284.1255
291.6876,97.6301,220.6249,283.7398
287.9822,101.7486,220.1084,283.4300
288.2303,101.9198,219.6123,283.0877
288.3799,102.0910,219.3130,282.7452
288.4914,102.2105,219.0900,282.5062
288.5998,106.1812,218.8732,282.4481
288.6774,106.2914,218.7180,282.2277
288.6381,106.3448,218.7967,282.1209
284.6034,110.3494,218.9933,281.9844
284.5397,110.4237,219.1206,281.8359
284.3861,110.4333,219.4278,281.8166
284.1753,110.3375,219.8495,282.0083
283.9716,110.2064,220.2570,282.2704
279.7590,110.0350,220.7833,282.6131
279.4382,109.7976,221.4249,283.0881
279.1025,109.5707,222.0963,283.5419
278.8052,109.3346,222.6910,284.0139
274.4303,109.1190,223.4758,284.4453
274.0862,108.9249,224.1641,284.8334
273.7991,108.7955,224.7382,285.0923
273.5462,108.7272,225.2441,285.2288
273.2687,108.6681,225.7990,285.3471
268.9962,108.6478,226.3080,285.3877
268.8100,108.6024,226.6805,285.4784
268.6516,108.5667,226.9973,285.5497
268.5067,108.5510,227.2870,285.5813
264.2504,108.5322,227.7361,285.6188
264.0836,108.5492,228.0698,285.5848
259.8627,108.5456,228.4351,285.5920
259.7386,108.5346,228.6833,285.6141
259.5189,108.4558,229.1228,285.7716
255.2328,108.3522,229.5987,285.9787
255.0463,108.1964,229.9716,286.2905
250.6836,107.9844,230.5790,286.7144
250.4746,107.8251,230.9971,287.0330
246.1258,107.6474,231.5486,287.3885
245.8209,103.1966,232.1585,288.1297
245.5260,102.8814,232.7482,288.7601
241.1313,102.6215,233.3367,289.2798
240.8216,98.1929,233.9561,289.9186
240.5599,97.8715,234.4796,290.5615
236.2151,97.5695,234.9126,291.1654
235.9405,97.2973,235.4617,291.7098
231.5134,97.0349,236.0260,292.2347
231.2722,96.7544,236.5082,292.7956
230.9941,96.4215,237.0646,293.4614
230.7160,96.0746,237.6206,294.1552
230.3504,95.7049,238.3519,294.8947
225.8487,95.3326,238.9694,295.6392
225.6077,95.0835,239.4515,296.1375
225.3330,94.8272,240.0010,296.6501
225.1070,94.5663,240.4529,297.1718
220.6084,94.3145,240.9954,297.6754
220.3289,93.9593,241.5544,298.3858
215.7986,93.6160,242.1239,299.0724
215.5041,93.3780,242.7127,299.5485
215.2212,93.1025,243.2786,300.0995
210.6756,92.8055,243.8243,300.6935
210.3820,92.4629,244.4116,301.3786
205.7133,92.1471,245.1654,302.0102
205.3636,91.8558,245.8649,302.5929
205.0234,91.5885,246.5454,303.1275
204.6369,91.2946,247.3184,303.7152
204.2528,90.9354,248.0866,304.4336
199.5975,90.6708,248.7072,304.9628
199.3048,86.0542,249.2927,305.4880
198.9711,85.8489,249.9601,305.8987
198.8051,85.8147,250.2921,305.9672
198.6295,85.7778,250.6434,306.0410
198.4624,85.7390,250.9776,306.1185
198.2780,85.7373,251.3463,306.1218
198.0993,85.7161,251.7038,306.1643
197.9302,81.2606,252.0420,306.3004
197.7921,81.2247,252.3182,306.3723
197.6157,81.1572,252.6710,306.5073
197.4388,81.1703,253.0248,306.4811
197.2892,81.2210,253.3240,306.3796
197.1885,81.3325,253.5253,306.1567
197.1053,81.4330,253.6918,305.9557
197.0284,81.5018,253.8455,305.8181
196.9604,81.5979,253.9815,305.6259
196.9442,81.6770,254.0139,305.4677
196.9193,81.7433,254.0637,305.3351
196.8467,81.7481,254.2089,305.3254
196.7256,81.7231,254.4511,305.3754
196.5779,81.6894,254.7465,305.4428
196.4136,81.5504,255.0752,305.7208
196.2405,81.3975,255.4213,306.0267
196.1441,76.8016,255.6142,306.3857
196.0311,76.7174,255.8401,306.5541
195.9695,76.6129,255.9633,306.7632
195.8759,76.4337,256.1506,307.1215
195.8064,71.8446,256.2896,307.4384
195.7749,71.7839,256.3526,307.5598
195.7427,71.7081,256.4169,307.7113
195.7158,71.6504,256.4708,307.8268
195.6010,67.0897,256.7004,308.0708
195.4740,67.1297,256.9543,307.9908
195.3015,67.1223,257.2994,308.0057
190.6586,62.5807,257.6916,308.1953
190.5505,62.6237,257.9078,308.1093
190.3643,62.6546,258.2802,308.0475
185.6819,62.6644,258.7352,308.0280
185.5063,62.6529,259.0863,308.0509
180.8243,62.6784,259.5274,307.9999
180.6791,62.6479,259.8178,308.0609
180.5269,62.6060,260.1222,308.1447
175.8828,62.6023,260.4693,308.1522
175.7510,62.6458,260.7328,308.0652
175.5932,58.1929,261.0485,308.0213
175.4787,58.2757,261.2775,307.8555
175.3290,58.3656,261.5768,307.6759
170.6335,58.4644,262.0106,307.4783
170.5260,58.5643,262.2257,307.2785
170.4891,58.6862,262.2993,307.0346
170.5077,58.8254,262.2621,306.7562
166.0670,59.0493,262.1896,306.3084
166.1104,59.3921,262.1028,305.6228
166.1732,59.7322,261.9771,304.9426
161.7713,60.0991,261.8595,304.2088
161.8763,60.4974,261.6495,303.4122
157.5897,60.9188,261.3301,302.5693
157.6967,61.3204,261.1161,301.7662
157.8648,61.6928,260.7799,301.0214
158.0318,62.0563,260.4460,300.2945
153.8134,62.4829,260.0578,299.4413
153.9812,62.8947,259.7222,298.6176
154.1722,63.2655,259.3401,297.8760
154.4156,63.6487,258.8533,297.1097
154.7244,68.6033,258.2357,295.9505
155.0213,69.0961,257.6420,294.9650
155.3559,69.6164,256.9727,293.9243
155.7387,74.5507,256.2072,292.7264
156.0693,75.0562,255.5460,291.7154
156.4118,75.5691,254.8610,290.6897
156.7544,80.4263,254.1758,289.5620
157.1314,80.8526,253.4217,288.7094
157.5733,81.3646,252.5380,287.6854
158.0285,86.1999,251.6275,286.5177
158.4433,86.6331,250.7980,285.6514
154.7182,91.3301,249.8046,284.7009
155.2535,91.7675,248.7341,283.8261
155.8133,92.2337,247.6145,282.8936
156.3237,96.7074,246.5937,282.2962
156.8341,101.2539,245.5727,281.5274
157.2765,101.6513,244.6880,280.7325
157.7471,106.1066,243.7467,280.0914
158.1696,106.4302,242.9018,279.4442
158.5947,110.8181,242.0515,278.8893
159.0002,111.1270,241.2406,278.2715
159.3954,115.4342,240.4501,277.8333
159.8048,119.7704,239.6314,277.3174
160.1190,119.9489,239.0030,276.9604
160.4442,124.1621,238.3525,276.6539
160.7304,124.2590,237.7802,276.4601
161.0101,128.4219,237.2207,276.2269
161.2538,128.5523,236.7334,275.9661
161.3366,128.5846,236.5678,275.9014
157.4162,132.6008,236.3441,275.9334
157.6805,132.6395,235.8156,275.8560
157.9176,132.6498,235.3413,275.8356
158.1490,132.6100,234.8786,275.9150
158.3102,132.5299,234.5561,276.0753
158.4806,136.3220,234.2153,276.5259
158.6165,136.1157,233.9435,276.9385
158.7716,135.9118,233.6333,277.3463
158.9410,135.5957,233.2946,277.9785
159.2216,135.2883,232.7334,278.5933
159.4864,134.9481,232.2038,279.2737
159.6725,134.6053,231.8316,279.9593
159.8475,134.2216,231.4815,280.7267
160.0746,133.8544,231.0274,281.4612
160.2911,133.5805,230.5944,282.0090
160.4742,133.3094,230.2282,282.5511
160.7642,133.0505,229.6481,283.0689
161.1245,132.9200,228.9276,283.3299
161.4634,132.8664,228.2498,283.4370
161.8978,132.7835,227.3810,283.6030
162.3198,132.6134,226.5369,283.9431
162.7984,132.5108,225.5797,284.1483
163.3892,132.6285,224.3982,283.9128
163.9346,132.6713,223.3073,283.8273
164.4892,132.7106,222.1983,283.7486
168.9823,132.8295,221.1649,283.5110
169.4025,132.9729,220.3244,283.2241
169.8105,133.0788,219.5085,283.0123
170.1869,129.2916,218.7557,282.6888
170.5830,129.4454,217.9635,282.3811
170.9129,129.5434,217.3037,282.1852
171.1736,129.4570,216.7823,282.3580
171.3827,129.2640,216.3640,282.7441
171.5249,128.9902,216.0796,283.2916
171.5812,128.6129,215.9670,284.0462
171.6193,128.1742,215.8909,284.9237
171.6452,123.8461,215.8390,285.7116
171.6874,123.4386,215.7547,286.5267
171.7291,123.0691,215.6714,287.2656
171.7643,122.7317,215.6009,287.9406
171.7545,122.5170,215.6204,288.3698
171.7531,122.2984,215.6232,288.8071
171.8066,122.1315,215.5163,289.1408
171.8505,122.0013,215.4284,289.4014
171.8486,125.9055,215.4324,289.5216
171.8728,125.7889,215.3839,289.7548
171.9449,125.7735,215.2397,289.7856
171.9838,125.7972,215.1619,289.7383
