1
207.3931,273.0568,102.2138,68.8864
207.9968,273.4413,101.0064,68.1174
208.4340,273.6229,100.1319,67.7543
208.6036,273.8150,99.7929,67.3700
208.6405,273.9189,99.7190,67.1621
208.6150,272.7975,99.7700,66.7896
208.8251,271.7529,99.3498,66.2687
208.9745,272.1046,99.0511,65.5651
208.8667,271.0059,99.2667,65.1837
208.6852,269.8625,99.6297,64.8947
208.5090,268.7452,99.9819,64.5528
208.4247,266.2376,100.1505,64.4158
208.4456,266.2543,100.1089,64.3825
208.3955,263.8882,100.2090,63.9644
208.5134,262.7861,99.9733,63.5990
207.2902,261.7654,99.8596,63.0806
207.4228,260.6651,99.5945,62.7315
207.6545,258.4569,99.1310,62.0683
206.4035,257.4797,99.1113,61.5009
206.4693,255.4399,98.9798,60.5568
206.7273,254.5728,98.4637,59.7968
205.7064,252.4976,98.0319,59.0001
205.8867,251.7143,97.6712,58.1128
206.2544,249.6708,96.9358,57.3331
205.2582,247.5595,96.5190,56.7370
204.4922,245.6130,95.6579,55.8437
204.9611,244.8122,94.7201,55.0802
204.1266,243.0177,94.0508,53.9925
204.7086,242.5457,92.8867,52.6266
205.1897,239.6879,91.9246,51.5337
204.4672,238.8741,91.1329,50.9246
202.8398,235.9830,89.9584,50.0630
203.2757,233.8472,89.0867,49.9695
202.9548,232.8622,87.5604,49.7713
200.5973,228.6534,85.8490,49.6204
199.2972,226.7905,84.2207,49.1178
199.2702,225.0528,82.1931,48.4301
198.2355,223.3278,80.1829,47.8004
198.3421,221.5005,77.9705,47.4564
196.8464,218.7799,75.0802,47.0160
197.2368,218.4791,72.3893,45.7076
195.2413,215.5346,68.9887,44.2049
195.8150,214.1685,66.0695,43.3935
193.2840,212.8055,62.5588,42.6903
193.9998,211.3846,59.4772,42.2321
193.0832,208.3770,56.5224,41.8634
190.0553,207.5826,53.3078,41.9072
190.6310,203.2623,50.6595,41.5672
189.0320,203.6323,48.0551,42.2778
185.5236,201.9316,45.1190,44.2574
186.3275,202.5078,42.1038,47.3274
181.6900,198.5501,40.1165,48.2041
181.4459,205.9387,40.6048,47.3209
170.0132,199.8712,39.9483,45.6195
165.0676,191.8307,39.0653,44.1923
161.1883,192.9138,38.9607,42.0261
157.2943,193.9453,39.0978,39.9630
152.7673,194.2369,40.6815,38.1349
148.0725,194.1790,43.8658,37.0097
141.1837,194.6746,48.7361,36.0184
138.6930,195.0486,53.7176,35.2703
131.1068,195.2872,59.1330,34.7932
128.2204,194.8966,63.4391,34.1077
125.6628,195.1772,68.5543,33.5465
123.4340,195.3527,73.0120,33.1955
119.5164,196.4683,77.5614,32.6072
116.1379,197.5855,82.6199,32.0712
112.3028,198.5220,88.5284,31.9600
110.2487,199.5324,92.6364,31.7837
108.1776,201.5257,96.7787,31.5969
108.5706,202.4419,99.9035,31.7198
109.7679,203.2801,103.5152,32.0456
111.9603,204.3502,105.3084,31.9647
116.5445,205.2549,106.5559,32.2384
122.9230,206.1390,106.4348,32.5762
130.1018,205.9989,106.8506,32.8564
130.9167,207.0623,107.3424,32.8512
137.3983,208.1646,107.1497,32.7751
145.0730,208.3644,106.6703,32.3754
152.8647,208.6797,105.8576,31.7448
160.3053,208.6992,105.5848,31.7058
166.9362,207.8568,104.8169,31.3084
174.7506,208.1730,103.6368,30.6758
182.6691,208.5476,102.0493,29.9266
191.4504,208.9871,100.4808,29.0477
199.9890,209.4197,99.0895,28.1824
208.3237,208.9368,97.8196,27.2233
218.4195,208.4297,96.5190,26.3483
227.0893,207.8047,94.0142,25.7442
236.2294,207.2510,92.0036,25.0438
245.2572,205.8296,89.8442,24.3541
253.9328,205.3666,87.9991,23.5572
264.9597,204.1739,86.1283,22.5788
273.5075,203.6184,85.4043,22.0527
281.3731,203.1726,84.2263,21.3272
293.0390,202.0435,83.1092,20.4117
300.1358,200.8455,82.8990,19.7004
311.4825,199.6612,81.7265,18.9946
320.0334,197.7205,79.6975,18.3542
328.3410,197.8620,79.2152,18.0711
336.3559,194.4973,79.1844,17.5284
346.7997,194.6667,78.5071,17.1895
352.0550,193.6183,79.4172,16.4310
360.5366,193.7817,79.5614,16.1042
368.4206,189.7421,79.4275,15.6559
376.2242,189.9654,79.3376,15.2092
383.1890,189.4326,79.4148,14.8741
392.9955,188.2168,79.3346,14.5155
398.4348,187.6417,79.5521,14.2785
408.1472,185.1205,79.5227,13.7794
413.4697,185.1911,79.8786,13.6381
420.9366,181.9441,80.0945,13.2460
427.4542,182.0814,80.7838,12.9714
433.0235,181.5194,80.6576,12.7189
440.7552,178.2394,81.6309,12.4301
445.6932,178.2635,81.3968,12.3819
450.7447,177.7148,82.2796,12.1062
456.1316,173.7304,83.9246,11.7956
461.0242,173.7602,83.9137,11.7362
466.4031,172.3971,84.3156,11.6723
470.7526,168.2533,85.4113,11.5648
471.9918,168.2546,85.7571,11.5621
476.9098,167.6500,85.8391,11.3543
479.9866,164.9099,86.7544,11.1795
480.0082,164.9538,86.7112,11.0917
484.9666,164.2976,88.1581,10.9837
485.3503,159.2487,88.8288,11.0142
485.9779,159.2564,89.0217,10.9988
489.2140,159.2701,89.8014,10.9713
489.0526,159.2572,90.1242,10.9972
489.0681,154.0162,91.5588,11.2206
489.1758,154.0365,92.8331,11.1800
488.8015,153.9561,93.5816,11.3407
489.0849,153.8536,93.0149,11.5458
488.3199,152.2847,94.5451,11.6505
486.6502,151.3936,94.8048,11.8928
485.0033,151.2145,95.0022,12.2511
483.6152,148.9097,96.2201,12.1859
480.1662,148.7618,96.8232,12.4817
478.4272,143.2065,98.7131,12.4757
476.5364,143.2905,99.2667,12.3078
473.5738,143.2340,100.3373,12.4207
470.6618,143.0493,101.2557,12.7903
467.5037,142.8873,102.6056,13.1143
461.1549,142.7195,103.5390,13.4498
457.4301,142.5709,104.1873,13.7470
454.4442,141.6646,105.0133,13.8444
450.6118,141.5336,105.7635,14.1062
446.7431,140.6043,106.5237,14.2206
441.3667,140.4806,106.7339,14.4679
437.4115,135.1435,107.5843,14.5521
433.4225,135.0287,108.4485,14.7817
427.5540,134.8856,109.4153,15.0680
423.5572,134.8012,110.1522,15.2367
417.8155,134.7383,110.6693,15.3626
414.0512,134.6308,110.8482,15.5775
408.1146,134.5569,111.6561,15.7252
401.8524,134.5623,113.0304,15.7144
397.7417,134.5325,113.7434,15.7742
391.0116,134.4981,113.9866,15.8428
385.8697,134.4434,114.8061,15.9524
381.5334,134.3390,115.8529,16.1611
375.4291,134.2545,116.5112,16.3300
369.5418,135.2000,116.6604,16.3767
366.8583,135.0486,118.1463,16.6795
361.2027,140.9582,119.6215,16.6633
357.2967,140.8359,121.4718,16.9080
351.3190,140.7592,123.3388,17.0613
346.6593,140.6549,124.4721,17.2700
341.0358,140.5054,125.3871,17.5690
338.6930,140.4008,125.9025,17.7783
333.2680,148.5705,126.2704,18.2100
331.7880,148.4856,127.1202,18.3799
327.8557,148.5183,128.6087,18.3144
323.1060,148.3914,129.5298,18.5683
322.8589,156.8112,130.0241,19.0280
318.9697,156.7347,131.2670,19.1809
318.4287,156.6785,132.3489,19.2933
316.7366,165.3550,133.5172,19.6680
315.9739,165.3157,135.0427,19.7464
314.9078,165.2201,137.1749,19.9377
314.1666,174.2405,138.6573,20.2613
313.1202,174.2356,140.7501,20.2712
312.2808,179.0570,142.4289,20.0349
311.6291,178.9624,143.7323,20.2240
310.9727,188.4128,145.0450,20.4580
310.0827,188.4561,146.8250,20.3714
309.4517,198.1434,148.0870,20.4968
310.0415,198.3405,149.3648,20.1026
309.5277,208.1522,150.3924,20.2157
309.8997,208.4426,152.1319,19.6348
311.7279,208.4855,153.4669,19.5491
312.2700,218.4975,154.8952,19.6237
314.2017,218.5428,156.0987,19.5331
317.5374,228.4344,157.0721,20.1361
318.4719,228.1184,157.7771,20.7680
324.4943,228.9391,158.7150,21.7233
325.4653,237.5158,159.4019,22.9717
329.3658,236.7157,159.5914,24.5720
333.3745,236.9876,159.6691,26.7264
338.7901,238.5710,159.8073,29.0445
344.5528,240.0729,159.4425,31.6209
347.7718,241.5428,158.6755,34.3522
354.2159,241.5561,157.2988,37.2034
357.8011,241.5001,155.9552,40.2289
368.9857,241.4727,154.2506,43.2357
370.1436,240.0408,151.9348,46.0995
380.2979,238.5792,149.6577,49.0228
383.2831,235.4131,146.7141,52.3280
391.0060,232.3392,143.4490,55.4308
395.7599,229.3630,140.0497,58.3288
403.8033,224.7917,136.1913,61.3573
407.3653,218.4763,132.1220,64.8239
414.0774,212.4597,127.8655,67.6895
417.7625,206.7482,123.5383,69.9836
423.1216,201.2378,118.8565,71.9496
427.3471,195.7619,113.3876,73.9553
431.1464,190.2742,108.7229,76.1290
435.0240,185.1831,103.8673,77.6121
438.7011,178.8898,99.3637,78.7970
442.1623,172.4577,95.2423,80.4571
444.2439,167.6579,91.0790,81.7632
446.5443,160.5083,86.4783,82.4577
448.6952,156.2795,82.1764,82.9348
450.9369,152.3498,77.6931,82.9935
452.8097,144.6258,73.9474,83.2607
453.3278,143.2281,70.4367,83.5814
451.2780,137.0556,67.2665,83.8100
451.6605,133.5163,64.1258,83.7619
450.9913,128.9738,60.8166,83.5517
450.2135,126.6629,57.8393,83.6406
449.3322,122.2784,55.1644,83.5345
448.5590,120.0682,52.3653,83.6095
447.4933,115.8282,50.2423,83.5809
446.6180,112.9056,47.8109,83.1530
444.4138,112.0895,46.0886,82.7416
443.0346,111.3443,44.8305,82.2238
441.4668,108.5274,44.0080,81.9203
439.9182,107.7073,43.1842,81.6000
439.3080,107.7429,42.4630,81.5288
438.8027,106.7590,41.5452,81.5683
437.1741,105.8546,40.9764,81.4641
435.4470,105.7760,40.6274,81.6214
433.7303,104.9553,40.2649,81.3649
432.0442,104.3355,39.8613,80.7165
429.4141,103.4619,39.5072,80.5924
426.7329,103.2421,39.2793,81.0320
424.9593,103.1927,39.0947,81.1308
422.0834,103.1170,39.2539,81.2822
421.2036,102.9495,39.1443,81.6171
416.5248,102.3030,39.1413,81.0381
414.8003,101.1819,38.8631,81.4166
411.0879,101.1118,38.8308,81.5567
409.2049,101.1698,38.8652,81.4408
406.4052,101.2790,38.8706,81.2223
403.7863,100.5986,38.5235,80.7216
400.2284,100.8424,38.2464,80.2341
398.3115,100.8158,38.4075,80.2873
394.5340,99.8855,38.6030,80.3080
391.6636,100.1217,38.8130,79.8355
388.8493,100.2049,38.9206,79.6691
385.6734,99.8707,39.7531,80.3376
381.9193,99.4830,39.8053,79.2488
379.0655,99.5309,39.9659,79.1532
375.3720,99.4917,39.9515,79.2315
372.4788,99.5388,40.1843,79.1372
368.5732,100.6303,40.5798,78.8082
366.8099,100.8838,40.3948,78.3012
364.2374,100.7461,40.0042,78.5767
360.3754,100.6185,40.3578,78.8319
358.5157,101.1133,40.3725,77.8421
354.4571,102.0679,41.1372,77.7710
351.4270,103.9683,41.6467,77.6708
348.2387,104.7389,42.4508,77.9871
346.4432,104.8691,42.2901,77.7265
342.3918,105.7665,42.9155,77.8012
341.2589,106.7921,43.3002,77.6311
337.4788,107.6723,43.3200,77.7558
335.4590,108.7701,43.5849,77.4475
333.3654,109.9667,43.9975,76.9417
330.4154,112.2327,44.2371,76.1832
328.4695,112.7445,44.3696,75.1596
325.4456,114.8479,44.8174,74.6862
324.3181,115.8919,45.2051,74.4654
321.2427,117.7419,45.7448,74.5062
319.2495,120.7470,45.9709,74.1363
318.2114,120.8697,46.1686,73.8911
315.1770,123.8212,46.6032,73.6222
314.0852,125.0030,46.9056,73.1400
312.1246,127.9850,47.0685,72.8135
310.1543,129.8940,47.2550,72.7493
309.0106,130.9319,47.6633,72.5527
307.9874,133.9050,47.8268,72.2554
306.8674,135.9437,48.1855,71.9406
305.7623,140.7918,48.5131,71.6568
304.6420,142.0448,48.8702,71.0344
303.5291,144.2920,49.2158,70.3004
303.3509,148.1405,49.5722,70.1027
303.1380,151.0921,49.9980,69.8324
302.7560,152.1279,50.7620,69.6415
302.5081,157.2813,51.2578,68.7861
302.0612,159.5437,52.1515,68.0321
301.7330,161.9216,52.8080,67.0533
301.6253,165.2104,53.0233,66.1286
301.5084,167.5277,53.2572,65.2411
301.4883,169.1688,53.2975,63.8225
301.3419,172.7217,53.5901,62.2444
301.0853,174.3238,54.1034,60.8632
302.8234,175.5516,54.2466,58.4076
303.8651,176.8953,53.9370,55.7202
304.6169,178.3552,54.1603,52.8002
306.6176,177.1113,55.2119,50.2349
307.4760,176.7384,56.8153,46.0004
308.1743,177.0203,57.0358,42.2028
308.9043,175.1288,57.1340,38.1937
309.2547,173.3269,57.9272,34.3284
312.3611,172.9563,58.9188,30.7470
313.2818,169.4505,59.8666,27.9967
314.1619,166.5397,59.4672,25.6541
315.4967,162.3287,58.1113,24.8795
320.2546,157.1666,56.2783,24.9598
324.9365,153.9755,53.1914,26.3206
326.1839,149.2041,50.6964,28.4586
327.1056,144.0761,48.8532,31.3095
329.9056,141.1641,47.0176,34.6239
330.0867,137.6329,46.6554,39.1223
333.4481,135.7439,45.3306,42.9004
333.9925,133.4480,45.6312,47.4920
335.5669,135.1657,45.4152,51.3889
336.0807,134.1445,44.3877,54.9549
338.0674,136.0805,43.5388,57.3320
339.1746,140.4710,42.9091,59.6445
340.2592,145.2624,42.3497,61.3293
342.3371,150.3514,41.4455,62.5324
342.7427,155.5799,40.6344,63.4785
343.8603,161.7551,40.0289,64.1655
346.6986,168.7969,39.2417,64.7502
346.9356,176.1342,38.7676,64.7033
347.2614,183.4755,38.1161,64.5702
348.3807,193.3077,37.4811,64.1494
348.6754,199.9120,36.8918,63.6340
349.8009,211.2595,36.2098,62.9053
351.6339,217.7759,35.6369,62.2458
352.6115,228.0871,35.2089,61.4763
353.5506,235.0885,34.8393,61.0500
354.4980,242.8796,34.4404,60.4266
355.3961,252.0948,34.1241,59.7550
357.8187,259.0017,33.6725,59.1223
357.8914,265.7220,33.5271,58.7093
358.6948,273.1221,33.3593,58.2986
360.2600,278.9504,33.0889,58.0821
361.0707,285.4445,32.8897,57.8939
361.8586,291.3165,32.7300,57.4782
364.0545,297.0999,32.5596,57.1688
364.7814,302.0983,32.5055,56.9699
366.3089,305.7075,32.2423,56.7307
368.4717,307.8914,32.0801,56.5262
369.1634,308.6310,32.0787,56.4290
370.5473,312.0988,32.0720,56.3963
371.9224,312.1213,32.0818,56.3513
374.0598,312.1295,31.9455,56.3350
374.0956,312.2323,31.8739,56.1294
375.5540,312.2285,31.7022,56.1370
376.3242,312.1896,31.5319,56.2148
376.4564,312.1125,31.2673,56.3690
376.6579,312.0114,30.8643,56.5710
376.8958,311.9310,30.3886,56.7318
376.5013,312.4951,29.8213,56.9600
375.4446,313.0112,29.2352,57.2775
375.1219,312.8825,28.5360,57.5349
373.5169,313.4048,27.7379,57.8265
373.2577,313.9367,26.9299,58.0891
371.1315,314.4596,25.9174,58.3595
369.0619,314.2917,24.8471,58.6954
368.3160,314.1162,23.7622,59.0462
364.2701,313.9388,22.9351,59.4012
363.6538,313.7450,21.6387,59.7887
361.1963,314.2202,20.3206,60.0850
357.4255,314.6935,19.2739,60.3652
355.1031,316.4076,17.8601,60.5722
351.5016,316.2946,16.7436,60.7983
350.4086,316.1247,15.4172,61.1381
346.2935,315.9505,14.4427,61.4865
342.2337,315.9108,13.4670,61.5658
338.7653,315.9003,12.5689,61.5868
334.7379,317.5681,11.8061,61.5578
330.7261,319.2034,11.1347,61.5478
327.2440,319.6454,10.5839,61.7373
323.1296,320.0665,10.2902,61.9605
318.8179,319.9655,10.4129,62.1626
313.3884,319.9060,10.5937,62.2814
308.7547,319.8772,11.2767,62.3392
303.9561,319.8116,12.1752,62.4702
297.2904,319.7181,13.3317,62.6573
292.2232,319.6854,14.4110,62.7228
286.3422,320.2648,15.7906,62.7174
279.7066,320.8303,17.2634,62.7664
273.5415,320.8849,18.7187,62.6571
267.8995,322.1268,20.1313,62.6413
261.4504,322.8336,21.6913,62.4875
254.8606,322.8930,23.2958,62.3686
248.8512,323.5458,24.8067,62.3765
242.7554,323.5670,26.2725,62.3340
237.2161,324.5154,27.7877,61.8034
230.8719,324.9093,29.3943,61.0156
225.2707,325.9391,30.7840,60.3579
219.5734,327.4117,32.2645,60.2453
213.8074,328.1423,33.7158,60.2242
208.0240,329.7162,35.0307,60.0056
202.2125,330.5398,36.2680,59.8419
197.8615,332.2058,37.4594,59.5142
192.7640,333.8720,38.5511,59.2162
189.1474,337.9003,39.6601,58.8148
184.8022,338.7856,40.6334,58.5877
180.4502,340.4648,41.5568,58.3414
176.9152,344.4055,42.3562,58.2981
174.1723,345.8621,43.1017,58.5453
171.4683,349.9404,43.7212,58.3693
168.7333,353.1240,44.3805,58.4164
167.5629,357.8347,45.1063,58.6856
165.5979,360.8297,45.7743,59.2196
165.3571,363.0359,46.2558,59.7572
165.1017,367.9182,46.7665,59.9894
166.7885,369.5815,46.7490,60.0188
168.4666,373.7275,46.7490,60.1173
171.6451,375.9456,47.1105,60.7199
174.1647,378.9524,47.1555,61.4854
178.5146,381.9742,46.9915,62.2704
183.7219,384.1382,46.8756,63.0919
188.1556,386.1976,46.6435,64.1542
194.4204,386.5830,46.2896,65.1228
200.6219,389.4085,46.1243,66.4647
207.8510,389.8384,45.7926,67.3707
215.1765,390.9665,45.3335,68.6626
223.4838,392.0810,44.7909,70.0051
231.8469,392.2508,44.2367,71.4623
241.2322,393.1198,43.5598,73.3432
250.7571,392.0201,42.7699,75.5426
261.3360,390.6280,41.9096,78.3267
271.2136,389.2634,40.8711,81.0559
282.2426,387.7935,39.6455,83.9957
293.3746,385.1082,38.4523,87.4507
305.6638,381.4021,37.2119,90.9734
315.0219,376.7409,36.2596,94.3744
326.7815,372.7119,34.8030,98.4211
336.6480,365.4293,33.4061,102.7995
351.2460,359.7990,31.1747,105.7633
360.3860,352.0516,29.4948,108.8081
369.7388,345.5151,27.4814,111.4485
384.5894,338.5583,24.8928,114.9341
393.6123,330.0333,23.5248,119.4757
402.7475,321.3107,22.2262,124.1920
411.8543,304.5559,21.3046,127.4406
420.3696,292.0145,21.7803,130.6405
428.4858,281.1420,23.4845,134.4491
432.8015,264.3404,26.4960,140.1088
434.3289,250.8049,30.8408,144.9817
438.2755,237.7376,36.0422,150.1646
436.8906,225.9231,41.6034,154.2545
435.2910,212.4939,47.7566,157.4803
434.9893,199.3856,54.5888,161.8956
431.4897,185.8593,61.5882,165.8284
427.7833,171.8264,69.0009,169.4918
423.8852,159.2211,76.7971,172.6736
417.8185,150.0385,85.0751,175.6170
409.4530,136.6636,93.7200,178.1087
400.7536,125.0923,102.6611,180.1069
391.7339,117.5455,111.8783,181.9672
384.7152,107.6785,121.3213,183.3232
372.8260,100.2100,130.7817,183.9424
363.1738,92.9070,140.2091,183.7327
353.4068,90.8186,149.5632,182.8196
340.9164,88.9188,158.8604,181.3913
333.6505,87.2368,168.0369,179.3999
323.7075,85.8014,176.9816,176.8001
316.6466,87.4163,185.5319,173.5703
309.7080,89.3472,193.7547,169.7083
302.9446,91.5554,201.5609,165.2921
299.2856,94.0346,208.8790,160.3337
295.5860,99.8830,216.2780,154.4386
292.1915,105.9431,223.0671,148.1362
289.4011,109.0290,228.6479,141.9643
289.7397,115.3625,233.7669,135.0938
290.4958,118.6354,238.0114,128.5480
291.5850,121.9399,241.5409,121.9388
292.9698,125.2285,244.4175,115.3616
294.5498,128.4086,246.8313,109.0014
296.2770,131.4941,248.8745,102.8306
298.1576,134.5278,250.5313,96.7631
297.5796,137.6142,251.6872,90.5904
300.0165,138.2716,252.0522,84.0366
302.7827,141.4621,251.6447,77.6556
308.3077,144.5460,250.5978,71.4878
311.9951,147.4338,248.0952,65.7122
316.4213,149.8931,243.9714,60.7937
321.5341,145.5158,238.3235,55.8154
326.6184,146.3349,232.5583,54.1773
331.9719,142.5332,226.1430,53.1976
337.0965,138.0867,220.0766,53.7248
341.8593,135.2653,214.6590,55.2594
346.9167,128.2172,208.6055,57.1722
351.4429,125.0705,203.5651,59.4536
354.2084,119.9219,198.0342,61.7836
359.0922,114.7636,192.2150,64.2032
361.7824,111.6531,186.8345,66.5141
364.7050,106.6681,180.9894,68.7328
369.4472,101.7735,175.3371,70.8580
372.1748,96.9610,169.8819,72.9053
374.8186,92.3345,164.5941,74.6656
377.1224,89.6308,159.9866,76.3722
381.3773,85.1329,155.1403,78.0411
383.7427,80.8480,150.4096,79.3675
385.7066,78.4093,146.4817,80.6700
387.9885,74.2559,141.9179,81.8979
389.9456,72.0655,138.0038,82.7858
391.9406,68.1068,134.0138,83.8037
393.7578,64.2744,130.3794,84.6539
395.4346,62.2484,127.0257,85.3387
397.0768,60.3696,123.7412,85.7682
398.6559,58.6396,120.5832,85.9424
401.8674,55.2757,117.4010,86.1884
403.3326,53.6794,114.4706,86.1843
404.6458,52.0137,111.8443,86.3637
405.9608,50.4450,109.2141,86.3861
407.2512,48.9665,106.6334,86.2680
408.4305,47.4651,104.2747,86.2373
409.4637,46.0256,102.2083,86.1194
410.4424,44.5486,100.2511,86.1103
411.2664,44.6422,98.6030,85.9231
412.0754,43.1978,96.9851,85.9077
412.8655,41.8132,95.4048,85.7980
414.9586,41.9027,94.0712,85.6191
415.6113,40.5187,92.7659,85.5580
417.5995,40.6167,91.5972,85.3620
418.1001,40.6146,90.5959,85.3663
418.5207,40.6087,89.7547,85.3780
418.8975,40.6119,89.0010,85.3717
420.5311,40.6478,88.4798,85.2999
420.7482,40.7030,88.0456,85.1895
422.2112,40.8264,87.8477,84.9426
423.7137,40.8685,87.5636,84.8584
423.8274,40.9195,87.3361,84.7565
425.0903,40.9832,87.5205,84.6291
426.2203,41.0197,87.9713,84.5560
427.2126,41.0644,88.7035,84.4667
429.4343,41.0268,89.7139,84.5418
430.1793,40.9824,90.9678,84.6307
432.2260,39.5565,92.4043,84.7176
432.9013,39.5264,93.8422,84.7778
434.7275,36.7943,95.8138,84.6180
435.1793,35.5090,97.7504,84.3485
436.9162,35.5008,100.0081,84.3649
440.1178,34.0898,102.3076,84.2859
440.3181,32.6587,104.8419,84.2131
441.9261,31.1180,107.5718,84.3217
441.9729,31.1214,110.4944,84.3149
443.4917,29.6766,113.5787,84.1436
444.9175,29.9405,116.9374,83.6159
446.2270,28.6950,120.6130,82.9594
445.8877,29.1082,124.4839,82.1330
448.8619,29.4878,128.2454,81.3738
448.5044,29.8280,132.2409,80.6934
448.0441,30.3127,136.4901,79.7239
447.4901,30.8622,140.9736,78.6250
450.3526,31.4052,145.5181,77.5391
448.1133,32.1311,149.9969,76.0873
447.3654,34.8349,155.0051,74.1920
446.8125,37.7867,159.6638,71.8414
446.0287,40.7326,164.8109,69.5291
443.8271,43.9690,169.2141,66.6696
441.4960,49.2769,173.8763,63.3056
439.3801,56.5720,178.1082,59.6122
435.5832,61.6534,182.0765,56.7004
431.9205,70.8951,185.7735,52.7304
427.0091,72.6012,188.3825,49.3183
418.2432,86.6590,191.5959,46.2597
415.0714,91.9788,194.3728,42.7536
406.6256,104.3346,197.1112,39.2717
396.5038,105.7168,199.8099,36.5073
395.5617,120.9137,201.6942,34.0520
381.7540,130.2622,205.0200,32.7048
373.0215,130.7362,208.5284,31.7568
363.3719,144.9538,210.2339,31.4713
351.3550,153.4315,209.5118,32.1987
347.0932,156.6824,210.9531,32.7794
343.7722,168.5689,214.0223,34.0154
323.0038,171.7926,211.8805,34.8477
311.7796,179.0942,208.9413,34.7518
302.8627,188.3660,208.8539,34.1294
289.9597,188.0967,209.6656,34.6680
277.2072,200.6225,210.0224,34.7645
262.7620,200.5056,210.1173,34.9983
262.0602,211.7208,211.5210,34.2002
248.3302,212.1372,210.1093,33.3676
229.6814,224.8175,208.1059,33.0167
218.7104,225.3119,208.8195,32.0278
209.3107,225.8420,209.9780,30.9676
197.4445,228.2441,212.5728,29.6862
184.6648,230.4759,213.4021,28.7555
174.0275,234.7249,213.5239,27.3084
164.0136,245.3779,216.0631,26.9888
151.3907,245.7213,216.6255,26.3021
139.4405,245.5740,215.8867,26.5968
135.6425,245.5645,216.4512,26.6158
128.0187,245.2852,217.6031,27.1743
120.1271,244.6223,219.1817,28.5001
114.0351,243.8255,220.5659,30.0937
108.1267,242.7848,221.4284,32.1751
104.2469,241.7502,221.7773,34.2443
98.9452,240.5069,221.1256,36.7309
97.3630,239.0111,220.4977,39.7225
95.8609,239.3642,219.6592,42.8592
96.4946,237.7900,218.3918,46.0076
96.7638,236.0537,217.8533,49.4800
97.3346,234.4552,216.7119,52.6770
98.5486,234.6131,214.2838,56.4022
101.9467,232.8200,211.5650,59.9885
105.3149,231.0995,208.9351,63.4294
108.6473,229.4331,206.4038,66.7623
118.6279,227.9084,203.0782,69.8117
125.0467,224.2837,198.5756,72.8937
129.4023,222.7031,194.0233,76.0549
140.1171,219.0641,189.1957,79.1824
147.1271,215.6187,183.4493,81.9364
158.2999,212.3149,177.5121,84.4419
165.7464,209.1758,170.7386,86.6603
176.7405,205.8932,164.7466,89.2265
185.6221,202.8618,158.8489,91.3342
198.8491,196.0960,151.9142,93.1542
205.7201,193.3510,145.8352,94.8128
220.1603,190.6018,139.5651,96.5427
229.0734,187.8746,132.8471,98.2944
241.4334,181.6975,126.2763,99.7590
250.0231,177.3812,119.7575,101.2847
263.7787,173.4128,113.1137,102.2656
274.7347,169.5411,108.1555,103.2276
285.7847,165.8788,102.6987,103.8948
291.8522,160.8404,97.0705,104.2115
300.2515,157.5109,89.7799,104.5317
308.2744,156.2251,82.9074,104.0457
318.8058,149.1049,76.5419,103.5888
327.4209,147.9001,70.6265,103.1696
332.5326,142.8225,65.8530,102.4251
342.6457,140.4991,61.4329,101.8034
350.0335,138.4327,56.8609,100.8342
357.2241,135.4852,52.3163,99.3519
365.1699,131.6899,48.2226,97.5041
367.6393,131.0208,45.5457,96.5805
375.6527,129.1174,42.7299,95.9837
377.8167,126.4194,40.5457,94.9480
384.3399,125.0687,37.9509,93.4688
386.4618,124.3069,35.7301,92.9696
391.4643,120.7575,33.6291,92.1642
393.0883,120.9691,32.3076,91.7411
395.7299,119.2534,30.8177,91.3791
398.2054,118.4738,29.5955,91.0740
399.5409,116.6316,28.7621,91.0832
402.7943,115.0976,27.7226,90.5064
402.9185,115.0452,27.4741,90.6112
403.9233,114.9614,27.2565,90.7788
