1
126.3235,251.9947,134.3530,112.0105
126.1940,252.4755,134.6119,111.0490
126.2280,252.7234,134.5440,110.5532
126.1802,252.9640,134.6395,110.0720
126.2942,253.0087,134.4117,109.9826
126.3911,253.1360,134.2178,109.7279
126.6326,253.0932,133.7347,109.8136
126.7517,253.0764,133.4965,109.8472
126.8222,253.0901,133.3556,109.8197
126.9290,253.0297,133.1420,109.9407
126.9239,253.0030,133.1521,109.9940
126.8239,251.0325,133.3522,110.1103
124.7671,250.8059,133.6362,110.5635
124.7828,250.7326,133.6048,110.7101
124.9614,250.6181,133.2475,110.9390
125.3368,250.4802,132.4966,111.2149
123.5070,250.2563,132.3220,111.6627
123.5984,250.1650,132.1391,111.8452
123.8775,250.0131,131.5810,112.1491
122.2969,249.7868,130.9071,112.6016
122.3054,249.7819,130.8900,112.6115
122.3718,247.8560,130.7572,112.6312
120.1823,247.5719,131.3059,113.1994
120.1573,247.3433,131.3560,113.6566
118.1150,247.1510,131.5846,114.0413
117.9531,246.9388,131.9084,114.4657
118.1372,246.6747,131.5401,114.9939
116.3599,246.3635,131.2147,115.6164
116.3155,246.1365,131.3033,116.0703
116.7215,245.8351,130.4913,116.6730
117.2425,245.3779,129.4494,117.5875
117.8601,242.9226,128.2141,118.6089
115.6134,242.6538,128.8214,119.1464
113.6276,242.4518,128.8887,119.5504
113.9450,242.1381,128.2538,120.1779
112.0968,241.7471,128.0385,120.9598
112.2673,239.5213,127.6974,121.4907
112.0376,239.3483,128.1569,121.8366
110.0788,239.0589,128.1379,122.4155
110.1086,238.7713,128.0783,122.9906
110.3127,238.4734,127.6702,123.5865
108.6236,238.1735,127.0917,124.1862
108.7890,237.9183,126.7608,124.6967
109.4578,237.5770,125.4231,125.3793
110.5762,237.2622,123.1864,126.0089
111.6804,236.8600,120.9781,126.8132
112.6010,236.4093,119.1368,127.7146
113.3403,235.9337,117.6582,128.6658
113.9436,235.4244,116.4516,129.6845
112.6326,235.0563,115.1989,130.4207
113.0691,234.6570,114.3258,131.2193
113.3415,234.4004,113.7811,131.7325
113.5830,234.1528,113.2980,132.2275
111.9566,233.8771,112.6871,132.7790
112.1268,233.5150,112.3468,133.5032
112.4036,233.1514,111.7932,134.2305
112.7481,232.8388,111.1042,134.8556
111.0968,232.5550,110.5379,135.4233
111.4693,232.2882,109.7928,135.9568
111.8127,232.0899,109.1062,136.3535
110.1829,231.8246,108.5063,136.8840
110.4321,231.4791,108.0078,137.5751
110.8249,233.1289,107.2223,138.1359
111.1402,232.7534,106.5916,138.8870
111.5942,232.4546,105.6836,139.4845
112.0409,234.1799,104.7902,139.8856
112.4363,233.9533,103.9994,140.3389
112.8902,233.7385,103.0915,140.7684
113.3889,233.4956,102.0941,141.2542
113.8597,235.1464,101.1526,141.7724
114.2860,234.9166,100.2999,142.2320
114.7565,234.7120,99.3589,142.6413
113.3415,234.3580,98.3931,143.3493
113.9449,235.9775,97.1865,143.9006
114.5001,237.6208,96.0761,144.3928
115.0384,237.3146,94.9994,145.0053
115.6633,237.1184,93.7496,145.3978
116.1899,238.6379,92.6964,146.1027
116.7562,238.2398,91.5638,146.8991
117.3564,239.8273,90.3634,147.4538
117.9328,239.5353,89.2106,148.0379
118.4815,239.2196,88.1132,148.6694
118.9649,240.7092,87.1463,149.3883
119.4835,242.0600,86.1093,150.3794
120.0072,241.5400,85.0618,151.4194
120.5579,242.8342,83.9603,152.5182
121.2302,244.2916,82.6159,153.2882
121.8437,245.5530,81.3887,154.4385
122.4008,246.7992,80.2747,155.6151
124.9929,246.2806,78.7574,156.6523
125.5107,247.6146,77.7219,157.6405
126.0729,249.0227,76.5976,158.4770
128.4961,250.2861,75.3966,159.5956
129.0175,250.0013,74.3537,160.1651
131.4489,251.5459,73.1217,160.7068
131.9618,253.1382,72.0961,161.1393
134.3663,254.7671,70.8925,161.4871
136.7474,256.4212,69.7197,161.7682
137.1852,258.0358,68.8440,162.1116
137.5634,259.5129,68.0876,162.7197
139.8222,260.9064,67.1276,163.4901
142.0932,262.2014,66.1371,164.4518
142.4795,263.4164,65.3646,165.5696
144.7572,264.5233,64.3594,166.9061
145.1629,265.7578,63.5479,167.9884
147.4858,267.1109,62.4544,168.8344
149.8025,268.9143,61.3657,168.7723
150.0958,270.5206,60.7792,169.0839
152.3416,270.7857,59.8055,168.5536
154.5411,272.6988,58.8993,168.2204
154.9475,274.5948,58.0865,167.8999
156.9911,275.2383,57.4515,166.6129
159.0802,275.5564,56.6956,165.9767
161.0933,275.8222,56.0688,165.4451
163.1204,277.7009,55.3950,165.0681
163.1561,279.7032,55.3237,164.4262
164.6210,279.8387,55.7462,164.1553
165.9782,280.4148,56.3879,163.0031
167.4146,280.7512,56.8666,162.3303
166.8660,281.6282,57.9638,160.5762
167.8048,281.1094,59.4314,158.2684
168.8517,282.1898,60.6765,156.1077
169.9743,282.2524,61.7617,155.9825
169.4964,281.9819,62.7175,156.5235
170.5437,281.5728,63.9954,157.3417
171.6574,283.7860,65.1752,159.7297
171.0438,284.8388,66.4025,161.0868
172.2146,286.3154,67.5650,161.6377
173.5682,286.2434,68.3904,161.7817
174.9849,286.6609,69.1064,160.9467
174.5514,286.8338,69.9734,160.6008
175.8230,288.2286,70.9905,161.3716
177.1197,289.1876,71.9864,163.0429
178.2745,290.0005,73.3081,165.0482
179.4667,291.0395,74.6070,166.6537
178.7113,290.6249,76.1179,167.4830
179.9137,291.8712,77.4812,168.7584
181.1240,291.4344,78.8713,169.6321
180.4888,293.2390,80.1418,169.8705
181.8721,293.0687,81.2484,170.2112
183.2844,293.2991,82.3213,169.7504
184.7502,293.6458,83.2993,169.0571
186.2684,293.9039,84.1792,168.5407
187.6719,293.9886,85.2962,168.3714
189.0208,293.9882,86.5392,168.3721
190.3359,293.8582,87.8713,168.6323
189.5298,293.8505,89.4835,168.6475
190.7358,293.8871,91.0885,168.5745
189.9012,294.0441,92.7576,168.2603
193.0206,294.3334,94.6535,167.6817
192.3834,294.7919,95.9278,166.7647
195.8450,295.3179,97.2028,165.7127
197.0816,295.7112,98.8347,164.9261
198.4109,295.8687,100.2973,164.6112
199.6642,295.9669,101.9315,164.4147
200.9759,295.9178,103.4736,164.5129
202.0945,295.9077,105.4291,164.5332
203.0701,295.9279,107.7038,164.4929
202.0631,294.1615,109.7177,163.7624
203.1830,294.4928,111.7637,163.0998
202.3642,295.0681,113.4013,161.9492
203.8671,295.6625,114.7148,160.7603
205.2542,296.1451,116.2638,159.7952
206.7151,296.5983,117.6756,158.8889
208.3763,294.8888,118.6966,157.9646
209.8660,295.4389,120.0630,156.8643
209.4009,295.9472,120.9932,155.8478
210.9544,296.2498,122.2374,155.2426
212.4313,296.5739,123.6455,154.5943
214.0002,294.9703,124.8828,153.4266
215.5439,295.5985,126.1722,152.1701
216.9343,294.2051,127.7700,150.5783
218.2202,292.7248,129.5782,149.1592
219.5128,293.2835,131.3797,148.0419
220.8255,291.6737,133.1527,146.8631
222.0405,292.1918,135.1312,145.8269
221.2397,292.6595,136.7326,144.8915
222.7716,293.1603,138.1035,143.8899
224.3242,291.4619,139.4389,142.8462
223.6838,291.8329,140.7197,142.1041
225.1066,292.0403,142.3279,141.6892
226.6303,292.4019,143.7533,140.9660
228.1560,292.8668,145.1855,140.0362
229.7700,291.1754,146.4490,138.9276
231.2063,289.4614,148.0703,137.8619
232.7728,290.0972,149.4394,136.5902
234.3457,288.4055,150.7969,135.4704
235.9541,289.2359,152.0866,133.8097
237.5528,285.4206,153.3891,132.4402
239.0564,286.3420,154.8801,130.5974
240.4592,286.9826,156.5663,129.3162
241.9416,285.3500,158.0985,128.0845
243.4402,286.0143,159.6019,126.7559
242.9011,286.6691,160.6799,125.4462
246.6011,285.0219,162.2747,124.2434
248.3435,283.5595,163.2922,122.6660
249.8532,281.8178,164.7647,121.6573
251.1851,282.1440,166.5985,121.0049
250.1865,282.5108,168.5958,120.2714
251.2690,280.4581,170.9639,119.8437
252.5075,280.7931,173.0488,119.1737
253.8065,281.3032,175.0332,118.1534
255.1690,279.4921,176.9035,117.1803
258.9785,279.9806,178.4991,116.2033
260.2807,276.3829,180.5098,114.1687
261.7500,277.0651,182.1822,112.8043
263.2687,277.5304,183.7580,111.8737
264.8260,277.6520,185.2645,111.6304
266.3944,277.5586,186.7672,111.8173
267.8721,277.9888,188.4768,110.9569
271.6548,276.6081,190.2630,109.0426
275.2648,277.4923,192.3828,107.2741
276.6330,278.2191,194.3175,105.8206
277.9811,276.5614,196.2962,104.4610
281.5970,277.1417,198.4261,103.3004
285.4818,275.6121,200.0409,101.6674
287.0952,276.4014,201.5017,100.0889
288.5699,276.8984,203.2342,99.0948
292.2686,274.9434,205.2166,98.3148
295.9967,275.3047,207.1712,97.5922
297.3607,273.6230,209.1644,96.2344
300.9719,274.5431,211.3950,94.3942
302.2544,275.4482,213.5567,92.5839
305.9338,276.2673,215.6500,90.9458
309.5754,274.8742,217.8215,89.0046
311.0277,273.4152,219.6412,87.1984
314.9154,273.9597,221.3023,86.1094
320.8925,272.1365,223.5161,85.0331
324.6212,270.7060,225.5288,83.1591
328.6515,271.8068,226.9286,80.9575
334.7897,270.1966,228.7835,79.4675
338.5437,268.7582,230.6951,77.6345
346.5258,269.4291,233.5454,76.2926
345.4057,267.8240,235.7857,74.7832
349.1548,266.1564,237.7349,73.3946
352.6856,264.7356,240.1246,71.5107
355.8384,262.8662,243.2683,70.5248
359.6211,262.7144,245.2043,70.8283
362.0388,260.6075,245.1527,70.2585
364.3563,258.8490,245.2901,69.0030
366.6493,257.0226,245.4550,67.9051
366.2978,255.2818,246.1580,66.6538
368.2861,253.3955,246.9005,65.7075
370.2915,249.2753,247.6014,64.5245
372.5042,245.1154,247.8752,63.4459
376.6549,242.7375,248.9391,63.5191
378.7318,240.2715,249.4843,63.7520
380.6779,237.8049,250.3033,63.9741
382.7234,232.9953,250.9389,64.1396
384.4937,228.4769,252.1373,63.6989
386.4589,226.2438,252.9542,63.4177
388.7485,224.1180,253.1284,62.9158
388.7276,217.4190,253.1702,62.0747
393.4962,215.1496,253.0949,61.8824
394.3726,210.7178,251.3423,61.2935
394.9557,208.2816,250.1760,61.4756
398.4299,205.7707,247.9052,61.8197
400.0854,203.5544,244.5942,61.6001
403.3937,201.3985,242.5792,61.3103
404.9021,196.9141,239.5623,61.1434
405.3982,194.6965,238.5702,61.0562
408.5804,192.4101,236.7124,61.1222
409.6484,190.3372,234.5766,60.7861
410.4678,188.2139,232.9378,60.5872
411.5616,186.0878,230.7501,60.4208
415.3006,183.9516,227.6569,60.3082
416.3538,182.3109,225.5506,59.2503
416.8225,178.9955,224.6133,57.3019
417.0929,177.6161,224.0724,55.8211
419.9333,177.9691,222.5957,55.1152
421.1609,176.4638,220.1402,53.9558
421.8173,174.8069,218.8277,53.1562
415.3873,173.1217,219.4484,52.4471
414.8678,171.4008,220.4874,51.8139
412.8094,171.4666,220.5268,51.6822
408.7645,169.7727,220.4659,50.9948
406.9621,170.0235,220.0092,50.4931
407.6997,168.4205,218.5341,49.6537
406.2034,168.5789,217.5180,49.3368
403.0704,168.6438,215.8074,49.2071
401.8664,167.0217,214.2534,48.4893
400.7679,167.1010,212.5240,48.3308
401.5649,165.4163,210.9301,47.8010
398.6270,165.4251,209.0724,47.7833
395.7450,163.8726,207.1555,47.0481
396.5558,163.9737,205.5340,46.8458
395.6299,164.1141,203.6126,46.5650
392.8255,164.2713,201.7401,46.2506
390.0228,164.4791,199.9286,45.8350
388.9051,163.0821,198.4887,44.9539
388.0609,163.1314,196.5391,44.8551
385.2709,163.2322,194.9011,44.6537
382.3436,161.6877,193.5912,44.1603
381.1775,161.6927,192.3689,44.1505
380.1110,161.7380,190.9648,44.0598
375.4321,161.6707,189.7753,44.1943
372.4343,160.1184,188.7675,43.7973
371.2563,160.1205,187.6434,43.7930
368.4033,160.0846,186.4212,43.8649
365.4926,158.5309,185.3457,43.5237
364.3719,158.3471,184.1602,43.8914
361.3811,158.3418,183.3070,43.9020
358.3428,158.3222,182.5726,43.9412
355.3526,158.2746,181.7610,44.0364
352.3628,156.7123,180.9675,43.7745
351.1654,156.6262,179.9919,43.9467
348.0632,156.5996,179.4765,43.9999
344.9316,156.6101,179.0321,43.9790
341.7837,155.0262,178.6337,43.7997
338.8943,154.8654,177.7362,44.1212
337.4557,154.8197,177.2819,44.2127
334.3116,154.7354,176.9160,44.3813
331.1154,154.6960,176.6583,44.4600
327.9117,153.0839,176.4198,44.3614
326.3579,152.9956,176.2096,44.5378
324.8066,152.8836,175.9942,44.7618
318.0413,151.2372,176.2473,44.7353
316.4416,151.1543,176.1244,44.9011
314.7989,151.1124,176.0859,44.9848
311.4870,149.4109,176.0599,45.0631
309.8275,149.2518,176.0529,45.3812
306.4026,149.0735,176.2389,45.7379
303.0265,148.9743,176.3086,45.9363
299.5928,147.2824,176.4840,45.9741
297.9213,147.1546,176.4779,46.2297
294.3870,145.4429,176.8387,46.2992
292.5443,145.2929,177.1638,46.5992
287.2946,145.0670,177.5516,47.0509
285.4530,144.9248,177.8504,47.3354
283.3732,143.1392,178.6159,47.5125
279.8478,142.9984,178.8503,47.7940
278.0443,142.8681,179.0406,48.0548
274.1510,141.0618,179.9785,48.2429
272.3244,140.9090,180.1905,48.5485
268.4354,139.0272,181.0688,48.8623
264.7079,138.8553,181.5878,49.2062
262.6786,138.6525,182.1643,49.6118
260.4850,136.7408,183.0540,49.9375
253.1163,136.5317,183.7263,50.3557
252.7353,136.2930,184.4885,50.8331
250.3580,134.3459,185.6897,51.1740
244.7477,134.1339,186.1805,51.5980
244.3035,134.0051,187.0689,51.8557
242.0725,133.7805,187.9221,52.3049
237.8967,131.7914,189.0153,52.6538
235.6154,129.7832,189.9265,53.0189
231.6631,129.5452,190.4894,53.4950
229.3031,129.3162,191.5217,53.9529
226.9666,129.0598,192.4838,54.4656
222.5896,127.0363,193.7696,54.7788
220.1920,126.8019,194.8068,55.2475
217.7525,124.6433,195.9045,55.7832
213.3616,124.4101,197.0724,56.2496
210.9424,124.0882,198.0787,56.8935
208.3812,121.9201,199.3426,57.3714
205.9087,121.6158,200.4026,57.9800
201.3665,119.5600,201.6641,58.1801
198.9187,119.3632,202.6267,58.5738
196.5045,119.0373,203.5012,59.2256
193.9053,116.8747,204.7211,59.5723
191.5441,116.6662,205.4415,59.9893
189.0047,116.3688,206.5004,60.5842
184.3348,116.0909,207.7479,61.1398
181.6676,114.0092,209.0082,61.2292
179.1930,113.6780,209.8639,61.8916
176.4359,111.4590,211.2602,62.2117
171.8102,111.1687,212.2243,62.7923
169.1274,108.9166,213.4218,63.1284
168.6117,108.6285,214.4532,63.7045
166.0316,108.2940,215.3969,64.3736
161.0270,105.9737,216.9213,64.7718
158.2513,105.6430,218.2016,65.4333
155.5286,103.2807,219.3453,65.8562
152.6903,102.9384,220.6961,66.5409
149.9247,102.7489,221.8698,66.9198
147.1442,100.3912,223.0497,67.2541
144.2233,100.0977,224.4874,67.8410
143.4977,97.6512,225.9386,68.2988
140.5895,97.3897,227.2907,68.8217
137.7719,94.9674,228.4327,69.1732
134.9827,94.6480,229.4953,69.8120
131.9548,92.1252,231.0083,70.3148
128.9512,91.8637,232.4422,70.8379
128.4338,91.5575,233.4771,71.4504
125.5054,89.2020,234.7044,71.5320
122.5912,88.9304,235.8844,72.0752
119.7632,88.7105,236.8654,72.5149
119.1864,86.2820,238.0190,72.6747
116.1319,83.6902,239.4115,73.1420
113.0307,83.4443,240.8691,73.6339
112.7205,83.2037,241.4895,74.1150
109.8187,80.6126,242.5009,74.5050
106.9477,80.2872,243.4291,75.1558
106.6501,77.6908,244.0242,75.5096
103.6861,77.4742,245.0983,75.9428
103.4157,74.8907,245.6392,76.2325
100.7735,72.3259,246.0334,76.4721
100.4273,72.0868,246.7257,76.9503
97.8342,69.4949,246.9931,77.2151
97.5563,66.9384,247.5490,77.4007
97.2566,66.7112,248.1483,77.8552
94.3829,66.4523,248.9401,78.3728
94.2998,63.8637,249.1062,78.5736
91.5477,63.6709,249.6279,78.9591
91.5505,61.1436,249.6222,79.0166
91.4637,60.9222,249.7958,79.4594
91.4728,58.2112,249.7776,79.8728
88.9698,58.0768,249.7677,80.1417
89.1073,58.0209,249.4928,80.2534
89.2384,57.8432,249.2305,80.6089
89.3971,57.5515,248.9130,81.1922
87.1960,57.2497,248.2874,81.7959
87.4598,57.0064,247.7597,82.2824
87.8077,54.3931,247.0640,82.4776
85.6625,54.1987,246.3291,82.8663
86.0520,54.1448,245.5500,82.9741
86.4007,53.8975,244.8528,83.4688
86.9579,53.6762,243.7383,83.9113
87.5263,53.5129,242.6015,84.2380
85.6815,53.3923,241.2974,84.4792
86.4563,53.2421,239.7478,84.7794
87.2514,53.2357,238.1576,84.7923
88.0077,53.2926,236.6449,84.6785
88.8883,53.4207,234.8839,84.4223
89.7915,53.5219,233.0774,84.2200
90.7521,56.0479,231.1562,84.0253
91.5412,56.1349,229.5780,83.8513
89.9690,56.1709,227.9216,83.7792
90.8354,56.4418,226.1889,83.2376
91.6207,56.6863,224.6183,82.7485
92.4941,56.9671,222.8715,82.1870
93.5450,59.5637,220.7697,81.6684
94.3848,59.6292,219.0902,81.5373
95.2747,59.6663,217.3103,81.4631
96.2965,61.8736,215.2667,81.6303
97.1140,61.7124,213.6318,81.9528
97.9019,61.5295,212.0559,82.3186
98.7223,63.3835,210.4150,83.1325
99.5205,62.9007,208.8187,84.0982
100.3602,64.5370,207.1393,85.3326
100.8682,63.7810,206.1232,86.8446
101.5868,65.3591,204.6861,88.2055
102.4467,67.1837,202.9663,89.0766
100.9359,66.8064,201.4771,89.8313
102.0962,66.7305,199.1565,89.9830
103.2433,68.8793,196.8623,90.1569
104.2007,68.8035,194.9476,90.3085
105.0446,68.7700,193.2597,90.3755
105.9284,70.9874,191.4921,90.3334
106.9533,71.0585,189.4424,90.1912
107.8192,71.0824,187.7104,90.1432
108.7069,73.4063,185.9351,89.8032
109.5157,73.4581,184.3174,89.6996
110.3735,73.5394,182.6019,89.5370
111.0465,75.7745,181.2560,89.2893
111.8501,75.8837,179.6487,89.0710
112.6107,78.0007,178.1275,89.0082
113.4122,77.8988,176.5244,89.2119
114.0647,80.0675,175.2195,89.0026
114.7013,79.9660,173.9463,89.2056
115.3195,79.9482,172.7098,89.2412
116.0711,82.0744,171.2067,89.0614
116.9337,82.1073,169.4815,88.9954
117.7188,82.2110,167.9113,88.7881
118.4134,82.4192,166.5221,88.3717
119.2356,84.7392,164.8777,87.6983
119.8005,84.8029,163.7480,87.5709
120.4101,86.9944,162.5286,87.0999
121.0325,87.0721,161.2838,86.9446
121.7010,87.1789,159.9468,86.7309
122.5034,89.3913,158.3420,86.1478
123.1484,89.4709,157.0521,85.9887
123.8202,91.5465,155.7085,85.6237
124.3674,91.6186,154.6140,85.4795
124.9557,93.6193,153.4374,85.2197
125.4919,93.8260,152.3650,84.8064
125.9697,93.8968,151.4094,84.6648
126.4517,95.8144,150.4456,84.5100
126.8840,95.8711,149.5808,84.3966
127.3568,97.8344,148.6354,84.1187
127.8203,97.9507,147.7083,83.8860
130.1232,98.0507,146.7149,83.6862
130.6650,99.9600,145.6312,83.4618
131.0709,101.8679,144.8195,83.2203
131.5205,102.0705,143.9202,82.8152
133.5197,103.8271,143.4599,82.8400
133.8572,103.9109,142.7849,82.6724
134.2700,103.9198,141.9593,82.6547
136.4100,105.6311,141.1856,82.7383
136.8255,105.7304,140.3547,82.5396
137.2489,105.7010,139.5078,82.5986
137.8626,107.5247,138.2804,82.4201
138.3689,109.3661,137.2678,82.1848
138.6577,111.0374,136.6903,82.2709
139.3925,110.9710,135.2206,82.4038
141.7619,111.0195,133.8836,82.3068
142.4360,112.8966,132.5354,81.9328
144.8228,114.8146,131.1157,81.4507
145.4031,115.0048,129.9551,81.0703
145.9565,116.6881,128.8483,81.0044
148.4579,116.7426,127.1287,80.8954
149.1647,118.5831,125.7150,80.4701
149.7489,120.3089,124.5468,80.2459
152.1092,121.9956,123.0323,80.0787
154.2800,121.8565,121.8713,80.3569
154.8340,123.5066,120.7634,80.2245
156.9825,123.6620,119.6154,79.9139
159.1605,123.7848,118.3860,79.6683
161.0816,126.8493,117.6478,79.7473
162.7586,126.7106,117.3879,80.0246
164.4055,128.2650,117.1891,80.0107
165.7384,128.1509,117.6150,80.2390
167.2356,129.7400,117.7224,80.1626
168.6951,131.4461,117.9058,79.8527
168.5822,132.9660,118.1316,79.9126
171.7192,132.8708,118.0661,80.1032
173.1028,134.3502,118.4052,80.2508
174.4026,135.8440,118.9196,80.3771
175.7703,135.6411,119.3081,80.7830
175.8082,137.0615,119.2324,81.0785
177.5583,138.4301,118.8722,81.4816
181.1747,138.1941,117.9223,81.9536
183.0390,139.5197,117.3286,82.4373
186.4903,140.8147,116.6937,82.9811
188.2358,140.4828,116.3360,83.6449
191.5230,141.8410,116.0391,84.0673
193.0785,143.2891,116.0694,84.3123
195.9993,144.7733,116.5192,84.4895
197.2440,144.6689,117.1852,84.6984
201.8164,144.5542,117.5472,84.9277
203.1503,146.0884,118.0577,85.0376
204.5123,147.6117,118.5215,85.1787
207.5151,147.5466,118.9101,85.3089
210.5703,149.1906,119.2099,85.2261
213.5954,150.7292,119.5764,85.3573
215.2367,150.7020,119.5098,85.4116
219.8200,152.3003,119.9910,85.4309
221.3545,153.7714,120.1455,85.7123
223.0854,155.2186,119.9141,86.0483
226.6169,155.0370,119.3163,86.4116
233.4373,156.5155,118.5933,86.6841
235.3222,158.0126,118.0463,86.9128
236.9574,159.4955,117.9943,87.1654
242.2618,159.4201,117.0506,87.3161
245.5526,160.9753,116.8887,87.4155
247.2062,162.4548,116.7906,87.6655
250.3700,163.9572,116.8863,87.8725
255.3961,165.5004,116.4833,88.0025
258.5727,166.9465,116.5550,88.3226
261.7025,168.4174,116.7330,88.5996
264.8167,168.2697,116.9564,88.8950
269.4675,171.2656,117.3575,89.3716
270.7002,172.8251,118.1402,89.5007
273.6252,172.7972,118.8146,89.5565
276.5650,174.3358,119.4817,89.7527
281.3145,175.8834,119.8427,89.9443
282.6003,177.4787,120.5664,90.0489
287.2850,178.9477,121.1213,90.4189
288.9791,180.5872,121.0555,90.4626
294.1389,182.0006,120.7027,90.9580
297.6087,183.5003,120.4132,91.2836
302.8239,185.0129,119.9605,91.5843
306.1245,188.2129,120.0071,91.8322
307.5181,188.0074,120.5487,92.2432
312.4337,189.3168,120.7484,92.9680
313.8551,192.3190,121.2641,93.6806
315.2896,193.6247,121.7729,94.4471
318.8727,194.9947,121.4034,95.1053
322.4439,196.5230,121.0675,95.4521
329.5731,198.0314,120.4243,95.8391
331.5815,199.7997,119.8076,95.7027
332.9305,201.5411,120.4983,95.6085
334.1741,203.2349,121.4086,95.6184
336.9921,204.8786,122.5961,95.7428
338.2576,206.4314,123.4969,96.0691
341.2571,207.9494,124.3998,96.4841
346.1629,211.2114,125.0029,96.9031
345.8700,211.1339,125.5888,97.0581
349.2639,214.4168,125.7990,97.4904
350.4460,215.9861,126.9440,97.8612
353.7403,217.5037,127.4211,98.3587
355.0994,219.0144,128.2512,98.8856
358.2090,222.3560,129.1710,99.3414
359.8101,222.2830,129.5597,99.4873
361.2353,224.0157,130.3084,99.6212
364.5416,225.8121,130.9217,99.6412
366.0189,227.6741,131.5896,99.5397
367.5645,229.5287,132.1296,99.4617
368.9794,231.3503,132.9376,99.4565
372.3018,233.1538,133.5934,99.4997
373.7036,235.0542,134.4507,99.3599
375.0355,236.9704,135.4585,99.1991
376.3268,238.9681,136.5604,98.8881
375.8360,240.9009,137.5420,98.7184
377.2863,240.9907,138.3495,98.5389
378.6303,242.9626,139.3787,98.3124
379.9397,244.9231,140.4891,98.1205
379.3503,246.9537,141.6680,97.8022
380.9456,247.0214,142.2327,97.6666
380.5114,249.0740,143.1010,97.3231
381.8507,251.0619,144.1913,97.1163
383.1752,253.1311,145.3244,96.7599
382.6359,253.3185,146.4030,96.3852
384.0488,255.4059,147.3803,96.0134
383.4099,257.4712,148.6581,95.6944
384.7989,257.5648,149.7056,95.5071
384.2655,259.6396,150.7723,95.1956
383.6626,261.7887,151.9782,94.7461
383.1325,262.0568,153.0384,94.2100
382.6218,264.1863,154.0597,93.8168
384.1870,266.3698,154.8039,93.3245
383.6847,268.4794,155.8086,92.9828
383.3779,270.6113,156.4222,92.6057
383.0843,272.7465,157.0094,92.2247
382.8468,272.8311,157.4844,92.0553
382.7672,274.9262,157.6436,91.7611
382.7188,276.9456,157.7404,91.6154
382.7420,278.9793,157.6940,91.4402
382.8071,279.1153,157.5638,91.1682
382.7210,281.2910,157.7360,90.6987
382.5594,283.4635,158.0592,90.2304
382.1847,285.7543,158.8087,89.5222
381.8152,286.1162,159.5476,88.7984
379.5735,288.4955,160.1600,87.9109
377.3587,290.9364,160.7244,86.8941
377.0419,291.4334,161.3581,85.9001
376.5827,293.8529,162.2765,84.9093
376.2124,296.2027,163.0172,84.0545
373.8411,298.5361,163.9188,83.2286
373.4612,298.8828,164.6785,82.5352
371.1183,301.2470,165.5253,81.6458
370.8753,303.5277,166.0114,80.9204
370.5519,305.8635,166.6582,80.0793
368.4546,306.2322,167.0274,79.3419
366.2949,308.5345,167.5289,78.5552
364.1070,310.7525,168.0933,77.9307
363.8527,311.0229,168.6018,77.3900
363.6335,311.2451,169.0402,76.9456
361.4666,313.4203,169.5688,76.4004
359.2979,315.6086,170.1026,75.8273
359.1269,315.8487,170.4448,75.3471
356.9592,317.9960,170.9824,74.8500
354.8854,318.3075,171.3334,74.2272
352.8062,320.4039,171.7011,73.8251
352.6184,320.6434,172.0767,73.3461
350.4428,322.9271,172.6420,72.5645
348.2674,323.2245,173.2125,71.9697
348.0220,325.5140,173.7033,71.1687
343.9987,327.7661,174.2083,70.4354
341.7929,328.0723,174.8549,69.8230
341.5921,328.4332,175.2565,69.1011
339.5161,330.6911,175.6521,68.3415
337.5794,331.0929,175.7773,67.5380
337.4687,333.3398,175.9986,66.7799
335.4936,333.7601,176.2235,65.9394
333.4188,334.0927,176.6598,65.2742
331.5075,336.2617,176.7746,64.6437
331.3484,336.6084,177.0928,63.9505
329.4298,337.0042,177.2402,63.1588
327.5153,337.3868,177.3914,62.3936
325.4194,339.6044,177.9173,61.6243
323.3306,340.0314,178.4355,60.7704
321.2697,342.1991,178.9059,60.0862
319.2802,342.5857,179.2394,59.3130
317.3026,343.0758,179.5584,58.3328
315.3947,343.5352,179.7516,57.4141
313.5891,343.9514,179.7543,56.5818
313.5930,344.2983,179.7464,55.8879
311.7472,344.6252,179.8577,55.2340
311.8005,346.6223,179.7511,54.8096
310.1351,346.8231,179.5214,54.4080
308.4280,346.9899,179.3858,54.0745
306.7404,347.1634,179.2195,53.7276
306.8447,347.3326,179.0109,53.3890
305.2148,347.4067,178.7469,53.2408
305.2696,347.5126,178.6375,53.0291
303.6213,347.6323,178.4224,52.7896
302.0176,349.4385,178.1255,52.6815
302.1787,349.6106,177.8034,52.3372
300.6537,349.7783,177.3663,52.0018
300.7198,349.8389,177.2341,51.8806
299.0427,349.8399,177.1180,51.8786
299.0867,349.8532,177.0299,51.8521
297.3977,349.8253,176.9407,51.9079
297.4004,351.5003,176.9354,52.0247
295.6873,351.5176,176.8927,51.9901
295.6764,351.5121,176.9145,52.0011
293.9054,351.5082,176.9883,52.0088
293.8703,351.5479,177.0585,51.9295
293.8167,351.5493,177.1656,51.9267
293.7390,351.5664,177.3212,51.8925
293.6489,351.5429,177.5013,51.9394
291.8257,351.5184,177.6722,51.9885
291.8332,351.5616,177.6573,51.9021
291.7372,351.5515,177.8493,51.9222
291.7402,351.5703,177.8434,51.8848
291.7351,351.5971,177.8535,51.8311
291.6174,351.5729,178.0889,51.8795
291.6405,351.5947,178.0427,51.8359
