1
186.7706,113.7591,127.4587,85.4817
186.9378,113.8827,127.1244,85.2347
187.0344,114.0035,126.9312,84.9929
187.1116,114.0688,126.7768,84.8624
187.1935,114.1195,126.6130,84.7610
187.1966,115.7706,126.6069,84.7711
187.1558,115.7789,126.6884,84.7545
187.0962,117.4283,126.8076,84.7692
187.0404,119.1277,126.9192,84.6859
186.9799,120.8093,127.0402,84.6383
186.8932,120.8636,127.2135,84.5297
186.7692,122.3668,127.4617,84.8408
186.6496,125.5468,127.7008,85.1338
184.8439,127.1467,127.9772,85.2690
184.6770,128.7652,128.3110,85.3733
184.5463,130.3389,128.5725,85.5741
184.4047,131.8914,128.8557,85.8243
182.5952,133.4310,129.1109,86.1089
182.4468,135.0195,129.4078,86.3041
182.2648,136.6262,129.7717,86.4708
180.3762,139.8847,130.1607,86.7303
180.2035,141.4456,130.5060,87.0071
180.0209,142.9653,130.8713,87.3759
179.8439,146.1107,131.2252,87.9248
179.5947,147.6216,131.7235,88.3372
177.6655,150.7456,132.1334,88.9866
177.4342,152.2381,132.5959,89.4672
177.2142,155.4414,133.0361,90.0216
176.9992,156.8960,133.4660,90.6088
176.7731,158.2442,133.9182,91.4249
176.4954,161.2044,134.4736,92.5703
176.2787,162.5300,134.9069,93.4794
176.0413,167.4601,135.3818,94.3646
175.8018,167.2576,135.8607,94.7695
175.6720,170.3367,136.1203,95.8465
175.6047,171.7662,136.2551,96.6267
175.5145,173.1911,136.4353,97.4311
175.4292,178.1698,136.6061,98.4840
175.2882,179.6181,136.8881,99.2773
175.1851,181.1070,137.0941,100.0069
174.9833,184.4946,137.4978,100.6767
176.6433,185.9781,137.9173,101.4491
176.5335,189.1895,138.1369,102.5435
178.3204,190.5975,138.3429,103.5073
180.0445,193.8683,138.6936,104.5633
181.7302,195.2159,139.1436,105.6895
183.3752,196.6452,139.7003,106.6775
185.1976,201.8743,139.9267,107.8332
185.1411,203.3160,140.0397,108.8432
189.1393,204.7357,139.8667,109.9156
191.0187,206.2190,140.0344,110.8755
192.8881,207.7074,140.2402,111.8434
196.7334,211.1285,140.4766,112.9282
198.5901,214.6323,140.7479,113.8901
200.5683,215.9507,140.7960,115.2576
202.5551,217.2565,140.8498,116.6733
206.7448,220.7104,140.5724,117.8677
210.7440,222.2428,140.7060,118.8689
212.8961,221.9561,140.4860,119.4423
220.9513,225.7788,140.7356,119.9768
222.7127,227.2140,141.3151,121.2089
226.7609,228.6286,141.4812,122.5110
228.8177,229.9201,141.5223,124.0826
235.0344,231.0342,141.6304,126.0348
237.4330,232.6564,141.0466,127.0038
245.8910,232.3428,141.0099,127.6310
250.0887,235.9124,141.0729,128.9503
254.3430,237.0629,141.0668,130.9007
258.5158,238.4154,141.2857,132.4778
260.5008,239.6154,141.6264,134.3885
266.9713,240.6367,141.7243,136.6922
271.2829,241.8726,141.8699,138.6047
277.7088,243.4499,142.2686,139.8670
282.1072,245.1842,142.3578,140.8414
288.7382,247.0937,142.4753,141.4823
293.0879,249.0380,142.7195,142.0654
297.2847,251.4705,143.2954,141.6853
301.4999,253.1951,143.8408,142.7238
305.7086,254.6028,144.4491,144.4213
310.0153,256.0607,144.9338,146.0547
314.2953,255.2827,145.5389,147.6107
318.5553,256.9535,146.2518,148.8855
322.9370,258.5608,146.7840,150.3188
329.5065,260.1807,147.6811,151.7577
331.2593,261.7805,148.8909,153.2734
335.3850,263.5133,150.1562,154.5662
339.5906,263.0799,151.3424,155.4331
341.4725,262.7430,152.4096,156.1070
345.7809,264.6986,153.5098,157.0540
347.7865,264.2299,154.3892,157.9915
352.3625,263.9841,155.0758,158.4830
354.3824,266.2197,155.9738,158.9498
356.3819,265.9403,156.9342,159.5085
360.8925,265.6766,157.8798,160.0360
362.9260,265.4336,158.8192,160.5221
364.9109,265.2167,159.8783,160.9557
366.8289,265.1216,161.0949,161.1460
368.8672,265.1616,162.0929,161.0659
370.9346,265.2043,163.0473,160.9806
373.1585,265.1982,163.7022,160.9928
372.9544,265.1999,164.1104,160.9894
375.3581,265.2492,164.4225,160.8908
377.7199,265.2697,164.8219,160.8498
377.6053,265.1962,165.0512,160.9967
380.1270,265.1516,165.1423,161.0861
380.1222,262.7715,165.1519,160.7089
382.5445,262.7334,165.4389,160.7851
385.0043,262.6856,165.6565,160.8806
384.9062,260.2226,165.8528,160.6644
384.9136,260.3790,165.8378,160.3517
387.4105,260.5027,165.9807,160.1043
387.4478,258.1725,165.9061,159.6296
387.5737,258.3128,165.6543,159.3491
387.7407,258.4703,165.3203,159.0340
390.3805,256.1997,165.1485,158.4675
390.5654,256.4441,164.7787,157.9787
390.7427,254.0384,164.4241,157.7077
390.9165,251.5862,164.0765,157.5394
393.5811,251.6084,163.8119,157.4949
393.7467,249.1213,163.4805,157.4095
393.9271,249.1726,163.1198,157.3069
394.0739,246.7529,162.8262,157.1004
394.2393,244.4749,162.4954,156.6183
394.4781,242.2525,162.0179,156.0380
394.7357,242.5427,161.5025,155.4575
394.9043,240.2893,161.1655,154.9731
395.1225,237.9674,160.7291,154.6386
395.3114,238.1179,160.3512,154.3376
395.4111,235.7221,160.1519,154.1736
395.5804,233.3102,159.8131,154.0478
395.7342,233.3400,159.5056,153.9880
395.9351,230.9014,159.1039,153.9286
396.2009,228.5101,158.5723,153.7817
396.4353,226.2007,158.1035,153.4817
396.7435,223.8694,157.4871,153.2376
397.0623,221.6522,156.8494,152.7788
397.4082,219.4958,156.1576,152.2157
397.6514,219.8320,155.6713,151.5432
397.8606,217.6666,155.2528,151.0361
398.0420,215.5333,154.8900,150.4793
398.2249,213.3999,154.5242,149.9373
398.3938,213.6913,154.1864,149.3546
398.5102,211.5819,153.9536,148.7934
398.6964,209.4381,153.5813,148.3135
398.8415,207.1871,153.2911,148.0615
398.9900,204.9681,152.9940,147.7538
396.7089,202.7967,152.8202,147.3607
396.8875,200.6552,152.4630,146.9166
397.0228,198.5239,152.1924,146.4647
397.1555,196.4206,151.9271,145.9682
394.9145,194.2577,151.7179,145.6031
395.0815,192.1328,151.3839,145.1710
395.2172,190.0532,151.1125,144.6602
395.3409,187.9690,150.8652,144.1710
395.4241,185.7899,150.6987,143.8832
393.1917,183.6732,150.5249,143.4780
393.3132,181.4029,150.2818,143.3889
393.4682,179.0966,149.9718,143.3771
393.6322,176.6694,149.6438,143.6120
393.7620,174.3243,149.3843,143.6843
391.6592,171.8648,148.9748,143.9884
389.5026,169.4024,148.6745,144.2997
389.6375,166.9712,148.4047,144.5484
389.8008,164.5508,148.0782,144.7758
389.9713,162.1873,147.7370,144.8911
390.0955,159.8296,147.4887,144.9982
387.8454,157.5461,147.3829,144.9591
387.9227,155.2984,147.2283,144.8509
385.6308,150.6684,147.2126,144.9115
385.7341,148.3518,147.0059,144.9444
385.7040,146.0438,147.0661,144.9629
383.3818,143.7546,147.1116,144.9424
383.4437,141.4468,146.9878,144.9586
383.4874,139.1174,146.9005,145.0199
381.2321,136.7834,146.8137,145.0908
381.3037,134.5434,146.6706,144.9740
381.3867,132.3762,146.5047,144.7155
379.1721,130.1762,146.3477,144.5294
379.2261,127.9777,146.2398,144.3456
377.0027,125.7490,146.1105,144.2269
377.1246,123.4855,145.8667,144.1816
374.9120,121.0562,145.7242,144.4727
375.0303,118.6435,145.4876,144.7280
372.8416,116.1961,145.2946,145.0525
372.8691,113.9030,145.2397,145.0663
372.9475,111.6226,145.0828,145.0554
370.7574,109.3020,144.8938,145.1274
370.8332,106.9278,144.7423,145.3087
368.6764,104.4521,144.4881,145.6922
368.8217,102.0534,144.1975,145.9199
366.7479,97.4618,143.7765,145.9656
366.9120,95.1106,143.4483,146.1051
364.8421,92.8317,143.0281,146.1031
362.7966,90.4968,142.5659,146.2196
362.9814,90.5865,142.1965,146.0403
360.8044,88.5202,142.0113,145.6338
360.8813,86.2500,141.8577,145.6445
358.7878,83.8661,141.5171,145.8848
356.7185,81.6084,141.1297,145.8742
354.6753,81.6418,140.6965,145.8075
354.9138,79.4955,140.2196,145.5885
352.8692,77.5263,139.8081,145.0261
350.8560,77.9304,139.3490,144.2180
348.8306,76.0619,138.9343,143.4893
348.9969,74.2122,138.6019,142.7414
346.9991,69.9626,138.1668,142.3796
344.9001,67.9094,137.9469,142.0680
345.1343,68.1159,137.4785,141.6550
343.2328,63.5096,136.8860,142.0763
341.3293,61.0429,136.3000,142.6169
339.4148,58.6323,135.7368,143.0459
337.4130,56.3866,135.3506,143.1474
335.3665,54.3009,135.0583,142.9334
335.4591,52.3110,134.8730,142.5359
333.4918,48.0965,134.4395,142.2285
331.5052,46.0400,134.0561,141.9849
329.5668,44.1261,133.5862,141.4661
327.6421,42.4640,133.1045,140.4592
325.7538,40.7387,132.5735,139.6021
323.9000,39.0022,131.9952,138.7892
324.1749,37.6108,131.4453,137.3080
322.4619,35.9613,130.6393,136.3748
320.7287,33.8204,129.9010,136.4520
318.8932,31.9829,129.3778,135.9326
317.0950,30.2686,128.7964,135.1834
315.4186,28.4518,127.9923,134.6603
313.7890,26.6794,127.1155,134.0691
312.1579,24.7781,126.2650,133.7589
310.5338,20.8640,125.4186,133.3983
309.0518,21.1652,124.3073,132.7960
305.5358,19.5240,123.2428,132.0300
303.9655,17.9149,122.3640,131.2287
302.4932,16.4109,121.3156,130.2438
301.0819,15.0513,120.1770,129.0020
299.7568,15.6698,118.9038,127.7651
298.4961,14.2963,117.5414,126.6280
297.2442,15.0686,116.2006,125.0834
296.0354,15.8489,114.8191,123.5228
294.7715,16.3952,113.5941,122.4303
293.6210,17.0230,112.1789,121.1748
292.4016,17.8988,110.9436,119.4231
291.1329,17.2654,109.8537,117.0626
288.1982,18.0860,108.5771,115.4215
287.0451,18.6526,107.3560,114.2884
285.8816,19.4710,106.1930,112.6515
284.7665,20.2540,104.9773,111.0854
282.0605,22.7713,103.5848,109.4531
282.6175,23.5757,102.4708,107.8443
281.6144,26.0925,101.1652,106.1224
279.0612,28.6260,99.7433,104.3196
279.5724,31.1700,98.7210,102.4450
278.5643,32.0556,97.5693,100.6738
276.0280,36.0513,96.3981,98.9260
275.1345,38.4164,95.1094,97.2717
274.2501,40.7564,93.8487,95.6215
273.3498,44.6406,92.6655,93.8205
272.4497,48.4373,91.5289,92.1006
271.5412,50.7410,90.4539,90.3850
270.6786,54.4178,89.3314,88.7271
269.8433,59.4901,88.1979,86.9948
268.9614,61.6173,87.2029,85.4992
266.7325,66.5012,86.2212,83.8905
267.1004,68.5314,85.4855,82.5089
266.2928,73.2326,84.4551,81.0430
265.5114,77.8663,83.4118,79.5940
264.6492,79.8166,82.5694,78.2603
263.8233,85.5991,81.6887,76.8253
264.1538,87.4413,81.0276,75.6368
262.0505,94.2021,80.3006,74.4492
262.4424,95.9708,79.5170,73.3485
261.6140,101.4110,78.7668,72.0955
260.7916,105.5505,78.0365,70.9420
261.1591,109.6649,77.3013,69.7495
260.2892,112.5626,76.7263,68.5841
259.4572,117.6677,76.1027,67.5238
259.7709,121.5068,75.4753,66.6281
258.8902,126.4538,75.0000,65.6811
258.0705,129.0736,74.4252,64.8699
257.3035,134.9533,73.7669,64.0722
257.6416,137.5327,73.0907,63.2523
256.8287,142.2832,72.5708,62.3341
257.0634,146.8791,72.1013,61.6340
256.2192,151.3386,71.6852,61.1329
256.4271,155.7628,71.2695,60.6444
256.6660,158.1395,70.7917,60.0425
255.8383,162.4936,70.3885,59.5688
256.0468,167.8149,69.9715,59.1502
256.2278,171.0388,69.6095,58.7973
255.3728,174.3313,69.2989,58.2733
254.5694,178.5711,68.8986,57.8223
254.6678,182.7069,68.7020,57.5255
254.7464,186.8231,68.5448,57.2365
253.8672,189.9359,68.3244,56.9475
253.9148,194.9444,68.2291,56.7842
254.0289,198.0060,68.0008,56.5609
254.1451,202.0822,67.7684,56.2467
254.1482,206.1165,67.7623,55.9816
254.2188,209.0927,67.6211,55.8687
254.2846,213.0449,67.4895,55.7344
254.2514,216.9541,67.5560,55.6694
254.2125,220.8485,67.6338,55.6337
254.2036,222.8246,67.6515,55.5594
254.1465,227.6382,67.7657,55.6221
254.0905,231.4861,67.8777,55.6893
253.1808,233.4196,67.7536,55.7096
253.1593,237.2790,67.7965,55.7586
253.1244,239.2305,67.8663,55.7426
253.1049,243.0717,67.9054,55.8372
252.9922,245.8606,68.1307,56.0984
252.9090,247.7609,68.2972,56.2060
251.8845,251.6290,68.3878,56.3033
251.7945,252.5172,68.5678,56.4882
251.6740,255.3865,68.8087,56.6509
251.5896,258.2353,68.9776,56.8735
250.4630,260.1057,69.2511,57.0919
250.3862,261.0011,69.4048,57.2886
250.2575,264.8826,69.6622,57.4972
250.1883,264.8197,69.8006,57.6229
249.0798,268.7878,70.0131,57.7042
248.9612,269.7083,70.2504,57.8723
248.8797,270.5665,70.4134,58.1712
247.7206,274.5399,70.7090,58.3149
247.6335,274.4048,70.8831,58.5851
246.5709,277.3360,70.9717,58.8325
246.4706,278.2094,71.1723,59.1275
246.3229,279.0644,71.4678,59.4673
245.2046,279.9785,71.6445,59.6990
245.0656,281.8793,71.9226,60.0299
243.9765,282.7648,72.0248,60.3347
243.8577,284.7262,72.2626,60.5767
243.6874,284.5700,72.6031,60.8891
242.5290,286.4750,72.8197,61.2796
241.3349,288.3719,73.0980,61.7054
241.1698,288.2369,73.4282,61.9754
239.9787,289.1498,73.6799,62.2799
238.7304,291.0790,74.0374,62.7001
238.4886,290.9207,74.5210,63.0167
238.2717,291.8505,74.9547,63.3211
236.9906,292.7612,75.3413,63.6754
235.7015,292.6556,75.7322,63.8866
234.3100,293.6014,76.3184,64.1917
232.9586,294.4628,76.8107,64.6796
232.7521,295.4413,77.2235,64.9487
232.4906,295.2895,77.7466,65.2523
231.1712,296.2210,78.1356,65.6392
229.7951,297.1267,78.6258,66.0898
228.3521,297.0348,79.2350,66.2736
228.1032,296.8071,79.7328,66.7290
226.6713,297.6923,80.2924,67.2628
225.2307,298.5564,80.8521,67.8560
223.7807,298.3260,81.4124,68.3168
222.3037,299.3141,82.0108,68.6963
220.8221,299.0846,82.6029,69.1552
219.3207,300.0539,83.2182,69.6043
219.0300,299.8683,83.7995,69.9755
217.4829,299.6585,84.4745,70.3950
215.9493,299.4830,85.1053,70.7461
213.1553,299.3050,85.7898,71.1021
212.8052,299.0457,86.4902,71.6207
211.2066,300.0556,87.2002,72.0880
209.5829,299.7608,87.9418,72.6777
207.9529,299.4903,88.6752,73.2186
206.3488,300.5379,89.3369,73.6700
204.6573,300.2728,90.1557,74.2003
202.9660,300.0324,90.9531,74.6810
201.2543,299.7147,91.7712,75.3164
199.4799,299.4361,92.6920,75.8736
197.7223,299.1866,93.5559,76.3726
194.6227,300.2721,94.4100,76.8743
194.1181,300.0078,95.4191,77.4029
192.3230,299.7752,96.2914,77.8680
190.4065,299.5063,97.3855,78.4059
188.5283,299.1925,98.3777,79.0335
186.6210,298.9429,99.4024,79.5327
184.6848,298.6780,100.4613,80.0623
182.7095,298.3732,101.5736,80.6721
180.6574,297.9955,102.8125,81.4275
178.6258,297.6665,103.9792,82.0855
175.1094,297.3207,105.1618,82.7771
173.0623,296.9711,106.3017,83.4762
170.9236,296.5869,107.5959,84.2446
170.3130,296.2004,108.8170,85.0176
168.1551,295.8556,110.0861,85.7073
165.9714,295.5116,111.3761,86.3953
163.7661,295.1632,112.6783,87.0920
161.5168,293.2536,114.0374,87.7718
159.2404,292.9306,115.4188,88.4177
156.9333,292.5786,116.8302,89.1217
154.6434,292.2632,118.1739,89.7525
152.3198,290.2370,119.5543,90.5381
151.5857,288.2742,121.0225,91.1630
149.0942,287.9947,122.6723,91.7221
148.3513,287.6943,124.1582,92.3229
145.7998,285.6208,125.8612,93.0700
143.2666,283.5990,127.4895,93.6755
142.4906,283.4150,129.0415,94.0435
141.6274,281.4634,130.7680,94.4443
139.0077,279.3954,132.4724,95.0452
138.1709,277.4789,134.1459,95.3075
137.4174,277.3423,135.6528,95.5806
136.6128,275.4367,137.2621,95.7640
133.9200,271.6768,138.9926,95.9737
133.1415,271.7514,140.5496,95.8244
132.2349,268.2080,142.3627,95.4999
131.4471,266.3749,143.9383,95.4383
130.6281,264.5224,145.5764,95.3931
129.8211,260.7907,147.1904,95.3080
127.1745,258.9913,148.6865,95.1100
126.4059,255.4605,150.2238,94.5393
125.5979,253.7553,151.8399,94.1203
124.8362,250.3028,153.3632,93.3320
124.2242,246.9111,154.5871,92.4032
123.6214,243.5844,155.7927,91.3392
123.0618,240.3254,156.9121,90.1400
122.4961,237.0992,158.0433,88.8826
123.9197,234.1311,159.0465,87.1182
125.3393,231.2313,160.0423,85.2479
126.8625,228.3997,160.8136,83.2757
126.5718,225.7236,161.3949,81.0377
128.3363,221.3203,161.6310,78.5491
130.0481,218.8452,161.9328,76.0486
129.9845,218.1780,162.0600,73.6969
133.7198,214.0238,161.8832,71.0643
135.5301,211.8391,161.8608,68.2376
137.3584,211.4931,161.7520,65.3818
139.2957,211.3805,161.3728,62.1115
145.0136,206.2204,160.2316,58.7056
147.1731,205.7077,159.2665,56.3771
151.1279,201.5640,157.9527,54.7707
155.1454,197.1402,156.4177,53.8684
159.1344,194.1702,154.8629,53.3852
164.7399,189.3867,153.1940,53.4101
168.6913,186.0343,151.6059,53.8004
172.6324,182.6031,150.0070,54.3792
178.2746,178.9817,148.1108,55.3634
182.3792,175.2125,146.1415,56.6617
191.0843,173.0387,144.3067,57.8943
193.5545,170.7801,142.4770,59.3008
200.7157,168.5676,140.5922,60.6163
203.1131,167.8441,138.9027,62.0634
211.8676,165.7335,136.9259,63.1781
214.3924,165.0863,134.9736,64.4726
223.1448,162.9916,132.9260,65.5705
225.6441,162.4260,131.0079,66.7018
234.3101,161.7738,129.0364,68.0062
238.2637,161.3370,127.2606,68.8797
245.2647,160.8934,125.4761,69.7668
247.7109,160.7251,123.6271,70.1034
256.0600,162.0433,122.0369,70.4887
259.8945,163.2561,120.3773,71.0676
268.1444,164.5280,118.8263,71.5137
270.4247,165.9021,117.2399,71.7397
278.4738,167.3048,115.9138,71.8888
280.5544,168.6800,114.6897,72.0755
287.0734,171.6305,113.3395,72.0185
292.0352,173.1172,112.1185,71.9460
296.9607,177.4211,110.9116,71.9822
301.7362,178.6996,109.9520,72.2889
306.4842,182.8928,109.0198,72.4663
311.1432,184.2988,108.2323,72.4979
315.7230,187.1587,107.5694,72.4425
320.3055,191.4361,106.8683,72.3516
323.4449,194.2950,106.2079,72.2521
327.9536,197.0528,105.5836,72.3319
333.8716,199.9620,104.9057,72.0927
335.5464,202.8835,104.3317,71.8003
342.6918,207.0565,103.8502,71.7401
344.3608,209.9548,103.2658,71.4507
348.6929,214.1415,102.8215,71.2973
351.6164,218.2242,102.4361,71.3242
355.8421,220.9797,102.1610,71.2640
360.0836,223.7045,101.8386,71.2549
362.9681,227.8249,101.5001,71.1599
367.1510,231.8588,101.2600,71.2175
369.9614,234.5320,101.0508,71.2829
375.4510,238.5793,100.8867,71.2997
378.1924,241.3033,100.8071,71.2548
380.8927,245.3787,100.8057,71.2029
383.6581,248.1122,100.6725,71.1334
387.7147,252.0568,100.6460,71.3308
389.0800,253.4333,100.6138,71.2763
393.0578,257.3750,100.7495,71.4841
397.1415,260.0457,100.6897,71.5479
398.4126,262.6947,100.8501,71.6551
401.1089,265.2204,100.8711,72.0175
405.2141,267.9154,100.8003,72.0539
406.4623,271.9524,101.0166,72.1179
409.0755,271.9104,101.2242,72.2019
410.3112,275.8425,101.4745,72.5022
412.9672,277.1004,101.6229,72.7169
415.5679,281.1125,101.8937,72.9007
416.9037,282.3911,101.9652,73.0868
419.5424,283.6514,102.1825,73.3136
420.7432,286.2753,102.5352,73.5744
422.0390,286.0955,102.7077,73.9341
424.6788,288.6456,102.9731,74.3789
426.0293,288.5385,103.0560,74.5931
427.3396,289.8805,103.2239,74.6977
428.6212,291.1750,103.4538,74.9016
428.5277,291.0479,103.6406,75.1557
428.4194,292.3233,103.8573,75.4117
429.6818,292.2062,104.1466,75.6459
430.9330,293.4940,104.4667,75.8928
430.8049,294.7318,104.7230,76.2486
430.6514,294.5647,105.0299,76.5828
431.9457,294.4374,105.2926,76.8373
431.7784,294.2609,105.6273,77.1904
433.0113,295.5616,106.0317,77.4591
432.8205,295.3765,106.4133,77.8294
432.6379,295.1913,106.7786,78.1997
432.4242,294.9562,107.2059,78.6699
432.1870,296.2148,107.6803,79.0713
431.9754,296.0203,108.1036,79.4603
431.8080,295.7988,108.4384,79.9034
431.5824,295.6118,108.8895,80.2773
431.3739,295.4173,109.3065,80.6664
431.1507,296.6349,109.7530,81.2143
430.9123,296.2879,110.2298,81.9084
430.7243,296.0359,110.6058,82.4123
430.4635,295.7789,111.1273,82.9263
428.6118,295.4910,111.7829,83.5021
426.7627,295.1689,112.4137,84.1463
426.5216,294.8989,112.8959,84.6863
426.2427,294.6049,113.4537,85.2744
424.3115,294.2054,114.1944,86.0734
422.3557,293.9010,114.9600,86.6822
421.9713,293.5493,115.7289,87.3855
418.4213,293.1212,116.4471,88.2418
418.0088,292.7045,117.2721,89.0751
414.3670,292.3302,118.0718,89.8238
413.9934,291.9798,118.8190,90.5245
411.9363,291.5787,119.6439,91.3267
408.2704,291.2438,120.3461,91.9966
407.9090,290.8718,121.0688,92.7405
404.1515,290.5179,121.8645,93.4483
402.0327,290.0894,122.7187,94.3055
399.9232,289.6838,123.5272,95.1165
397.8005,289.2221,124.3368,96.0400
395.7836,286.9924,124.9072,97.0360
391.9770,286.5045,125.5438,98.0118
389.9663,286.0057,126.0514,99.0094
386.0673,283.7585,126.7737,99.9660
383.8869,283.2327,127.5700,101.0176
379.8748,282.7444,128.4069,101.9942
375.8446,280.4119,129.2224,103.0368
373.6412,279.9191,129.9774,104.0223
369.5156,277.5512,130.8699,105.0787
367.2299,277.0068,131.7311,106.1675
363.0975,274.6057,132.5139,107.2287
358.9879,272.1466,133.1925,108.3767
356.7171,271.4935,133.9350,109.6830
350.6228,269.0662,134.6283,110.7058
348.3531,268.3672,135.3089,112.1039
342.1022,265.8530,136.1346,113.2402
339.8149,263.1935,136.7862,114.6363
335.4253,262.5450,137.6542,115.9331
331.1092,259.8274,138.3069,117.3786
328.7341,257.1792,139.0338,118.6519
320.1416,254.5322,139.9993,119.8910
317.6766,253.8748,140.8397,121.2057
313.1089,251.2479,141.7274,122.3358
310.5876,248.5499,142.6143,123.5761
301.6757,245.8725,143.6810,124.7416
299.0977,245.2656,144.6125,125.9554
294.3830,242.3651,145.5251,127.4981
287.4700,239.4597,146.4594,129.0116
284.8004,236.5851,147.4627,130.4248
275.5348,235.8911,148.4974,131.8128
272.8358,232.9021,149.4829,133.3785
267.8882,229.9578,150.4727,134.8144
262.9170,226.9825,151.4332,136.2739
255.5710,223.9684,152.5375,137.7729
252.7238,220.9173,153.6615,139.3046
245.2516,217.8602,154.7691,140.8066
240.0117,217.1019,155.9420,142.3233
234.7762,214.0128,157.0213,143.8056
229.4652,210.9017,158.1707,145.2916
224.1091,207.7248,159.3272,146.8674
218.6626,204.4871,160.5783,148.5219
213.1643,201.2906,161.8414,150.0481
207.5983,198.0868,163.1518,151.5448
204.4736,197.3736,164.4462,152.9714
196.3377,194.0050,165.7242,154.7106
193.1968,190.6329,166.9607,156.4093
187.5063,187.3075,168.1581,157.9684
184.3248,183.9677,169.3860,159.5127
178.5155,180.6440,170.6467,160.9812
175.2937,177.3214,171.8684,162.4044
172.0454,174.0423,173.1013,163.6990
168.7473,173.3939,174.3941,164.9959
165.5136,170.0155,175.5173,166.4084
162.2141,166.6784,176.7322,167.6986
158.9309,163.3744,177.8748,168.8829
155.6398,162.9362,178.9968,169.7593
152.4001,159.6732,179.9845,170.7935
149.0709,156.3879,181.1193,171.8405
145.8132,153.1959,182.0768,172.6666
145.3691,150.0363,182.9650,173.3997
144.9662,146.9185,183.7707,174.0239
144.6219,146.6858,184.4592,174.4892
144.3647,143.5965,184.9737,175.0156
144.1362,140.5800,185.4306,175.3801
143.8618,137.5616,185.9796,175.7353
143.6384,137.4555,186.4264,175.9475
143.4298,134.5476,186.8434,176.0573
143.2583,131.5760,187.1866,176.2861
143.0052,131.5465,187.6927,176.3451
142.7751,128.5942,188.1528,176.5175
142.5141,128.5913,188.6750,176.5233
142.2375,128.5814,189.2280,176.5431
141.9627,125.7156,189.7776,176.5155
141.6812,125.8115,190.3407,176.3237
141.4277,125.8994,190.8477,176.1479
141.1702,123.1571,191.3627,175.8541
140.9252,123.4017,191.8526,175.3649
140.6648,123.6024,192.3736,174.9635
140.3392,123.8039,193.0247,174.5606
140.1095,124.0156,193.4841,174.1371
142.7762,124.2131,193.9380,173.7421
142.4371,124.4376,194.6161,173.2931
142.0939,124.6644,195.3026,172.8395
144.7005,124.9242,195.8841,172.3199
144.3631,125.1496,196.5591,171.8692
144.0450,125.4006,197.1952,171.3672
146.7019,125.7764,197.6821,170.6155
146.3649,126.0894,198.3559,169.9896
146.0526,126.4570,198.9805,169.2544
148.6551,126.8626,199.5699,168.4431
151.2377,127.2540,200.1949,167.6603
150.8936,127.6672,200.8831,166.8339
153.5032,128.1285,201.4485,165.9113
156.0759,128.6484,202.0817,164.8716
155.8116,129.1329,202.6101,163.9026
158.3738,132.5064,203.2496,162.9193
160.9211,133.0353,203.9126,161.8615
163.4944,136.5141,204.5166,160.6547
166.1385,137.1431,204.9689,159.3966
168.6847,140.7043,205.6033,158.0011
168.4239,141.4316,206.1249,156.5465
170.9529,144.9333,206.7648,155.2411
173.5212,145.6573,207.3148,153.7932
176.0695,146.3831,207.8893,152.3415
178.5789,149.9193,208.5266,150.9252
181.1140,153.4957,209.0987,149.4148
183.6729,154.2785,209.6072,147.8492
189.0249,157.9675,210.1195,146.0793
191.6268,158.7738,210.5025,144.4667
194.1851,159.7022,210.9518,142.6099
196.8119,163.5350,211.2401,140.4862
202.2077,167.2559,211.4701,138.5553
204.8574,168.1815,211.6530,136.7041
207.4857,169.1076,211.8505,134.8519
210.0802,172.7842,212.0875,132.9249
215.3515,176.4620,212.3397,130.9666
217.9805,177.4219,212.4501,129.0469
223.2129,181.0186,212.6607,127.1910
225.8708,181.8797,212.6544,125.4689
228.4278,182.7076,212.8206,123.8131
233.6287,186.2954,212.9284,121.8922
236.1323,187.1140,213.1451,120.2550
241.3009,190.6301,213.2062,118.4220
243.8076,191.4514,213.3618,116.7794
248.9037,194.9897,213.4559,114.8459
251.3690,195.7770,213.6367,113.2714
256.4078,199.1408,213.7334,111.6309
258.9073,199.7594,213.7949,110.3937
261.4715,200.3167,213.7065,109.2792
266.4875,203.4435,213.7134,108.0449
268.9526,203.9527,213.7815,107.0267
271.4179,204.4441,213.8324,106.0438
276.3271,207.4564,213.9449,104.9847
278.7743,207.8652,213.9992,104.1669
281.1512,208.3244,214.1808,103.2486
286.0235,211.2853,214.2801,102.2487
288.5103,211.7953,214.2125,101.2288
290.9792,212.1376,214.1620,100.5443
293.3936,212.5213,214.2078,99.7769
298.1868,212.8978,214.3451,99.0237
300.5241,213.2587,214.5211,98.3020
302.9057,216.0685,214.5985,97.5230
305.2035,216.5194,214.8311,96.6212
307.5230,216.9030,215.0077,95.8541
309.8444,217.2963,215.1696,95.0674
312.1371,217.6654,215.3775,94.3292
314.4298,217.9319,215.5752,93.7962
314.3330,218.1854,215.7689,93.2893
316.6631,218.3666,215.8792,92.9268
319.0116,218.5903,215.9480,92.4793
318.9357,218.7890,216.0997,92.0819
321.2866,221.4600,216.1519,91.4941
323.5596,221.7034,216.3504,91.0072
323.5277,221.8847,216.4141,90.6446
325.8392,222.0598,216.5242,90.2944
325.8535,222.2161,216.4957,89.9819
325.8853,222.3717,216.4320,89.6706
328.1868,222.5182,216.5451,89.3776
328.2018,222.6222,216.5149,89.1696
328.1781,222.7245,216.5625,88.9650
328.1714,222.8181,216.5758,88.7778
328.1994,222.8831,216.5199,88.6478
