1
232.7299,334.6146,45.5402,40.7709
232.8745,335.3693,45.2510,40.6202
235.0883,340.8512,44.8787,40.4708
235.9090,343.6022,44.5811,40.3433
236.7445,343.6863,44.2470,40.1750
238.1962,343.1428,44.0018,39.9331
239.5869,342.5676,43.8632,39.7621
241.6840,342.0905,43.6187,39.3998
244.4276,340.9614,43.3594,39.0440
245.0901,341.1014,43.3316,38.7639
247.1019,339.9440,43.1849,38.4940
250.3594,337.4865,43.0987,38.2662
250.9729,337.0320,43.1525,37.8944
253.5503,336.6278,43.1003,37.4270
256.1416,334.9197,42.9872,37.0412
258.0486,334.4904,42.9514,36.6405
261.8366,332.8486,42.8900,36.1667
264.3657,331.2607,42.8073,35.6108
266.2130,330.2592,42.8135,35.1466
269.2433,329.3145,42.8842,34.5837
271.6837,327.2560,42.8761,33.8276
274.1606,326.3331,42.7458,33.2618
277.1276,325.9652,42.7848,32.8031
278.8923,323.9597,42.8188,32.0631
282.4294,323.1794,42.8017,31.2711
285.3097,321.1998,42.8560,30.5785
285.8966,320.3028,42.8345,30.0677
289.9676,317.8346,42.6982,29.2858
291.6378,317.5499,42.7438,28.7265
294.4624,315.7455,42.6949,27.8549
296.1082,314.4969,42.7181,27.0375
299.8596,313.7107,42.8562,26.4269
300.3139,312.9942,43.0309,25.6931
303.5631,310.1104,42.9742,25.0190
304.6274,309.9140,42.9684,24.3504
306.6984,307.6308,43.0262,23.6670
308.7565,307.8914,43.0667,23.1458
311.3097,307.2454,43.1146,22.3763
312.2963,304.5255,43.1781,21.7060
314.2595,304.8812,43.2825,20.9945
315.2359,303.8036,43.3234,20.1590
316.2371,302.2811,43.2869,19.2722
318.0414,302.0844,43.5459,18.6987
319.8221,301.0265,43.8264,17.9330
319.7835,300.3933,43.9037,17.2974
321.6968,299.3578,43.8401,16.5461
322.0640,299.1499,44.0319,16.0357
322.9353,298.9564,44.1292,15.5027
324.3145,298.3199,44.1056,14.9526
324.7730,297.7289,44.0899,14.3319
325.1663,297.5412,44.1932,13.8176
325.5351,297.3235,44.3372,13.3714
326.8250,296.6627,44.3837,12.9419
326.8361,296.8891,44.3616,12.4892
326.8497,296.6712,44.3344,12.0655
327.2147,296.8722,44.4554,11.6636
327.6257,297.0648,44.4786,11.2783
327.5697,297.2640,44.5907,10.8799
327.9235,298.2815,44.7153,10.5094
327.8703,298.3984,44.8217,10.2756
327.8424,298.5112,44.8775,10.0501
327.8607,299.0296,44.8409,9.8336
327.3849,301.5773,44.9768,9.6325
327.7594,301.2692,45.0416,9.4350
327.7155,301.2729,45.1293,9.4275
326.9391,301.2680,45.0584,9.4373
326.8608,301.2478,45.2150,9.4777
326.4726,301.1687,45.1773,9.6359
325.6440,301.0812,45.2015,9.8109
325.6024,301.0211,45.2845,9.9311
325.1850,300.9427,45.2956,10.0880
323.9525,300.8330,45.2799,10.3074
323.9592,300.7145,45.2663,10.5443
323.1486,300.2048,45.2170,10.7285
322.2937,299.6566,45.2504,10.9868
322.2663,299.1474,45.3053,11.1616
321.8435,299.0044,45.3032,11.4475
321.4562,298.4368,45.2248,11.7299
320.1906,297.9157,45.1843,11.9147
320.1858,297.7737,45.1938,12.1988
319.7075,297.2076,45.2848,12.4651
319.2221,296.6219,45.3835,12.7646
318.3618,294.7577,45.3463,12.9772
317.0618,294.6430,45.2990,13.2067
316.1083,294.0646,45.4340,13.4775
316.0548,293.9510,45.5409,13.7046
315.1202,292.4919,45.6128,13.9267
314.6410,292.3571,45.6674,14.1963
313.6642,291.3377,45.8018,14.4159
312.7288,289.8988,45.8416,14.5472
312.3320,289.3195,45.7167,14.7872
312.2863,288.7244,45.8079,15.0563
310.8209,287.6986,45.9566,15.2531
310.3389,287.1206,45.9875,15.4758
309.8170,286.4950,46.0936,15.7895
309.7419,284.4960,46.2437,16.0080
309.1605,284.3668,46.4557,16.2664
308.1621,282.8759,46.5349,16.3721
308.1861,282.2740,46.4870,16.6139
308.1040,280.7338,46.6512,16.7981
307.0732,280.1567,46.7706,16.9810
306.9985,279.0511,46.9199,17.2399
307.0125,277.4662,46.8918,17.4608
306.4785,276.8246,46.9733,17.7575
305.9518,275.2394,47.0337,17.9484
305.9062,274.6187,47.1249,18.1926
305.8071,273.9741,47.3229,18.4787
305.7274,272.3353,47.4825,18.7231
305.7048,271.1785,47.5276,19.0013
305.6396,270.0153,47.6580,19.2810
306.1166,267.7963,47.7342,19.5981
305.9877,267.1146,47.9920,19.9247
305.9162,265.9171,48.1350,20.2266
306.4274,263.6228,48.1664,20.5997
306.3310,262.9273,48.3593,20.9297
306.7830,261.7253,48.5249,21.1946
307.2179,261.0018,48.7317,21.5650
307.6617,259.1888,48.9304,21.9324
308.1379,257.3987,49.0734,22.2261
308.6242,256.0976,49.2036,22.6229
309.6827,254.7459,49.3098,23.1031
311.2566,253.9382,49.5266,23.5969
311.7147,252.0019,49.7437,24.0696
313.3683,250.0375,49.8706,24.5642
313.8696,249.8086,50.0231,25.0221
315.5660,248.3976,50.1262,25.5134
317.2215,246.3437,50.3411,26.0954
317.7004,244.8698,50.5719,26.6661
320.0114,244.6218,50.7567,27.1621
321.7131,242.4519,50.9919,27.8632
322.2371,241.5304,51.1723,28.4777
325.2436,240.5875,51.3671,29.1220
326.2759,237.6866,51.8131,29.9024
326.8725,237.3445,51.8952,30.5866
329.9872,236.3477,52.1060,31.2922
329.8672,235.9921,52.3461,32.0033
332.3957,234.2916,52.5637,32.7669
334.2663,233.2329,52.8267,33.5496
336.1392,230.8076,53.1361,34.3450
336.7405,230.4581,53.3032,35.0440
340.0384,229.9902,53.6266,35.9798
340.6188,228.8570,53.8700,36.8420
341.8848,227.6892,54.1824,37.7553
346.1614,226.5323,54.2815,38.6270
346.1170,226.0731,54.3703,39.5454
347.4562,224.8488,54.6408,40.5196
348.8457,223.6698,54.8507,41.3832
351.7690,222.4263,55.0511,42.3584
352.3429,221.1338,55.4342,43.4128
352.9898,220.6061,55.6941,44.4682
356.0180,219.2454,55.9372,45.6146
357.4778,217.9005,56.2119,46.7073
358.1118,217.3203,56.5630,47.8677
359.6157,215.9683,56.8415,48.9285
360.2814,215.4124,57.1747,50.0403
362.6306,214.8387,57.5387,51.1877
363.3040,214.2336,57.9033,52.3978
363.9744,213.6273,58.2990,53.6106
365.5810,213.1035,58.6099,54.6581
366.2593,211.6382,59.0367,55.8052
366.9763,210.2251,59.4110,56.8232
367.6534,209.6398,59.8872,57.9936
368.3911,209.0754,60.2680,59.1225
369.1242,208.5619,60.6821,60.1494
370.8446,207.0462,61.0469,61.2781
370.7203,206.5394,61.2956,62.2915
371.4824,205.9344,61.7176,63.5017
372.2081,205.3419,62.2380,64.6866
371.9566,204.8009,62.7411,65.7686
371.7329,204.2879,63.1885,66.7947
372.4757,203.7153,63.7497,67.9397
372.2622,203.2213,64.1767,68.9279
372.9911,202.6887,64.8146,69.9931
372.7076,202.1636,65.3818,71.0431
372.4174,201.6692,65.9622,72.0319
372.0441,200.0936,66.7088,73.0107
371.6700,199.7085,67.4570,73.7808
371.2603,199.2869,68.2763,74.6239
370.8385,198.8419,69.1199,75.5139
370.3773,198.4068,70.0423,76.3842
369.8827,198.0829,71.0315,77.0320
369.3814,197.6676,72.0341,77.8626
368.8260,197.2762,73.1449,78.6455
369.3940,196.9580,74.3988,79.2817
368.7292,196.6135,75.7286,79.9708
367.9809,197.4472,77.2251,80.7550
368.3380,198.3461,78.9986,81.4450
368.6640,198.0438,80.8732,82.0496
368.9641,199.0663,82.8386,82.5703
369.1813,200.1671,85.0092,82.9736
369.3183,201.2426,87.3805,83.4679
372.0988,202.3572,89.8907,83.9291
372.1087,203.5462,92.6077,84.2880
373.4421,204.7820,95.5109,84.6014
373.3269,206.0768,98.5764,84.8469
374.6674,207.4824,101.6685,84.9222
375.9071,210.3904,105.0599,84.9773
377.1592,210.3100,108.5329,85.1379
378.3730,211.8943,112.1939,85.0138
381.1451,213.5061,115.9445,84.8884
380.8385,215.2285,119.7110,84.5969
380.6454,217.0339,123.3028,84.1916
383.6859,218.8994,126.9809,83.7138
383.4451,219.1936,130.7631,83.1252
384.8557,221.2047,134.6366,82.4505
386.2416,223.3315,138.6526,81.5909
385.9842,223.9016,142.6067,80.4507
387.6031,224.4935,146.3257,79.2668
389.1479,226.9155,150.2624,77.9359
389.0943,227.5352,153.9179,76.6966
389.1390,230.0876,157.4090,75.1721
389.4004,230.8913,160.4912,73.5648
389.6304,231.7919,163.6530,71.7636
388.2435,232.7592,166.4268,69.8289
388.6938,233.7482,169.1683,67.8510
387.4351,234.7832,171.6856,65.7810
386.3439,235.9035,173.8681,63.5405
385.4795,237.0666,175.5969,61.2143
384.7736,238.2706,177.0086,58.8063
384.2513,239.4845,178.0533,56.3784
382.0956,240.6949,178.7992,53.9577
380.0413,241.9164,179.3767,51.5146
374.6298,243.1438,179.7178,49.0599
372.8316,244.3663,179.8614,46.6148
367.8943,245.5733,179.5100,44.2007
364.7781,246.7748,179.0262,41.7979
360.1971,247.9246,178.2719,39.4983
354.0880,249.0237,177.4873,37.2999
351.5107,250.0325,176.2475,35.2823
344.1904,250.9272,175.1838,33.4931
340.1969,251.6593,173.8977,32.0289
331.7397,252.1577,172.5452,31.0320
329.5513,252.3733,170.9100,30.6009
319.7533,252.4390,169.6818,30.4695
317.5539,252.3019,168.1700,30.7436
307.7729,252.0150,167.1544,31.3175
302.3499,251.5540,166.2530,32.2394
293.8893,251.0291,165.5202,33.2892
286.9201,253.2696,164.6953,34.7135
279.7872,253.9248,164.1169,36.3721
270.9854,255.9764,163.7637,38.2544
264.9166,256.3386,163.8053,40.5539
255.7156,259.6328,163.7966,43.1708
251.1572,259.8038,163.5599,45.9468
243.2958,263.1339,163.4493,48.7865
238.3573,264.7188,163.6723,52.0528
233.2065,266.3042,164.1290,55.4452
228.0006,267.9590,164.4899,58.8362
224.4121,269.6001,164.8326,62.3883
220.7001,271.3506,165.2842,65.8598
215.3114,271.3987,165.3971,69.3183
211.7668,273.1163,165.2502,73.1192
210.1499,274.9291,164.8008,76.8598
206.7009,275.0133,164.2145,80.4335
205.3648,275.1433,163.0908,83.9693
204.1137,277.0628,161.7525,87.8113
203.0022,277.1242,160.0889,91.5753
201.9376,277.1386,158.2918,95.4729
203.0196,277.0781,156.1277,99.5595
204.1525,277.2420,153.8619,103.2336
205.5367,277.4404,151.0936,106.8659
207.2057,277.6278,147.7554,110.5384
209.1567,276.0132,143.8534,113.7675
211.2776,276.4723,139.6116,116.8995
213.4677,275.0421,135.2315,119.7598
217.6935,273.7264,130.7936,122.3913
222.0132,272.5789,126.1409,124.6863
226.4247,271.6454,121.2679,126.5532
230.9589,270.9317,116.1019,127.9807
235.5464,270.4091,110.7697,129.0258
238.2653,268.1429,105.3319,129.7848
242.9931,266.0426,99.5738,130.2878
247.6228,264.4819,93.9263,129.7973
252.1764,263.2533,88.3310,128.7428
254.7191,262.0943,83.2456,127.6571
259.1210,261.1885,77.7446,126.1657
261.4599,260.2444,73.0667,124.8656
265.4949,257.9823,68.0870,123.2093
267.5514,257.3328,63.9740,121.5272
269.5286,253.8982,60.0197,119.7386
271.3845,253.4082,56.3078,117.9271
273.2342,251.6488,52.6083,116.0445
274.9496,250.0235,49.1775,114.0780
276.5378,249.7199,46.0011,112.1656
278.0102,248.3022,43.0564,110.1296
279.2920,248.0630,40.4929,108.2542
279.4118,246.7986,37.9722,106.2211
279.2015,245.4471,36.1867,104.5116
278.8977,245.2234,34.6448,102.8096
279.3125,243.8732,33.8153,101.3160
278.5689,242.6685,33.2418,99.6042
276.6910,242.3599,32.9461,98.1955
275.6662,242.9818,32.9955,96.9519
274.6141,242.6273,33.1162,95.6773
273.5630,242.0931,33.2508,94.7782
272.4709,241.5189,33.4779,93.9695
271.3456,240.7860,33.7787,93.4856
271.1502,241.0354,34.1695,92.9868
270.0313,241.1916,34.4592,92.6744
269.9524,241.3235,34.6171,92.4106
269.8624,241.4086,34.7970,92.2402
269.7947,241.4624,34.9324,92.1327
269.8033,240.5726,34.9153,91.9627
269.7778,240.5977,34.9662,91.9125
269.7615,240.6306,34.9989,91.8467
269.7704,240.6548,34.9810,91.7983
269.7743,240.6809,34.9732,91.7460
269.7728,240.7027,34.9763,91.7025
269.7833,240.7253,34.9553,91.6572
269.8145,240.7410,34.8927,91.6260
269.8120,240.7629,34.8977,91.5820
269.8320,240.7647,34.8578,91.5784
269.8009,240.7724,34.9200,91.5630
269.8145,240.7994,34.8928,91.5090
269.8122,240.8022,34.8974,91.5035
269.8187,240.8045,34.8843,91.4988
269.8001,240.8058,34.9216,91.4962
269.7847,240.7972,34.9524,91.5135
269.7811,240.7776,34.9597,91.5527
269.7804,240.7834,34.9609,91.5410
269.7924,240.7903,34.9370,91.5273
269.7798,240.7613,34.9623,91.5852
269.7774,240.7693,34.9669,91.5692
269.7849,240.7939,34.9521,91.5200
269.7890,240.8052,34.9437,91.4974
269.7946,240.7876,34.9327,91.5327
269.7697,240.7630,34.9823,91.5818
269.7794,240.7663,34.9631,91.5752
269.7741,240.7791,34.9735,91.5496
269.7635,240.7922,34.9947,91.5235
269.7667,240.7954,34.9884,91.5170
269.7943,240.8085,34.9332,91.4909
269.7900,240.7943,34.9417,91.5193
269.8024,240.8081,34.9170,91.4917
269.7734,240.8022,34.9750,91.5035
269.7897,240.8121,34.9424,91.4837
269.7953,240.8077,34.9312,91.4925
269.7756,240.7804,34.9706,91.5471
269.7724,240.7898,34.9769,91.5283
269.7971,240.7996,34.9277,91.5087
269.7945,240.7916,34.9327,91.5247
269.8072,240.7920,34.9075,91.5238
269.8095,240.7954,34.9027,91.5171
269.7879,240.7879,34.9461,91.5321
269.8120,240.8053,34.8979,91.4972
269.8022,240.7973,34.9175,91.5132
269.7992,240.7926,34.9235,91.5227
269.7979,240.7884,34.9261,91.5310
269.7763,240.7722,34.9692,91.5635
269.7990,240.7838,34.9239,91.5402
269.7928,240.7778,34.9362,91.5522
269.7890,240.7942,34.9438,91.5195
269.7979,240.7843,34.9259,91.5392
269.7879,240.7797,34.9460,91.5485
269.7991,240.7947,34.9236,91.5184
269.7924,240.7942,34.9371,91.5195
269.7757,240.7767,34.9704,91.5544
269.7966,240.7937,34.9286,91.5204
269.7832,240.7790,34.9555,91.5498
269.8655,240.8240,34.7908,91.4600
270.9606,240.8684,34.5382,91.3710
270.0201,240.7397,34.4875,91.6285
269.0036,239.6610,34.5860,91.8513
267.9757,239.3233,34.7024,92.5268
266.9836,238.0315,34.7354,93.1591
264.9988,237.5305,34.7832,94.1612
262.9427,236.9831,34.9434,95.2560
259.7866,235.4171,35.2717,96.3934
258.5236,233.7058,35.7808,97.7991
254.1519,231.8029,36.3396,99.5588
251.8899,229.8635,36.7007,101.3562
248.4603,228.8415,37.2190,103.4002
243.8293,227.7683,37.8718,105.5466
241.1291,225.7902,38.8826,107.3080
236.1966,224.6158,39.7945,109.6567
233.4249,221.2343,40.7611,111.8430
230.5982,220.1319,41.7402,114.0478
225.1537,218.8517,43.0837,116.6081
223.2085,216.6923,44.5268,118.4798
218.6443,215.4642,46.1549,120.9359
215.1555,214.4706,48.0033,122.9231
211.4787,213.5001,50.1041,124.8642
207.6766,212.6482,52.3248,126.5680
205.1873,211.8860,54.5476,128.0923
204.0017,211.1891,56.9188,129.4862
201.3267,210.5953,59.3894,130.6738
198.5688,210.1517,61.9652,131.5610
197.2027,209.7747,64.6973,132.3149
194.2169,209.5191,67.6125,132.8261
192.7223,209.3628,70.6016,133.1387
191.1848,209.3195,73.6767,133.2253
189.6084,207.8137,76.8295,133.0125
188.1025,208.0804,79.8412,132.4792
186.6634,208.4985,82.7194,131.6430
187.0064,207.4683,85.3871,130.3495
187.3732,206.4959,88.0325,128.9155
187.8382,205.7086,90.5037,127.0888
188.3804,204.9846,92.8339,125.1222
189.0041,204.3309,95.0095,123.0068
189.7740,203.7573,96.8959,120.7277
192.2643,203.2969,98.7594,118.2265
193.1575,202.8403,100.3865,115.7261
194.1191,202.4652,101.8645,113.0749
196.9257,200.4162,103.0189,110.4056
198.1131,200.0938,104.0046,107.6898
201.1117,199.6873,104.6747,105.1693
202.4956,199.3309,105.2114,102.5774
205.5657,197.3965,105.6156,99.9018
207.0667,196.9805,105.8498,97.4975
208.6286,196.6110,105.9278,95.0349
210.1808,196.1809,105.9868,92.7316
213.2826,195.7693,106.0386,90.4271
214.9836,196.8625,105.7282,88.2406
216.7035,196.3392,105.3398,86.2357
218.4657,197.3151,104.8287,84.2840
220.2065,198.2224,104.3208,82.4694
220.5681,199.0599,103.5976,80.7944
222.3621,199.8585,102.9079,79.1972
224.1781,200.4743,102.1376,77.9655
226.0680,202.3714,101.1876,77.0012
226.5097,204.2145,100.3043,76.1146
226.9147,208.7074,99.4943,75.4439
227.3668,210.3864,98.5900,74.8344
227.9310,213.2700,97.4617,74.5167
228.5320,214.7148,96.2596,74.3293
227.8822,219.9653,94.8783,74.5518
227.2993,219.9230,93.3807,74.6364
226.6543,223.6314,92.0290,75.1450
224.8272,224.7293,90.4246,75.5786
223.0934,227.0275,88.6690,76.2055
221.4449,229.2140,86.7768,77.0215
219.8148,230.0300,84.8803,77.9680
218.3238,232.0639,82.7344,79.0280
216.9699,232.6909,80.3476,80.3212
215.7353,233.2888,77.7563,81.6558
213.3065,233.8388,75.0833,83.0660
212.1530,234.2944,72.4107,84.6446
211.0961,233.5638,69.5817,86.1058
210.1420,233.9946,66.5933,87.6926
208.1085,233.2399,63.3882,89.2019
207.3372,232.5956,60.1421,90.4905
207.7645,232.0153,56.9273,91.6510
206.2273,231.3218,53.0304,93.0380
206.8365,229.7274,49.5334,93.9481
207.5703,228.2631,45.8335,94.6445
208.2325,226.8722,42.3304,95.2476
208.7372,225.4946,39.1949,95.8768
210.1264,221.1346,36.4165,96.2777
211.4151,220.0203,33.8391,96.4705
212.6589,216.1796,31.3515,96.1839
214.9415,215.3328,28.7288,95.9351
220.1386,214.4579,25.8968,95.7944
221.0215,211.0502,24.1309,95.2671
228.0077,210.2040,22.7230,95.1646
228.4004,207.0619,21.9375,94.3821
232.9101,206.5401,21.6217,93.6848
234.2954,203.5999,22.3010,92.6657
237.1810,203.1615,23.4244,91.8187
239.1543,200.2305,24.6770,90.7482
243.6615,199.9339,26.1127,89.5998
244.5555,197.8980,27.8295,88.4146
250.0005,197.6391,29.3109,87.1651
251.8994,196.5233,30.8435,85.8430
256.5729,196.3383,32.2116,84.4273
261.2045,196.0908,33.6898,83.1320
263.1760,194.9898,35.1409,81.7378
267.9997,195.6413,36.3155,80.4349
270.0589,195.4238,37.6135,79.0644
274.9684,195.1942,38.6437,77.7155
277.9971,194.9929,39.8121,76.3116
282.0503,195.5949,40.7358,75.1075
283.4846,196.1483,41.4753,74.0009
287.6069,196.7537,42.2328,72.7901
289.1297,197.2457,42.7778,71.8061
291.5060,197.6913,43.3949,70.9147
293.0572,198.0393,43.8668,70.2189
295.5202,198.3568,44.2944,69.5839
295.3387,198.5463,44.6575,69.2047
296.0614,198.7217,44.9948,68.8539
295.9188,198.9034,45.2800,68.4907
295.8391,198.9715,45.4394,68.3543
295.7814,199.0217,45.5549,68.2539
295.7375,199.0575,45.6427,68.1824
295.7210,199.0691,45.6755,68.1592
295.6943,199.0707,45.7290,68.1560
296.6081,199.1227,45.6862,68.0520
296.5967,199.1230,45.7089,68.0514
296.5782,199.1112,45.7459,68.0749
296.5661,199.1019,45.7702,68.0936
296.6164,199.1668,45.6696,67.9638
296.6181,199.1794,45.6662,67.9387
296.6025,199.1751,45.6973,67.9472
296.6032,199.1645,45.6958,67.9685
296.5966,199.1691,45.7090,67.9593
296.5869,199.1690,45.7285,67.9594
296.6022,199.1623,45.6979,67.9728
296.5950,199.1617,45.7123,67.9740
296.5985,199.1782,45.7052,67.9410
296.5968,199.1885,45.7086,67.9204
296.5988,199.1950,45.7047,67.9073
296.6072,199.1909,45.6878,67.9156
296.6021,199.1724,45.6982,67.9527
296.5870,199.1697,45.7284,67.9580
296.5941,199.1852,45.7141,67.9271
296.6034,199.1861,45.6956,67.9253
296.6075,199.1962,45.6874,67.9051
296.6154,199.1926,45.6715,67.9122
296.6041,199.1933,45.6942,67.9109
296.6018,199.1867,45.6987,67.9240
296.6050,199.1820,45.6922,67.9335
296.6017,199.1645,45.6989,67.9684
296.5887,199.1630,45.7248,67.9714
296.5810,199.1498,45.7403,67.9977
296.5695,199.1436,45.7634,68.0103
296.5567,199.1351,45.7889,68.0272
296.5645,199.1379,45.7733,68.0217
296.5613,199.1272,45.7797,68.0430
296.5571,199.1175,45.7882,68.0623
296.5991,199.1767,45.7042,67.9440
296.5968,199.1562,45.7087,67.9849
296.5820,199.1390,45.7384,68.0194
296.5832,199.1397,45.7359,68.0181
296.5719,199.1354,45.7585,68.0265
296.5688,199.1351,45.7646,68.0271
296.5731,199.1339,45.7562,68.0297
296.5646,199.1257,45.7731,68.0459
296.5513,199.1094,45.7997,68.0785
296.5940,199.1756,45.7143,67.9462
296.6079,199.1721,45.6866,67.9532
296.6010,199.1829,45.7003,67.9315
296.6075,199.1826,45.6874,67.9321
296.6086,199.1910,45.6852,67.9155
296.6114,199.2000,45.6796,67.8974
296.6155,199.2081,45.6713,67.8813
296.6157,199.1964,45.6709,67.9047
296.6075,199.1834,45.6875,67.9306
296.6065,199.1790,45.6893,67.9393
296.6093,199.1909,45.6837,67.9157
296.6185,199.1956,45.6653,67.9062
296.6068,199.1786,45.6887,67.9403
296.5970,199.1740,45.7084,67.9495
296.6061,199.1802,45.6901,67.9370
296.5970,199.1692,45.7083,67.9591
296.5956,199.1771,45.7112,67.9432
296.5974,199.1827,45.7076,67.9320
296.5956,199.1613,45.7112,67.9748
296.5949,199.1603,45.7125,67.9769
296.5875,199.1479,45.7274,68.0015
296.5703,199.1382,45.7617,68.0210
296.5689,199.1388,45.7646,68.0197
296.5701,199.1406,45.7621,68.0162
296.5596,199.1324,45.7832,68.0326
296.5687,199.1400,45.7650,68.0174
296.5661,199.1226,45.7701,68.0522
296.5493,199.1137,45.8038,68.0700
296.5859,199.1649,45.7305,67.9675
296.5818,199.1593,45.7387,67.9787
296.5740,199.1440,45.7543,68.0094
296.5804,199.1478,45.7415,68.0018
296.5734,199.1397,45.7556,68.0180
296.5780,199.1541,45.7463,67.9893
296.5857,199.1467,45.7309,68.0041
296.5893,199.1557,45.7238,67.9861
296.5809,199.1476,45.7406,68.0022
296.5850,199.1512,45.7324,67.9951
296.5889,199.1439,45.7246,68.0096
296.5823,199.1416,45.7377,68.0142
296.5697,199.1290,45.7629,68.0395
296.5635,199.1125,45.7753,68.0724
296.5663,199.1177,45.7698,68.0620
296.5609,199.1138,45.7805,68.0698
296.5591,199.1096,45.7840,68.0781
296.6025,199.1542,45.6973,67.9891
296.5954,199.1623,45.7115,67.9727
296.5925,199.1633,45.7173,67.9707
296.5898,199.1504,45.7226,67.9967
296.5901,199.1507,45.7222,67.9961
296.5800,199.1453,45.7422,68.0069
296.5784,199.1438,45.7455,68.0098
296.5666,199.1358,45.7692,68.0258
296.5629,199.1221,45.7766,68.0532
296.5506,199.1026,45.8011,68.0922
296.5906,199.1454,45.7212,68.0067
296.5934,199.1521,45.7155,67.9933
296.5846,199.1350,45.7331,68.0275
296.5734,199.1303,45.7556,68.0368
296.5719,199.1359,45.7586,68.0257
296.5698,199.1286,45.7628,68.0402
296.5752,199.1384,45.7520,68.0206
296.5788,199.1445,45.7448,68.0084
296.5820,199.1475,45.7384,68.0025
296.5862,199.1542,45.7298,67.9889
296.5871,199.1366,45.7281,68.0243
296.5827,199.1491,45.7370,67.9992
296.5877,199.1505,45.7270,67.9965
296.5796,199.1427,45.7432,68.0120
296.5734,199.1378,45.7556,68.0218
296.5716,199.1136,45.7591,68.0702
296.5562,199.1091,45.7899,68.0793
296.6102,199.1455,45.6819,68.0063
296.6160,199.1650,45.6703,67.9674
297.5526,199.0701,45.5782,68.1572
297.6092,198.9996,45.4650,68.2982
298.6087,199.7432,45.2484,68.5934
299.6523,201.4345,44.9445,68.7775
300.6924,202.2265,44.6452,68.9746
301.8142,202.9935,44.1807,69.2196
303.8831,205.4467,43.5927,69.6379
305.0450,206.0538,43.0404,70.1950
307.2271,208.5672,42.2168,70.4793
309.3575,210.0468,41.4775,71.0416
310.6397,211.4819,40.6697,71.6847
313.7958,213.8096,39.6148,72.2866
316.9189,215.2217,38.5986,72.9491
319.2065,215.8663,37.4949,73.3955
322.4024,219.0769,36.2728,73.8675
324.7433,219.7129,35.0093,74.3045
327.0586,221.1933,33.7655,74.7305
332.8347,221.9129,32.2804,74.9693
334.2797,224.2673,31.0458,75.2261
336.7338,224.3732,29.4116,75.0143
340.8812,226.0018,27.5360,74.9667
343.3047,227.0056,25.8298,74.5295
346.4655,228.6823,24.1079,74.2426
347.1008,228.8483,22.8375,73.9105
350.1385,229.1083,21.1707,73.3905
351.4245,229.4134,20.0299,72.7804
352.4858,229.7850,19.3086,72.0372
352.6838,230.1610,18.9126,71.2851
352.6685,229.8744,18.9431,70.4990
351.9144,229.6708,19.1027,69.5574
351.6851,230.1913,19.5614,68.5166
350.1533,229.6152,19.9601,67.0040
347.2244,229.5950,20.5439,65.7259
346.1119,229.6320,21.4579,64.3406
343.0508,229.6907,22.3469,62.9150
340.5350,229.7432,23.4660,61.5058
337.4034,229.9207,24.5124,59.8466
334.9307,230.1182,25.5608,58.1526
330.6027,230.2458,26.4582,56.6043
328.8759,230.4720,27.3391,54.8656
323.9886,231.2447,28.1795,53.3202
320.9658,232.0647,29.1528,51.6802
316.7979,232.1882,29.9254,50.1727
314.4990,232.3972,30.7694,48.5033
310.4266,233.0512,31.4709,47.1954
306.4404,233.7071,32.0473,45.8835
303.7467,234.9855,32.5451,44.5491
299.2796,235.5672,33.0065,43.3858
296.6316,236.7029,33.5016,42.3146
294.0636,237.2379,33.8698,41.2445
290.8973,237.7184,34.2950,40.2836
288.4030,238.1850,34.5896,39.3505
287.6389,239.1325,34.9539,38.6192
284.0995,239.4651,35.0830,37.9540
283.3991,240.3808,35.3340,37.2727
281.5960,240.6563,35.5101,36.7215
281.5334,240.8852,35.6355,36.2638
280.9196,241.0462,35.7308,35.9418
280.9084,241.2376,35.7531,35.5589
