1
465.8713,266.5793,65.2573,77.8414
466.1426,266.6539,64.7148,77.6921
466.3374,266.7171,64.3252,77.5657
466.4628,266.7912,64.0745,77.4176
466.5395,266.8386,63.9210,77.3229
466.5088,265.7995,63.9824,77.1791
466.5106,265.8344,63.9788,77.1095
465.4488,264.6489,63.8829,77.2610
465.4606,263.5297,63.8593,77.2791
464.3774,262.4032,63.8055,77.3120
463.2606,261.2800,63.8195,77.3386
462.1334,260.1347,63.8535,77.4087
461.0112,258.9379,63.8758,77.5803
460.9687,257.7976,63.9608,77.6358
459.9116,255.5256,63.8477,77.7254
458.8513,254.3227,63.7414,77.9043
456.6717,252.0040,63.6450,78.0861
455.5699,249.6084,63.6194,78.4191
454.4778,248.4562,63.5699,78.4896
453.3576,246.2271,63.5762,78.4798
451.1849,245.0640,63.4536,78.5718
450.1293,242.7132,63.3314,78.8067
447.9340,240.3241,63.2518,79.1147
445.6955,237.9763,63.2518,79.3332
444.5732,236.7479,63.2544,79.5481
442.3156,233.2104,63.2792,79.8876
441.1950,231.9917,63.2698,80.0742
437.8370,228.3762,63.2253,80.5447
436.6480,227.0698,63.3432,80.8974
435.5483,223.4239,63.2754,81.3874
432.2317,222.1235,63.0874,81.7146
431.1244,220.6642,63.0265,82.3574
427.6802,216.9231,63.0615,82.9864
426.5644,215.4963,62.9985,83.5453
423.1403,211.8414,62.9404,83.9488
421.9335,211.5600,63.0467,84.5117
419.6441,206.6398,62.9904,85.0817
416.1771,204.2722,62.9483,85.1661
414.9490,203.0319,63.0786,85.3208
412.5664,199.4548,63.1829,85.4836
409.0508,198.1308,63.2103,85.7970
407.8923,196.5682,63.1874,86.5825
404.5627,195.0921,62.7924,87.1834
403.5006,192.4523,62.5627,87.7549
398.8883,190.9535,62.3518,88.3936
396.4692,187.0894,62.4598,89.0267
393.8690,185.6492,62.9073,89.5306
392.3752,184.2218,63.5035,89.9940
387.3711,182.7515,63.8786,90.5263
386.0402,181.3760,64.1180,90.8548
381.1458,179.9215,64.1810,91.3325
379.7675,177.2359,64.4980,91.8242
376.0056,175.5637,64.6647,92.7162
373.4594,173.9330,64.8200,93.5090
369.6889,172.3006,64.9117,94.2908
365.8329,170.6159,65.1344,95.1637
364.4895,169.1336,65.3079,95.6150
359.3179,167.8869,65.5592,95.5856
356.6619,167.6756,65.8180,96.0082
353.9890,166.0516,66.0890,96.7187
349.9549,164.3566,66.4996,97.5563
347.2272,162.6680,66.8111,98.3616
344.3795,162.2974,67.3279,99.1028
340.2795,160.3667,67.7011,100.3552
336.1611,159.9841,68.0357,101.1203
334.5911,158.1378,68.5246,102.1618
330.3011,157.6580,69.0799,103.1213
327.3312,157.3145,69.6227,103.8083
324.2689,156.9147,70.3115,104.6079
319.7376,155.1739,71.1500,105.3483
318.0417,154.8516,71.7753,105.9929
313.4259,154.3121,72.6473,107.0717
311.6331,153.8939,73.4157,107.9082
307.0222,153.5243,74.1100,108.6475
305.2306,153.2383,74.8280,109.2195
301.9409,153.0472,75.6359,109.6017
300.1171,152.7369,76.3788,110.2222
295.3987,152.4460,77.0360,110.8039
293.5518,152.2492,77.7837,111.1976
290.2015,151.9341,78.5555,111.8278
288.3187,151.6658,79.3344,112.3644
284.9183,151.2630,80.1198,113.1701
282.9918,152.4884,80.9402,113.7520
279.5633,152.2121,81.6869,114.3045
277.6214,153.4388,82.4948,114.9270
275.6785,153.1460,83.2821,115.5126
272.1281,154.4037,84.1423,116.1176
271.7963,155.7097,84.8059,116.6491
269.7928,155.3708,85.6502,117.3270
267.7801,155.0272,86.4890,118.0142
265.7309,156.2897,87.3765,118.7002
263.7491,155.9836,88.1042,119.3122
261.7276,157.3100,88.8901,119.9166
259.7071,158.7015,89.6517,120.4129
259.3606,158.4496,90.3448,120.9166
257.3262,159.8248,91.0953,121.4844
257.0272,159.5389,91.6934,122.0562
256.6459,160.9576,92.4559,122.5765
254.5659,162.3918,93.2380,123.0861
254.1802,162.0772,94.0093,123.7153
253.7569,163.5459,94.8559,124.1986
253.3306,163.2823,95.7086,124.7259
251.1224,164.8165,96.6611,125.1214
250.7037,164.5564,97.4985,125.6415
250.2629,166.0792,98.3800,126.1029
248.0279,167.6214,99.3216,126.5470
247.6501,167.4215,100.0772,126.9468
247.1648,168.9896,101.0479,127.3795
246.7040,170.5732,101.9694,127.8036
244.4109,172.1744,102.9429,128.2139
243.9892,171.9113,103.7863,128.7402
243.5609,171.6805,104.6429,129.2018
243.1193,173.3365,105.5260,129.5672
240.7558,174.9535,106.5556,130.0307
240.3288,176.6072,107.4097,130.4444
239.9221,176.4617,108.2231,130.7354
239.4598,178.1699,109.1477,131.0781
237.1046,179.9308,110.0790,131.3354
236.6660,179.8108,110.9560,131.5754
236.2386,179.7068,111.8108,131.7833
235.8213,181.5234,112.6455,131.9831
235.3856,183.3287,113.5169,132.2218
234.9710,185.1766,114.3461,132.3932
234.5647,187.0173,115.1588,132.5949
232.1950,186.9508,115.9988,132.7278
231.7859,188.8444,116.8170,132.8554
231.3647,190.7725,117.6595,132.9290
230.9986,190.6920,118.3917,133.0900
230.6031,192.6270,119.1827,133.1786
230.2273,194.6065,119.9344,133.1924
227.8499,194.5263,120.7043,133.3527
227.4953,196.5028,121.4135,133.3993
227.1183,196.4108,122.1674,133.5834
226.7526,198.2770,122.8988,133.8775
226.3846,200.2045,123.6349,134.0653
226.0436,200.1693,124.3169,134.1358
223.6757,202.1457,124.9833,134.2524
223.3112,202.0943,125.7121,134.3551
222.9553,204.0445,126.4240,134.5497
222.6469,206.0639,127.0407,134.6203
222.3205,206.0154,127.6937,134.7172
222.0360,208.0662,128.2627,134.7477
221.7709,210.1320,128.7928,134.7576
221.4868,210.0859,129.3610,134.8499
219.0846,212.1911,130.0048,134.8000
218.7903,214.2238,130.5935,134.9046
218.5032,214.1319,131.1676,135.0885
218.2225,216.2242,131.7291,135.0968
217.9756,218.3273,132.2228,135.0925
217.6979,218.2412,132.7784,135.2646
217.3915,220.3221,133.3911,135.3240
217.1194,220.3269,133.9353,135.3144
216.8711,222.4265,134.4319,135.3554
216.5959,222.4171,134.9823,135.3740
216.3255,224.5794,135.5231,135.3071
216.1024,224.5936,135.9693,135.2786
215.9081,226.7659,136.3578,135.2057
215.6915,228.8542,136.7911,135.3056
215.5062,228.8507,137.1617,135.3127
215.3142,231.0121,137.5457,135.2808
215.1620,231.0382,137.8501,135.2286
212.8743,233.2058,138.1251,135.1938
212.7081,233.2549,138.4574,135.0957
212.5399,235.4099,138.7939,135.0935
212.3774,235.4488,139.1188,135.0155
212.2155,237.6368,139.4428,134.9566
212.0275,237.6781,139.8187,134.8740
211.9191,237.7276,140.0355,134.7749
211.8162,239.9430,140.2413,134.6716
211.6791,239.9507,140.5155,134.6564
211.5821,242.1507,140.7095,134.5896
211.4530,244.3871,140.9676,134.4518
211.2967,244.4843,141.2802,134.2574
211.1363,244.4877,141.6010,134.2507
211.0533,246.6579,141.7671,134.2539
210.9028,246.6979,142.0680,134.1740
210.7693,246.7139,142.3351,134.1420
210.6421,246.7036,142.5895,134.1626
210.6375,248.8563,142.5988,134.2149
210.5740,251.0523,142.7257,134.1817
210.4593,251.1838,142.9551,133.9186
210.3496,251.2399,143.1745,133.8064
210.2449,251.2355,143.3838,133.8153
210.1107,251.2198,143.6524,133.8467
210.0111,253.3496,143.8515,133.9565
209.9188,253.4147,144.0360,133.8262
209.8317,253.4459,144.2103,133.7638
209.7316,253.4447,144.4104,133.7664
209.6517,255.5978,144.5702,133.8401
209.5347,255.6801,144.8042,133.6755
209.4208,255.7155,145.0321,133.6046
209.2993,255.7121,145.2751,133.6115
209.2162,255.6770,145.4412,133.6816
209.1370,257.7912,145.5996,133.8478
209.0502,257.8155,145.7732,133.7994
208.9455,257.8004,145.9826,133.8296
208.8569,257.8323,146.1599,133.7657
208.7615,257.8288,146.3507,133.7727
208.6727,257.7915,146.5283,133.8474
208.6128,257.7580,146.6480,133.9143
208.5500,257.7020,146.7736,134.0263
208.5187,257.6477,146.8363,134.1349
208.5009,257.5651,146.8718,134.3000
208.4494,257.4507,146.9749,134.5289
208.3833,257.3705,147.1071,134.6892
208.3559,257.2421,147.1619,134.9460
208.3016,257.0811,147.2704,135.2681
208.2580,256.9627,147.3577,135.5049
208.2257,256.8171,147.4223,135.7960
206.0272,256.7158,147.3601,135.9987
205.9962,256.5851,147.4221,136.2601
205.9386,256.4153,147.5373,136.5997
205.9177,256.2269,147.5791,136.9765
203.6746,256.0294,147.5849,137.3714
203.6546,255.7578,147.6248,137.9147
203.6309,255.4766,147.6722,138.4771
201.3273,255.2370,147.7737,138.9563
201.3474,254.9370,147.7336,139.5563
201.3475,252.3789,147.7334,140.1487
199.0421,252.1391,147.8110,140.6284
199.0236,251.8067,147.8480,141.2931
196.7593,251.4631,147.8235,141.9803
196.8043,248.8276,147.7336,142.6877
196.8309,248.4613,147.6802,143.4202
194.6049,245.7565,147.5482,144.2458
194.6128,245.3471,147.5323,145.0646
194.6139,244.9427,147.5302,145.8734
192.3472,242.2901,147.4430,146.5580
192.4153,241.9059,147.3068,147.3264
190.1520,241.5535,147.1936,148.0312
190.2389,238.8441,147.0198,148.8009
190.3188,238.4052,146.8599,149.6786
188.0165,237.9886,146.7946,150.5119
188.1382,235.1959,146.5512,151.4153
188.2550,234.7612,146.3177,152.2848
186.0508,231.9514,146.0239,153.2023
186.1927,229.1368,145.7401,154.1196
186.3344,228.6903,145.4567,155.0124
184.1422,228.2228,145.1099,155.9476
184.3116,225.3308,144.7711,156.9911
184.5248,224.8419,144.3447,157.9690
182.2646,221.9430,144.1056,159.0072
182.4780,221.3457,143.6786,160.2017
180.2908,220.8530,143.2694,161.1871
180.5664,217.9149,142.7182,162.2708
180.8188,217.3891,142.2133,163.3224
178.5612,214.4677,141.9197,164.3565
178.8111,213.9954,141.4201,165.3011
176.5958,211.0441,141.0240,166.3772
176.8779,210.5803,140.4598,167.3048
177.0800,210.0741,140.0556,168.3172
174.9558,209.5612,139.4528,169.3430
175.1817,206.6004,139.0011,170.4073
175.4319,206.1077,138.5006,171.3927
173.3355,203.1452,137.8201,172.4443
173.6400,202.6859,137.2111,173.3629
173.9552,199.7996,136.5807,174.2529
171.8470,199.2708,135.9110,175.3105
172.1383,198.7887,135.3285,176.2748
172.4500,195.7739,134.7052,177.4078
170.3637,195.3609,133.9741,178.2337
170.6631,194.8510,133.3753,179.2537
168.5229,191.9796,132.7456,180.0863
168.7939,191.6270,132.2036,180.7917
169.1545,188.8495,131.4825,181.4324
169.4733,188.4868,130.8449,182.1577
167.3240,188.1552,130.2309,182.8210
167.5834,185.4005,129.7121,183.4180
167.8408,185.0058,129.1972,184.2073
168.0902,184.6677,128.6985,184.8834
165.9012,181.8361,128.1580,185.6283
166.1512,181.5034,127.6579,186.2935
166.4346,181.1863,127.0911,186.9277
166.7036,178.3626,126.5532,187.6525
166.9885,177.9933,125.9834,188.3911
167.2284,177.6105,125.5035,189.1567
164.9687,174.8248,125.0931,189.7984
165.2498,174.5089,124.5309,190.4300
165.5184,174.1655,123.9937,191.1169
165.7538,171.3745,123.5229,191.7647
165.9544,171.0440,123.1217,192.4258
166.2247,170.7164,122.5811,193.0809
166.5063,167.9835,122.0178,193.6069
166.7659,167.6582,121.4987,194.2573
167.0483,167.3768,120.9339,194.8202
167.3497,164.6998,120.3312,195.2359
167.5869,164.4182,119.8567,195.7990
167.8452,164.1988,119.3401,196.2378
168.1207,161.5407,118.7891,196.6212
168.3690,158.8757,118.2926,197.0222
171.0970,158.6784,117.7632,197.4168
171.3418,156.0471,117.2737,197.7556
174.0490,155.8545,116.7797,198.1409
174.2681,153.2406,116.3414,198.4508
176.9705,153.0032,115.8517,198.9257
177.1726,152.8380,115.4475,199.2560
179.8106,150.1626,115.0833,199.6950
180.0183,147.4678,114.6679,200.1724
182.7046,147.1802,114.2075,200.7477
185.3678,144.3964,113.7940,201.4025
188.0262,144.1730,113.3928,201.8491
188.1667,141.4854,113.1117,202.3091
190.7982,138.7626,112.7661,202.8373
193.4235,138.4795,112.4348,203.4035
196.0190,135.7240,112.1658,203.9925
198.5623,135.4113,112.0053,204.6179
201.1236,132.7293,111.8152,205.0493
203.6579,132.4714,111.6823,205.5651
206.2225,129.8215,111.4942,205.9238
208.7714,129.6516,111.3395,206.2637
211.3103,127.0277,111.2071,206.5660
211.3138,126.8429,111.2001,206.9356
216.3715,124.1076,110.9908,207.4534
218.8434,123.8905,111.0040,207.8874
221.3245,121.1273,111.0054,208.4503
223.7601,118.4856,111.1062,208.7616
226.2312,118.3555,111.1421,209.0219
228.6368,115.7653,111.3137,209.2197
231.0705,113.2753,111.4348,209.2111
233.4150,113.2014,111.7362,209.3588
235.7180,110.6750,112.1282,209.4137
240.6153,110.6368,112.3444,209.4901
240.4095,110.6310,112.7560,209.5018
245.3035,107.9931,113.0028,209.7601
247.5805,105.5141,113.4743,209.6927
249.8246,103.0726,114.0185,209.5432
252.0095,103.1607,114.6884,209.3669
254.2814,100.6249,115.1931,209.3901
256.5270,100.6753,115.7594,209.2894
261.4004,98.3511,116.1438,208.8720
263.6874,95.9257,116.6358,208.6568
266.0493,93.4265,116.9831,208.5840
265.8419,90.9388,117.3980,208.4833
270.5926,91.0274,118.0598,208.3061
272.8611,88.5885,118.6132,208.0936
275.0561,86.0325,119.3196,208.1092
277.2127,85.9488,120.1151,208.2767
279.3831,83.3044,120.8990,208.4406
281.4969,80.6480,121.8118,208.6131
283.5613,80.6522,122.8416,208.6047
285.6262,77.9718,123.8876,208.7897
285.1469,77.9761,124.8462,208.7810
287.3098,75.6905,125.7325,208.1400
289.4307,73.3470,126.7085,207.6094
291.5527,71.3304,127.6906,206.4164
290.9481,71.6376,128.8998,205.8020
293.0291,69.0902,129.9738,205.6609
292.5004,66.6079,131.0312,205.3736
294.5474,64.0334,132.2025,205.2572
296.6414,61.5097,133.2976,205.0215
296.1128,58.7512,134.3549,205.2408
298.1743,56.0832,135.5506,205.2579
297.5982,56.1602,136.7026,205.1040
299.6647,53.7837,137.9255,204.5011
299.1881,51.4117,138.8788,203.8781
298.8242,51.5923,139.6065,203.5169
298.4927,49.1482,140.2695,203.0251
298.1567,49.4675,140.9414,202.3866
297.8417,47.0920,141.5714,201.7526
297.5077,47.5147,142.2395,200.9072
297.1226,45.3619,143.0098,199.8286
296.7568,43.4001,143.7413,198.3717
296.4879,44.1452,144.2791,196.8815
296.1809,42.2667,144.8932,195.2819
295.8743,43.1445,145.5063,193.5264
295.5773,44.1290,146.1003,191.5574
295.2492,42.5314,146.7564,189.4472
294.9758,43.8430,147.3033,186.8239
294.7315,44.8399,147.7919,184.8301
294.4925,45.7866,148.2699,182.9368
294.2886,46.6764,148.6777,181.1572
291.5010,47.7501,149.0649,179.0098
288.8104,48.9187,149.2850,176.6725
288.8441,50.0242,149.2176,174.4615
288.8790,51.0149,149.1477,172.4801
286.3658,51.9042,149.1125,170.7015
286.4145,52.8218,149.0151,168.8663
284.0228,53.6674,148.7951,167.1752
281.8065,54.8315,148.2538,164.8469
281.9832,55.7917,147.9004,162.9266
279.7708,56.8589,147.4316,160.7922
277.5467,60.3911,147.0271,158.5806
275.3944,63.9454,146.5198,156.2839
273.2953,67.4620,145.9501,154.0185
271.3238,70.9438,145.1697,151.7784
269.4293,74.4906,144.2825,149.3608
267.6945,75.4752,143.1279,147.3916
268.2584,78.5338,142.0002,145.8494
264.2640,81.4235,140.9230,144.6030
264.9449,84.3292,139.5612,143.2880
263.0938,86.9577,138.8093,142.4853
261.2642,89.8643,138.0387,141.1017
259.3822,95.3450,137.4070,138.9321
257.4222,98.6152,136.9750,136.7435
255.6048,101.8432,136.2994,134.5980
253.6775,104.8566,135.8878,132.8373
251.8270,109.8900,135.3571,131.2340
249.8987,112.6522,135.0155,129.9079
248.1221,115.3714,134.3969,128.6413
246.3293,120.1703,133.8405,127.3277
246.5773,122.8613,133.3443,126.0582
244.9477,125.7377,132.5188,124.3900
243.3136,128.5739,131.7417,122.7629
241.7102,131.3747,130.9414,121.1687
240.0640,135.9297,130.2642,119.9976
240.1500,138.3900,130.0922,119.0173
238.1614,142.6358,130.1474,118.3698
238.2759,144.9933,129.9184,117.5674
236.3675,147.3433,129.8390,116.7635
234.3959,149.7984,129.9001,115.7356
234.2697,151.9568,130.1525,115.2854
234.0958,154.2842,130.5003,114.4939
232.1581,156.7007,130.5196,113.5171
230.2154,157.0473,130.5641,112.8239
230.1196,159.3063,130.7558,112.1362
228.2127,161.2299,130.7473,112.1113
228.2238,162.8902,130.7251,112.6125
228.3613,164.7297,130.4501,112.7628
226.3659,166.6251,130.6132,112.7997
226.2875,166.8999,130.7701,112.2500
224.2982,169.1927,130.9244,111.4888
224.1800,171.4107,131.1608,110.8672
224.1655,173.4717,131.1898,110.5534
222.1949,173.4042,131.3275,110.6883
222.2649,173.4594,131.1875,110.5779
220.3977,175.6052,131.1180,110.0903
218.5026,175.6785,131.1132,109.9435
218.4679,177.5341,131.1826,110.0248
216.5683,177.3149,131.1870,110.4634
216.4449,177.1065,131.4338,110.8801
216.3962,176.8631,131.5312,111.3669
216.3942,176.7112,131.5352,111.6708
216.3580,176.4482,131.6076,112.1967
216.4488,176.2749,131.4261,112.5433
214.4620,176.1811,131.5605,112.7309
214.4112,175.9581,131.6621,113.1770
214.2564,175.5973,131.9717,113.8986
214.0638,175.1905,132.3569,114.7122
211.9469,174.8956,132.7023,115.3018
211.7955,174.6581,133.0051,115.7770
211.6512,174.4257,133.2938,116.2417
211.6584,172.2089,133.2792,116.7480
209.8171,172.0757,133.0265,117.0143
209.8606,171.7784,132.9396,117.6089
209.8712,171.4174,132.9184,118.3308
209.7683,171.1273,133.1242,118.9111
207.6172,168.4407,133.4588,120.3169
207.5225,165.6223,133.6483,121.9585
209.6183,165.1435,133.4809,122.9162
209.6537,164.8688,133.4101,123.4654
209.8092,162.6690,133.0991,123.8205
210.0112,162.5529,132.6951,124.0527
210.1479,160.3961,132.4218,124.3236
210.2917,158.2656,132.1342,124.5420
210.5431,158.1790,131.6314,124.7152
210.7906,158.3833,131.1364,124.3065
211.0581,156.4750,130.6014,124.1009
211.3607,156.5327,129.9962,123.9853
211.6269,154.4649,129.4638,124.1216
211.6952,154.4610,129.3271,124.1294
211.7321,152.3333,129.2533,124.3935
211.8895,150.3849,128.9386,124.2960
212.0173,150.2641,128.6828,124.5377
211.9796,148.1963,128.7584,124.6857
212.0101,146.2644,128.6974,124.5583
212.1061,146.1877,128.5053,124.7119
212.2878,145.7715,128.1419,125.5442
212.3979,143.8553,127.9218,125.3815
214.7445,141.8355,127.2175,125.4322
215.2263,141.9054,126.2540,125.2924
215.5924,142.3595,125.5217,124.3842
215.9326,140.3375,124.8413,124.4927
216.4756,138.4464,123.7553,124.3483
216.7503,138.3322,123.2059,124.5768
217.1794,136.2849,122.3477,124.7693
217.5743,135.9579,121.5580,125.4232
218.0264,136.4567,120.6538,124.4256
218.3903,136.5726,119.9259,124.1938
218.6054,136.9921,119.4957,123.3549
220.5343,137.4560,119.4623,122.4271
220.6995,137.7178,119.1319,121.9035
220.6909,136.0674,119.1490,121.4085
222.5474,136.2422,119.2243,121.0590
222.9166,136.4058,118.4860,120.7317
223.3415,134.5246,117.6361,120.7271
223.7830,134.4094,116.7531,120.9573
224.2637,134.3806,115.7916,121.0150
224.6821,134.5305,114.9550,120.7150
224.9494,134.6075,114.4203,120.5611
225.1871,134.8398,113.9449,120.0965
225.3978,135.1520,113.5236,119.4721
225.6146,135.5398,113.0899,118.6965
225.9026,136.0609,112.5139,117.6544
226.1242,136.5136,112.0706,116.7490
228.1535,135.0388,111.6154,116.0952
228.4205,135.2433,111.0813,115.6863
228.6331,135.5216,110.6561,115.1296
228.8856,135.8074,110.1511,114.5581
229.1556,136.0678,109.6113,114.0373
229.3177,136.2321,109.2869,113.7087
231.2235,136.4877,108.9869,113.1975
231.4057,136.6009,108.6226,112.9710
231.5800,136.6306,108.2740,112.9117
231.7880,136.7184,107.8579,112.7361
233.8080,136.8867,107.2917,112.3996
235.7738,137.1997,106.8196,111.7734
236.0250,137.3998,106.3172,111.3733
238.0082,137.6953,105.7786,110.7822
238.2535,137.8999,105.2880,110.3731
240.2227,138.2216,104.7456,109.7297
242.1620,138.5865,104.2444,108.9998
244.0207,138.8859,103.8849,108.4011
247.4633,139.1260,103.6855,107.9209
249.1831,140.9849,103.5782,107.5354
250.8750,141.1336,103.5189,107.2378
252.6387,141.2141,103.3103,107.0769
254.4054,142.9657,103.0900,106.8867
257.8791,143.1496,102.7559,106.5191
259.5823,143.2409,102.6448,106.3364
262.9839,145.1256,102.4234,105.8579
264.6853,145.3034,102.3006,105.5022
268.0474,145.4763,102.1213,105.1564
269.7984,145.5306,101.8833,105.0478
273.2000,147.1895,101.5974,104.9887
276.5451,147.1637,101.4138,105.0404
279.8722,147.2103,101.2618,104.9472
281.5079,148.8628,101.2376,104.8894
284.8125,148.8712,101.1203,104.8726
288.1034,148.9039,101.0262,104.8073
291.3091,150.5976,101.0975,104.6612
294.5231,150.5843,101.1499,104.6878
297.6567,150.5560,101.3654,104.7444
300.8030,152.2092,101.5643,104.6837
303.9633,152.1283,101.7394,104.8455
305.4991,152.0051,101.9211,105.0919
310.2444,151.9322,102.2104,105.2376
313.3632,151.8031,102.5064,105.4959
316.4878,153.3597,102.8084,105.6582
319.6128,153.2196,103.1240,105.9384
322.7835,153.1078,103.3671,106.1620
325.8985,154.6637,103.7364,106.3498
329.0172,154.5071,104.1158,106.6629
332.1159,154.3292,104.5569,107.0187
335.2176,154.1233,105.0171,107.4306
338.3310,153.9313,105.4815,107.8146
341.3912,155.4731,106.0790,108.0899
344.4624,155.2451,106.6819,108.5459
347.5701,155.0440,107.2453,108.9481
348.9615,154.8463,107.8670,109.3434
353.7263,156.4239,108.5995,109.6090
355.1630,156.1025,109.1624,110.2518
358.2841,155.8909,109.8308,110.6750
361.4239,155.6815,110.4962,111.0937
362.7940,155.4394,111.2457,111.5780
367.6656,155.1709,112.0296,112.1149
369.0750,154.9043,112.7406,112.6481
372.2527,156.4575,113.4840,113.0913
373.6283,156.0869,114.3010,113.8323
376.7892,155.6951,115.1644,114.6159
379.9605,155.2965,116.0591,115.4131
381.4193,154.9191,116.7866,116.1680
382.7830,154.5208,117.7279,116.9646
386.0304,154.1094,118.6249,117.7873
387.4780,153.7043,119.4527,118.5976
388.9282,153.2783,120.3012,119.4495
392.2301,152.8205,121.2486,120.3652
393.7838,152.3626,121.9461,121.2809
395.2643,151.8781,122.8155,122.2500
396.7716,151.3698,123.6600,123.2666
398.2949,150.8971,124.5021,124.2120
399.7935,150.4287,125.4217,125.1487
401.3023,150.0136,126.3500,125.9790
402.8664,151.6009,127.1956,126.7781
402.4824,151.0608,127.9636,127.8583
404.0804,150.5871,128.7961,128.8057
405.7120,150.0823,129.5898,129.8152
405.3293,149.6350,130.3551,130.7098
404.9436,151.2307,131.1265,131.6297
404.5839,150.8441,131.8460,132.4029
404.1856,150.4571,132.6425,133.1768
405.8855,150.1007,133.4289,133.8897
405.4648,149.7765,134.2703,134.5380
405.0897,149.3667,135.0205,135.3576
404.7169,150.9932,135.7660,136.3627
404.3543,150.4368,136.4913,137.4754
403.9929,149.8285,137.2142,138.6920
403.6287,149.2015,137.9426,139.9461
403.3112,150.8719,138.5774,140.9814
403.0214,150.2350,139.1570,142.2553
400.5927,152.0586,139.5829,143.0397
400.2852,151.5951,140.1980,143.9666
397.9131,153.4632,140.4672,144.7053
395.5292,153.1037,140.7442,145.4243
393.1386,155.1070,141.0188,145.9242
390.7686,157.1904,141.2403,146.2761
388.4061,159.2554,141.4377,146.6737
383.7381,159.0177,141.6996,147.1490
381.4085,161.1050,141.8102,147.5231
376.8457,163.2953,141.8234,147.6986
372.2492,163.1251,141.8981,148.0391
369.9919,165.6938,141.8471,147.4673
365.5032,167.7748,141.7126,147.8613
361.0838,169.6762,141.4314,148.6184
356.6559,171.6245,141.1526,149.2891
352.3865,171.3601,140.5445,149.8180
345.8360,173.4669,139.9294,150.1765
341.3858,173.2993,139.6939,150.5116
334.6887,175.5702,139.3801,150.5393
330.2618,177.8027,139.1042,150.6390
323.6505,177.5672,138.6408,151.1100
319.3283,179.5973,138.1613,151.6119
310.4302,181.7983,137.7090,151.7719
308.3238,181.9398,137.3645,151.4889
297.1781,184.5417,136.9183,150.8326
292.9680,187.0105,136.2781,150.4251
284.3100,187.2183,135.5396,150.0096
277.8781,189.6512,134.9172,149.6392
271.0952,189.8192,135.0440,149.3032
259.6817,192.6124,135.4884,148.1932
256.9980,193.2861,136.3894,146.8458
243.0513,194.0255,137.5249,145.3671
240.2106,194.8967,138.7520,143.6247
223.9879,195.7434,140.0703,141.9312
221.0171,196.6592,141.5710,140.0997
209.1448,195.5061,143.1367,137.9702
201.4708,196.4104,145.2048,136.1615
189.1567,197.3651,147.6809,134.2521
185.6066,191.9916,150.3425,131.6832
168.9338,193.1304,152.6158,129.4056
165.6418,191.9277,154.7623,127.3735
153.5354,190.7217,156.7858,125.3477
150.1178,189.4587,159.1848,123.4375
139.7188,183.9128,162.2154,121.2039
133.9480,182.5571,164.8538,119.4637
128.0606,181.0857,167.7024,117.9433
119.7406,177.3581,170.8986,116.4360
113.8787,173.3841,173.6131,115.3748
108.2117,171.5809,175.8915,114.4533
104.8776,167.4594,178.0131,113.6030
99.1390,165.4737,180.3617,113.0101
95.4544,161.1656,183.1413,112.4472
91.9302,156.8978,185.5683,111.7398
88.6542,152.5750,187.4744,111.0939
85.6185,148.2719,188.8826,110.3736
85.0626,143.8839,189.9944,109.8057
84.6472,139.4414,190.8253,109.3330
84.3634,137.3853,191.3927,108.7620
84.2052,133.1390,191.7092,107.8909
84.3728,128.8869,191.3741,107.0515
87.0030,129.3359,190.7662,106.1536
89.7476,125.1371,189.9052,105.2948
92.6211,120.8081,188.7589,104.7512
97.8295,118.6207,187.4915,104.5513
103.0806,116.2513,186.0941,104.7376
106.2903,113.7587,184.2099,105.1878
114.1185,111.1721,182.0978,105.8463
119.5674,108.4782,180.1891,106.7395
125.1128,105.6963,178.0611,107.8219
133.0102,102.9108,175.6703,108.9248
138.7569,102.3771,173.0787,109.9923
146.6324,101.8174,170.6179,111.1117
152.3686,99.0743,167.9692,112.1860
158.2041,96.4283,165.0782,113.0881
168.4234,96.0288,162.0852,113.8869
172.0838,95.7366,159.0938,114.4714
182.2152,95.4427,156.0060,115.0592
187.9580,95.2720,153.0335,115.4005
195.7775,95.0847,150.0452,115.7752
203.4455,94.9944,147.2416,115.9557
208.8544,94.9447,144.6987,116.0552
218.1754,94.8932,142.4574,116.1583
223.4005,94.8283,140.1421,116.2880
230.4744,94.7227,138.0960,116.4992
235.4554,94.6544,136.1455,116.6359
244.2684,96.5820,134.4309,116.7584
249.0304,98.4941,132.8136,116.8875
255.6099,98.4869,131.4454,116.9020
260.1505,100.4120,130.1829,116.9610
264.5986,100.4691,129.0678,116.8469
270.9193,102.4982,128.0409,116.6601
275.1759,102.5239,127.2327,116.6088
279.4110,104.4987,126.4407,116.4982
285.5276,106.4956,125.6826,116.3293
287.7571,106.5691,125.0340,116.1825
291.8491,108.5160,124.4462,116.0866
295.8743,108.6471,123.9705,115.8244
299.8602,108.6807,123.5502,115.7572
303.8284,110.6496,123.1501,115.5876
305.8737,112.5879,122.8185,115.4702
307.9238,112.6005,122.4705,115.4451
311.8213,112.6642,122.1682,115.3176
313.8207,114.6142,121.9088,115.1571
315.8054,114.6436,121.6724,115.0982
317.7020,114.6684,121.6075,115.0488
319.6148,116.5733,121.5083,114.9654
321.5292,116.5325,121.4032,115.0470
321.5853,116.5174,121.2911,115.0773
323.4911,116.5780,121.2014,114.9561
323.5488,116.5484,121.0860,115.0153
323.5941,116.5263,120.9955,115.0595
