1
93.4494,196.0695,172.3348,50.8610
92.5497,197.3385,174.1342,51.7053
93.1794,197.6480,176.2983,51.0863
92.3898,197.8119,177.8774,50.7584
91.6474,197.6853,179.3623,51.0117
87.5967,197.6729,180.4950,51.0365
88.0890,196.0478,183.0111,50.7858
84.2294,196.0732,183.6671,50.7352
81.9865,196.1858,184.6131,50.5099
78.0422,194.4540,185.4037,50.4245
76.7986,194.0601,184.3325,51.2123
74.1478,193.6839,182.5178,51.9647
71.6885,192.2564,180.3430,51.2730
71.4766,187.2923,177.2638,50.6921
71.9482,186.7679,179.7692,51.7409
71.5499,184.3697,180.5658,53.0336
69.3084,184.6075,177.9709,56.0970
65.8332,182.3769,174.2443,56.9991
61.6815,180.5755,175.5022,57.0793
59.3775,176.7396,176.5683,57.6671
65.2948,174.5194,179.0054,58.5395
66.8369,172.3550,179.5400,59.2498
69.8926,170.5065,184.3463,59.3076
64.2466,168.5818,188.2209,59.4484
69.2202,166.1326,193.3385,60.5805
66.3948,161.4373,195.1297,62.2517
57.7801,160.0082,196.6956,65.1099
55.4048,156.8412,197.4555,67.4534
47.4548,154.9948,197.1786,71.1463
35.3341,152.5680,196.7755,75.9998
25.6956,149.2586,195.1071,78.4295
32.6037,141.0114,193.9166,82.2982
52.7911,127.5122,200.4031,79.4758
44.2804,126.5628,208.8177,77.0710
43.3140,123.0955,215.1314,75.2436
34.7601,120.9031,218.9248,75.1901
29.5169,118.1341,215.9372,76.2368
21.3961,105.8518,214.3077,78.4628
14.5055,106.5690,210.1498,81.5132
27.7299,101.1567,206.1014,83.3777
22.7570,99.7735,202.6817,86.1440
37.2156,97.6995,200.4940,90.2920
33.7497,92.8094,198.4330,95.5759
34.3703,89.9668,197.1920,101.2611
35.0816,84.9014,195.7693,106.7529
37.8908,79.9387,194.8632,111.9660
40.5838,75.0191,194.2648,117.0176
43.1790,67.5643,193.9387,122.1988
45.7392,62.6797,193.7646,127.0216
48.4066,57.6778,193.4542,132.0011
53.9930,52.7204,192.4862,136.8135
57.3391,50.4210,190.9612,141.4123
63.5469,42.8778,188.9850,146.0593
67.3561,40.8455,186.6320,150.1239
74.4763,33.7410,182.9826,153.7420
79.1932,29.6570,178.8464,156.6123
89.4483,25.5888,174.1761,159.4688
91.7373,24.2787,169.5980,162.0890
101.9747,20.3536,164.7924,164.7161
106.9327,19.4040,160.0655,166.6152
117.3644,15.8935,154.6351,168.4919
122.3552,15.1885,149.7411,169.9020
132.7648,12.0847,144.0155,171.0784
140.5746,9.1830,138.3111,171.9242
150.6830,8.4756,132.7294,173.3390
158.0362,7.6806,127.6417,174.9291
167.8520,6.8098,122.2610,176.6705
175.0652,6.2373,117.2108,177.8155
182.2141,5.8506,112.1560,178.5889
191.6712,3.5351,106.8879,178.6714
198.5438,1.5115,102.0654,178.2571
209.8132,1.3039,97.0209,178.6724
216.1541,0.9737,92.9266,179.3328
224.5822,0.6096,88.7701,180.0609
230.4472,0.4745,85.3842,180.3311
236.1110,0.5294,82.2909,180.2214
241.5346,0.3841,79.5667,180.5119
246.8803,2.4352,76.9111,180.4277
254.3344,2.8090,73.9122,179.6801
257.1072,5.2587,72.2722,178.6864
259.4811,7.7307,71.3868,177.6048
263.7314,10.1524,70.5478,176.5923
265.6677,12.6241,70.4768,175.4501
267.4678,13.1017,70.6601,174.4949
269.2173,15.4765,70.9343,173.5184
270.9810,15.9412,71.1709,172.5891
272.6786,18.5192,71.5304,171.1879
274.3900,21.4029,71.8484,169.1614
276.0442,24.1854,72.2575,167.3137
277.6177,26.7248,72.8082,165.9326
277.3893,27.2996,73.2649,164.7831
279.0154,29.8549,73.6917,163.3513
280.6104,32.4615,74.1672,161.8036
280.3325,34.9806,74.7231,160.4169
281.8419,37.4778,75.3451,159.0636
281.5885,38.2257,75.8520,157.5678
281.3090,40.5497,76.4110,156.5388
282.8396,41.0924,76.9636,155.4534
282.6727,43.4153,77.2975,154.4152
284.2212,43.7651,77.7987,153.7155
284.0496,44.1807,78.1418,152.8845
283.9462,46.3629,78.3486,152.1104
283.8241,46.6614,78.5929,151.5132
283.7276,46.9057,78.7858,151.0247
283.6596,47.1002,78.9218,150.6357
283.6136,47.2360,79.0139,150.3640
283.5856,47.3353,79.0697,150.1654
283.5768,47.4416,79.0873,149.9530
283.5321,47.4082,79.1768,150.0197
283.5143,47.4582,79.2124,149.9198
283.4605,47.4391,79.3200,149.9579
283.4409,47.3751,79.3593,150.0858
283.3817,47.2348,79.4776,150.3666
283.2124,47.0973,79.8162,150.6414
283.1029,46.9755,80.0352,150.8851
282.9545,46.7747,80.3321,151.2868
282.7930,46.6097,80.6550,151.6168
282.6697,46.4088,80.9016,152.0186
282.4705,46.2329,81.3000,152.3702
282.3274,45.9579,81.5863,152.9203
282.1960,45.6342,81.8491,153.5677
282.0047,45.3115,82.2317,154.2132
281.6808,45.0429,82.8795,154.7503
281.4613,42.9812,83.3185,155.1746
280.9246,42.7533,84.3918,155.6302
280.6620,42.6382,84.9171,155.8606
280.5073,42.4751,85.2264,156.1867
280.3670,42.3128,85.5070,156.5113
280.2947,42.1375,85.6516,156.8620
280.1981,42.1079,85.8449,156.9211
280.1318,42.1431,85.9774,156.8507
280.0685,42.3203,86.1040,156.4963
279.9899,42.5821,86.2613,155.9727
279.9537,42.7807,86.3336,155.5755
279.8868,43.0563,86.4673,155.0244
279.6251,43.3748,86.9908,154.3874
279.4322,43.6688,87.3766,153.7993
279.2272,43.9003,87.7865,153.3363
279.0149,44.1607,88.2113,152.8156
278.8463,44.3931,88.5484,152.3508
278.6180,44.6676,89.0049,151.8018
276.5833,44.9240,89.3144,151.2889
276.2620,45.1976,89.9572,150.7417
275.9456,45.3339,90.5901,150.4691
275.6322,47.3625,91.2167,150.1789
275.5055,51.2634,91.4702,149.9230
273.6064,53.6153,91.4947,148.9928
273.5646,54.1922,91.5784,147.8390
273.7075,56.6760,91.2926,146.6157
273.6308,59.1851,91.4461,145.3187
273.5684,61.8262,91.5709,143.7408
273.5641,64.7432,91.5794,141.5896
273.6066,65.8749,91.4944,139.3262
273.5227,69.2878,91.6622,136.1158
271.3471,73.5603,92.4434,131.1408
269.3369,76.5531,92.9560,125.1552
269.1136,79.4353,93.4028,119.3908
268.9431,83.9217,93.7438,113.7627
268.8299,89.8678,93.9702,108.3986
267.4441,94.2827,93.5569,102.7536
267.9041,100.6092,92.6367,96.2819
266.1994,119.0809,93.0712,100.9880
266.3920,119.5282,92.6861,103.1488
265.4724,117.1882,91.4423,95.4973
256.1921,127.1185,92.3404,96.2429
262.3813,129.5271,88.8710,94.3954
290.4412,128.7218,93.3521,87.3486
266.0556,138.3911,93.7534,79.3912
258.3110,158.8657,92.8965,79.3072
255.3945,157.8815,93.3100,78.5658
266.1360,143.0741,93.4609,78.4342
287.6643,143.5878,93.6749,77.4069
283.2314,139.8274,91.7761,76.8542
322.7447,122.6197,94.9923,71.4745
2
0
0
0
0
1
258.4070,220.9266,89.2935,73.2184
252.9016,220.6617,87.5238,73.7483
249.5126,228.5293,79.0773,75.7749
252.4891,229.7080,80.4397,78.2944
252.0277,227.2374,81.3625,75.7366
252.5901,234.4307,80.2377,81.1388
250.7515,239.6184,76.2909,86.0116
253.1016,238.7598,71.5907,90.2835
251.1796,240.2596,65.2548,94.9188
254.7366,240.5544,63.1641,99.3523
259.4221,240.9778,66.5100,103.5924
258.4410,243.1760,68.4722,107.1844
257.8321,243.0849,69.6901,110.1159
257.5189,243.1025,70.3164,112.8944
256.5720,244.7284,69.3446,115.3739
257.0276,245.3526,68.4334,117.0119
256.1731,245.9616,67.2472,118.6890
255.3251,247.3050,66.0433,118.9023
252.5714,252.1248,65.7853,120.7931
250.5797,252.9821,66.8626,119.0786
250.0840,256.0800,67.8539,121.5803
250.0916,254.2519,67.8388,125.2366
250.4787,253.8556,67.0646,126.0291
251.1422,253.0357,65.7375,127.6689
250.7340,257.5021,66.5539,130.7621
249.2014,256.2903,66.5532,133.1857
249.2386,255.4285,66.4787,134.9094
247.8265,254.9987,66.1777,135.7690
247.8737,254.5569,66.0834,136.6525
247.8862,254.3983,66.0582,136.9697
246.2827,253.9642,66.1172,137.8378
246.2778,253.7420,66.1268,138.2823
246.1033,254.4077,66.4759,136.9509
245.8080,255.5768,67.0665,134.6128
245.6937,256.3087,67.2950,133.1490
245.3608,256.9290,67.9610,131.9082
245.0386,257.2396,68.6054,131.2871
243.0494,263.1487,69.4748,131.9048
241.2509,263.1009,69.9387,135.1334
241.0301,267.2728,70.3803,139.5433
240.8094,265.5359,70.8217,143.0170
240.5821,264.4402,71.2764,145.2085
240.6420,263.9707,71.1566,146.1475
240.5092,263.9630,71.4222,146.1630
238.9730,264.4273,71.1189,145.2343
239.1625,265.1689,70.7399,143.7512
239.3140,266.0671,70.4370,141.9548
239.3060,266.9926,70.4529,140.1036
237.9645,268.1730,69.8658,137.7428
238.1061,269.0178,69.5825,136.0533
238.0305,269.9303,69.7338,134.2283
237.9982,270.5100,69.7984,133.0689
236.6005,271.1221,69.4381,131.8446
235.3144,271.4469,68.8788,131.1951
235.3548,270.6215,68.7980,129.7335
233.7581,271.3394,68.9019,131.3871
233.6262,273.7386,69.1657,132.8198
231.8491,274.1235,69.5787,135.1912
229.7688,274.9780,70.5563,136.6653
227.6525,276.0960,71.5673,137.6509
227.3280,275.9795,72.2165,137.8839
225.2643,276.0151,73.0757,137.8127
225.0901,275.7581,73.4241,138.3266
223.1447,276.6510,74.0198,139.8362
221.2255,276.6270,74.5304,139.8841
221.1139,276.4958,74.7536,140.1464
220.7630,275.9812,75.4554,141.1758
220.5221,275.6466,75.9371,141.8448
218.3567,275.0152,76.8779,143.1077
218.0767,275.0259,77.4378,143.0864
217.7648,274.8911,78.0616,143.3559
215.6310,274.6931,78.8804,143.7520
213.5710,274.5610,79.5317,144.0162
213.4074,274.7147,79.8591,143.7088
213.0649,274.8820,80.5441,143.3741
212.7454,275.3448,81.1831,142.4484
210.6724,275.8452,81.8404,141.4477
210.2784,276.2800,82.6285,140.5782
208.1587,276.8608,83.3826,139.4165
207.7045,277.4655,84.2910,138.2070
207.3227,278.3893,85.0546,136.3595
206.9693,279.2806,85.7613,134.5770
204.9825,279.9807,86.2863,133.1768
204.6239,280.6158,87.0037,131.9065
204.2162,280.6760,87.8191,131.7861
201.9865,280.5531,88.8375,132.0319
201.4277,280.3926,89.9549,132.3530
199.2203,280.4050,90.8849,132.3281
198.7802,280.7115,91.7651,131.7151
198.5105,281.4042,92.3044,130.3298
196.4490,281.1221,92.9342,130.8940
196.1775,280.4061,93.4773,132.3260
195.8735,280.0374,94.0852,133.0633
195.4536,280.5037,94.9250,132.1307
193.3335,280.9258,95.6017,131.2865
193.0569,279.6455,96.1548,130.2852
192.9113,280.3972,96.4461,128.7818
190.8707,279.4087,96.9895,127.2211
190.4972,279.2853,97.7365,127.4678
190.2267,279.5958,98.2775,126.8468
188.2515,278.5687,98.6897,125.3630
187.9477,278.8763,99.2973,124.7478
185.9856,278.9093,99.6989,124.6816
185.7297,279.2578,100.2108,123.9847
185.4593,279.4775,100.7516,123.5452
185.1149,278.0096,101.4404,122.9535
183.1525,278.1549,101.8354,122.6629
181.0232,278.4437,102.5625,122.0852
180.6021,276.9194,103.4047,121.5994
180.1989,277.0875,104.2110,121.2633
178.2092,275.7336,104.6423,120.4227
178.0427,276.3986,104.9752,119.0928
177.8882,275.1312,105.2842,118.1008
177.7177,275.2081,105.6252,117.9469
177.4556,275.4082,106.1494,117.5467
175.4567,274.1025,106.6256,116.6364
175.3097,272.8760,106.9195,115.5744
175.0872,273.2170,107.3646,114.8923
174.7433,273.4747,108.0524,114.3771
174.5394,272.3478,108.4602,113.1283
172.4783,272.7487,109.0930,112.3264
172.3578,271.3678,109.3341,111.6016
172.1614,271.8036,109.7269,110.7299
171.8425,272.1777,110.3646,109.9817
169.6923,270.6942,111.1949,109.4788
169.5332,271.0424,111.5132,108.7822
169.3369,271.3238,111.9057,108.2195
169.2442,270.0828,112.0911,107.2352
167.3475,270.4344,112.4309,106.5318
167.2788,269.1060,112.5682,105.7408
167.0622,269.3339,113.0015,105.2850
166.9404,269.4931,113.2451,104.9666
165.0116,267.8383,113.6669,104.8403
164.8292,268.1405,114.0316,104.2359
164.5916,266.8120,114.5069,103.4567
164.4006,266.9785,114.8889,103.1235
164.2384,265.7149,115.2133,102.2187
164.0565,266.2264,115.5770,101.1957
162.2734,264.8652,115.7313,100.5063
162.0568,265.1206,116.1647,99.9954
161.8524,263.8327,116.5733,99.1695
161.6186,264.0047,117.0410,98.8256
161.4858,264.3977,117.3065,98.0396
159.6095,262.8892,117.6713,97.6687
159.4784,263.2183,117.9335,97.0105
159.3979,261.7740,118.0944,96.5181
159.2697,262.0878,118.3508,95.8905
159.2701,260.6790,118.3502,95.3389
159.1414,260.9337,118.6074,94.8296
157.5072,259.4893,118.5200,94.3622
157.4472,259.7993,118.6399,93.7423
157.4450,258.3475,118.6442,93.3070
157.3573,258.5214,118.8196,92.9592
157.2329,256.8716,119.0685,92.9300
155.4339,257.1152,119.3343,92.4427
155.3636,257.3295,119.4749,92.0142
153.5655,254.5672,119.7477,90.8918
153.4484,254.8419,119.9817,90.3423
153.3202,255.0205,120.2382,89.9851
153.0643,253.8727,120.7500,88.9788
152.9724,252.6759,120.9337,88.0791
152.9358,252.7507,121.0069,87.9295
153.0240,253.1559,120.8307,87.1191
152.9844,251.9322,120.9097,86.3023
152.9000,250.6782,121.0786,85.5586
152.8169,250.9914,121.2447,84.9323
152.8251,249.7756,121.2283,84.1294
152.8522,250.1356,121.1743,83.4096
152.7829,250.1653,121.3129,83.3502
151.0353,248.7020,121.5988,83.0677
150.9282,248.9960,121.8131,82.4795
150.8297,247.7509,122.0100,81.7674
149.1660,248.0281,122.1441,81.2131
149.1383,246.7754,122.1993,80.5322
149.2036,246.9643,122.0688,80.1545
149.2976,245.7631,121.8809,79.3895
149.3581,246.1037,121.7599,78.7083
149.3254,244.9251,121.8252,77.9268
149.4814,245.1900,121.5132,77.3970
149.5832,244.1253,121.3097,76.4132
149.6324,244.4036,121.2113,75.8565
148.1963,243.1864,121.0007,75.2082
148.1828,243.3820,121.0275,74.8170
148.0435,243.6099,121.3062,74.3612
147.9933,242.3727,121.4066,73.7764
146.4000,240.9861,121.5425,73.4989
146.4120,239.6461,121.5183,73.1307
146.4433,239.9196,121.4557,72.5837
146.4662,240.1196,121.4101,72.1837
146.7247,238.9265,120.8931,71.5461
146.9104,237.7035,120.5215,70.9864
147.0375,237.9983,120.2674,70.3968
145.6368,237.0856,120.0920,69.2454
145.7584,236.1296,119.8489,68.2027
145.8244,236.4151,119.7169,67.6317
145.8370,236.8508,119.6916,66.7603
144.4072,235.8585,119.6446,65.8385
144.4236,234.6811,119.6119,65.3031
144.4075,234.9660,119.6440,64.7334
144.3197,234.0384,119.8198,63.7172
142.8388,232.9787,119.9251,62.9804
142.7013,231.8695,120.2001,62.3534
142.5420,230.6896,120.5187,61.8747
142.4960,229.6158,120.6108,61.1872
142.4232,229.9531,120.7563,60.5126
141.0478,228.8679,120.6922,59.8682
140.9143,227.4505,120.9592,59.9001
140.8293,226.1816,121.1291,59.6306
139.3987,226.3717,121.1854,59.2504
139.3462,225.0068,121.2902,59.1809
137.9306,223.6712,121.3219,59.0524
137.8447,224.0810,121.4936,58.2327
136.3757,222.8196,121.6455,57.9693
136.2280,221.5633,121.9408,57.6982
136.2653,221.8917,121.8662,57.0415
136.2380,220.6748,121.9209,56.7044
134.9104,219.6290,121.8103,56.0303
133.5483,218.4438,121.7823,55.6484
133.4500,217.4642,121.9788,54.8623
133.3057,217.8106,122.2674,54.1695
131.8877,216.7290,122.3771,53.6064
130.4385,215.7258,122.5576,52.8949
130.3683,214.7926,122.6980,52.0533
130.1621,213.7681,123.1103,51.4070
128.6617,212.6599,123.4214,50.9338
127.1953,211.6275,123.6685,50.3129
126.9854,210.5017,124.0882,49.8861
125.5508,210.6742,124.2806,49.5411
123.9575,209.5902,124.7940,49.0357
123.8254,208.6035,125.0581,48.3374
122.2887,207.3454,125.4687,48.1907
122.1607,206.1935,125.7247,47.8283
120.7460,205.0602,125.8906,47.4314
119.2907,203.9179,126.1426,47.0574
119.2772,204.1675,126.1694,46.5582
119.2176,203.2356,126.2887,45.7751
117.9960,201.1371,126.0976,44.7031
118.0343,201.1735,126.0209,44.6304
116.7418,200.1462,125.9960,44.0750
116.7497,199.2131,125.9802,43.3418
115.4115,198.2625,126.0707,42.6572
115.3009,197.2500,126.2919,42.1076
113.7960,196.2400,126.7339,41.5597
113.5957,195.1685,127.1346,41.1388
112.2479,194.1148,127.2682,40.6841
112.1053,191.8599,127.5533,40.0829
110.6836,190.7493,127.8481,39.7555
107.9005,189.5914,128.3211,39.5247
106.0301,188.2841,129.5128,39.5902
103.9926,186.1049,131.0207,38.8142
104.4203,186.1537,130.1653,38.7165
106.8796,183.9805,127.8069,37.9426
106.9930,183.0288,127.5800,37.3334
107.2179,182.1000,127.1303,36.6930
105.9533,179.9414,127.1799,36.0509
104.8998,178.9677,126.8184,35.5299
105.0855,177.8604,126.4470,35.2910
103.4101,176.5909,127.3539,35.3862
103.2965,175.2825,127.5811,35.5446
101.9388,173.0163,127.8320,35.1477
102.1229,172.9810,127.4637,35.2184
100.8111,170.7759,127.6307,34.7150
100.8183,169.6899,127.6162,34.4374
99.6066,169.7579,127.5953,34.3013
98.1189,166.3228,128.1294,33.8471
98.1198,166.2816,128.1276,33.9295
96.7594,165.1447,128.4065,33.7616
96.5529,164.1306,128.8193,33.3469
95.1809,161.9568,129.1227,32.8134
95.1409,160.8281,129.2026,32.6359
95.1652,159.7198,129.1542,32.4200
94.1018,158.6150,128.8531,32.2018
92.9750,157.5115,128.6872,31.9894
92.0947,155.3979,128.0348,31.3905
92.2016,154.2581,127.8210,31.2775
92.0574,153.1354,128.1094,31.1355
91.9233,152.2398,128.3776,30.5380
91.5224,150.0610,129.1795,30.1333
91.2206,148.9961,129.7831,29.8786
91.2811,147.8340,129.6620,29.8147
91.5465,146.7382,129.1313,29.6211
91.8198,145.8885,128.5847,28.9464
92.1894,144.9963,127.8455,28.3774
92.5024,145.0519,127.2194,28.2660
91.3156,139.6299,127.2716,27.5036
91.5252,139.5289,126.8525,27.7056
91.7811,139.4985,126.3407,27.7664
90.7920,139.5418,126.0195,27.6798
89.4383,136.4341,126.4337,27.0154
88.4174,136.2730,126.1892,27.3376
88.5456,135.0342,125.9328,27.5262
88.5255,133.7956,125.9730,27.7142
88.3917,132.6228,126.2406,27.7666
87.0308,130.3952,126.6644,27.6257
87.1121,130.3181,126.5018,27.7799
87.0752,129.0390,126.5756,28.0361
85.7470,126.8210,126.9242,27.8564
85.9336,126.7155,126.5509,28.0674
85.9562,125.5460,126.5057,28.0983
86.0318,124.4514,126.3545,27.9793
86.1819,123.3307,126.0543,27.9170
86.3773,123.2400,125.6634,28.0984
86.2930,121.0659,125.8321,27.8540
85.2951,120.9576,125.5340,28.0705
85.3090,119.7392,125.5062,28.2134
85.2578,117.5191,125.6086,28.0608
85.4539,117.4255,125.2163,28.2480
84.2717,116.2557,125.2878,28.2947
84.5242,116.1239,124.7827,28.5582
84.5817,115.0110,124.6677,28.4912
84.5943,113.8342,124.6425,28.5547
84.6089,112.6584,124.6134,28.6155
84.6398,112.5398,124.5516,28.8528
83.4519,111.4034,124.6320,28.8303
83.4150,110.2221,124.7059,28.8968
83.3250,109.0009,124.8858,29.0409
83.3864,108.9114,124.7630,29.2200
83.4766,108.8612,124.5826,29.3204
83.4940,107.7747,124.5479,29.1886
83.5171,107.6333,124.5017,29.4714
83.5585,106.5556,124.4188,29.3204
83.5887,105.4117,124.3584,29.3059
83.7243,105.2567,124.0872,29.6159
83.8157,105.2162,123.9044,29.6968
83.8605,104.1134,123.8149,29.6002
82.8465,103.9767,123.5435,29.8735
82.8154,102.8467,123.6059,29.8328
82.8778,102.7088,123.4811,30.1086
82.8948,102.5924,123.4469,30.3415
82.8199,102.5310,123.5968,30.4643
82.7173,101.4741,123.8019,30.2653
82.7879,101.4387,123.6607,30.3362
82.8133,100.3324,123.6100,30.2377
82.8958,100.2529,123.4450,30.3965
82.9748,100.1922,123.2869,30.5179
83.0199,100.1624,123.1967,30.5776
83.0457,100.1165,123.1452,30.6694
83.1178,100.0909,123.0009,30.7206
83.1276,100.0257,122.9813,30.8510
83.2459,100.0105,122.7447,30.8813
83.1711,98.9159,122.8944,30.7620
83.2291,98.8812,122.7785,30.8314
83.2564,98.8445,122.7237,30.9047
83.2776,98.8206,122.6814,30.9526
83.2914,98.8087,122.6537,30.9763
83.2865,98.7902,122.6637,31.0134
83.3922,98.7919,122.4522,31.0100
83.3974,98.7739,122.4419,31.0460
83.3801,98.7719,122.4764,31.0500
83.3705,98.7633,122.4956,31.0672
83.3575,98.7590,122.5215,31.0758
83.3483,98.7766,122.5399,31.0406
83.3437,98.8144,122.5492,30.9649
83.2955,98.8389,122.6456,30.9159
83.3018,98.8549,122.6331,30.8840
82.1068,98.8262,122.7159,30.9414
82.0633,98.8077,122.8028,30.9784
82.0768,98.7950,122.7758,31.0038
82.0284,98.7922,122.8726,31.0093
82.0134,98.8018,122.9027,30.9901
81.9280,98.7857,123.0734,31.0223
81.7642,97.7005,123.4011,30.8768
80.6379,97.6532,123.3359,30.9714
80.6534,97.6462,123.3048,30.9855
80.5846,97.6350,123.4424,31.0078
79.4153,97.6022,123.4603,31.0733
79.2933,96.5146,123.7043,30.9263
79.3290,96.4859,123.6327,30.9836
79.3852,96.4565,123.5205,31.0426
79.3828,96.4095,123.5253,31.1365
79.3538,96.3984,123.5833,31.1586
79.3032,96.4266,123.6845,31.1023
79.1754,96.4237,123.9400,31.1081
77.9230,96.3994,124.1151,31.1566
77.7950,96.3832,124.3712,31.1891
77.6907,96.3305,124.5798,31.2945
77.6489,96.3232,124.6632,31.3092
76.3888,96.3159,124.8397,31.3237
76.2334,96.3064,125.1506,31.3426
76.1504,96.2875,125.3166,31.3804
76.1319,96.2620,125.3537,31.4315
76.0544,96.2278,125.5086,31.4999
74.8809,96.2462,125.4964,31.4630
74.6023,95.1595,126.0537,31.2781
74.5988,95.1378,126.0606,31.3215
74.5384,95.1064,126.1814,31.3844
74.4595,95.0554,126.3393,31.4863
74.4373,95.0120,126.3836,31.5731
74.4273,95.0678,126.4037,31.4616
74.3310,95.0691,126.5963,31.4591
74.2630,95.0813,126.7322,31.4346
74.2478,95.1226,126.7627,31.3521
74.2403,95.1039,126.7777,31.3893
74.2051,95.1043,126.8481,31.3885
74.1032,95.0780,127.0519,31.4412
74.0483,95.1011,127.1617,31.3950
73.9821,95.1439,127.2940,31.3095
74.0395,95.1420,127.1792,31.3132
73.8850,95.1126,127.4883,31.3720
73.8568,95.0786,127.5446,31.4400
73.7765,95.0220,127.7053,31.5532
73.7013,95.0076,127.8556,31.5821
73.5292,94.9927,128.1999,31.6117
73.5587,95.0191,128.1408,31.5591
74.6499,95.0539,128.3557,31.4895
74.6699,95.0667,128.3158,31.4637
75.8554,96.4021,128.3426,31.1908
75.8956,96.4413,128.2621,31.1125
76.9133,96.4859,128.6171,31.0233
77.0474,96.5770,128.3490,30.8410
78.0108,99.0840,128.8086,30.5999
78.2584,99.0854,128.3134,30.5971
78.4888,99.0880,127.8526,30.5921
79.6695,100.2969,127.8661,30.5489
80.7575,100.2104,128.0641,30.7219
80.4208,101.3395,128.7375,30.8439
81.5850,101.3527,128.8012,30.8176
82.7435,102.6737,128.8764,30.5678
83.8486,103.9452,129.0549,30.4136
83.8889,103.9227,128.9743,30.4585
85.0520,105.2158,129.0359,30.2602
87.4126,106.4767,129.0847,30.1235
88.5166,107.7418,129.2598,29.9763
89.7767,107.7663,129.1223,29.9272
90.8390,109.0950,129.3776,29.6498
91.9959,111.6625,129.4418,29.2709
93.2241,111.6868,129.3570,29.2223
96.7506,113.0298,129.4128,28.9059
97.8082,115.5373,129.6619,28.6194
99.1268,115.5285,129.3869,28.6370
100.2076,118.0354,129.5840,28.3406
103.9027,118.0456,129.2612,28.3202
106.3447,121.7073,129.0790,28.0495
109.6525,121.5341,129.4926,28.3959
111.5514,125.4209,130.4060,27.6890
111.8156,125.3329,129.8775,27.8650
113.3610,126.6054,129.1375,27.6706
117.1827,129.1281,128.5039,27.2985
118.4813,131.5762,128.2271,27.0434
121.8167,132.7007,128.4918,27.1060
125.7464,135.1293,129.8989,26.8823
126.4786,134.9260,130.7665,27.2889
129.0450,137.2473,130.3375,27.3501
130.9051,139.4803,128.9645,27.5784
135.2406,140.4595,127.2906,27.9524
137.0707,145.0715,125.9468,27.9933
142.0101,144.7654,125.2611,28.6056
143.9221,145.8023,123.7376,28.8322
153.6121,148.0943,118.0586,28.8154
157.2365,149.4360,113.0135,28.3356
162.5343,154.9462,110.9129,27.9340
167.0677,157.2423,114.3661,27.5150
167.5377,158.3561,115.5533,27.4146
172.8010,161.6169,115.7357,27.3185
173.0074,162.3500,115.3231,27.9949
178.2826,166.4991,115.5210,28.2954
180.1847,167.1283,116.0331,29.1951
187.2258,172.1924,117.2282,29.9793
195.4916,172.4403,118.4092,31.6976
200.1397,172.8972,118.1656,33.0468
207.9942,172.7793,116.1669,33.2827
208.8286,173.2896,114.4981,32.2622
211.6285,174.9974,115.5540,33.2837
211.2304,178.0696,116.3502,31.6446
214.1910,180.0370,117.1285,29.9429
236.5727,182.2118,112.1812,32.2293
240.3083,187.8280,106.8954,36.2941
240.0677,188.1392,105.1913,35.6716
240.2892,196.2729,104.7481,36.6019
246.0180,195.8877,104.0923,37.3723
249.9178,198.1161,104.9525,37.2454
257.6178,205.0333,106.9522,36.4609
260.2832,208.4487,108.1889,36.1976
253.7977,208.8565,105.7459,37.5841
262.7974,210.2924,103.0934,39.0971
283.4230,210.5189,101.1144,40.8259
282.1189,211.2131,103.7226,41.6217
289.6990,214.3315,104.2148,42.0932
292.0255,216.6000,104.0648,42.0592
299.8708,217.2378,104.1157,43.0323
301.5861,220.0159,102.9518,44.2766
308.8196,220.8268,102.1172,44.9269
312.9357,224.7047,100.6993,43.9854
321.2926,227.2773,99.6257,43.3089
326.0471,230.8258,98.9441,42.8323
331.0374,232.9636,97.7176,42.9339
336.9325,234.0432,96.7903,42.9473
343.6118,235.0731,96.3878,43.0468
345.0225,238.9388,95.7218,43.9365
352.8465,241.5489,95.2022,45.1998
356.3221,243.2319,94.7782,46.1853
360.9904,244.8568,94.1883,47.3089
366.6184,246.6941,93.9198,48.0294
369.0620,247.6749,93.4448,48.2737
375.8600,249.6476,93.0683,48.7348
381.6139,251.8515,92.5889,48.7383
382.5631,253.1777,92.8891,48.2846
388.5493,254.9399,91.8931,49.1508
392.4795,257.6799,90.6193,50.2574
398.7549,258.4564,89.0469,50.9001
400.4670,259.4679,87.8059,51.0604
407.4373,261.7366,86.8712,50.8583
410.0691,261.6932,85.9083,50.9451
413.3663,264.8614,85.7264,51.0212
417.8188,265.7421,85.3659,51.3960
421.3520,266.6395,84.7106,51.7383
423.7360,267.6208,84.2086,51.9086
429.6373,268.6518,83.0483,51.9751
430.9300,268.4622,82.5751,52.3543
434.2868,270.5627,82.1961,52.3762
437.7090,271.4590,81.6703,52.6899
438.9887,273.4073,81.2144,53.0004
442.4865,273.7186,80.5245,52.3778
443.8723,273.8562,79.8342,52.1026
447.2890,274.9872,79.1995,51.9068
449.8709,276.1440,78.1425,51.6466
451.0271,277.0215,77.8633,51.9249
452.3295,277.0128,77.2923,51.9424
454.6713,279.7542,76.6595,52.5357
