1
224.7595,116.6445,37.4810,83.7110
224.9089,116.7200,37.1822,83.5600
225.9896,116.7677,36.8868,83.4646
226.0532,116.7665,36.7597,83.4669
226.0897,116.7406,36.6867,83.5188
226.1409,116.7420,36.5842,83.5160
226.1602,116.7087,36.5457,83.5827
226.2183,116.7123,36.4294,83.5754
226.2632,117.5936,36.3396,83.6658
226.3156,117.5867,36.2349,83.6796
226.3732,118.5017,36.1197,83.7007
226.4208,118.4823,36.0245,83.7395
226.5199,119.4106,35.8262,83.7311
226.6288,119.3343,35.6085,83.8837
226.7236,120.2340,35.4189,83.9273
226.8181,121.1382,35.2298,83.9592
226.9349,121.0527,34.9962,84.1302
227.0311,120.9515,34.8038,84.3325
227.1365,121.8210,34.5931,84.4288
227.2447,122.6653,34.3767,84.5731
227.3879,123.4879,34.0902,84.7588
228.4658,123.4428,33.7631,84.8491
227.7189,124.3277,33.4327,84.9033
227.8413,125.1884,33.1879,85.0009
227.9764,126.0711,32.9178,85.0515
228.1497,125.9645,32.5712,85.2647
228.3745,126.8712,32.1216,85.2600
228.5447,127.7436,31.7813,85.3157
228.7324,128.5690,31.4058,85.4601
228.8951,129.3535,31.0804,85.6816
229.1110,130.1663,30.6486,85.8438
229.3424,131.0127,30.1858,85.9334
229.5965,131.8655,29.6776,86.0030
229.8209,132.7076,29.2289,86.0857
230.0674,133.4716,28.7358,86.3175
230.3340,134.3303,28.2026,86.3544
230.5835,135.0829,27.7036,86.5941
230.8100,135.8441,27.2506,86.8111
231.1003,136.6457,26.6701,86.9417
231.3566,137.4225,26.1573,87.1132
231.6384,138.1601,25.5939,87.3560
231.8729,139.7261,25.1247,87.6459
232.1025,140.5097,24.6656,87.7850
232.3629,141.2758,24.1447,87.9525
232.5819,141.2074,23.7068,88.0894
232.8451,141.9171,23.1804,88.3560
232.3809,142.6839,22.4289,88.5023
232.6560,143.4330,21.8788,88.6717
232.9438,145.8647,21.3032,88.7871
233.1957,145.7737,20.7993,88.9691
233.5125,146.5684,20.1658,89.0230
233.0986,146.5950,19.3617,88.9697
233.3380,148.0778,18.8829,89.2353
233.5917,148.8936,18.3756,89.2137
233.8401,149.7307,17.8787,89.1394
232.6894,150.6273,17.0019,88.9353
232.9082,151.3161,16.5643,89.1268
233.1130,152.7822,16.1546,89.3214
233.3420,153.5568,15.6967,89.3301
233.5457,154.2441,15.2893,89.5045
233.7537,154.9895,14.8732,89.5569
227.7896,155.7952,14.5148,89.4813
227.9841,156.5949,14.1257,89.4096
228.2942,157.2591,13.5055,89.6002
228.5795,157.8591,12.9350,89.9094
228.8296,158.5442,12.4347,90.0410
229.0454,159.2573,12.0032,90.1084
229.2366,160.6877,11.6207,90.2193
229.3835,161.4895,11.3270,90.0952
229.5242,161.5763,11.0455,89.9217
229.6158,162.2658,10.8623,90.0064
229.6710,162.9944,10.7519,90.0102
229.7022,163.7932,10.6896,89.8716
229.6587,163.8734,10.7765,89.7112
229.6030,163.1619,10.8880,89.6790
223.6703,163.9327,11.0961,89.5945
223.5531,165.3844,11.3305,89.6115
223.4039,166.0770,11.6289,89.6916
223.2062,168.2312,12.0243,89.8005
222.9902,168.1932,12.4562,89.8765
222.7078,167.4772,13.0211,89.8167
222.4480,167.5412,13.5406,89.6888
222.1645,168.3576,14.1076,89.5670
221.8581,168.3359,14.7204,89.6103
221.5482,168.3423,15.3402,89.5976
221.2167,169.0307,16.0034,89.7665
220.8759,169.0139,16.6848,89.8001
219.1075,169.0209,17.0716,89.7861
218.6927,169.0632,17.9012,89.7015
217.5578,169.1093,18.5737,89.6092
216.3831,169.1291,19.3138,89.5697
215.9925,169.2157,20.0950,89.3965
214.8231,169.3791,20.7981,89.0697
213.6425,169.5026,21.5147,88.8227
213.2452,169.5520,22.3094,88.7239
212.8761,169.6635,23.0475,88.5009
211.6654,169.7114,23.7897,88.4051
210.4509,169.8198,24.5267,88.1883
209.2346,169.0210,25.2564,88.0832
208.8393,169.1067,26.0470,87.9117
208.4477,168.3366,26.8302,87.7247
207.2164,168.4473,27.5537,87.5033
205.9737,168.5499,28.2897,87.2981
204.7282,167.7622,29.0208,87.1134
204.4120,167.8659,29.6531,86.9061
204.0599,167.9396,30.3574,86.7587
202.7732,167.1066,31.1407,86.6347
202.4060,166.2779,31.8751,86.4894
202.0712,165.4745,32.5446,86.2825
200.8356,165.6057,33.1930,86.0202
200.4899,164.8260,33.8845,85.7488
200.1441,164.9553,34.5761,85.4903
198.9081,164.2101,35.2001,85.1328
198.6218,164.3823,35.7728,84.7885
198.3572,163.5604,36.3020,84.5732
198.1074,162.7462,36.8017,84.3364
196.8761,161.9724,37.3936,84.0134
196.5981,162.0865,37.9495,83.7853
196.2816,161.2980,38.5827,83.4795
195.9797,160.4878,39.1863,83.2104
195.6728,158.7804,39.8002,82.8330
195.3173,158.8723,40.5113,82.6492
195.0466,158.1414,41.0526,82.2001
194.7424,157.3775,41.6610,81.8141
194.4920,156.5883,42.1619,81.4739
194.1980,155.7956,42.7498,81.1370
193.9203,154.9832,43.3052,80.8345
193.6198,154.1354,43.9062,80.5974
193.3511,154.3338,44.4436,80.2007
193.1074,153.4758,44.9309,79.9742
192.8526,152.6190,45.4406,79.7402
192.6097,151.8345,45.9264,79.3564
192.3202,150.0386,46.5054,79.0376
192.0606,150.2075,47.0246,78.6998
191.8011,149.3322,47.5436,78.4862
191.5760,147.5506,47.9938,78.1101
191.3462,146.7534,48.4534,77.7326
191.1687,146.9836,48.8083,77.2724
191.0055,146.2082,49.1349,76.8502
190.7733,144.4309,49.5992,76.4610
190.5990,144.6627,49.9478,75.9973
191.3723,143.8836,50.3739,75.5828
191.1525,143.1180,50.8136,75.1404
190.9486,142.3442,51.2213,74.7138
191.6901,141.5655,51.7129,74.2965
191.4845,140.7442,52.1241,73.9628
191.2740,139.9020,52.5451,73.6689
191.1318,139.1159,52.8296,73.2605
191.9037,138.2903,53.2649,72.9326
191.7594,137.5215,53.5534,72.4889
191.5084,137.6548,54.0555,72.2222
191.3194,135.8456,54.4336,71.8737
192.1459,135.0089,54.7648,71.5627
191.9746,135.1946,55.1074,71.1914
191.8089,134.3782,55.4388,70.8393
192.6435,133.5645,55.7545,70.4816
192.4735,132.7171,56.0945,70.1919
192.3286,131.8743,56.3844,69.8920
193.1548,131.0623,56.7178,69.5300
193.0079,131.1610,57.0116,69.3327
193.8454,130.3235,57.3238,69.0204
193.6745,129.4443,57.6657,68.7913
194.5863,129.5921,57.8316,68.4956
194.4263,128.6994,58.1515,68.2934
194.3388,127.8875,58.3266,67.9276
194.2507,127.0517,58.5027,67.6123
195.1394,126.1964,58.7102,67.3381
196.0388,125.2835,58.8951,67.1801
195.9501,125.3987,59.0725,66.9497
196.8450,124.5271,59.2665,66.7093
196.7375,123.6459,59.4815,66.4887
196.6866,123.7480,59.5833,66.2845
197.6343,122.8961,59.6693,66.0068
197.4996,122.9538,59.9388,65.8914
197.4382,122.0876,60.0614,65.6428
197.3409,122.1327,60.2561,65.5526
198.2515,121.2660,60.4157,65.3051
198.1306,121.3037,60.6574,65.2297
198.0638,120.4096,60.7912,65.0358
198.9554,119.5239,60.9892,64.8260
198.9170,119.6115,61.0659,64.6507
198.8060,119.6810,61.2879,64.5118
198.7496,118.7439,61.4008,64.4052
198.6717,117.8272,61.5565,64.2574
198.6420,117.8951,61.6159,64.1216
198.5466,117.9074,61.8066,64.0971
199.4822,116.9827,61.9182,63.9637
199.4206,117.0436,62.0414,63.8419
199.3789,117.0942,62.1248,63.7408
199.3394,116.1550,62.2037,63.6371
199.3318,116.2100,62.2191,63.5271
199.2848,116.1470,62.3129,63.6531
199.2388,115.1945,62.4050,63.5743
199.1975,115.2246,62.4876,63.5142
199.1817,115.2561,62.5191,63.4512
199.1588,115.2809,62.5651,63.4015
199.1399,115.3060,62.6028,63.3513
199.1208,115.3236,62.6411,63.3162
199.1065,115.3277,62.6697,63.3080
199.1194,114.3357,62.6438,63.3080
199.0930,114.3262,62.6966,63.3271
199.1129,114.3021,62.6568,63.3753
199.0952,114.2695,62.6921,63.4406
199.0842,114.2274,62.7143,63.5248
199.0648,114.1881,62.7531,63.6033
199.1073,114.1922,62.6679,63.5950
199.1256,114.1987,62.6314,63.5821
199.1159,114.1709,62.6507,63.6376
199.1241,114.1680,62.6344,63.6435
199.1378,114.1826,62.6069,63.6143
199.1054,114.1672,62.6717,63.6451
199.1565,114.1650,62.5696,63.6494
199.1545,114.1518,62.5735,63.6758
199.1531,113.1542,62.5764,63.6829
199.1819,113.1836,62.5187,63.6240
199.1817,113.1504,62.5191,63.6906
199.2071,113.1139,62.4684,63.7634
199.2163,113.1005,62.4499,63.7904
199.2533,113.1294,62.3759,63.7325
199.2981,113.1485,62.2863,63.6944
199.3415,113.1631,62.1995,63.6651
199.3679,113.2003,62.1468,63.5908
199.3432,113.1470,62.1962,63.6972
199.3665,113.1375,62.1496,63.7164
199.3688,113.1236,62.1450,63.7441
199.3384,113.1093,62.2058,63.7728
199.3160,113.1032,62.2505,63.7849
199.3163,113.0943,62.2500,63.8028
198.3090,113.1001,62.2795,63.7911
198.3128,113.0649,62.2719,63.8614
198.3319,112.0234,62.2336,63.9582
198.3997,111.9709,62.0980,64.0632
198.4409,111.9306,62.0157,64.1438
198.4610,111.8849,61.9756,64.2352
198.4372,111.8553,62.0232,64.2944
197.4455,111.9265,62.0173,64.1521
197.4736,111.8943,61.9611,64.2164
197.4833,111.8565,61.9418,64.2920
197.4995,111.8259,61.9093,64.3533
196.5015,111.8438,61.9170,64.3175
196.5289,111.7674,61.8622,64.4702
196.5529,111.7772,61.8144,64.4506
196.5852,111.7857,61.7497,64.4336
196.5851,111.6992,61.7499,64.6066
196.6274,111.6932,61.6653,64.6186
195.6663,111.6983,61.5988,64.6084
195.6610,111.6011,61.6094,64.8028
195.6941,111.5975,61.5433,64.8099
195.7070,111.5821,61.5175,64.8409
195.7363,111.5756,61.4589,64.8537
195.7662,111.5586,61.3991,64.8879
195.8092,111.5708,61.3130,64.8635
195.7926,111.5177,61.3464,64.9696
194.8492,111.5468,61.2441,64.9113
194.8712,111.4669,61.2000,65.0711
194.9010,111.4559,61.1404,65.0932
194.8972,111.4045,61.1480,65.1959
194.9301,111.4022,61.0823,65.2006
194.9722,111.3930,60.9981,65.2189
194.9706,111.2989,61.0014,65.4073
194.0003,111.2910,60.9515,65.4231
194.0208,111.2486,60.9104,65.5077
194.0419,111.2082,60.8683,65.5885
194.0549,111.1878,60.8423,65.6295
194.0613,111.1551,60.8295,65.6948
194.0759,111.1275,60.8004,65.7499
194.0861,111.1129,60.7798,65.7792
194.0981,111.0798,60.7559,65.8454
194.1293,111.0827,60.6934,65.8397
194.1351,111.0564,60.6819,65.8922
193.1734,111.0322,60.6123,65.9407
193.1718,110.9728,60.6155,66.0593
193.1645,110.8959,60.6301,66.2132
193.1934,110.8883,60.5725,66.2285
193.2002,110.8887,60.5588,66.2276
193.2096,110.9323,60.5400,66.1405
193.1950,110.8997,60.5693,66.2055
193.1973,110.8728,60.5646,66.2593
193.2132,110.8792,60.5328,66.2467
193.2287,110.8349,60.5018,66.3352
193.2497,110.8175,60.4597,66.3700
193.2572,110.8099,60.4448,66.3853
193.2689,110.8246,60.4213,66.3557
193.2973,110.7591,60.3645,66.4867
193.3148,111.7632,60.3296,66.4757
193.3332,111.7177,60.2927,66.5668
193.3347,111.6730,60.2899,66.6561
193.3497,111.6624,60.2599,66.6774
193.3662,111.6121,60.2268,66.7778
193.3554,111.5624,60.2484,66.8773
193.3518,111.5270,60.2557,66.9481
193.3274,111.5157,60.3045,66.9708
193.3354,111.5060,60.2884,66.9902
193.2985,111.4741,60.3622,67.0539
193.3591,111.5145,60.2410,66.9731
193.3648,112.4463,60.2295,67.1121
193.4498,112.4922,60.0596,67.0204
193.4643,112.4643,60.0306,67.0762
193.4927,112.4398,59.9738,67.1251
193.5116,112.4277,59.9361,67.1493
193.5439,112.4183,59.8714,67.1682
193.5668,112.3732,59.8256,67.2584
193.5869,113.3203,59.7855,67.3646
193.6397,113.3429,59.6798,67.3193
193.6842,113.3293,59.5907,67.3466
193.7047,113.3086,59.5497,67.3881
193.7010,113.2753,59.5571,67.4547
193.6959,113.2780,59.5674,67.4491
193.6861,113.2212,59.5870,67.5629
194.6726,114.1768,59.6154,67.6530
194.6960,114.1633,59.5685,67.6801
194.6828,114.1573,59.5950,67.6920
194.6729,114.1057,59.6147,67.7953
194.7409,114.1066,59.4788,67.7934
195.6984,114.0576,59.5669,67.8915
195.7488,114.0914,59.4662,67.8237
195.7143,115.0551,59.5353,67.8999
195.7591,115.1081,59.4455,67.7938
196.7075,115.0569,59.5515,67.8963
196.7370,115.0968,59.4924,67.8165
196.6842,115.0122,59.5980,67.9857
196.6665,115.0023,59.6334,68.0055
196.6244,115.0173,59.7177,67.9756
197.5811,114.9740,59.8141,68.0620
198.5668,114.9693,59.8555,68.0714
198.5205,114.9796,59.9481,68.0508
199.4570,114.9197,60.0898,68.1707
199.3587,114.8407,60.2864,68.3287
199.2986,114.7977,60.4067,68.4146
199.2446,114.8288,60.5145,68.3525
200.1670,114.8342,60.6983,68.3417
200.0544,114.7598,60.9234,68.4906
201.9864,114.7155,61.1338,68.5790
201.8621,114.6385,61.3824,68.7330
201.7636,114.6197,61.5794,68.7707
202.6657,114.5983,61.8271,68.8135
203.5650,114.5337,62.0851,68.9427
203.4409,114.4608,62.3333,69.0884
204.3320,114.4813,62.6201,69.0474
205.2132,114.4154,62.9306,69.1793
205.0422,114.3485,63.2726,69.3131
205.8954,114.3164,63.6535,69.3773
206.8043,114.2904,63.9303,69.4292
207.6891,114.2735,64.2604,69.4631
208.5400,114.1709,64.6641,69.6684
208.3774,114.1472,64.9892,69.7157
209.1915,114.0820,65.4820,69.8460
210.0282,114.0431,65.9396,69.9238
210.9224,113.9855,66.2906,70.0390
210.7111,113.9212,66.7130,70.1677
211.5712,113.8744,67.1483,70.2613
212.3532,113.7787,67.7481,70.4528
213.1875,113.7385,68.2557,70.5332
214.0584,113.7176,68.6995,70.5750
214.8690,113.6122,69.2716,70.7858
214.5954,113.4993,69.8188,71.0115
215.4495,113.4918,70.3284,71.0266
217.3920,113.4509,70.8955,71.1083
218.1922,113.3796,71.5314,71.2510
219.0295,113.3452,72.1054,71.3198
219.8044,113.2577,72.8143,71.4946
220.6021,113.2038,73.4913,71.6024
221.3985,113.1614,74.1835,71.6872
222.1777,113.1357,74.9221,71.7388
222.9736,113.0880,75.6397,71.8340
223.7884,113.0712,76.3325,71.8677
225.7958,113.0469,76.9849,71.9162
226.6271,113.0009,77.6668,72.0082
227.3999,111.7815,78.4778,72.0904
228.2091,111.6831,79.2301,72.2872
229.0270,111.5991,79.9798,72.4552
229.8301,111.5199,80.7734,72.6137
230.6422,111.4711,81.5639,72.7112
231.4386,111.4335,82.3995,72.7864
232.1902,111.3577,83.3392,72.9380
234.1696,111.3090,84.2996,73.0355
234.9591,111.2897,85.1968,73.0740
235.7030,111.2462,86.1996,73.1611
237.6881,111.1931,87.2445,73.2673
237.1160,111.1720,88.3886,73.3095
239.1101,111.1405,89.4878,73.3724
239.8712,111.1345,90.5273,73.3844
240.6394,111.1051,91.5685,73.4432
242.7486,111.0994,92.5395,73.4545
243.4726,111.0658,93.7012,73.5218
244.2160,111.0328,94.8432,73.5879
244.9915,112.3299,95.9393,73.6409
247.1138,112.3122,97.0242,73.6762
247.8351,112.2607,98.2635,73.7792
248.5964,112.2219,99.4434,73.8568
250.6859,112.1278,100.7078,74.0450
250.0156,112.1146,102.0484,74.0714
252.1379,113.4631,103.3334,74.1392
252.8474,113.4597,104.6997,74.1460
253.6214,113.4611,105.9578,74.1431
255.7706,113.4459,107.3098,74.1736
256.5195,113.4613,108.6580,74.1429
257.1638,114.9020,110.2352,74.1272
259.2566,116.3519,111.8285,74.1168
259.9163,116.3602,113.4224,74.1003
260.5989,116.3815,114.9940,74.0577
261.2825,117.9287,116.5863,73.9229
261.9958,117.9610,118.1412,73.8583
262.7254,117.9859,119.6854,73.8086
264.8970,119.5180,121.3935,73.7700
265.6219,119.5570,122.9941,73.6920
266.3636,119.5877,124.5839,73.6305
267.0702,121.2130,126.2661,73.4757
267.8268,122.8352,127.8709,73.3493
268.5324,122.8484,129.5993,73.3227
269.2235,124.4563,131.3819,73.2718
269.8863,124.5094,133.2464,73.1654
270.5558,126.2236,135.1234,72.9531
271.2023,126.2814,137.0705,72.8375
271.7782,128.0282,139.1855,72.6105
272.2804,129.7766,141.4749,72.4076
271.1630,131.5263,143.7097,72.2324
271.7116,133.3255,145.9663,71.9877
272.2366,135.0955,148.2989,71.8304
272.8986,135.1575,150.3889,71.7063
273.4991,136.9962,152.6300,71.4712
272.4569,138.8721,154.7144,71.1900
273.0925,140.7459,156.9395,70.9387
271.9199,142.6086,159.2846,70.7374
272.5322,144.5119,161.6148,70.4856
273.1812,146.4496,163.9008,70.1941
272.0912,148.4407,166.0807,69.8239
270.9601,150.4529,168.3430,69.4365
271.6056,152.5208,170.7145,68.9633
270.4122,154.6007,173.1014,68.4919
271.1170,156.7085,175.4061,67.9907
269.9026,158.8633,177.8349,67.4197
268.6760,161.0472,180.2882,66.8149
267.4753,163.2268,182.6895,66.2433
268.1118,165.4230,185.2280,65.6622
266.8414,167.5558,187.7688,65.2338
265.6102,169.7124,190.2313,64.7864
264.3789,171.9135,192.6938,64.2770
263.1685,176.2223,195.1146,63.4962
262.0542,178.4984,197.3433,62.8825
260.9878,180.8359,199.4761,62.1664
259.8486,185.2864,201.7544,61.2174
258.8062,187.6674,203.8393,60.4460
257.6829,192.1906,206.0859,59.4115
256.5694,196.7470,208.3128,58.3354
253.5018,199.2110,210.4184,57.4372
250.2766,203.8606,212.8262,56.2230
247.2712,206.3943,214.7834,55.2093
246.0735,213.2984,217.1787,53.5869
243.1876,213.5874,218.8858,53.0089
240.0437,220.5818,221.0959,51.2532
237.2477,222.9937,222.6127,50.5047
234.1520,227.7009,224.7220,49.2542
229.2038,232.3932,226.4438,48.0444
226.4169,234.8793,227.9295,47.1602
221.7029,237.3895,229.1743,46.2315
216.9204,246.3924,230.5574,44.5892
210.2321,246.6492,231.6999,44.0755
207.4434,249.1146,233.1934,43.2287
202.6430,253.8766,234.6180,41.8809
197.8850,256.4759,235.9715,40.7634
191.2199,263.3032,237.0678,39.3428
184.5404,263.7221,238.2319,38.5050
177.9411,268.4661,239.2372,37.1458
171.4171,268.9322,240.1316,36.2137
164.9808,273.6383,240.8697,34.8911
158.4698,274.1192,241.8062,33.9294
154.3553,286.5268,241.9914,33.2461
144.0334,286.8567,242.5816,32.5862
137.9548,287.2184,242.7224,31.8627
131.9899,287.5883,242.6739,31.1230
126.0753,287.8921,242.5721,30.5154
120.2860,290.1285,242.2612,30.0057
112.7031,292.2708,241.6328,29.6697
105.3081,292.2698,240.6909,29.6717
102.0926,294.2037,239.2818,29.7241
93.0201,294.0676,237.9178,29.9963
90.0607,293.8615,236.0597,30.4085
81.3592,295.5795,234.1059,30.8437
78.6669,295.2198,231.7840,31.5632
70.3612,296.7745,229.2162,32.2896
69.8864,296.3168,226.3508,33.2050
62.0309,295.8820,223.0915,34.0746
61.6416,295.4886,220.1037,34.8614
55.7720,295.1114,216.8792,35.6159
55.5800,294.7609,213.5520,36.3169
50.0968,294.4098,209.8018,37.0191
50.1126,294.0531,206.1290,37.7325
43.1998,293.7619,201.9337,38.3149
45.2259,293.4002,197.8816,39.0381
43.8159,293.0883,193.6714,39.6619
44.2762,292.7773,189.2820,40.2839
43.0620,292.4991,184.8713,40.8403
40.4335,290.6837,180.0222,41.1026
41.2343,288.9287,175.1146,41.3065
41.8866,287.1886,170.5687,41.5454
42.5563,285.4656,166.0471,41.8093
43.3187,283.8025,161.3986,42.0117
44.0036,282.1782,156.9666,42.1980
46.2659,280.6329,152.4420,42.2853
48.5219,279.1516,147.9299,42.3065
50.6896,277.7632,143.5945,42.2051
52.8018,276.4174,139.3702,42.0819
54.8955,275.1229,135.1827,41.9179
57.0167,273.8579,130.9404,41.7574
60.3707,272.6716,126.8597,41.5026
62.3339,271.5293,122.9334,41.2222
65.5356,270.3955,119.0338,40.9862
69.9107,269.3388,115.1714,40.6557
74.1459,268.3014,111.4666,40.3477
78.3090,266.2342,107.7890,39.8336
82.2045,265.2312,104.5226,39.5772
87.0893,264.3053,101.3857,39.2181
90.6912,263.3634,98.5009,38.9424
95.2903,262.4883,95.6417,38.5797
100.8308,261.6310,92.8225,38.2287
105.2491,260.7901,90.0414,37.8920
110.4837,259.9470,87.4618,37.6058
113.6306,259.2111,85.0283,37.1475
120.4259,258.4656,82.7580,36.7519
124.2762,257.7030,80.5979,36.4301
129.9104,256.9549,78.3788,36.1165
134.5024,256.2632,76.2832,35.7277
139.7930,255.5228,74.3759,35.4738
144.9612,254.8295,72.5525,35.1579
150.7768,254.9572,70.9441,34.9024
156.5356,254.2775,69.2819,34.6192
160.6524,253.6126,67.5014,34.3357
166.8990,252.9710,66.0844,34.0366
172.9170,253.0606,64.9432,33.8574
177.4383,253.1781,63.5834,33.6225
183.4955,251.8225,62.0564,33.3086
188.4832,251.8863,60.9891,33.1810
194.1539,251.9786,59.9149,32.9964
199.7443,251.3312,58.8681,32.8434
205.2009,250.6645,57.9626,32.7472
210.5254,249.9654,57.2162,32.7308
215.8774,249.9794,56.3352,32.7028
221.8146,249.9166,55.5791,32.8284
227.7100,249.2614,54.8336,32.7581
232.8206,249.1935,54.1911,32.8940
238.6289,248.4923,53.4636,32.9352
244.2833,248.4145,52.9625,33.0908
249.9140,248.3590,52.4701,33.2017
255.4722,247.6417,52.0784,33.2958
260.9505,247.5438,51.8123,33.4915
266.4366,247.4371,51.5250,33.7050
271.9070,247.3245,51.2630,33.9301
276.7371,247.2096,50.9454,34.1600
281.5896,247.1065,50.5765,34.3662
286.4695,246.9839,50.1378,34.6114
289.9707,246.8619,49.7804,34.8554
294.2121,246.7048,49.2636,35.1696
297.7759,247.1869,48.7610,35.5304
302.0226,247.0249,48.2075,35.8543
302.8797,247.4743,47.8136,36.2758
307.7892,247.3054,47.2426,36.6136
310.0866,247.7627,46.6014,37.0170
313.6949,247.5800,45.9581,37.3823
315.3271,248.6343,45.3152,37.8952
318.8964,248.4251,44.7220,38.3136
320.6526,248.2686,43.8231,38.6265
321.6571,248.6754,43.1118,39.1107
325.3295,249.7560,42.2393,39.5383
325.7360,249.5170,41.4262,40.0165
327.5533,249.9601,40.3566,40.4128
329.3603,250.3786,39.2866,40.8476
329.8575,250.1719,38.2923,41.2610
331.0337,251.2821,37.1924,41.5459
332.2808,251.0463,35.9377,42.0175
332.8777,251.4897,34.7439,42.3574
333.5405,251.9117,33.4183,42.7261
334.2146,252.3216,32.0701,43.1033
334.8990,252.7717,30.7012,43.3836
335.0849,253.1939,29.1670,43.7017
335.3342,253.0659,27.5267,43.9577
335.5840,253.4523,25.9088,44.3031
335.3488,253.8685,24.1868,44.5668
335.5730,253.7934,22.6676,44.7170
333.1954,253.6792,21.1415,44.9455
333.3939,254.1475,19.7209,45.0325
331.0825,254.1575,18.3432,45.0126
330.7719,254.1208,17.0137,45.0861
329.9768,254.0365,15.7459,45.2545
327.1887,253.9721,14.7973,45.3834
325.3773,253.8933,13.8371,45.5410
324.7393,253.8611,13.3107,45.6053
321.4782,253.8447,13.5870,45.6383
317.9856,253.8006,14.2870,45.7263
314.7158,253.8059,15.3540,45.7157
313.1336,253.3783,16.6553,45.6395
309.1626,252.9044,17.9187,45.6331
305.4994,252.5148,19.3845,45.4356
302.1437,252.6085,21.0961,45.2483
297.7956,252.2262,22.6010,44.9856
294.8355,251.8789,24.3224,44.6305
291.3642,251.5697,25.8949,44.1748
288.8148,250.1169,27.7116,43.7983
284.0019,250.3307,29.5045,43.3706
282.0088,249.4433,31.2059,42.8606
277.0796,249.6344,32.9247,42.4784
273.8672,249.3469,34.6093,41.8684
271.8081,249.0538,36.3214,41.2515
268.5283,248.6705,37.9970,40.7972
264.5679,247.0235,39.7146,40.3692
262.5429,247.2208,41.2422,39.9746
258.5646,246.8506,42.8040,39.4361
255.9874,245.1922,44.0737,38.8682
252.0161,245.4781,45.4889,38.2965
250.7303,245.0920,46.7421,37.7505
248.1047,244.0716,48.0072,37.1338
245.4554,242.2763,49.2916,36.7103
242.1752,242.4552,50.4490,36.3523
240.7365,242.0933,51.9640,35.7138
236.6431,241.7023,53.2768,35.1209
236.1435,242.1019,54.2759,34.3219
233.6952,241.7252,55.0135,33.6887
231.9498,240.0994,55.7307,32.7802
230.2493,240.3457,56.3676,32.2875
228.4264,239.9462,57.2470,31.7034
226.6986,238.8554,57.9300,31.1123
224.3923,239.0264,58.3839,30.7703
222.6987,238.5631,58.9970,30.3098
222.3954,237.4573,59.6034,29.7452
221.4417,236.9393,60.1237,29.3939
218.4733,235.8460,60.5051,28.8029
218.1598,235.2712,61.1321,28.5684
217.2669,234.7292,61.5288,28.2632
216.4279,234.8879,61.8173,27.9459
215.4586,234.3382,62.3677,27.6571
213.9749,233.8331,62.5529,27.2762
213.8544,233.9677,62.7939,27.0069
213.1032,233.4809,62.9104,26.5946
212.2602,232.9422,63.2162,26.2920
211.5415,231.7892,63.2743,25.8394
210.8392,231.2463,63.3069,25.5531
210.1239,230.7004,63.3700,25.2775
209.4221,230.8301,63.4102,25.0181
208.6948,230.9035,63.5054,24.8713
208.6496,230.3241,63.5959,24.6720
208.6329,229.7516,63.6293,24.4612
207.2838,229.8116,63.6224,24.3410
207.2485,229.8867,63.6931,24.1910
206.5776,229.3137,63.6862,23.9883
206.6088,229.3490,63.6238,23.9177
206.5055,229.3500,63.8304,23.9158
206.4076,228.7301,64.0262,23.8100
205.7215,228.7444,64.0518,23.7813
205.7440,228.7617,64.0069,23.7468
205.5975,228.0762,64.2999,23.7726
205.5962,228.0278,64.3025,23.8693
205.6611,228.0418,64.1726,23.8414
205.6507,228.0425,64.1935,23.8401
205.6719,228.1569,64.1511,23.6113
206.3244,226.8798,64.1907,23.4760
208.2606,225.5889,64.3469,23.3722
208.8039,224.9983,64.6035,23.2101
210.1033,222.3093,64.6927,23.2124
210.6679,221.7025,64.9087,23.0808
213.2185,218.3504,65.1912,23.0551
214.4691,217.7994,65.3891,22.8077
216.3458,213.7326,65.6792,22.8542
219.4266,212.4477,66.2817,22.7183
220.6067,208.4086,66.6395,22.6428
224.5851,207.1761,66.8588,22.3823
225.4330,202.4316,66.5240,22.3442
230.2113,199.1332,66.4564,22.1631
232.3032,195.2378,66.3264,21.8461
237.6100,192.7886,66.4621,21.3699
240.9930,188.2480,66.3801,21.0933
244.7558,184.3978,66.8382,20.8101
246.7123,180.5380,68.2525,20.5386
249.2730,175.8610,69.8655,20.4646
254.6491,171.8089,70.0598,20.3590
258.8207,168.0280,69.9311,19.7063
263.6725,163.4237,69.7131,19.4293
268.9841,158.3376,69.8644,18.8269
271.5816,153.9225,70.0200,18.2934
276.5576,146.4010,70.7064,17.3791
281.3435,142.7581,70.3891,16.7322
286.4544,137.0912,70.6098,16.3183
291.6373,131.5551,70.6480,15.6860
297.0029,125.9919,70.2277,15.2125
302.9692,119.0997,69.7600,14.9844
308.7136,112.2580,69.6378,14.7755
314.1662,107.1032,70.0474,15.0275
322.0674,100.1719,70.7262,14.9445
327.7954,92.8883,70.7509,15.4794
328.1801,88.7550,69.9814,16.0281
339.5338,84.2024,70.4245,16.1305
344.8271,78.0617,68.8980,16.7631
351.3783,70.8632,66.0756,18.3100
347.9983,63.9664,66.4628,19.3579
344.7112,64.1244,66.5389,20.3416
357.5150,60.7612,67.3104,20.4732
350.4361,60.3892,66.8127,21.2171
356.5548,56.4852,65.2873,22.3301
359.6530,56.1806,64.4418,22.9393
360.5919,55.8737,63.9006,23.5531
360.7882,55.6191,63.5081,24.0624
