1
326.6374,180.0498,152.7252,63.9003
326.6303,180.4283,152.7393,63.1434
326.6628,180.6845,152.6744,62.6310
326.6339,180.8967,152.7323,62.2065
326.6985,181.0568,152.6030,61.8864
326.7216,181.1636,152.5568,61.6729
326.7826,181.2515,152.4348,61.4969
326.8126,181.3554,152.3748,61.2891
326.6166,181.3885,152.7668,61.2230
328.2395,179.7551,152.8129,61.1978
328.1826,179.7275,152.9267,61.2531
328.0771,178.1550,153.1377,61.1033
327.6740,178.1240,153.9439,61.1653
329.1047,176.5268,154.3903,61.0519
329.0352,174.9457,154.5293,60.9018
328.7935,174.8261,155.0128,61.1410
330.2424,173.1993,155.4377,61.0718
331.5117,171.5128,156.2269,61.1173
331.0597,169.9085,157.1308,60.9861
330.5029,169.9028,158.2443,60.9975
330.1783,168.2807,158.8936,60.8750
330.0296,166.6195,159.1910,60.8236
331.3535,164.9821,159.9203,60.7213
331.0656,163.3880,160.4961,60.5238
330.7366,161.8243,161.1541,60.2606
330.4680,162.0713,161.6912,59.7668
331.8969,160.7719,162.2274,58.9715
331.8724,159.5742,162.2764,57.9797
332.0187,160.0366,161.9838,57.0550
332.5021,158.9982,161.0171,55.7828
332.5824,157.7280,160.8564,55.0111
332.5856,156.4861,160.8500,54.1991
332.5670,155.0477,160.8873,53.7951
332.6308,153.3716,160.7597,53.8734
332.3030,151.5193,161.4151,54.3042
332.0627,149.7266,161.8958,54.5988
331.8646,147.9652,162.2920,54.8186
331.6935,147.8543,162.6341,55.0405
331.4589,146.3257,163.1034,54.7760
331.3970,144.8741,163.2273,54.3559
331.6617,143.4910,162.6979,53.8044
332.2611,142.1686,161.4991,53.1494
332.6927,140.9000,160.6357,52.4157
333.0746,139.5696,159.8720,51.8314
333.2507,139.6642,159.5198,51.6421
334.5550,138.1866,160.1263,51.3823
333.9843,136.5220,161.2677,51.4925
333.3661,134.8674,162.5042,51.5647
333.5115,131.6812,165.4694,51.4250
332.5243,130.1490,167.4437,51.1940
331.5486,128.5670,169.3951,51.0387
331.0758,127.2583,170.3408,50.3121
329.7445,126.0604,169.6595,49.3641
329.6490,125.0571,166.5338,48.0541
330.6292,124.1620,164.5735,46.5962
332.6239,124.7524,163.7773,45.4155
332.8620,123.8671,160.1412,44.0262
334.0555,122.8946,157.7543,42.8889
335.9513,120.3349,156.9901,41.9531
336.1027,119.0798,156.6873,41.4642
341.6401,117.9603,157.5553,40.7174
340.5482,116.9328,156.7552,39.7887
341.8671,116.0209,157.0724,38.6574
343.9084,114.9625,158.8659,37.8364
343.0699,113.8907,160.5428,37.0324
343.7755,112.7865,162.0871,36.2854
344.7658,111.7344,163.0694,35.4268
344.2267,110.5103,164.1474,34.9150
344.1396,109.3058,164.3217,34.3590
344.2967,108.1332,164.0074,33.7475
344.5090,106.8998,163.5829,33.2738
345.8737,104.1816,163.7789,32.8594
346.9554,102.4976,164.5355,33.3073
346.6772,100.8643,165.0918,33.6346
347.9981,99.2226,165.4035,33.9647
347.8501,97.4678,165.6995,34.5099
348.9012,95.2982,166.5763,35.8703
348.7209,93.5645,166.9368,36.3203
350.3365,92.3093,166.7369,35.7996
350.7613,91.1176,165.8872,35.1646
351.6870,90.2599,164.0357,33.8858
352.2312,89.2451,162.9474,32.9719
351.4260,89.6906,161.6471,32.0809
351.9253,88.9341,160.6486,30.7187
351.9815,89.4137,160.5361,29.7594
350.4563,89.8587,160.7722,28.8694
349.1122,90.0868,160.6604,28.4131
348.9923,90.4088,160.9002,27.7692
348.8167,90.5791,161.2513,27.4287
347.4997,89.3572,161.1072,27.0943
348.4562,89.3450,159.1942,27.1186
347.2647,89.5827,158.8336,26.6433
347.4018,89.8540,158.5594,26.1006
347.4815,89.9949,158.4000,25.8189
346.4073,88.7673,157.8416,25.5673
345.4381,88.8449,157.0860,25.4120
348.3866,87.7620,156.5499,24.8974
347.4306,87.6801,155.7992,25.0612
347.6683,87.6861,155.3238,25.0492
347.8239,87.7667,155.0126,24.8880
347.9108,87.7721,154.8387,24.8771
346.6702,87.8427,154.6812,24.7359
347.0538,87.8551,153.9140,24.7113
347.2291,87.8997,153.5634,24.6219
347.5328,87.8672,152.9560,24.6871
346.2164,87.8961,152.9800,24.6292
346.0438,87.9211,153.3253,24.5792
345.1042,87.8412,152.5925,24.7390
344.3733,87.7877,151.4496,24.8460
343.6982,87.7430,150.2086,24.9355
342.2320,87.8322,147.9895,24.7569
341.0415,88.0582,145.2874,24.3050
340.3049,88.2088,144.2657,24.0038
339.8234,88.3374,142.7536,23.7466
336.3602,88.4277,142.3335,23.5659
334.6232,88.6123,140.9284,23.1968
332.5721,88.7662,140.2053,22.8891
333.1046,88.8727,139.1403,22.6759
331.2378,88.8918,138.1189,22.6379
330.4778,88.8623,137.2761,22.6967
328.7720,89.0596,135.9833,22.3022
327.7146,89.1592,133.4453,22.1031
326.3124,89.3251,131.6750,21.7711
325.6443,89.4818,130.7552,21.4577
322.2845,89.4019,128.5258,21.6175
321.1619,89.4770,126.3519,21.4675
319.1353,89.3917,123.8756,21.6380
316.7596,89.4876,122.1907,21.4463
315.7265,89.5934,120.0202,21.2346
310.7916,89.7246,117.3856,20.9722
308.9674,89.8665,114.9069,20.6885
306.2487,89.8682,112.3350,20.6851
303.8814,89.8617,109.2033,20.6980
303.3031,89.7911,106.5132,20.8392
299.6434,89.6100,104.3892,21.2015
300.0319,89.3343,101.7461,21.7528
295.4262,89.2787,99.9172,21.8641
294.2696,89.1772,98.5970,22.0670
290.8432,89.0042,98.2412,22.4131
286.8056,88.8846,97.2974,22.6521
285.0938,88.7721,95.3354,22.8771
282.1307,88.7716,94.1735,22.8782
278.3065,88.7959,93.0429,22.8296
277.9157,89.8676,93.8246,22.4252
274.3329,90.0975,97.5058,21.9653
268.8391,90.1436,103.1386,21.8731
280.5452,90.3831,109.5150,21.3942
276.8716,90.5245,114.9209,21.1114
271.0442,90.3945,116.5214,21.3715
266.9419,90.5691,118.6114,21.0221
262.8686,90.6579,120.5770,20.8445
257.6446,90.6687,120.6048,20.8230
253.3338,90.6505,120.8901,20.8594
248.6027,90.5989,124.0863,20.9627
244.5539,90.5928,125.7788,20.9748
244.3410,90.5122,130.5221,21.1360
236.1022,90.4925,133.6341,21.1754
236.0134,90.4463,136.0830,21.2678
228.7463,90.4136,139.0815,21.3333
237.3710,90.3812,145.3314,21.3980
234.6688,90.5719,150.7357,21.0166
232.6461,90.7263,157.2857,20.7079
227.7344,90.4002,164.5205,21.3600
225.4271,90.1166,171.8366,21.9273
224.8472,90.0293,178.6241,22.1019
218.1121,89.8973,183.3616,22.3658
213.1548,89.7508,187.3134,22.6589
208.7662,89.5012,190.0067,23.1580
199.5099,89.2331,189.9843,23.6942
192.0276,89.1522,189.4498,23.8561
186.1716,89.1641,188.7788,23.8323
181.5254,89.0784,185.7271,24.0037
190.1684,89.0400,186.7260,24.0804
190.1166,88.9617,189.8924,24.2371
187.9825,89.0415,191.0509,24.0774
185.4170,89.1503,193.0597,23.8598
178.8670,89.1473,193.5775,23.8657
172.3350,89.1691,190.8775,23.8223
170.5609,89.1038,191.3110,23.9529
166.3035,89.2672,190.4555,23.6261
161.2101,89.2909,188.2228,23.5787
158.6900,89.2511,187.1165,23.6582
154.6662,89.1596,185.9854,23.8412
152.8727,92.3359,183.4768,23.5841
150.9186,92.4849,181.3691,23.2860
145.8563,92.6313,179.6024,22.9932
143.5558,92.6439,178.3183,22.9681
139.6683,92.7096,177.3203,22.8366
138.7416,92.6710,176.2659,22.9139
128.0677,92.6257,171.5590,23.0046
124.7545,94.0479,166.8577,22.9921
126.8795,94.2146,168.1413,22.6587
122.1990,94.2390,169.1690,22.6099
119.3701,94.2385,172.0359,22.6108
113.3042,94.2022,172.8456,22.6833
107.7394,94.1333,169.7595,22.8212
99.2131,94.0293,164.3851,23.0292
95.0290,93.9033,161.8192,23.2812
89.8970,93.8046,158.5674,23.4785
90.9357,93.8324,159.1523,23.4229
83.4881,95.1528,158.0324,23.4515
85.1479,95.0926,157.3669,23.5719
79.9969,95.0311,157.0789,23.6948
93.8840,95.1682,163.7029,23.4205
90.5811,95.2391,170.3087,23.2788
87.0637,95.2379,180.1637,23.2812
85.3888,95.1980,189.4258,23.3610
82.3041,95.0719,198.6806,23.6133
76.3404,94.9474,207.3900,23.8622
72.6866,94.6667,214.6976,24.4237
66.4365,94.4429,220.2881,24.8712
60.7610,94.1576,224.5575,25.4418
57.6502,93.9101,227.1678,25.9369
51.7140,93.7165,228.0679,26.3241
49.4973,93.5231,228.8234,26.7108
42.4473,93.2631,228.1391,27.2308
38.9051,93.0520,227.8287,27.6531
35.1039,92.8557,228.0277,28.0455
37.0601,92.6925,227.8277,28.3721
35.5197,92.5106,227.1920,28.7358
32.1774,92.3219,226.4465,29.1131
33.3149,91.8897,227.8841,29.9776
30.9182,91.4723,228.9276,30.8125
29.4080,91.0132,228.1667,31.7306
28.6101,90.3451,229.7626,33.0668
27.9004,89.7467,231.1818,34.2637
25.4088,89.1752,232.2831,35.4067
23.3346,88.5946,232.5112,36.5678
21.1315,87.8260,232.9707,38.1050
20.9612,86.7655,233.3114,40.2260
18.9186,85.7044,233.3661,42.3482
16.9468,84.6913,233.2366,44.3745
15.1692,83.5802,232.6806,46.5966
15.2700,80.2254,232.4790,49.1593
13.4947,79.2162,231.8359,51.1778
13.6621,78.2242,231.5011,53.1618
13.8852,75.1944,231.0550,54.9641
11.8628,74.3060,230.8142,56.7410
12.0725,73.3255,230.3949,58.7018
12.4277,72.3281,229.6844,60.6967
12.9017,71.2689,228.7364,62.8152
13.4051,70.2025,227.7296,64.9479
13.9090,69.1967,226.7219,66.9596
14.5361,68.1926,225.4676,68.9677
15.3470,67.2274,223.8458,70.8982
16.0615,66.1883,222.4168,72.9763
16.8205,65.1077,220.8989,75.1376
17.6914,64.1184,219.1569,77.1161
18.5937,63.1105,217.3523,79.1319
19.5442,62.1188,215.4514,81.1154
20.6230,61.1348,213.2937,83.0833
21.7482,60.1597,211.0433,85.0336
22.8380,61.4845,208.8638,86.9398
26.1542,60.5616,206.7898,88.7855
27.4209,61.8223,204.2563,90.8253
28.5511,60.7983,201.9960,92.8733
32.0666,59.9469,199.5284,94.5761
35.7517,61.3176,196.7153,96.3919
36.9183,60.4592,194.3823,98.1086
40.4574,61.9016,191.8474,99.7672
41.7990,63.5058,189.1640,101.0935
43.1533,63.0558,186.4556,101.9936
46.7533,64.7252,183.7491,103.1483
50.3048,66.4104,181.1194,104.2513
54.0159,65.8650,178.1503,105.3421
55.4836,67.5099,175.2149,106.4797
59.1611,68.9492,172.2628,108.0042
62.8114,70.4800,169.3468,109.3269
64.2127,71.9692,166.5443,110.7116
67.6869,75.5615,163.9400,112.2151
71.0906,77.0343,161.4622,113.5994
75.8378,78.4090,160.5984,115.1653
78.4672,79.7885,159.6676,116.7342
81.2092,81.3507,158.5231,117.9495
82.3870,83.5232,156.1674,117.9466
85.5158,85.4625,154.2162,118.3743
87.0543,87.4878,151.1393,118.6071
88.9160,87.5946,147.4159,118.3935
90.7066,89.6448,143.8346,118.4728
92.5413,91.7086,140.1653,118.4712
94.3349,93.7137,136.5780,118.5304
98.1483,95.8637,132.9661,118.2453
99.6554,97.8175,129.9520,118.2923
103.1977,99.7069,126.7755,118.4217
104.6559,103.3434,123.8593,118.8703
106.0633,103.2459,121.0444,119.0654
109.3943,106.8958,118.1636,119.3280
110.5973,108.7299,115.7577,119.3998
113.6624,110.4234,113.3306,119.7159
114.7847,112.2409,111.0861,119.7506
115.9298,114.0548,108.7957,119.7574
118.8401,115.8963,106.5735,119.6725
119.8717,117.6506,104.5102,119.7254
120.8223,121.0956,102.6091,119.8939
121.8887,120.9459,100.4762,120.1933
124.5974,124.2284,98.5306,120.5717
125.5265,124.0445,96.6723,120.9395
126.4360,127.1740,94.8532,121.5237
127.3031,128.7264,93.1190,121.8199
128.0974,130.2168,91.5305,122.2165
128.8417,131.6481,90.0419,122.7112
129.5441,131.3675,88.6372,123.2723
130.2435,132.7890,87.2383,123.7555
130.8904,134.1020,85.9446,124.4397
131.5014,135.3818,84.7224,125.1793
132.0406,135.0170,83.6440,125.9090
132.5971,136.3630,82.5311,126.5001
133.1906,137.7054,81.3440,127.0889
133.7973,137.4283,80.1308,127.6431
134.4417,137.1040,78.8419,128.2917
135.0990,138.5232,77.5272,128.6919
135.7560,138.2813,76.2133,129.1758
136.3984,137.9888,74.9285,129.7608
135.4484,139.3771,73.6341,130.1785
136.0230,139.1663,72.4849,130.6002
136.6577,138.9831,71.2154,130.9666
137.2539,138.7454,70.0231,131.4419
136.5084,138.5139,68.3784,131.9049
137.1243,138.1957,67.1466,132.5413
137.7742,137.9919,65.8468,132.9490
138.4315,137.7773,64.5323,133.3782
137.7185,137.5573,62.8892,133.8182
138.3479,137.3305,61.6303,134.2719
139.0288,137.1732,60.2685,134.5863
139.7275,136.8498,58.8711,135.2332
139.0242,136.5578,57.2806,135.8171
139.7078,134.8519,55.9134,136.2516
140.3807,132.9151,54.5677,137.1659
141.1415,132.4815,53.0460,138.0331
141.8915,130.5771,51.5459,138.9081
141.3003,130.1925,49.8090,139.6773
142.0673,128.3217,48.2751,140.5200
142.8292,126.5377,46.7514,141.2049
143.4923,124.7183,45.4252,141.9787
144.1957,124.3916,44.0183,142.6322
144.8281,122.5195,42.7536,143.5414
145.4896,120.7803,41.4306,144.1954
146.1517,119.0458,40.1063,144.8553
146.7573,118.8554,38.8950,145.2361
147.3720,117.2980,37.6657,145.5748
147.9335,115.6748,36.5426,146.0635
148.5111,114.0634,35.3876,146.5428
149.0515,112.4730,34.3068,146.9955
149.5981,112.2458,33.2136,147.4500
150.1546,110.5774,32.1005,148.0876
150.6995,108.8721,31.0107,148.8116
151.2839,107.0712,29.8420,149.7378
151.7911,105.4392,28.8276,150.3359
152.3102,102.4804,27.7894,150.9449
152.8489,98.2972,26.7118,151.3841
153.3584,96.8176,25.6929,151.7162
153.8912,95.4429,24.6273,151.8538
154.4083,94.2019,23.5931,151.7434
154.8413,91.7208,22.7271,151.5652
155.2907,90.7535,21.8284,150.9493
155.7686,89.7244,20.8724,150.4837
156.2537,87.3919,19.9023,150.1526
156.6161,84.9010,19.1775,150.1866
156.9166,82.4715,18.5765,150.1265
158.4234,78.6585,18.0095,150.4131
159.8372,77.4161,17.6205,150.4589
161.1532,75.9897,17.4201,150.8803
162.4153,73.3390,17.3290,151.3152
162.3460,69.6191,17.4678,151.4432
164.8288,69.0059,17.3860,152.6697
164.6933,66.2897,17.6568,153.1880
165.6861,63.5337,18.1409,153.7605
166.5902,61.8413,18.8204,154.6577
167.4154,60.2231,19.6839,155.3803
166.8713,58.6865,20.7722,155.9119
167.5531,57.2778,21.9794,156.1584
168.1747,55.7947,23.3349,156.5259
168.7664,54.3016,24.7828,156.8808
169.3263,52.9056,26.3279,157.0079
169.8713,51.4413,27.9355,157.2388
170.4362,49.9140,29.5384,157.5609
170.9924,48.4871,31.1947,157.6460
170.2059,47.0760,32.7677,157.6659
170.9089,45.6071,34.1947,157.7706
171.6732,44.1919,35.5284,157.7389
172.3687,42.6946,37.0248,157.8460
173.0980,41.2316,38.4838,157.8544
173.8887,39.8578,39.8480,157.6563
174.6663,38.4345,41.2616,157.5343
175.4292,36.9445,42.7295,157.5204
176.1807,36.8709,44.2479,157.6676
176.9914,35.4008,45.6782,157.5561
179.4156,34.0053,46.9836,157.2701
180.2329,34.1824,48.4462,156.9158
181.1029,34.3803,49.8253,156.5201
181.9667,34.6562,51.2369,155.9682
182.8352,33.4352,52.6570,155.2531
183.7631,33.6477,53.9742,154.8282
184.6732,32.2454,55.3449,154.4419
185.5029,32.4678,56.8958,153.9971
186.3394,32.7351,58.4546,153.4624
187.2726,33.0743,59.8406,152.7840
188.1272,33.4368,61.3989,152.0590
189.0272,33.8088,62.8837,151.3150
191.5131,34.1543,64.5131,150.6241
192.5349,34.4722,65.7888,149.9883
193.5172,34.8061,67.1571,149.3204
194.4898,35.1071,68.5590,148.7185
195.4686,35.4025,69.9644,148.1276
196.5068,35.7357,71.2669,147.4613
197.4903,35.9821,72.6917,146.9685
198.5012,36.2410,74.0793,146.4507
199.4705,36.5414,75.5667,145.8498
200.4622,38.6699,77.0259,145.0355
201.4736,39.0013,78.4590,144.3728
202.5116,39.3142,79.8534,143.7469
203.5318,41.4043,81.2982,143.0519
204.5958,43.5046,82.6697,142.3508
205.6928,43.9428,83.9879,141.4743
206.8333,46.1687,85.2286,140.5442
207.9838,48.3809,86.4563,139.6484
209.0719,50.5505,87.8161,138.8452
210.2442,52.7498,89.0182,137.9934
211.4378,53.2548,90.1852,136.9834
212.7163,55.5263,91.1866,135.9988
212.1420,57.7662,92.3352,135.0793
215.1143,60.0113,93.5217,134.1546
214.5291,60.4753,94.6920,133.2267
215.7274,62.6517,95.8719,132.4501
216.9428,64.9064,97.0251,131.5248
218.1318,67.1632,98.2360,130.6003
219.3739,69.4235,99.3466,129.6743
220.6306,71.6915,100.4319,128.7370
220.0388,73.9641,101.6155,127.7939
221.3359,76.2607,102.6281,126.8077
222.6029,78.5549,103.7022,125.8273
222.0092,80.7675,104.8897,125.0125
223.3304,83.1033,105.8643,123.9581
224.6086,85.3989,106.9243,122.9833
223.9830,87.6908,108.1756,122.0178
225.2366,91.8572,109.2919,120.9320
226.6071,94.1921,110.1751,119.8865
226.1416,96.4851,111.1063,118.9227
227.4506,98.8769,112.1101,117.7611
226.9911,101.2362,113.0291,116.6624
226.5069,103.5286,113.9977,115.6945
227.8513,107.6800,114.9260,114.6262
229.2025,109.9739,115.8385,113.6532
228.7654,112.2840,116.7127,112.6471
230.1264,114.5777,117.6025,111.6716
231.4585,118.6764,118.5487,110.6948
230.9723,120.8870,119.5210,109.8831
230.4722,123.1415,120.5213,108.9861
230.0234,127.2486,121.4190,107.9982
231.3930,129.4664,122.2910,107.1738
230.9521,131.6744,123.1729,106.3694
230.5611,135.7580,123.9548,105.4272
231.9582,137.9773,124.7700,104.5978
231.5750,142.0560,125.5363,103.6578
231.1910,144.2449,126.3044,102.8851
230.8228,148.3023,127.0408,101.9795
232.2791,150.5047,127.7294,101.1759
231.9709,152.8012,128.3457,100.1816
231.5976,156.9374,129.0924,99.0933
231.2492,159.2153,129.7892,98.1233
232.7248,161.5228,130.4185,97.0888
232.3472,163.8548,131.1737,95.9978
231.8602,169.8262,132.1478,94.7553
231.4513,172.0291,132.9655,93.9107
230.9907,174.2701,133.8866,92.9883
230.5652,178.3049,134.7376,92.0352
230.1103,180.3375,135.6475,91.5255
229.6980,182.4275,136.4721,90.9060
229.3587,188.1808,137.1507,90.0876
229.0707,188.5176,137.7267,89.4141
228.7900,190.6915,138.2881,88.6230
228.6008,192.8941,138.6664,87.7698
228.4119,196.9811,139.0443,86.6823
228.2058,199.1708,139.4564,85.8338
228.0894,201.4507,139.6893,84.7966
228.0164,203.7237,139.8354,83.7593
227.9716,207.7586,139.9248,82.6763
227.8383,209.9431,140.1915,81.7837
229.4633,212.0945,140.4069,80.9462
229.2240,214.2436,140.8854,80.1022
229.0001,218.2414,141.3333,79.0007
228.8704,220.4303,141.5926,78.0580
228.7808,222.6410,141.7718,77.0593
228.7202,224.8428,141.8930,76.0638
228.6497,227.0101,142.0340,75.1223
228.5708,229.1615,142.1918,74.1984
228.5342,231.3077,142.2650,73.2714
228.4494,233.4079,142.4346,72.4216
228.3583,235.5412,142.6168,71.4932
228.2610,237.6099,142.8115,70.6809
228.1551,239.6737,143.0233,69.8672
227.9862,241.7330,143.3610,69.0513
227.8201,243.8140,143.6933,68.1828
227.6418,245.9237,144.0498,67.2465
227.4081,248.0166,144.5173,66.3329
227.1936,250.0746,144.9462,65.4798
225.4493,252.1071,145.1806,64.6689
225.3470,254.1343,145.3852,63.8579
225.1625,256.1456,145.7542,63.0673
224.9886,258.1874,146.1020,62.2072
224.9122,260.2263,146.2549,61.3427
224.8433,262.2746,146.3926,60.4462
224.7109,262.6006,146.6574,59.7941
224.5493,264.5809,146.9807,59.0121
224.4887,264.8579,147.1017,58.4580
224.3831,266.8430,147.3130,57.6487
224.3510,268.7295,147.3772,57.0253
224.3155,268.9872,147.4483,56.5100
224.3060,270.8580,147.4671,55.8994
224.3026,272.7493,147.4740,55.2372
224.2737,272.9885,147.5319,54.7590
224.2041,274.8664,147.6710,54.1039
224.1734,275.0927,147.7323,53.6513
224.0519,275.3507,147.9755,53.1353
223.9652,277.2949,148.1489,52.3247
223.8728,279.1060,148.3336,51.7681
223.7796,279.3158,148.5201,51.3484
223.7134,279.5865,148.6523,50.8072
223.7049,281.4728,148.6694,50.0796
223.6391,281.7087,148.8010,49.6078
223.5684,281.9498,148.9424,49.1257
223.4857,282.2018,149.1079,48.6216
223.4992,284.0541,149.0809,47.9287
223.3852,284.2256,149.3087,47.5856
223.3625,284.4762,149.3541,47.0844
223.3238,284.7420,149.4316,46.5528
223.3011,284.9867,149.4771,46.0635
224.7772,286.8133,149.4945,45.3801
224.7426,286.9965,149.5638,45.0138
224.7290,287.2373,149.5911,44.5321
224.6400,287.4539,149.7690,44.0988
224.5567,287.6762,149.9356,43.6543
225.9714,289.4619,150.0378,43.0144
225.8551,289.6406,150.2703,42.6570
225.8103,289.8393,150.3598,42.2596
225.7773,290.0254,150.4259,41.8874
227.1518,291.7041,150.5824,41.4355
227.1702,291.9217,150.5457,41.0002
227.1594,292.1161,150.5672,40.6115
227.1020,292.3351,150.6820,40.1736
228.4482,292.4997,150.8665,39.8442
228.2855,292.6844,151.1919,39.4749
229.6189,292.8842,151.3960,39.0754
229.5921,292.9841,151.4496,38.8755
231.0591,293.1309,151.3788,38.5819
231.0427,293.3163,151.4116,38.2110
232.5040,293.5099,151.3390,37.8240
232.4879,293.6705,151.3712,37.5027
232.5380,293.8585,151.2710,37.1266
234.0072,294.1013,151.1602,36.6411
235.3836,295.7321,151.2240,36.1963
236.7277,295.8806,151.3449,35.8992
236.7292,296.0541,151.3419,35.5522
238.1187,296.2484,151.3613,35.1636
238.0726,296.4194,151.4534,34.8215
238.0003,296.5526,151.5980,34.5552
239.3751,296.6823,151.6315,34.2957
240.7165,296.8460,151.7270,33.9683
242.0656,296.9925,151.8023,33.6754
242.0582,297.1388,151.8170,33.3828
243.3436,297.2414,152.0097,33.1775
243.2585,297.3458,152.1800,32.9687
244.5829,297.4643,152.2917,32.7318
245.9284,297.5777,152.3581,32.5050
245.8996,297.6992,152.4157,32.2620
247.2649,297.8453,152.4351,31.9697
248.6134,297.9404,152.4830,31.7795
250.0103,298.0699,152.4308,31.5207
249.9987,298.1945,152.4540,31.2715
249.8454,298.3307,152.7606,30.9988
251.0737,299.8557,153.0345,30.6795
251.0887,299.9615,153.0045,30.4678
251.0563,300.0542,153.0692,30.2823
251.0517,300.1340,153.0785,30.1228
252.4693,300.2321,152.9610,29.9265
253.8734,300.3336,152.8651,29.7236
255.1695,300.4385,152.9799,29.5138
255.1281,300.5447,153.0627,29.3014
255.1212,300.6185,153.0765,29.1537
256.4591,300.7215,153.0995,28.9477
256.4362,300.8219,153.1453,28.7470
257.7928,300.9130,153.1240,28.5648
259.1856,300.9750,153.0260,28.4407
259.0888,301.0493,153.2197,28.2921
259.0116,301.1243,153.3742,28.1421
260.3683,301.1986,153.3439,27.9936
260.3832,301.2485,153.3141,27.8937
260.3008,305.5751,153.4787,27.2726
260.2293,305.5027,153.6218,27.4174
260.1857,305.4442,153.7089,27.5343
260.1474,305.4040,153.7856,27.6147
260.1073,305.3979,153.8657,27.6269
260.1920,305.4079,153.6963,27.6071
261.5437,305.4399,153.6700,27.5430
261.5844,305.5015,153.5887,27.4198
263.0143,305.5838,153.4007,27.2552
263.0215,305.6088,153.3862,27.2052
263.0663,305.6425,153.2965,27.1378
263.1369,305.7030,153.1553,27.0167
263.1814,307.1865,153.0664,26.7076
264.5185,307.1631,153.0426,26.7545
264.5192,307.1642,153.0413,26.7523
264.6107,307.2271,152.8582,26.6265
264.6835,307.2737,152.7126,26.5332
264.7769,308.7114,152.5259,26.3000
264.8062,310.1685,152.4674,26.0208
264.7874,310.0882,152.5049,26.1813
263.4380,310.0517,152.5715,26.2544
263.5144,310.0631,152.4186,26.2314
263.4683,312.9137,152.5108,25.7944
262.0822,312.8372,152.6582,25.9474
260.6924,312.7572,152.8081,26.1076
259.3181,315.5743,152.9218,25.7433
257.9785,315.4557,152.9715,25.9805
256.6685,315.3717,152.9568,26.1485
255.3342,316.7466,152.9875,26.0366
254.0046,318.0669,153.0104,26.0321
252.7140,317.9962,152.9554,26.1735
251.3632,318.0043,153.0186,26.1573
249.9787,320.8322,153.1487,25.7794
247.4093,320.7786,153.0209,25.8867
246.1662,323.5660,152.8735,25.5790
243.6731,323.4862,152.6088,25.7386
241.1085,323.4441,152.4881,25.8229
238.5059,328.9479,152.4435,25.3150
235.8898,328.7888,152.4471,25.6332
234.6548,328.7197,152.2964,25.7715
232.1011,328.6697,152.1613,25.8714
228.2088,328.6033,152.0817,26.0043
225.4602,334.0744,152.3332,25.5537
224.1619,334.0276,152.3122,25.6473
221.6047,333.9655,152.1885,25.7715
219.0011,333.8961,152.1561,25.9104
214.9649,336.5762,152.3623,25.7943
213.7012,336.5034,152.2670,25.9399
211.0880,337.7885,152.2451,25.9940
208.4999,337.7094,152.1712,26.1523
204.5216,341.7870,152.2466,25.8783
203.3363,341.6994,151.9945,26.0535
199.4739,343.0228,151.8512,26.0293
197.0520,343.0537,151.4546,25.9675
194.6080,345.8424,151.1157,25.6171
190.8782,345.8353,150.7697,25.6313
188.3183,347.2701,150.6947,25.3590
184.3623,351.4072,150.8341,24.8576
181.6784,351.2727,151.0360,25.1266
175.0508,351.0994,151.3362,25.4732
173.6438,353.8074,151.5480,25.2614
170.9604,353.6125,151.7133,25.6511
168.4605,354.8944,151.4915,25.6981
165.9873,354.7703,151.2206,25.9464
163.4853,356.0919,151.0049,25.9130
160.8869,357.4255,150.9893,25.8519
157.0092,358.7506,150.9303,25.8064
154.4612,360.0414,150.8203,25.8280
151.8965,361.3253,150.7458,25.8622
148.0779,361.2122,150.5784,26.0882
145.4678,363.9073,150.5910,25.9056
142.9380,363.7431,150.4499,26.2340
138.9625,367.7913,150.5865,25.9521
137.7929,367.7477,150.3244,26.0393
133.8614,367.6737,150.3897,26.1873
129.8624,368.9443,150.5784,26.2493
128.5865,368.9534,150.5233,26.2311
125.8552,370.2880,150.7743,26.1676
123.2584,373.0638,150.7518,25.8321
120.6435,373.0155,150.7793,25.9287
115.3985,374.3971,150.8560,25.7688
114.1431,374.3823,150.7654,25.7985
111.4179,375.7966,151.0147,25.5705
108.8903,375.8230,150.8708,25.5177
106.3982,380.0405,150.6619,24.8722
103.9492,379.9464,150.3983,25.0604
101.5846,379.9561,149.9660,25.0409
99.1137,381.3501,149.7587,24.8275
96.7610,381.3166,149.3293,24.8944
95.6098,384.0399,149.0689,24.5733
93.0677,383.8711,149.0477,24.9111
90.5078,383.7994,149.0490,25.0543
89.1375,386.5427,149.2275,24.6918
87.8031,386.3529,149.3390,25.0716
85.1620,386.2086,149.4884,25.3601
83.7602,387.5599,149.7179,25.2317
82.4722,387.4907,149.7190,25.3702
79.8019,387.4133,149.9043,25.5250
78.4402,390.1688,150.0444,25.1804
77.1929,390.0436,149.9607,25.4307
75.9121,389.9639,149.9402,25.5903
74.7231,389.9339,149.7330,25.6502
72.1742,389.9133,149.6642,25.6915
72.2275,389.9168,149.5576,25.6844
70.9492,391.3304,149.5326,25.4389
69.7469,391.2055,149.3609,25.6886
69.8390,391.1630,149.1767,25.7737
68.5985,391.1541,149.0795,25.7914
67.3868,392.5571,148.9258,25.5626
67.5745,392.4656,148.5505,25.7454
66.3947,392.3851,148.3413,25.9064
66.4872,392.2944,148.1561,26.0880
66.5427,392.2187,148.0452,26.2394
