1
284.1152,154.8688,254.7695,47.2624
283.7780,155.3585,255.4440,46.2831
283.3171,155.8759,256.3658,45.2483
282.8115,156.3756,257.3770,44.2488
282.3960,156.8959,258.2079,43.2081
281.8762,157.3869,259.2475,42.2262
281.4440,157.9075,260.1120,41.1850
281.1321,158.3902,260.7359,40.2196
280.7826,158.8673,261.4348,39.2654
278.2250,159.4486,262.1495,38.1027
277.9156,159.9127,262.7683,37.1746
279.7950,160.2935,263.3863,36.4130
279.6799,143.1044,263.6165,35.8319
279.4367,143.5269,264.1029,34.9870
279.0974,143.9325,264.7815,34.1758
278.6470,144.0240,265.6822,33.9926
278.3315,144.3030,266.3134,33.4347
278.0369,144.4722,266.9025,33.0964
277.9074,144.4958,267.1615,33.0491
277.8547,127.1983,267.2669,32.8157
277.6720,127.4506,267.6324,32.3113
275.2921,127.7384,268.0471,31.7355
274.9638,127.8851,268.7038,31.4421
274.7196,128.0116,269.1922,31.1893
274.4255,128.1294,269.7804,30.9536
274.1304,128.2817,270.3705,30.6491
273.8029,128.3523,271.0257,30.5078
273.4399,128.4526,271.7516,30.3073
271.0121,128.4874,272.2468,30.2376
268.6049,128.5083,272.6953,30.1958
268.2405,128.4640,273.4242,30.2845
265.8976,128.3606,273.7272,30.4912
265.7152,128.2329,274.0918,30.7466
265.4383,128.0141,274.6458,31.1841
265.1631,127.7948,275.1961,31.6229
264.9424,125.5747,275.6375,31.6282
264.7621,125.4672,275.9980,31.8432
264.4676,125.3049,276.5871,32.1679
261.9330,125.1512,277.1910,32.4752
261.6839,124.9980,277.6894,32.7817
261.4837,124.8909,278.0896,32.9958
261.2683,124.7043,278.5204,33.3689
261.0971,124.5108,278.8629,33.7560
260.8308,124.4616,279.3955,33.8544
258.4720,124.4126,279.5747,33.9525
258.2097,124.3129,280.0992,34.1519
257.9966,124.1784,280.5255,34.4207
257.8551,124.0644,280.8085,34.6489
257.6822,123.9547,281.1542,34.8683
257.4513,123.8404,281.6161,35.0967
257.2594,123.7562,281.9999,35.2651
257.0753,123.7231,282.3680,35.3314
256.8098,123.5998,282.8990,35.5780
256.4760,123.5163,283.5666,35.7449
256.2127,123.4338,284.0933,35.9100
255.9911,123.1957,284.5364,36.3862
255.7379,122.8941,285.0430,36.9894
255.6359,122.6333,285.2470,37.5110
255.4816,122.5259,285.5555,37.7257
255.2651,122.4848,285.9885,37.8079
257.2041,122.3913,286.8203,37.9949
256.6560,122.2070,287.9166,38.3636
256.0447,122.1077,289.1392,38.5621
255.3846,121.9631,290.4594,38.8515
254.6803,121.7629,291.8679,39.2517
253.9471,121.4215,293.3344,39.9346
252.9549,128.7603,295.3188,39.8197
252.2516,128.4160,296.7254,40.5084
251.4800,128.0615,298.2685,41.2174
248.5273,127.7993,299.2256,41.7417
248.2357,145.0917,299.8088,41.9616
245.3601,144.8626,300.5755,42.4198
244.9392,144.6085,301.4172,42.9281
244.6466,144.4196,302.0025,43.3059
244.1992,144.2050,302.8972,43.7350
243.8158,144.0342,303.6641,44.0766
243.5745,143.8263,304.1467,44.4924
243.2569,143.5815,304.7819,44.9819
242.8674,143.2830,305.5608,45.5791
242.5409,142.9712,306.2138,46.2027
242.2659,142.7076,306.7638,46.7298
242.0883,142.3354,307.1190,47.4742
241.9193,142.0224,307.4570,48.1003
241.7750,141.6723,307.7457,48.8005
241.6807,141.3177,307.9343,49.5097
241.5756,141.1490,308.1444,49.8471
241.4901,140.9184,308.3154,50.3083
241.4534,140.7113,308.3889,50.7225
241.4460,140.4402,308.4037,51.2646
241.4494,140.1329,308.3969,51.8792
241.4909,139.8866,308.3138,52.3718
238.8678,139.6062,308.2496,52.9326
238.7613,139.3123,308.4624,53.5204
236.2004,138.9942,308.2490,54.1565
236.1223,146.9442,308.4050,54.2916
236.0329,146.6427,308.5839,54.8946
236.0704,146.2479,308.5089,55.6841
236.1852,148.6141,308.2794,56.3305
236.2705,151.0228,308.1088,56.9014
236.3883,150.6377,307.8731,57.6717
236.4963,155.7149,307.6572,58.3353
236.3550,155.3296,307.9397,59.1059
236.1992,154.9729,308.2513,59.8193
236.0697,157.2781,308.5103,60.6652
235.8060,159.5992,309.0378,61.4994
235.5288,161.9196,309.5921,62.3587
235.2707,161.4712,310.1083,63.2555
234.9179,163.7932,310.8138,64.1606
234.5283,163.2464,311.5932,65.2542
236.8312,165.3899,312.5960,66.5759
236.5494,164.7417,313.1595,67.8724
236.1565,166.8645,313.9453,69.3078
235.9292,166.1721,314.4001,70.6926
235.5394,168.2834,315.1796,72.2230
238.0632,170.4003,315.9252,73.7822
237.6997,169.6130,316.6521,75.3569
237.4155,168.7867,317.2205,77.0096
237.1046,170.8909,317.8423,78.7144
236.8643,170.0305,318.3230,80.4351
236.7089,169.1798,318.6337,82.1365
236.6140,168.4343,318.8236,83.6276
236.5769,167.6789,318.8978,85.1383
236.5286,166.8736,318.9943,86.7488
236.5576,166.0417,318.9364,88.4128
236.4692,165.1430,319.1131,90.2101
239.4661,161.1281,319.3083,92.0510
239.4141,157.0849,319.4123,93.9114
239.4865,152.9671,319.2675,95.8847
239.5271,151.9397,319.1862,97.9396
239.6309,150.9006,318.9787,100.0178
239.6785,149.8008,318.8835,102.2175
242.9775,148.6879,318.6937,104.4431
243.0334,150.7246,318.5820,106.8163
246.2711,149.6304,318.5949,109.0045
249.5002,148.4976,318.6652,111.2703
249.5097,147.3325,318.6461,113.6005
252.7767,146.2443,318.7250,115.7768
252.8553,145.1624,318.5677,117.9406
256.3557,147.3548,318.2573,120.2461
256.6499,146.2601,317.6688,122.4354
256.9943,145.0886,316.9799,124.7784
257.5009,140.4728,315.9669,127.2197
258.0613,139.2521,314.8459,129.6612
258.8233,134.5745,313.3220,132.1699
259.6426,130.0100,311.6834,134.4297
257.0928,125.4372,309.8976,136.6900
258.0966,120.8449,307.8899,138.9752
259.1416,119.7828,305.8000,141.0994
260.1325,118.7342,303.8181,143.1967
261.1250,117.6971,301.8332,145.2708
258.6898,113.2273,299.7713,147.2782
259.8207,112.2031,297.5096,149.3266
257.4838,111.2487,295.2439,151.2354
258.6071,110.2791,292.9973,153.1746
256.5077,105.8702,290.2567,155.0527
257.8387,104.9521,287.5947,156.8890
255.6945,104.0470,284.9593,158.6992
257.0740,99.6474,282.2003,160.5827
258.4984,98.8763,279.3517,162.1250
259.9125,98.1188,276.5233,163.6400
261.3460,97.4153,273.6564,165.0470
262.9006,96.7799,270.5472,166.3178
264.3557,96.1859,267.6369,167.5057
262.4735,95.5789,264.5943,168.7198
263.8452,94.9182,261.8507,170.0411
265.2802,94.2173,258.9809,171.4430
266.6816,93.6005,256.1779,172.6766
264.7342,93.0648,253.3513,173.7480
266.2334,92.3905,250.3528,175.0965
267.6904,91.7260,247.4389,176.4257
269.0775,91.1482,244.6648,177.5811
270.4186,90.6272,241.9824,178.6231
268.4402,90.1022,239.3344,179.6732
269.7564,89.5238,236.7019,180.8300
271.1230,89.0417,233.9689,181.7941
272.5693,88.5089,231.0762,182.8598
274.0357,88.1240,228.1435,183.6296
278.8111,87.7454,225.0677,184.3867
280.2750,87.3718,222.1400,185.1340
281.7190,86.9595,219.2519,185.9586
286.4703,86.7330,216.1252,186.4115
287.9498,86.5921,213.1662,186.6933
289.4238,86.3173,210.2182,187.2430
291.0143,86.1901,207.0373,187.4974
292.5681,86.0720,203.9296,187.7336
297.2158,86.0603,200.8008,187.7570
298.6184,89.0211,197.9955,187.9536
299.9641,89.0217,195.3042,187.9524
301.2972,91.8991,192.6380,188.2328
302.6036,94.8529,190.0252,188.3231
303.8463,94.7421,187.5397,188.5446
308.0121,97.5828,185.1308,188.7859
309.1985,97.4671,182.7579,189.0172
310.4094,97.2887,180.3363,189.3740
311.5565,99.9011,178.0419,189.9710
312.7022,99.5986,175.7506,190.5760
316.6524,99.3075,173.6179,191.1582
317.6371,98.9958,171.6486,191.7816
321.4860,98.8544,169.6718,192.0645
322.4066,98.6087,167.8307,192.5558
326.0754,98.1795,166.1651,193.4142
326.7799,97.7747,164.7560,194.2238
327.4134,97.1568,163.4892,195.4595
330.8710,96.4346,162.2210,196.9039
331.4612,95.6311,161.0405,198.5111
332.0407,94.7573,159.8817,200.2587
332.6112,93.8224,158.7406,202.1285
333.0972,92.8586,157.7686,204.0560
333.5872,91.9392,156.7887,205.8948
334.0980,88.1491,155.7671,207.7766
334.5263,84.2472,154.9104,209.8700
334.9599,80.3164,154.0432,212.0033
335.4987,79.3771,152.9657,213.8819
336.0514,75.4552,151.8603,215.9686
336.6042,71.5743,150.7546,217.9599
337.1479,67.6459,149.6671,220.0342
337.6142,63.6902,148.7346,222.1499
335.1844,62.7719,147.7821,223.9866
335.6511,61.9178,146.8488,225.6948
336.0990,58.2444,145.9531,227.2077
336.5219,57.5147,145.1071,228.6670
336.8999,56.9185,144.3512,229.8594
334.3859,56.2978,143.5247,231.1008
334.8018,55.7214,142.6928,232.2537
335.1948,55.1837,141.9069,233.3291
335.5566,57.7535,141.1832,234.0548
335.9629,57.4886,140.3707,234.5846
336.3755,60.1306,139.5454,235.1585
336.7184,59.7210,138.8598,235.9777
334.1623,62.3668,138.1187,236.5393
334.4868,61.8920,137.4696,237.4890
334.7605,64.2930,136.9224,238.5391
334.9287,63.6852,136.5858,239.7547
332.2240,66.0844,136.1247,240.8270
332.4868,65.5880,135.5990,241.8198
332.7774,65.0408,135.0177,242.9141
330.1158,67.6131,134.4503,243.6603
330.4080,67.2198,133.8660,244.4468
330.6841,66.7841,133.3136,245.3182
328.0896,66.3553,132.6055,246.1759
328.3499,65.9445,132.0849,246.9974
328.6355,65.5476,131.5138,247.7913
