1
381.4960,266.8651,171.0080,77.2698
381.2960,267.1055,171.4079,76.7890
381.1761,267.2398,171.6477,76.5204
380.7245,267.2845,172.5509,76.4310
382.3469,267.4412,173.1534,76.1176
382.0867,269.4805,173.6738,75.8895
381.8205,271.6376,174.2062,75.4292
381.3510,271.7712,175.1453,75.1619
380.9115,271.7831,176.0243,75.1382
382.5525,273.8893,176.6170,74.8005
382.3632,274.1426,176.9956,74.2938
381.6876,276.1383,178.3468,74.1764
381.2453,276.1935,179.2314,74.0661
383.0702,278.2169,179.4836,73.9211
382.5117,278.2505,180.6005,73.8541
382.1563,280.4026,181.3113,73.4677
381.5743,282.4295,182.4753,73.3353
380.8993,282.5005,183.8254,73.1933
380.8194,283.1553,183.9852,71.8838
380.4362,285.8150,184.7516,70.4959
379.9509,288.4008,185.7222,69.2419
378.8106,288.4857,188.0028,69.0723
379.7308,288.4048,190.1011,69.2341
380.5172,290.8456,192.4999,68.3241
379.2482,291.1451,195.0377,67.7250
379.6566,291.2031,198.2357,67.6090
378.1489,293.4847,201.2511,67.1040
377.0870,295.9566,203.3749,66.2522
376.3416,296.6485,204.8658,64.8684
377.0297,299.5095,207.5918,63.2487
375.7591,300.0952,210.1330,62.0772
374.6661,301.0426,212.3189,60.1824
371.3438,301.7578,214.8428,58.7521
369.9820,299.0071,217.5664,55.9943
370.9401,300.3194,219.7662,53.3697
375.8854,301.5556,222.1664,50.8972
366.8922,300.5189,223.8196,48.8875
366.0500,301.3554,225.5039,47.2143
364.0822,296.6001,229.4397,44.5484
359.6157,295.5176,230.2491,42.6517
359.1054,296.1249,231.2697,41.4370
357.4406,288.5782,234.5994,40.4263
359.5399,286.1479,234.4529,41.2345
358.1785,277.7134,233.1096,41.8387
358.6296,273.5316,232.2074,42.0832
353.2197,262.3020,230.8718,44.2833
355.6009,261.7183,230.1859,45.4507
339.7754,260.6541,229.1188,47.5791
340.6673,254.4171,227.3349,51.8204
341.3392,246.0946,225.9911,55.9455
341.6536,237.6070,225.3624,60.2210
342.1855,235.6036,224.2986,64.2279
329.8358,231.8573,222.8055,67.3550
330.1071,218.5968,217.8605,71.8637
329.3268,211.4985,215.0058,77.2296
328.7365,206.9968,211.7139,81.7606
322.2057,200.1467,206.7476,86.4468
323.5321,195.4123,204.0949,91.3966
327.5985,183.7234,200.5301,96.5024
324.6838,179.4898,192.5433,100.3640
315.7477,176.8782,187.6392,105.5874
317.7397,167.6754,183.6552,110.2759
316.7525,165.3582,181.0370,114.9103
307.3468,161.1317,176.6913,118.7319
306.0701,159.2324,174.6148,122.5305
305.3640,148.1961,171.3657,125.9573
304.9893,146.9120,167.4465,128.5255
302.3289,144.8109,163.4654,132.7277
292.8064,142.8801,159.2196,136.5895
294.7622,140.9913,155.3080,140.3670
296.8275,134.6540,151.1773,143.7320
296.9547,134.3226,146.2790,144.3947
294.1340,133.3006,142.7654,146.4388
289.9633,131.8411,137.4439,149.3578
290.4333,131.1875,131.9883,150.6649
289.8783,131.2257,128.6495,150.5885
290.8649,130.8860,126.6763,151.2679
283.8182,130.4479,123.2785,152.1441
285.5179,132.6630,119.8791,152.0453
282.9747,134.5118,116.4159,152.6225
280.6982,135.7394,112.5146,154.3946
278.0988,136.4988,109.3326,157.0661
277.5021,135.2401,106.3477,159.5834
276.8281,136.5042,103.5289,161.2222
278.1743,136.6816,100.8365,160.8673
277.4803,137.4662,98.1303,159.2981
276.5582,137.8697,95.9493,158.4911
275.5955,140.1136,93.8981,157.9800
274.7782,142.3992,91.5984,157.3430
273.8786,144.1368,89.5115,157.7538
274.6018,144.2703,88.0651,157.4869
273.4296,146.0825,86.5813,157.6906
274.2152,147.9589,85.0102,157.7436
275.0428,149.8914,83.3549,157.6584
275.8020,149.9534,81.8365,157.5345
274.7349,151.9794,80.2487,157.2046
275.4922,153.9393,78.7339,156.9747
276.1430,154.0717,77.4323,156.7100
276.7448,155.8922,76.2289,156.7031
277.2860,157.7340,75.1464,156.6324
277.5566,157.8589,74.6051,156.3827
277.9017,158.0704,73.9150,155.9597
278.2157,160.0319,73.2870,155.5986
278.5765,163.7955,72.5655,155.1630
278.9822,165.8994,71.7540,154.4820
277.8262,166.3050,70.5633,153.6708
278.0637,166.8004,70.0884,152.6801
278.2627,167.2622,69.6903,151.7565
278.3528,167.3632,69.5100,151.5544
278.4597,167.5229,69.2962,151.2349
278.5965,169.4794,69.0227,150.7345
278.5927,171.3873,69.0303,150.3191
278.4442,173.7384,69.3272,149.0114
278.4350,177.9143,69.3457,147.4209
278.6349,178.0247,68.9460,147.2002
278.7608,178.2576,68.6942,146.7343
278.8091,178.5165,68.5975,146.2165
278.9905,180.4364,68.2347,145.7039
279.1912,182.6604,67.8333,144.5694
279.3495,183.1188,67.5167,143.6526
279.6216,183.4230,66.9724,143.0442
279.8145,183.7440,66.5867,142.4022
280.0050,184.0504,66.2057,141.7893
280.2050,184.5244,65.8056,140.8414
280.4148,185.0548,65.3860,139.7805
280.4905,185.1948,65.2347,139.5005
280.5500,186.9324,65.1157,139.1961
280.5782,187.3532,65.0593,138.3544
280.6645,187.7590,64.8867,137.5429
280.7213,188.1309,64.7731,136.7991
280.7286,190.2385,64.7585,135.7072
280.8290,190.6085,64.5576,134.9672
281.0348,191.0340,64.1461,134.1162
281.2118,191.5347,63.7921,133.1147
281.4709,192.0275,63.2738,132.1292
281.5080,192.4761,63.1997,131.2319
281.6310,193.3378,62.9538,129.5087
281.6537,195.8024,62.9084,127.5647
281.5165,196.2073,63.1827,126.7548
281.5020,196.6303,63.2117,125.9087
281.4876,197.2063,63.2404,124.7568
281.6892,198.3128,62.8372,122.5438
281.9524,199.4391,62.3109,120.2912
282.0742,200.3352,62.0672,118.4990
282.0146,200.8953,62.1864,117.3789
282.2217,201.3223,61.7723,116.5248
282.4822,201.7044,61.2512,115.7607
282.6376,202.4292,60.9404,114.3110
282.4827,203.2902,61.2502,112.5890
282.3181,203.4794,61.5795,112.2106
280.9347,203.7932,61.6386,111.5830
280.9478,204.5048,61.6124,110.1599
281.4085,204.9878,60.6910,109.1938
281.9734,205.3238,59.5613,108.5219
282.3054,205.7750,58.8972,107.6194
282.4992,206.5365,58.5095,106.0964
282.5540,208.6199,58.4000,104.4947
282.5293,210.4690,58.4494,103.3360
282.4198,211.0212,58.6683,102.2314
282.4720,211.7662,58.5640,100.7414
282.4521,212.3282,58.6039,99.6175
282.5408,212.9649,58.4265,98.3442
282.5330,213.6883,58.4420,96.8972
282.6266,214.3859,58.2548,95.5021
282.7649,215.0269,57.9783,94.2202
282.9216,215.7750,57.6649,92.7238
283.1221,216.4738,57.2638,91.3262
283.0929,217.2379,57.3222,89.7980
282.8418,218.2601,57.8244,87.7536
282.7770,219.3594,57.9540,85.5551
282.7664,219.9724,57.9752,84.3291
282.5974,220.8063,58.3133,82.6613
282.3948,221.7742,58.7184,80.7255
282.5672,222.5324,58.3736,79.2092
282.5564,223.6279,58.3953,77.0181
282.5061,224.5778,58.4958,75.1182
282.5500,225.4630,58.4081,73.3479
282.5941,226.3833,58.3198,71.5073
282.7135,227.1377,58.0810,69.9985
282.9390,227.9830,57.6300,68.3078
283.1508,228.8589,57.2063,66.5561
283.2995,229.7885,56.9090,64.6970
283.5045,230.7772,56.4990,62.7195
283.6176,231.8611,56.2728,60.5517
283.6595,232.9107,56.1889,58.4524
283.6660,233.9521,56.1761,56.3697
283.6450,234.9736,56.2180,54.3267
283.6332,236.9381,56.2417,52.1384
283.6849,237.8828,56.1382,50.2490
283.6691,239.5685,56.1698,48.5523
283.6456,241.4571,56.2169,46.4232
283.5748,243.3123,56.3584,44.3273
283.5938,245.1421,56.3203,42.2507
283.6503,247.0162,56.2073,40.0508
283.6207,248.7404,56.2667,38.1128
285.3589,249.7923,57.2284,36.0090
285.2018,252.9695,57.5427,34.0309
278.9953,254.7471,57.0840,33.3362
271.2777,258.8598,61.2264,30.7571
272.4915,259.7993,64.5130,28.8781
274.9313,260.5071,66.8519,27.4626
277.0278,261.6357,67.0166,26.6580
283.0956,263.8810,63.5243,26.4888
284.2517,265.4035,61.2121,26.2183
284.9785,266.8820,59.7585,25.9593
285.0621,268.8204,58.2679,26.0528
285.1782,271.2170,56.7323,26.4732
285.5578,270.9630,55.9731,26.9812
285.8109,270.6058,55.4669,27.6956
285.4279,270.5434,54.9416,29.1117
285.7659,270.9525,54.2657,30.9095
286.3524,271.0887,54.4213,33.2944
286.1990,269.8750,54.7280,35.7219
287.1483,270.2768,54.2459,37.7513
287.2505,269.7004,54.0417,40.3469
287.1148,269.7937,54.3129,43.1255
286.4907,268.3591,54.0292,45.9946
286.7928,269.1886,53.4250,49.0573
287.5167,270.1509,53.5909,51.9733
287.1571,269.5476,54.3101,54.8423
286.7985,268.9001,55.0272,57.8564
286.7207,268.2130,55.1827,61.0080
286.5198,267.4952,55.5846,64.2727
286.5563,266.0215,55.5115,67.2201
286.4615,266.3116,55.7013,70.5012
286.4731,265.8660,55.6781,73.3763
286.6147,265.6953,55.3948,75.7454
286.6925,265.5193,55.2392,78.1564
286.8544,266.4554,54.9153,80.4700
286.9124,266.2516,54.7993,83.0002
286.8766,264.8616,54.8709,85.7802
287.9599,265.6029,54.9059,88.7006
287.9977,268.0569,54.8303,90.5302
288.0646,267.3879,54.6966,91.8682
287.9976,266.3593,54.8306,93.9253
287.9934,265.5523,54.8389,95.5393
288.2227,264.6789,54.3804,97.2861
288.3626,263.5295,54.1006,99.5849
288.4733,262.3955,53.8792,101.8529
288.5948,262.3354,53.6361,104.3963
288.6912,261.2432,53.4434,106.5807
288.9290,261.5176,52.9677,108.5170
289.1530,260.4835,52.5197,110.5852
289.2297,260.6862,52.3664,112.7073
289.3427,259.7110,52.1404,114.6578
289.3922,259.9036,52.0413,116.8529
289.5664,259.1068,51.6930,118.4465
289.7906,258.1694,51.2446,120.3212
289.9442,258.3346,50.9374,122.6373
290.1023,257.3961,50.6212,124.5142
290.1818,256.4328,50.4621,126.4409
290.2867,255.6313,50.2524,128.0438
290.3675,254.9365,50.0907,129.4334
290.3105,254.2504,50.2047,130.8056
290.2680,253.3355,50.2897,132.6355
290.3050,252.6326,50.2158,134.0413
289.0301,251.8932,49.9399,135.5201
289.1979,250.0532,49.6043,136.3582
289.4450,249.7558,49.1102,136.9531
289.6977,248.0002,48.6048,137.6170
289.8890,246.1748,48.2222,138.4201
288.6862,245.8065,47.7757,139.1568
288.8653,245.5327,47.4174,139.7044
289.0213,244.0563,47.1054,139.8013
289.1327,243.9690,46.8826,139.9759
289.0786,243.2714,46.9907,141.3712
289.0991,242.5824,46.9499,142.7491
289.1559,240.3648,46.8362,144.2938
289.2254,238.2557,46.6972,145.6015
289.2910,236.2802,46.5660,146.6260
289.3495,234.4711,46.4489,147.3057
289.3981,232.7185,46.3517,147.8648
289.4218,230.7346,46.3043,148.8802
289.4621,228.4116,46.2237,150.5605
289.5461,226.3018,46.0558,151.7921
289.6258,224.5785,45.8965,152.2362
289.7275,223.1318,45.6930,152.1238
289.8590,221.7381,45.4299,151.9109
289.9935,220.3219,45.1610,151.7508
288.6669,219.3033,44.8289,150.8028
288.6524,219.4005,44.8580,150.6084
288.6621,215.0894,44.8385,150.3401
288.6089,214.7325,44.9449,151.0541
288.5621,213.7607,45.0386,152.9977
288.5263,212.7942,45.1101,154.9305
288.5017,208.1249,45.1593,155.1815
288.4273,208.0640,45.3081,155.3032
288.3356,204.9707,45.4916,155.4134
288.2661,204.5433,45.6306,156.2684
288.2354,201.1716,45.6921,156.8961
288.2521,197.8682,45.6585,157.3670
287.0094,197.3284,45.0700,158.4468
286.9438,194.9647,45.2013,160.0960
286.9865,192.3283,45.1158,162.2648
287.0048,191.4102,45.0792,164.1012
286.9341,189.2237,45.2206,165.3160
286.8750,182.5846,45.3389,165.8830
286.7743,180.8884,45.5404,166.0872
286.5519,179.3523,45.9850,165.9648
286.2582,177.9643,46.5724,165.5396
286.0692,174.9778,46.9506,165.0999
285.9530,172.2161,47.1829,164.2090
285.8383,170.5763,47.4122,164.2896
285.8690,165.5466,47.3509,164.7359
286.0276,163.3443,47.0338,165.9310
286.2176,158.1079,46.6537,166.7424
286.2211,154.6163,46.6466,167.2761
286.0234,150.5833,47.0421,168.8777
285.8890,148.3406,47.3109,170.1010
285.7328,146.0357,47.6232,171.4262
285.5748,143.5777,47.9393,173.0333
285.4057,141.0586,48.2774,174.7338
285.2555,140.0680,48.5778,176.7152
285.2216,139.0124,48.6456,178.8264
285.1107,137.9595,48.8676,180.9322
284.9033,135.3515,49.2823,182.6819
284.7152,133.5236,49.6585,182.8389
284.5369,129.5443,50.0150,183.7816
284.4003,127.8027,50.2882,183.7369
284.4069,125.3219,50.2751,185.1659
284.3999,121.8718,50.2890,188.5137
284.3622,118.1595,50.3644,192.3386
284.4492,114.8977,50.1904,195.2073
284.4490,110.5204,50.1909,196.5779
284.3112,108.8910,50.4664,196.1256
284.0437,108.5848,51.0014,193.0279
283.7272,108.8068,51.6345,188.9071
283.2433,107.0182,52.6022,185.2231
282.8629,100.0623,53.3630,184.7480
282.7063,99.0924,53.6762,186.6877
282.5811,95.8022,53.9267,189.6306
282.4393,93.4847,54.2103,194.2657
282.1943,91.0076,54.7003,199.2200
281.9238,87.2060,55.2414,202.9897
281.7617,86.4866,55.5653,204.4285
281.6467,86.8187,55.7954,203.7643
281.6073,85.5691,55.8742,202.3455
281.5120,84.2409,56.0648,201.1025
281.3671,84.8374,56.3547,199.9095
281.2081,84.6928,56.6726,200.1985
281.0435,82.7180,57.0018,200.2640
280.8801,82.7965,57.3286,200.1071
280.7779,82.7964,57.5330,200.1073
280.6852,82.8122,57.7186,200.0757
280.6048,82.5514,57.8793,200.5973
280.4208,81.9893,58.2473,201.7214
282.1474,81.5666,58.7291,202.5669
281.8936,81.5135,59.2367,202.6730
281.7180,81.7419,59.5880,202.2163
281.5394,81.8281,59.9452,202.0439
281.4858,82.0767,60.0524,201.5467
281.4335,82.3776,60.1569,200.9448
281.3723,82.7611,60.2793,200.1779
281.2784,83.8467,60.4671,198.0067
281.1703,84.9314,60.6834,195.8373
281.0964,85.9133,60.8310,193.8736
280.9721,86.8019,61.0797,192.0963
280.8652,87.7215,61.2936,190.2570
280.7412,88.7087,61.5415,188.2827
280.6361,89.8344,61.7517,186.0313
280.5846,91.1004,61.8548,183.4992
280.5486,92.4297,61.9268,180.8407
280.5142,93.7196,61.9956,178.2608
280.4409,96.8499,62.1421,175.6715
280.3829,98.1936,62.2581,172.9839
278.6369,99.6351,62.1496,170.1011
278.6197,102.7704,62.1840,167.3878
278.5545,105.7144,62.3143,165.0189
278.4238,106.7212,62.5757,163.0053
278.4441,107.9649,62.5351,160.5179
278.5185,111.0219,62.3864,157.8307
278.5585,114.3993,62.3063,154.4615
278.4158,117.4767,62.5918,151.6423
278.3343,119.2108,62.7548,148.1741
278.2150,122.8249,62.9935,144.1988
278.0729,127.3201,63.2776,141.6076
278.0137,128.9017,63.3959,138.4445
277.9195,130.5955,63.5843,135.0569
277.8067,132.2367,63.8101,131.7745
276.4974,134.1889,63.3953,127.8701
276.3572,137.3679,63.6758,124.4810
276.1297,138.9183,64.1308,121.3802
275.8032,142.0277,64.7838,118.0478
275.6490,143.8370,65.0921,114.4293
275.7325,145.8978,64.9252,110.3077
276.0231,147.4080,64.3439,107.2872
275.0565,148.7637,63.5956,104.5759
275.1387,151.2501,63.4311,102.2318
274.9897,153.5708,63.7292,100.1813
273.5814,154.8231,63.9805,97.6766
272.2224,157.4508,64.1666,94.9533
271.9107,158.8382,64.7900,92.1783
271.5936,160.4791,65.4241,88.8966
271.3863,162.1135,65.8388,85.6277
271.3485,163.3039,65.9143,83.2470
271.3456,164.5440,65.9202,80.7667
270.2146,165.6437,65.8750,78.5674
269.2177,166.8072,65.5963,76.2403
269.1188,167.9652,65.7943,73.9244
267.8828,170.1387,66.0668,71.7767
267.9997,171.2640,65.8331,69.5262
268.0247,172.3441,65.7830,67.3660
267.7155,173.5325,66.4014,64.9890
267.4077,174.6112,67.0171,62.8317
266.8529,175.7039,68.1266,60.6464
266.4761,176.7195,68.8802,58.6152
266.3780,177.7008,69.0765,56.6526
265.5085,178.7870,68.8379,54.4802
265.3509,179.6382,69.1532,52.7778
265.4507,180.5549,68.9534,50.9443
265.4276,181.4370,68.9998,49.1802
265.2278,181.4097,69.3992,47.3803
263.9771,182.1065,70.0698,45.9865
263.6573,182.8876,70.7093,44.4244
262.6497,183.6627,70.9233,42.8741
262.6783,184.4050,70.8661,41.3895
262.6985,185.0247,70.8257,40.1501
261.7346,185.5336,71.0226,39.1323
261.6327,186.0241,71.2265,38.1514
261.4379,186.4706,71.6160,37.2585
261.0796,185.4331,72.3328,35.9472
260.8596,185.9203,72.7726,34.9728
260.8016,186.5456,72.8886,33.7222
260.8637,187.0230,72.7644,32.7675
260.4505,187.3007,71.9590,32.2120
260.6213,187.5969,71.6175,31.6197
260.6461,187.0461,71.5678,31.1262
260.5279,186.5490,71.8043,30.5350
260.2106,186.7364,72.4388,30.1601
259.9049,187.1538,73.0503,29.3253
259.5258,187.6039,73.8085,28.4251
259.2027,187.8961,74.4546,27.8406
258.9485,188.2442,74.9631,27.1444
258.8285,188.5759,75.2031,26.4811
258.7655,188.8717,75.3290,25.8895
259.5350,189.1205,75.3358,25.3920
259.4033,189.4562,75.5992,24.7205
259.2739,189.7463,75.8580,24.1402
259.2844,190.0492,75.8370,23.5345
259.1247,190.3468,76.1563,22.9392
259.0333,190.6594,76.3392,22.3140
259.6904,190.9325,76.5192,21.7679
259.5962,191.1810,76.7076,21.2709
260.3540,191.4404,76.6718,20.7521
260.3468,191.7141,76.6863,20.2046
260.3282,191.9615,76.7235,19.7098
260.2015,192.1947,76.9770,19.2435
260.7607,192.4808,77.3041,18.6713
261.2359,192.6918,77.7928,18.2493
261.2256,192.8943,77.8135,17.8443
261.2082,193.1268,77.8482,17.3793
261.8276,193.3718,78.0315,16.8893
262.5298,194.2873,78.0422,16.4735
262.3396,194.4499,78.4225,16.1482
262.0959,194.6232,78.9101,15.8016
261.9610,194.7914,79.1799,15.4653
261.8124,194.8927,79.4769,15.2626
261.7185,195.0460,79.6648,14.9561
261.6733,195.8798,79.7552,14.6887
262.1628,196.0237,80.1725,14.4008
262.7466,196.8572,80.4012,14.1302
263.3697,197.6938,80.5493,13.8514
263.3444,197.7659,80.6000,13.7071
263.3670,197.8857,80.5547,13.4676
263.9682,198.7600,80.7355,13.1022
263.9591,198.8933,80.7538,12.8356
264.5036,200.3572,81.0381,12.6546
264.3963,200.3781,81.2527,12.6128
264.8979,200.3839,81.6254,12.6012
264.8719,200.3838,81.6773,12.6014
265.5778,201.0435,81.6472,12.6635
266.3346,201.0256,81.5158,12.6992
266.4287,201.6935,81.3277,12.7448
266.5013,202.3990,81.1824,12.7132
267.2197,203.1225,81.1226,12.6432
267.1436,203.7868,81.2746,12.6891
266.9128,203.7198,81.7364,12.8231
266.6208,203.6984,82.3203,12.8660
267.3168,203.7188,82.3240,12.8251
268.1249,203.6751,82.1028,12.9126
268.6853,203.6332,82.3756,12.9963
269.3623,204.3191,82.4204,13.0236
267.3362,204.3096,82.2721,13.0427
268.5298,206.4103,81.2834,13.0369
268.6737,206.4559,80.9956,12.9456
268.5068,206.4263,81.3295,13.0047
269.8725,206.3783,81.3674,13.1008
269.0909,206.2895,81.5435,13.2785
269.6563,207.6193,81.8058,13.4052
269.5843,207.5660,81.9499,13.5117
269.8109,208.3186,81.4966,13.4099
269.9933,208.3886,81.1319,13.2700
270.9934,209.0862,80.5190,13.2621
271.7544,209.7454,80.3757,13.3223
272.4915,209.5534,80.2793,13.7063
272.6696,210.0163,79.9231,14.1648
273.0540,210.5410,79.1544,14.5036
273.4814,211.0816,78.2994,14.8067
274.3745,210.9772,77.8917,15.0155
274.3106,210.9822,78.0194,15.0054
272.7880,210.9884,78.3079,14.9931
273.6579,211.0433,77.9503,14.8833
272.1481,211.6939,78.2198,14.9571
273.2411,211.6547,78.7942,15.0354
273.1664,211.5013,78.9437,15.3423
274.4901,211.3656,79.0919,15.6136
274.0426,211.9261,79.9869,15.8978
271.3755,211.9330,81.0515,15.8841
271.7004,211.9162,81.8395,15.9177
267.6748,213.1298,82.6441,16.3890
264.5402,214.4031,83.0343,16.7819
264.2630,214.2211,82.1058,17.1459
265.4310,214.3178,81.2468,16.9525
260.8512,215.2831,80.1777,16.4832
261.2204,215.3693,79.4394,16.3108
262.8074,215.5986,79.1126,15.8521
262.2220,215.7624,78.8733,15.5247
261.5091,215.6483,80.2990,15.7529
259.8652,214.8318,82.1621,15.9611
256.0614,214.7129,82.4964,16.1989
252.5429,214.6048,82.2136,16.4151
251.1286,215.1099,82.1137,16.8692
250.4216,214.9790,82.0560,17.1309
247.6683,215.8692,81.6587,16.8266
243.6089,218.9761,80.9904,16.4709
241.6843,218.9968,80.4945,16.4295
241.3689,218.3331,81.1254,16.3162
241.5321,218.2710,82.2462,16.4404
237.1263,218.7215,82.2666,17.0047
235.8228,218.5176,81.9206,17.4125
232.9326,219.1025,81.7828,17.7221
234.8468,219.0659,82.4054,17.7954
234.6419,219.0330,82.8151,17.8612
218.5802,221.8964,83.4239,18.1373
215.8852,221.6869,82.7558,18.5562
214.3935,222.2562,81.1995,18.9309
212.9529,222.1409,81.0833,19.1613
208.9452,223.3840,81.5913,19.6781
207.3778,223.6186,81.6891,19.2090
205.6955,224.3451,82.0320,19.2668
202.2712,224.1722,81.2967,19.6126
198.7692,223.9305,80.7354,20.0960
196.8813,224.5792,81.4824,20.3130
196.5432,224.4626,82.1587,20.5462
194.5361,223.6812,84.6298,20.5661
195.9875,223.8621,88.0388,20.2043
191.0784,224.0475,89.7631,19.8335
188.2896,223.8181,90.4335,20.2924
184.3450,223.4973,90.0532,20.9339
180.0890,224.0981,90.2605,21.3932
173.3855,225.5753,90.2865,21.7841
169.2677,225.6452,90.1198,21.6444
168.7957,225.7592,89.3885,21.4162
166.8721,225.7600,89.9139,21.4147
162.5731,226.4597,90.1710,21.6836
159.7414,225.5683,90.8036,21.7894
162.0804,225.6425,89.5012,21.6411
163.5545,226.4969,88.2197,21.5988
158.4640,226.5449,88.5131,21.5029
155.2150,226.4964,88.4101,21.5999
155.5179,226.5378,91.1055,21.5171
155.3369,226.5548,93.1543,21.4831
151.7033,226.5732,95.2771,21.4463
147.4769,226.6759,95.0109,21.2409
147.6017,226.7056,94.7613,21.1814
147.0598,226.6247,95.8451,21.3433
146.7836,226.7825,96.3974,21.0277
144.6141,226.7419,97.2336,21.1090
143.5359,226.8752,97.6254,20.8422
143.5935,226.8645,97.5102,20.8636
142.8140,227.1102,97.3054,20.3722
141.8440,227.4179,97.4940,19.7569
140.8732,227.7151,97.6936,19.1625
139.9386,228.0139,97.8295,18.5648
139.9440,228.2681,97.8187,18.0565
139.7419,227.6763,98.2230,17.5269
140.0547,227.8282,97.5973,17.2229
140.0474,227.2357,97.6120,16.7141
140.1427,226.5717,97.4213,16.3582
141.1019,226.0148,97.1771,15.7978
141.4715,226.1724,96.4379,15.4825
142.6328,226.2837,95.7586,15.2599
143.4805,225.6605,95.6927,14.8770
144.3346,224.2569,95.6053,14.4425
145.6059,224.4168,94.6735,14.1227
148.6607,223.9006,93.3388,13.5635
151.1357,221.9250,93.0745,12.8291
151.2551,222.1600,92.8357,12.3590
153.7701,222.2857,92.3975,12.1075
157.9747,219.5365,91.5858,11.5282
158.1653,219.6957,91.2045,11.2097
160.5058,219.8357,90.9777,10.9297
165.2727,218.3948,90.2992,10.8596
167.6390,217.7586,89.9620,10.6670
171.7552,215.7357,89.0122,10.3432
173.4340,215.7393,88.5283,10.3361
179.9544,215.7247,86.9275,10.3653
183.5775,215.0540,85.3156,10.2980
187.5967,213.0642,84.2024,10.1225
192.6832,212.3469,83.5921,10.1910
197.2408,212.2065,82.6317,10.4719
202.4877,210.8257,81.5993,10.5302
206.9104,210.6959,80.7854,10.7898
211.4689,209.8882,79.6644,11.0725
216.6037,209.6767,78.6553,11.4955
221.5931,209.4782,77.8991,11.8926
225.7012,209.2637,77.5734,12.3216
230.9142,209.0349,76.3813,12.7792
236.6676,208.8364,75.3685,13.1762
241.7654,208.5555,74.3120,13.7380
246.6162,208.2729,73.7245,14.3032
251.9073,208.6399,73.5817,14.8740
256.6439,208.4208,73.3069,15.3122
261.5053,208.7008,72.8153,16.0710
267.4086,209.7060,71.6213,16.7137
273.1702,211.4056,70.6756,17.2811
278.4719,211.7501,70.6307,17.9118
284.1991,213.4666,69.8255,18.4723
289.2405,213.7332,69.0556,19.2696
295.0591,214.7374,68.0950,19.9304
299.9727,216.4154,67.6012,20.5744
305.5907,217.3211,67.0717,21.4397
310.5511,218.3424,66.5783,22.0905
315.8385,221.9319,66.8170,23.0218
320.9156,222.3035,66.2677,23.6507
325.7969,224.6114,66.1351,24.5377
331.0077,224.8603,65.4424,25.4297
336.3274,227.9144,64.5746,26.3012
341.5578,228.1551,63.9070,27.2189
346.5487,231.8726,63.7648,28.2180
351.7759,232.1722,63.2592,29.0401
356.6180,236.0304,62.1451,29.8936
361.2109,236.3001,61.5212,30.7812
365.6235,238.0018,61.2957,31.6778
369.2697,241.1957,61.2307,32.5171
374.8974,242.0067,60.1877,33.8131
379.0506,244.5295,59.2098,34.6301
383.2071,246.2844,58.2222,35.5155
388.0671,248.7281,57.2940,36.4894
390.5840,249.7064,56.6636,37.4685
395.9056,252.2660,56.3431,38.2480
399.9390,254.7548,55.6902,39.2014
403.0335,255.9167,55.4560,39.8551
405.4171,257.7521,55.1766,40.6720
410.3875,260.3521,54.2664,41.4925
415.4524,261.5073,53.1647,42.1914
418.9933,264.1850,52.0795,42.8326
420.9144,266.0534,51.2231,43.5746
426.5003,269.4676,50.4929,44.2045
429.2396,269.8604,49.4859,44.9095
433.5090,272.5334,48.3775,45.5079
436.8736,273.7946,47.5616,45.9422
439.5202,276.5699,46.6858,46.2812
443.2829,277.8305,45.0165,46.6881
447.5591,279.1742,43.6847,46.8890
449.5164,283.4330,42.6223,46.9283
452.4216,283.4949,41.0415,46.8043
458.1026,288.0985,39.3582,47.2757
459.6437,287.4835,37.6388,48.5057
464.7254,289.4911,36.9526,51.2600
465.7061,296.0832,37.7605,53.3066
466.5188,290.3755,36.1351,53.2907
471.8862,293.4246,33.8110,54.2014
477.8749,296.5656,31.4705,54.8029
480.8394,298.4085,30.9260,53.8094
483.7758,298.2095,30.3421,52.8853
484.6489,300.5353,29.8944,52.1295
486.2778,299.7685,27.9164,52.3832
490.3911,303.4149,25.9387,52.5893
495.1908,301.6740,24.8705,52.4149
495.7178,304.6240,23.8165,52.5030
498.7973,303.0780,22.3793,53.2341
502.4344,309.3629,20.9337,53.4871
507.0378,305.4706,20.8758,53.2663
507.7217,308.4520,19.5079,54.1399
508.7917,305.7849,18.4952,54.9650
512.6473,309.0983,17.5080,55.0621
513.6061,313.4586,16.6944,55.1728
517.7090,313.0502,16.1216,54.8992
518.6958,315.7219,15.2241,54.9356
521.5397,313.2545,14.8348,54.5717
522.8969,313.7820,14.2149,53.5168
524.0368,313.5392,13.9767,51.9609
527.1431,314.4449,13.7305,50.1496
527.6652,315.6244,13.6504,48.7547
530.6352,317.5613,13.3689,47.7101
530.6602,320.6450,13.3188,47.0812
532.8782,319.7304,13.4493,46.1706
533.2543,320.3820,13.5998,45.7704
535.4239,322.4261,13.7607,45.2820
535.7142,322.2580,14.0761,44.7223
536.8872,322.4249,14.4121,44.3884
537.2116,322.9859,14.6586,44.1617
537.9767,323.0454,14.9218,44.0427
538.7090,323.4379,15.2569,44.1577
538.6190,323.9942,15.4370,43.9525
538.9128,324.2218,15.7572,43.4974
539.6279,324.6853,16.1414,43.4775
539.5255,324.8343,16.3463,43.1796
539.3930,324.9242,16.6112,42.9998
