1
188.9151,192.9402,265.9249,131.6299
189.2169,191.1186,265.3213,129.1025
189.2159,189.2150,265.3235,126.7915
188.9972,189.6720,265.7609,125.8775
188.8308,190.3229,266.0937,124.5757
185.8694,188.2716,265.9659,122.6278
185.8517,185.6005,266.0013,121.9554
185.9247,183.1329,265.8553,120.8872
185.9496,183.4715,265.8056,120.2101
185.8745,183.8462,265.9557,119.4606
185.7568,184.1491,266.1910,118.8549
182.8711,181.7059,266.0107,117.7897
182.6034,182.0523,266.5462,117.0967
182.5377,182.6920,266.6775,115.8173
182.6105,183.2026,266.5320,114.7962
182.3752,183.6052,267.0027,113.9910
182.3086,186.9859,267.1358,113.1072
182.1432,187.4995,267.4666,112.0802
178.6803,190.7010,268.5419,111.5276
175.2392,193.9393,269.5678,110.9072
174.5854,194.2027,270.8754,110.3805
170.9738,194.6927,272.2289,109.4004
170.4803,197.9184,273.2160,108.8206
166.9853,204.2189,274.3305,107.9704
166.4474,207.5691,275.4064,107.1463
165.7882,211.0182,276.7247,106.1252
165.3554,214.5197,277.5903,104.9998
164.7576,217.8047,278.7859,104.2994
167.0601,221.1101,280.0553,103.5630
166.5202,224.4222,281.1352,102.8179
165.8246,227.5803,282.5263,102.3830
167.9262,230.6888,284.2165,102.0592
167.3214,233.9840,285.4261,101.3805
166.5605,234.3477,286.9478,100.6530
165.7334,234.6465,288.6019,100.0555
164.8439,237.7582,290.3810,99.7698
164.5364,238.0540,290.9960,99.1783
161.3773,238.3017,291.3583,98.6828
158.3413,235.6936,291.4782,97.9470
158.3266,233.0679,291.5077,97.2579
155.5142,230.3414,291.2041,96.7828
152.7671,227.6136,290.7832,96.3233
150.1224,224.9015,290.1720,95.8468
150.6342,224.9924,289.1483,95.6651
147.7441,222.1974,289.0631,95.3896
147.9324,219.3316,288.6864,95.2619
148.3018,219.4872,287.9476,94.9509
148.4227,216.5348,287.7059,95.0203
148.7306,216.4426,287.0901,95.2048
148.8851,213.3193,286.7812,95.6237
149.0638,213.2600,286.4238,95.7423
149.4048,210.1353,285.7418,96.1636
149.3302,210.0158,285.8910,96.4025
149.2726,206.9613,286.0062,96.6790
149.2122,206.7152,286.1269,97.1713
149.2233,206.3823,286.1048,97.8371
149.2628,206.1022,286.0258,98.3972
149.2708,202.9274,286.0096,98.8759
149.6386,202.6419,285.2741,99.4469
150.2675,202.3970,284.0162,99.9368
150.9513,202.2976,282.6486,100.1354
151.5184,202.1159,281.5144,100.4990
152.0408,201.9628,280.4697,100.8052
152.4210,198.8368,279.7093,101.2218
152.2288,198.5961,280.0938,101.7032
152.4998,198.2207,279.5516,102.4540
153.0139,197.9978,278.5236,102.8999
156.0436,197.7511,278.3094,103.3933
155.9685,197.3223,278.4596,104.2508
158.7017,196.9288,278.8619,105.0378
159.1994,196.8129,277.8666,105.2696
159.6426,196.6383,276.9802,105.6188
163.0686,196.6617,276.0003,105.5720
166.4884,199.2178,275.0180,106.3171
169.0610,199.0150,275.7293,106.7226
169.5163,198.8122,274.8186,107.1282
169.9631,198.6544,273.9251,107.4439
173.3496,201.5831,273.0132,107.4475
173.5191,201.4085,272.6740,107.7966
176.7489,204.2792,272.0638,107.9046
176.7890,207.1597,271.9836,107.9861
176.6177,209.8640,272.3262,108.4202
179.4518,209.6338,272.5136,108.8807
181.2240,212.2055,274.8354,109.6037
183.3496,214.7488,276.4970,110.4298
183.6524,214.5089,275.8914,110.9097
183.3491,217.0698,276.4979,111.7390
183.7008,217.0687,275.7946,111.7412
183.8651,219.9198,275.4659,112.0036
186.8224,219.7320,275.5159,112.3793
187.7353,219.8545,273.6902,112.1343
188.0248,219.6062,273.1111,112.6309
188.3066,216.4879,272.5476,112.9255
189.0762,213.3455,271.0084,113.2715
189.2469,212.9409,270.6671,114.0808
189.2781,209.5341,270.6045,114.9622
189.3166,206.1163,270.5275,115.8508
189.4819,205.4039,270.1969,117.2754
189.9436,204.8854,269.2735,118.3125
189.8453,204.1317,269.4702,119.8200
189.8805,203.2199,269.3997,121.6435
190.0300,202.4261,269.1008,123.2312
190.3380,204.8927,268.4847,124.3688
188.3464,204.7909,266.3862,124.5722
189.0411,204.5128,264.9969,125.1284
189.8864,204.5190,263.3062,125.1161
190.6027,204.1438,261.8737,125.8664
191.4325,203.9354,260.2141,126.2833
194.4638,203.4385,260.1461,127.2770
198.0934,203.1109,258.8976,127.9323
199.7492,203.2296,255.5860,127.6949
203.1571,203.0854,254.7215,127.9833
206.6952,202.5588,253.5890,129.0365
208.0911,202.3217,250.7971,129.5107
214.5217,199.0918,249.7609,130.0581
216.0228,198.9137,246.7587,130.4142
219.8655,198.3964,244.9419,131.4488
221.0060,198.3136,242.6609,131.6144
224.8188,195.3932,240.8643,131.6263
225.9175,192.4611,238.6668,131.6880
229.1482,191.7788,237.9767,133.0526
229.8482,191.4671,236.5766,133.6760
230.2861,190.9866,235.7008,134.6369
230.9204,190.6930,234.4323,135.2242
231.3967,190.5549,233.4796,135.5003
231.8078,190.9188,232.6574,134.7725
235.2293,194.4926,231.5492,133.3598
235.8350,198.0633,230.3378,131.9126
238.6160,201.4085,230.4276,130.8740
238.9815,204.8948,229.6965,129.5370
241.6217,205.4057,230.0182,128.5152
244.1730,205.8733,230.5049,127.5801
246.7357,206.3670,230.9602,126.5927
249.3686,206.7018,231.2648,125.9230
248.9976,206.7499,232.0068,125.8268
251.6976,206.9479,232.1796,125.4308
251.4964,204.4236,232.5820,124.9109
253.9345,204.2341,233.2714,125.2899
253.4284,201.6111,234.2837,124.9537
252.8012,201.4335,235.5380,125.3088
252.1369,201.6589,236.8666,124.8580
251.2555,201.9405,238.6294,124.2948
250.2921,201.9978,240.5563,124.1802
246.4100,205.0099,242.6500,123.8262
245.6336,205.9212,244.2030,122.0036
242.0264,206.4134,245.7311,121.0193
238.3720,204.5675,247.3484,119.0196
237.0082,205.0490,250.0759,118.0566
232.9647,205.7782,252.4595,116.5982
231.3286,206.2901,255.7319,115.5743
226.8633,206.9003,258.9202,114.3541
225.0685,207.3428,262.5097,113.4690
220.2669,207.9305,266.3094,112.2936
215.8369,208.7426,269.3318,110.6693
214.2344,209.3410,272.5370,109.4726
209.5962,210.0784,275.9360,107.9977
207.6461,210.5345,279.8362,107.0857
205.8129,211.1137,283.5027,105.9272
204.0942,211.8043,286.9399,104.5459
201.8095,211.9793,291.5094,104.1960
199.3191,211.9482,296.4902,104.2582
197.3052,212.3575,300.5180,103.4395
192.5695,210.2919,303.8200,101.4015
190.6603,207.8501,307.6385,100.1058
189.0195,205.4270,310.9200,98.7423
187.6352,205.8816,313.6886,97.8331
185.8048,202.9276,317.3494,97.4873
184.2525,200.1041,320.4540,96.8349
182.8117,200.2956,323.3356,96.4520
181.3610,197.5965,326.2370,95.4854
180.0545,195.1097,328.8501,94.0710
175.9992,192.7424,330.5621,92.4071
175.0208,190.2911,332.5190,90.9181
174.2048,190.8881,334.1509,89.7241
167.2477,188.4171,335.2817,88.2746
165.7283,188.8460,338.3206,87.4166
164.2441,189.3056,341.2890,86.4975
162.9611,189.7722,343.8549,85.5643
150.1088,190.4198,343.7618,84.2691
152.5718,190.9900,345.2593,83.1287
151.7644,191.5482,346.8741,82.0123
145.1707,192.1603,347.2133,80.7881
143.7782,192.5884,349.9983,79.9319
139.2311,192.9910,352.6646,79.1267
133.7789,187.2733,357.1192,77.6625
131.8173,187.7885,361.0425,76.6323
129.5017,188.2036,365.6737,75.8021
121.3747,188.5771,368.7935,75.0550
118.5302,188.8058,374.4826,74.5976
109.4281,189.1021,379.3543,74.0050
100.2060,189.2794,384.3534,73.6503
96.7633,203.3540,391.2388,72.6414
90.9125,203.5879,396.0794,72.1737
88.5591,203.8045,400.7863,71.7405
82.9179,204.0937,405.0929,71.1621
77.3127,204.2744,409.2793,70.8006
75.1949,204.3863,413.5148,70.5768
69.8266,204.5307,417.1223,70.2880
68.0797,204.7109,420.6160,69.9276
62.9007,204.9163,423.7592,69.5170
57.6555,205.1232,426.9996,69.1031
56.1853,205.1881,429.9399,68.9733
55.1863,205.3080,431.9380,68.7334
53.5707,205.1873,435.1693,68.9749
48.6650,205.1381,437.5836,69.0733
47.5754,205.0341,439.7627,69.2812
46.7465,204.9529,441.4204,69.4436
49.9012,204.9344,442.6040,69.4808
49.8418,204.9192,442.7229,69.5111
53.3967,204.9742,443.1254,69.4010
53.7245,205.0521,442.4697,69.2453
58.0911,205.2106,441.2401,68.9283
59.3125,205.3077,438.7974,68.7341
64.1112,205.5391,436.6425,68.2713
68.9417,205.5848,434.3850,68.1798
74.0257,205.6559,431.5873,68.0376
75.5818,205.7436,428.4752,67.8623
80.9138,205.8466,425.0935,67.6562
82.6787,206.0406,421.5637,67.2683
87.7521,206.1901,418.5918,66.9693
92.8973,206.3949,415.4291,66.5597
97.7154,206.5898,412.8688,66.1698
99.2808,206.7360,409.7381,65.8775
100.8043,206.8677,406.6911,65.6141
102.4029,207.0619,403.4939,65.2257
104.2970,207.2566,399.7057,64.8362
106.4213,207.4382,395.4570,64.4731
109.0005,184.0860,390.2987,63.8725
108.4635,184.3105,384.6981,63.4235
111.3514,184.7359,378.9223,62.5725
114.2420,185.1565,373.1412,61.7313
117.0568,185.5789,367.5115,60.8865
119.8961,185.9721,361.8329,60.1002
122.6358,186.3163,356.3536,59.4119
125.3157,186.5639,350.9937,58.9166
127.7470,186.8033,346.1312,58.4378
130.0518,186.9812,341.5215,58.0820
135.2946,187.2282,336.9198,57.5880
140.2912,187.4973,332.7371,57.0499
142.7113,187.8173,327.8969,56.4098
147.9691,188.1388,323.0432,55.7668
150.3631,188.4541,318.2552,55.1362
155.3510,188.7425,313.7826,54.5594
157.7311,189.0981,309.0223,53.8482
160.0200,189.4926,304.4445,53.0591
164.9696,189.9221,299.8159,52.2002
169.6418,190.2987,295.6609,51.4470
171.4555,190.6096,292.0334,50.8252
173.6700,190.8521,287.6044,50.3402
177.8874,191.0858,284.1529,49.8728
179.6258,191.2793,280.6761,49.4858
183.3804,191.4809,278.0373,49.0825
186.8704,191.6884,275.8829,48.6676
188.5764,191.9739,272.4709,48.0966
190.2354,192.2130,269.1529,47.6184
193.4070,192.3559,267.4834,47.3325
194.7807,192.5596,264.7358,46.9252
198.0312,192.8507,262.8336,46.3429
201.3956,193.1026,260.6655,45.8391
204.8472,193.3270,258.2831,45.3904
206.4591,193.6212,255.0592,44.8021
209.5993,193.7732,253.2014,44.4980
211.0808,193.9902,250.2383,44.0639
211.7094,194.1631,248.9812,43.7181
214.3397,194.4053,248.0373,43.2337
213.4001,194.6809,245.6224,42.6827
213.6876,194.8237,245.0475,42.3971
213.7952,194.9510,244.8323,42.1425
213.9899,195.0510,244.4428,41.9424
213.6853,195.1622,245.0521,41.7199
213.2302,195.1686,245.9623,41.7071
212.8377,195.2149,246.7473,41.6145
214.2396,195.3006,248.1876,41.4432
213.7065,195.4890,249.2537,41.0664
208.8713,195.7321,250.3883,40.5802
206.2837,195.8768,251.2894,40.2909
205.6562,195.9414,252.5444,40.1615
202.2841,189.9702,254.9931,39.2174
197.7307,190.0651,255.4790,39.0276
197.4038,190.0179,256.1327,39.1220
195.0073,172.7955,256.6014,38.9723
194.4930,172.8369,257.6302,38.8895
194.1730,173.0132,258.2700,38.5369
188.0795,173.3267,257.4307,37.9099
189.8668,173.5495,258.1741,37.4643
187.8492,173.7883,257.8901,36.9867
188.1390,173.9807,257.3104,36.6020
186.4683,174.1789,256.3620,36.2055
186.8454,174.3112,255.6077,35.9410
187.0752,174.4523,255.1481,35.6588
185.2878,174.4980,254.4821,35.5674
183.3088,174.5231,254.2100,35.5171
181.9473,157.7531,252.7077,35.2556
182.2359,157.9408,252.1306,34.8800
180.0740,158.1143,252.2707,34.5332
180.1329,158.4153,252.1528,33.9312
180.0141,158.6330,252.3905,33.4957
177.7862,158.6813,252.6872,33.3992
177.6851,158.7211,252.8894,33.3195
