1
284.9523,220.4438,66.0954,40.3439
268.1732,236.5174,63.0479,46.4664
256.2245,250.8035,59.4303,52.2879
246.1420,265.6039,54.9771,57.8560
241.3349,276.5775,50.3772,62.5601
238.6437,288.4778,45.1040,67.1746
240.8947,300.0210,40.6020,70.4823
242.9143,307.4518,36.5627,72.9555
250.4538,313.3403,33.3887,74.7842
252.5880,319.2709,30.7924,76.2993
260.7334,322.1948,27.6855,78.6913
267.2803,321.0430,25.9761,80.9949
272.5912,320.1986,26.7499,82.6837
277.1893,319.8382,29.2166,83.4047
281.5805,314.5964,32.4845,83.5594
283.9597,313.0968,36.6394,82.9933
286.5198,307.1101,40.7607,82.0287
288.3224,302.0343,44.7802,80.7431
289.4098,296.9112,48.4745,79.2511
289.6756,290.8068,51.9366,77.4826
291.1133,284.6928,55.1455,75.5135
290.6134,278.5673,58.1968,73.4049
290.3212,272.4453,60.8500,71.1659
290.1052,266.2675,63.3596,68.9798
289.9046,261.1322,65.8442,66.7486
288.8507,254.8884,67.9522,64.6198
287.8505,248.6183,69.9525,62.5469
286.9485,244.4301,71.7566,60.4943
286.2193,238.0898,73.2149,58.6094
285.4762,234.0031,74.7012,56.4188
283.7952,229.8107,76.0034,54.5044
282.2433,225.5891,77.0589,52.7062
280.7200,221.3038,78.0709,51.1042
280.2920,219.0487,78.9269,49.5450
278.8748,214.7242,79.7513,48.1444
277.5087,211.3816,80.4850,46.8350
276.1461,208.9983,81.2227,45.6393
275.8081,206.5557,81.8987,44.5901
274.4759,204.1707,82.5929,43.4496
274.1357,202.6352,83.2732,42.5990
272.7820,200.1302,84.0245,41.7403
271.5319,199.4658,84.5723,41.1169
271.2545,197.8897,85.1272,40.3699
270.8766,196.2688,85.8830,39.7225
270.5191,195.5470,86.5978,39.2217
270.1058,194.8115,87.4246,38.7467
269.7960,194.9210,88.0442,38.5276
269.4280,194.9974,88.7801,38.3748
268.9612,195.1282,89.7137,38.1133
268.4194,196.2803,90.7974,37.7806
267.9419,197.4085,91.7524,37.5056
267.4487,198.5360,92.7386,37.2409
266.9007,199.6535,93.8348,37.0056
267.2829,201.8762,95.0816,36.5827
267.6579,204.0531,96.3532,36.2723
268.0045,208.2717,97.6944,35.9724
267.2827,210.4548,99.1379,35.7023
267.5688,215.7701,100.6297,35.3912
267.7811,217.9506,102.2846,35.1892
269.0205,223.3105,104.0048,34.9670
269.1586,226.6004,105.8485,34.7469
270.3192,232.1368,107.8116,34.3849
271.4930,235.5813,109.7908,33.9861
272.6589,242.3245,111.8272,33.6043
273.7307,246.9512,114.0955,33.1746
277.0276,252.8320,116.4216,32.5628
278.0958,258.7794,118.7878,31.9248
280.2272,264.8533,121.3432,31.1407
284.6268,268.6988,124.0135,30.3314
285.7139,275.9159,126.4712,29.7932
291.3370,282.3274,129.2659,28.6708
293.5707,287.6201,131.8716,27.5163
298.3012,295.2373,134.2693,26.5123
305.5894,295.5497,136.3922,25.8874
309.2390,305.5333,138.7045,25.1435
316.7348,306.0190,140.6556,24.1720
321.7881,316.2251,142.6904,23.1859
330.6373,316.7255,144.4868,22.1852
334.6058,326.9586,146.3167,21.2526
343.5956,327.3954,147.9233,20.3792
351.5680,327.7897,149.1480,19.5905
361.0574,327.9259,149.7986,19.3181
368.0559,337.8193,150.5443,19.1881
376.5010,337.8318,150.9072,19.1632
385.0847,337.5494,151.0243,19.7278
393.8616,337.1158,150.8467,20.5951
400.3388,336.5923,150.3799,21.6421
407.0706,333.6757,149.4773,22.4509
415.4116,331.8109,147.8913,23.6646
422.7108,324.8261,145.8847,25.0423
424.9374,324.0423,143.9495,26.6098
433.9502,317.0220,141.0564,28.0400
436.5889,314.9958,138.2887,29.5827
439.4785,306.6660,135.0108,31.2349
443.5404,304.6647,131.8615,32.7502
446.5330,296.4250,128.3485,34.3974
448.5213,292.1078,124.3719,35.6700
449.2980,285.3508,120.3968,37.0760
450.1095,279.9200,116.3823,38.3715
448.5970,273.4338,112.3320,39.5518
445.9631,268.2505,108.3110,40.6297
442.1573,262.0104,104.5017,41.6891
438.4726,257.0284,100.6289,42.6592
432.5429,251.0304,97.0193,43.6060
427.8056,245.1575,93.4482,44.4804
421.1014,242.6848,89.7558,45.1505
414.3709,235.9664,86.4545,46.0158
407.8656,232.6041,82.9716,46.5552
400.3273,228.2074,79.8724,47.2704
391.9200,224.9136,76.8298,47.9009
382.6531,221.7048,73.9024,48.4654
372.3256,219.4603,71.5580,49.1213
363.1816,216.3209,69.0315,49.7234
352.2001,215.1457,66.7630,50.2097
344.1227,213.0040,64.5429,50.8182
332.5165,212.7404,62.3665,51.3453
321.9434,212.4465,60.2605,51.9331
312.3724,212.0647,58.2152,52.6967
301.9840,211.6882,56.2925,53.4498
291.7460,212.1025,54.3034,54.3493
283.3057,214.2374,52.3623,55.2126
274.9899,216.2457,50.3606,56.2779
265.9335,216.5300,48.3291,57.3879
259.3230,219.4055,46.5803,58.2901
253.5975,220.6369,44.8398,59.1253
246.4237,221.7843,42.8537,60.0973
240.8650,223.8087,41.0464,60.8951
236.2146,224.2611,39.1630,61.5882
231.6083,226.3535,37.3382,62.1337
227.1756,227.5743,35.3236,62.8005
224.5430,228.7307,32.9385,63.5479
222.7121,229.0837,30.5994,64.3421
220.1038,230.2655,28.4593,64.9212
219.7122,232.2173,26.3580,65.3445
219.3408,232.8137,24.2786,65.5627
217.6909,234.1322,22.0704,65.6797
218.4669,234.5773,20.5184,66.1281
218.6717,234.4352,18.7926,66.4121
217.6497,235.6485,16.9713,66.5623
218.3116,236.0909,15.6477,66.9337
218.8691,235.9743,14.5326,67.1669
219.2525,235.8422,13.7659,67.4311
219.3915,236.3149,13.4879,67.6926
219.8760,236.3618,13.7239,67.5987
222.1085,236.3877,14.0923,67.5469
222.8364,236.4110,15.0661,67.5004
224.7159,235.7792,16.2392,67.5310
225.2430,235.0883,17.6966,67.6569
225.7350,235.1049,19.2831,67.6238
228.2078,234.4985,20.9107,67.5220
229.3623,233.1674,22.6320,67.4972
231.2667,232.5274,24.3219,67.4027
233.9612,231.9099,25.9534,67.2335
235.9776,230.5188,27.6447,67.1536
238.0875,229.1531,29.2654,66.9647
239.5426,228.4548,30.8135,66.8753
242.5893,227.8186,32.2799,66.6357
244.9023,226.3605,33.7901,66.4838
246.5696,225.7054,35.1295,66.2359
249.8131,224.9551,36.5296,66.1591
250.8228,222.6219,37.7107,66.0249
255.0865,222.6400,38.8933,65.9887
256.2132,221.0798,39.9156,65.8334
260.6263,220.3218,41.0060,65.6967
261.8180,219.5403,41.9608,65.5906
264.6429,218.7587,43.0450,65.4703
267.5593,217.8985,44.0112,65.4909
269.7536,215.3287,44.7709,65.4822
272.7854,214.3569,45.6217,65.6973
274.1945,214.2933,46.2952,65.8244
277.3235,212.4403,47.0731,66.0124
280.5402,212.2827,47.7382,66.3277
281.1715,211.2508,48.2660,66.6011
284.4900,210.1910,48.8416,66.9175
286.9951,210.0417,49.2838,67.2162
287.7216,208.9798,49.6598,67.5108
289.4020,207.8461,49.9788,67.9384
291.9708,207.6147,50.3959,68.4012
292.7721,207.4034,50.6588,68.8238
295.4421,207.1372,50.9471,69.3561
296.3644,206.8741,50.9915,69.8824
299.0948,206.5224,51.2240,70.5858
299.9825,206.1638,51.3608,71.3029
302.7629,205.6828,51.5758,72.2650
305.6414,205.2248,51.6492,73.1809
308.5421,204.7372,51.7233,74.1562
311.5087,204.2273,51.7134,75.1760
314.5568,203.6539,51.5865,76.3227
317.6376,203.0103,51.4395,77.6099
321.7491,202.2657,51.3036,79.0992
324.9424,201.4639,51.0428,80.7027
329.1644,200.7326,50.8449,82.1654
331.3924,199.9910,50.5491,83.6484
335.8226,199.1254,50.0776,85.3797
340.3369,199.3345,49.5089,87.0766
341.6166,198.5156,49.0800,88.7142
346.2736,198.6897,48.3558,90.5134
348.7690,198.8999,47.6882,92.2548
352.4315,199.0003,46.8903,94.2297
355.0060,199.1304,46.1229,96.1603
357.6558,199.3380,45.2349,97.9508
360.3844,199.6132,44.2104,99.6168
363.1133,199.8355,43.1978,101.3949
364.6787,200.0659,42.2974,103.1644
366.3281,200.3812,41.2387,104.7738
367.9948,201.7503,40.1495,106.5243
369.7268,202.0324,38.9355,108.2100
370.3483,202.4275,37.6925,109.6720
371.0342,202.8172,36.3207,111.1431
371.7474,203.1907,34.8944,112.6424
372.4953,203.6028,33.3985,114.0594
373.2885,204.0365,31.8122,115.4257
373.1424,204.4952,29.8811,116.7315
370.9586,205.1549,27.6330,117.6174
371.5186,205.6735,26.5128,118.7552
365.8518,206.5625,24.8306,119.1464
366.4353,207.2087,23.6635,119.9963
366.1026,206.8943,22.1975,120.6250
359.5298,206.6076,20.5632,121.1986
360.0888,206.3136,19.4452,121.7864
360.4222,204.9735,18.7784,122.3937
352.8305,205.0628,17.4172,122.2152
353.3134,204.9395,16.4515,122.4617
345.7407,203.9956,15.4201,122.3274
346.2470,203.9403,14.4075,122.4381
339.5727,202.0518,13.8956,122.2549
340.0299,201.9046,12.9812,122.5493
336.3999,189.0083,12.4325,122.9633
336.4441,196.6880,12.3441,123.1760
328.7357,196.8009,12.1800,122.9502
328.9483,195.8419,11.7549,122.9271
328.8060,192.9147,12.0394,122.9857
321.0424,193.0111,12.0575,122.7931
321.1195,191.0575,11.9034,122.8274
321.0560,189.2906,12.0304,122.4941
318.2240,187.3239,11.8992,122.5640
318.0430,185.5338,12.2612,122.2843
317.8419,183.6420,12.6634,122.2007
317.6251,181.5692,13.0971,122.4645
317.4712,179.4982,13.4049,122.6997
316.5004,178.5162,13.3835,122.7006
316.4675,177.5451,13.4491,122.6803
316.5133,175.7396,13.3575,122.3640
316.5806,174.9113,13.2231,122.0631
316.7084,172.9280,12.9674,122.1288
316.7426,172.9119,12.8989,122.1609
316.7557,172.9414,12.8729,122.1019
316.7511,172.0688,12.8819,121.9033
323.4639,167.1958,13.0454,121.9429
323.5661,167.1593,12.8409,122.0159
323.6016,166.2719,12.7700,121.8488
323.6382,166.3191,12.6967,121.7543
331.1951,164.2827,13.0661,121.9564
331.3546,162.2907,12.7471,122.0488
331.3995,162.2942,12.6573,122.0418
331.4170,162.3887,12.6223,121.8529
339.1429,159.5531,12.6521,121.7183
339.2086,159.5746,12.5205,121.6754
339.2190,159.6449,12.4997,121.5348
346.9167,156.7837,12.5308,121.4723
346.9778,156.8345,12.4085,121.3707
350.9494,155.8302,12.1618,121.4551
350.9634,155.8540,12.1338,121.4075
358.5694,152.9796,12.2733,121.3997
358.6721,152.9922,12.0679,121.3742
359.7030,153.0338,11.9233,121.2912
367.3078,152.0701,12.0174,121.3057
367.3380,151.1399,11.9571,121.2509
367.3308,151.2648,11.9713,121.0011
375.0009,150.2403,11.9111,121.1401
375.0178,150.3196,11.8773,120.9816
382.4180,148.2583,12.3390,121.2885
382.6008,148.2942,11.9733,121.2167
382.6016,148.4555,11.9717,120.8942
390.2388,147.3614,11.9656,121.1738
390.3114,147.4665,11.8202,120.9637
396.9246,146.3799,11.9382,121.2305
397.0333,146.5275,11.7209,120.9353
397.0381,146.6124,11.7112,120.7655
404.6569,145.5008,11.6842,121.0874
404.7111,144.6048,11.5759,120.9743
404.6915,144.6926,11.6150,120.7986
412.2015,142.6702,11.7934,121.0439
412.3292,142.7372,11.5379,120.9098
412.3592,142.7240,11.4779,120.9362
416.3143,129.0348,11.1630,121.7313
416.2748,141.5915,11.2420,121.3587
423.6851,140.5412,11.6189,121.5597
423.7884,141.5066,11.4123,121.5392
423.8307,141.7074,11.3277,121.1374
423.8246,141.7908,11.3398,120.9707
423.8133,140.9796,11.3625,120.6967
431.2946,140.8111,11.5448,121.0338
431.3124,139.7873,11.5091,121.1797
431.4451,140.8693,11.2437,120.9186
431.5085,140.9429,11.1170,120.7714
431.5325,141.0206,11.0689,120.6160
431.5093,140.1247,11.1153,120.5219
431.4832,140.1525,11.1676,120.4662
431.4714,140.1517,11.1911,120.4679
431.4818,140.1968,11.1704,120.3776
431.4758,140.1646,11.1823,120.4420
431.4477,140.1357,11.2386,120.4998
431.4077,141.1560,11.3185,120.3472
431.3951,141.2326,11.3438,120.1939
431.3538,142.1869,11.4264,120.1711
438.6138,141.9260,12.0043,120.6930
438.5032,142.7745,12.2255,120.9025
438.4275,143.6542,12.3769,121.0568
438.3143,144.6056,12.6033,121.0732
438.0674,145.5435,13.0970,121.1216
437.7551,146.4970,13.7216,121.1496
444.1702,146.6272,14.5293,120.8892
443.6637,147.5113,15.5422,121.0821
443.1921,150.4662,16.4853,121.1262
442.6424,151.6183,17.5847,120.8263
446.2939,152.7849,18.3716,120.5156
445.5775,155.7296,19.8044,120.7281
449.1842,156.8690,20.8530,120.5148
448.4126,157.9556,22.3962,120.4250
448.6802,161.1248,23.9735,120.4242
451.2242,163.3957,25.3157,120.1692
452.5681,164.6374,26.9600,119.8519
452.7790,168.0606,28.7313,119.5851
455.2099,169.2107,30.5398,119.5083
455.3991,173.9984,32.4181,118.9598
456.7354,175.3360,34.3144,118.5690
458.0063,177.8877,36.4015,118.0945
459.3017,181.6289,38.5035,117.6515
459.4629,184.2798,40.5600,117.1074
460.8340,186.9825,42.6350,116.5194
463.4921,190.8850,44.6326,116.0281
463.7060,192.4530,46.6718,115.3588
463.9193,198.9889,48.7388,114.7555
465.3917,200.7167,50.8375,113.8216
466.8830,203.7623,52.9451,112.8208
468.3558,209.3589,55.1346,111.8978
468.6580,212.3866,57.1226,111.0269
470.1877,216.8222,59.2907,109.9970
470.5262,221.2486,61.2495,109.0519
470.8818,224.3698,63.1937,108.1201
472.4888,230.2822,65.3289,106.9936
472.8594,232.1669,67.2814,105.9180
473.1808,238.1246,69.3492,104.8446
474.8680,241.4756,71.4326,103.6006
475.2018,247.5797,73.5098,102.3714
475.5750,251.0329,75.5239,100.9859
475.9565,255.9346,77.5334,99.4999
476.3491,260.8615,79.5307,97.9938
475.3232,267.1948,81.5824,96.4946
477.1026,270.8210,83.6274,94.8462
477.5137,274.4591,85.6145,93.1883
476.5271,282.3011,87.5877,91.5802
477.0164,284.5586,89.4305,89.8864
477.4938,292.4937,91.2995,88.1356
476.5614,294.6829,93.1644,86.5830
477.0362,301.3117,95.0449,84.6462
476.1866,305.0119,96.7441,82.9029
476.6524,311.6408,98.6395,80.9530
477.3005,315.3648,100.1681,79.1546
476.4006,322.0970,101.9678,76.9668
475.6668,324.4182,103.4356,75.1353
476.2203,328.2926,105.1318,72.9932
475.4687,330.6427,106.6351,71.0865
474.7621,333.0163,108.0482,69.1242
474.1300,335.3802,109.3125,67.1697
474.8966,336.2907,110.5386,65.3485
474.2383,337.2024,111.8551,63.5251
473.6115,338.1725,113.1089,61.5849
472.9270,337.8616,114.4777,59.4857
472.3227,337.5333,115.6863,57.4373
471.7365,337.2023,116.8587,55.4118
471.0954,335.6123,118.1410,53.2529
470.4512,334.0028,119.4293,51.1712
469.8717,331.1190,120.5884,49.0420
469.3109,328.2050,121.7100,47.0360
468.7599,326.5593,122.8119,45.1444
466.9332,319.7178,123.8921,43.3876
466.4992,319.2482,124.7601,41.7699
464.8898,312.5014,125.4390,40.0247
463.0701,310.9632,126.5610,38.0661
461.3842,305.5896,127.4357,36.3276
459.7329,302.8684,128.2610,34.3385
458.2231,294.9263,128.8293,33.0621
456.7158,294.5203,129.4084,31.4388
455.2128,285.5536,130.0018,30.0706
453.5688,284.1695,130.8948,28.0490
451.9768,275.3232,131.7104,26.7941
448.1349,275.9739,132.3278,25.4926
446.4360,267.4079,133.3869,23.9153
442.6551,258.7885,133.9815,22.5751
441.1566,259.4902,134.6745,21.1716
438.4041,251.0361,135.6080,19.7938
435.8196,243.5921,136.2349,18.7846
430.9178,244.1955,137.0013,17.5778
427.0363,235.7290,138.0282,16.5480
425.5993,226.9738,138.6637,16.1506
419.5439,227.3018,139.5792,15.4947
415.7787,218.4929,140.3952,15.2073
413.2623,218.5166,140.9413,15.1599
407.2060,209.4962,141.8041,15.2012
403.4637,209.2146,142.5006,15.7644
399.6614,199.8369,143.2536,16.2489
392.3150,199.4731,144.1213,16.9764
390.7877,189.7254,144.8449,17.8232
382.0565,189.2120,145.7986,18.8500
379.2677,180.3168,146.5912,19.8930
370.3599,179.6880,147.4347,21.1507
364.9548,179.0519,148.3985,22.4229
360.5652,172.1809,149.6760,23.6621
352.4845,171.3767,150.5793,25.2707
346.7443,168.1430,151.7094,26.5630
338.4517,167.3041,152.5218,28.2406
332.6457,163.8509,153.4411,29.8007
324.0732,161.6205,154.2871,31.5451
318.1767,160.6668,155.0308,33.4525
309.3190,159.7233,155.8885,35.3395
301.7262,158.7471,156.7843,37.2920
292.5201,157.7415,157.7492,39.3030
284.5392,156.7477,158.9123,41.2907
276.4222,157.1816,160.0779,43.4365
266.5781,157.6433,161.3428,45.5836
258.0598,161.2940,162.7364,47.6681
249.4566,161.7696,164.0070,49.9041
238.9705,168.7705,165.4991,52.1355
233.2822,170.8633,166.9486,54.5682
222.3287,174.7041,168.6095,57.0095
212.9591,180.3091,170.1354,59.5702
205.1349,184.2466,171.7395,62.2286
195.3656,190.0826,173.3669,64.8854
189.0723,194.1248,174.9930,67.7614
178.6962,200.1814,177.1029,70.5621
172.0766,204.4620,178.9151,73.4278
163.2561,208.7835,181.0117,76.4432
158.2700,213.1910,183.0439,79.5380
147.1361,217.6895,185.0417,82.7031
144.1506,220.1520,186.8738,86.0556
132.6405,224.7600,188.7733,89.5119
129.5820,227.3204,190.5780,93.0155
124.3237,227.9277,192.2957,96.2004
118.9161,230.6176,194.1513,99.7802
113.5703,231.3792,195.7053,102.8259
110.4555,232.1146,197.2910,105.9991
107.3576,232.9376,198.7649,109.0750
104.3048,231.4028,200.0743,112.1445
101.2103,232.3112,201.3954,115.1955
100.6983,230.8462,202.4194,118.1256
100.2468,229.4752,203.3225,120.8677
99.8506,228.2674,204.1148,123.2831
99.5879,227.0771,204.6404,125.6639
99.4549,226.0218,204.9062,127.7744
99.4834,219.8804,204.8494,129.6497
102.1831,216.5868,204.6842,131.0026
105.0154,213.5060,204.2740,131.9098
110.6366,213.2781,203.5587,132.3654
116.4910,208.0139,202.3705,132.3732
119.7936,205.6167,201.0080,131.9250
131.0284,203.4546,199.3974,131.0344
134.5052,204.1262,197.6195,129.6912
143.1719,202.5178,195.6662,127.7814
149.2356,201.1132,193.6699,125.5250
157.8385,202.3337,191.4580,123.0839
163.9918,203.7214,188.9995,120.3086
174.9944,202.8030,186.3577,117.3045
178.6545,204.3835,183.7887,114.1436
189.3252,206.0188,181.0860,110.8730
192.9721,207.7465,178.3566,107.4175
205.6421,211.8449,175.3446,103.6862
206.9589,213.6164,172.7109,100.1433
219.1151,217.6832,169.6922,96.2685
220.5232,221.6765,166.8760,92.4302
228.0056,225.5141,164.0351,88.7962
231.3838,229.2895,161.2160,85.1826
236.6730,232.9334,158.3052,81.7287
241.7393,236.4102,155.6360,78.5066
244.8479,237.8152,153.0558,75.6968
249.7162,239.2075,150.4202,72.9120
252.8052,240.5810,147.7058,70.1651
254.1163,241.9103,145.0837,67.5065
257.2362,241.7360,142.1355,64.5634
258.5441,241.4495,139.5196,61.9392
259.6790,242.5300,137.2499,59.7783
260.9513,242.1502,134.7054,57.4954
262.1079,241.7230,132.3922,55.3849
263.1254,242.6063,130.3572,53.6182
264.1644,242.1625,128.2790,51.6722
263.7807,242.9213,126.2776,50.1546
264.8013,243.6817,124.2363,48.6339
263.1723,243.2069,122.1813,46.9269
262.8194,243.9030,120.2909,45.5347
262.4503,244.5690,118.4848,44.2028
262.1210,245.2218,116.6490,42.8971
260.5562,245.8531,114.8896,41.6345
259.0871,246.4724,113.0348,40.3961
258.7944,247.0177,111.2728,39.3053
257.3630,247.5717,109.5303,38.1974
254.8342,249.2664,107.8150,37.0655
254.4630,249.6663,106.3449,36.2658
253.0946,250.1159,104.7277,35.3666
252.7772,250.5241,103.2250,34.5501
248.2554,252.0524,101.7626,33.5948
248.8568,252.3743,100.5597,32.9510
246.4704,252.6751,99.2304,32.3495
244.1973,254.1023,97.7644,31.4992
243.7931,254.3867,96.6051,30.9303
241.4348,254.6508,95.4996,30.4020
240.0646,255.9397,94.4095,29.7397
238.7617,256.1464,93.2400,29.3263
235.5671,256.3821,92.1755,28.8548
235.1470,256.5877,91.1762,28.4435
233.8833,256.8106,90.0677,27.9978
231.6401,257.0093,89.1725,27.6003
230.3060,257.2113,88.2929,27.1963
229.0004,257.4330,87.3962,26.7529
226.8542,257.5851,86.4895,26.4487
226.4229,257.7267,85.6375,26.1655
225.1075,257.8620,84.8738,25.8949
224.6318,257.9950,84.1436,25.6290
223.2900,258.0957,83.4949,25.4277
222.8306,258.2213,82.7606,25.1765
222.3854,258.3820,82.0128,24.8550
221.0912,257.7457,81.3578,24.5059
220.6271,257.8597,80.6800,24.2780
220.1190,257.2156,80.1042,23.9740
219.5872,257.2958,79.5894,23.8136
219.8713,256.6337,79.0212,23.5698
219.3247,255.9501,78.5590,23.3814
219.6069,255.2713,77.9946,23.1936
219.8447,255.2939,77.5189,23.1485
220.0793,254.6809,77.0496,22.8480
220.2736,254.0452,76.6612,22.6051
221.8973,253.3995,76.4222,22.3924
223.4652,252.0299,76.2800,22.1380
224.3755,251.3129,75.9496,22.0818
227.4453,250.5765,75.7476,22.0702
228.3470,249.9149,75.4254,21.9122
230.7056,249.1925,75.1296,21.8832
234.4130,248.4678,75.0603,21.8633
235.8902,247.7706,75.0415,21.7900
241.0584,245.6641,74.9679,21.6047
242.5541,244.9141,74.8998,21.6430
244.7874,244.1463,74.8173,21.7172
248.4249,242.7232,74.8504,21.6403
250.6733,241.9490,74.7356,21.7279
252.2012,241.2160,74.6010,21.7333
254.4236,240.5323,74.5327,21.6419
256.6422,239.8393,74.4640,21.5718
258.1247,238.4262,74.4069,21.4901
258.9442,237.6645,74.2194,21.5619
259.7823,236.9160,73.9935,21.6086
260.6336,235.5071,73.7387,21.5306
261.4507,234.7901,73.5476,21.5217
262.3099,234.0823,73.2690,21.4974
263.1429,231.9672,73.0388,21.4207
263.2163,231.1419,72.8919,21.6403
263.3629,230.3735,72.5988,21.7441
263.4428,228.9306,72.4389,21.7684
262.8189,228.1509,72.2578,21.8989
262.2580,226.7334,71.9509,21.8764
260.9874,225.9786,71.6440,21.9620
259.6447,225.2513,71.4868,21.9954
259.1396,223.8177,71.0775,22.0233
257.1840,223.0639,70.7456,22.1165
255.3053,220.2693,70.2688,22.0601
254.8421,220.1561,69.7917,22.2866
250.9639,219.4577,69.1423,22.2825
249.0823,216.7247,68.7305,22.1816
247.9321,216.6254,68.2628,22.3803
244.0797,215.9158,67.6818,22.4185
242.9648,214.5636,67.1648,22.3761
239.8389,213.8789,66.5903,22.3801
237.4379,211.8874,65.9635,22.2917
234.4334,210.5647,65.2393,22.2438
230.7198,209.8190,64.6538,22.3997
229.1594,207.8867,63.7849,22.2746
224.8951,207.1756,63.1065,22.3814
224.5264,206.4678,62.5365,22.4895
220.3077,205.1902,61.8646,22.4421
216.8198,204.5055,61.0951,22.5206
214.6041,201.3103,60.4015,22.5046
210.4814,201.2946,59.7495,22.5360
208.3266,200.0382,59.0101,22.5244
204.9625,199.4346,58.2294,22.4801
201.6221,198.8154,57.4735,22.4789
199.5298,197.5977,56.7439,22.4573
196.2307,196.4108,56.0359,22.3958
193.5083,195.7847,55.4487,22.4415
191.4426,195.1890,54.7851,22.4341
189.4164,194.0191,54.0811,22.3957
186.2244,192.8348,53.3958,22.4079
184.1699,192.2418,52.8306,22.4254
182.7023,191.6575,52.2836,22.4332
180.0826,191.0889,51.7584,22.4176
179.7580,190.4912,51.2625,22.4678
178.2839,189.9040,50.7944,22.5035
177.3342,189.8867,50.4287,22.5382
176.4188,189.3467,50.0037,22.4902
175.9865,189.3685,49.7473,22.4467
175.5515,189.3917,49.5009,22.4002
175.1045,189.4229,49.2830,22.3379
