1
318.8632,169.5899,63.2736,63.8202
319.0506,169.6245,62.8989,63.7511
319.1833,169.6804,62.6333,63.6392
319.2822,169.7905,62.4356,63.4190
319.3244,169.8849,62.3512,63.2302
319.2673,170.0258,62.4655,62.9485
319.2119,170.1733,62.5761,62.6534
319.1475,170.2685,62.7051,62.4629
319.0472,171.4039,62.9055,62.1632
318.9552,172.5530,63.0895,61.8348
318.8749,172.7657,63.2501,61.4093
318.7417,172.9715,63.5166,60.9978
318.6137,173.2498,63.7725,60.4410
318.4159,174.4936,64.1682,59.9095
318.2208,175.7826,64.5584,59.2851
318.0829,176.1495,64.8343,58.5514
317.9577,176.5481,65.0846,57.7542
317.8539,177.8816,65.2922,57.0208
317.6900,179.2369,65.6200,56.2353
317.5118,179.6069,65.9763,55.4952
317.3638,180.9823,66.2724,54.6556
317.2049,182.3724,66.5902,53.7777
316.9823,183.7973,67.0354,52.8207
316.7496,184.3065,67.5009,51.8022
316.5536,185.8011,67.8927,50.6879
316.3439,187.2607,68.3123,49.6311
316.1487,187.9547,68.7025,48.2430
315.9267,189.4901,69.1467,47.0069
315.6686,192.9468,69.6627,45.5560
315.5016,193.4331,69.9968,44.5836
314.3867,194.9162,70.4333,43.4105
314.2059,196.4873,70.7950,42.0484
313.9370,199.0654,71.3327,40.4175
313.4444,200.6056,72.3179,39.0800
313.2242,203.0016,72.7582,37.7574
312.4098,204.5155,72.6686,36.4480
312.3141,206.8059,72.8602,35.2562
312.1205,208.2840,73.2472,33.9768
312.0654,209.9102,73.3574,32.3844
311.8119,211.4549,73.8644,30.9286
311.4713,214.7085,74.5457,29.2672
311.1267,216.1185,75.2349,28.0429
310.8311,217.5078,75.8261,26.8476
310.3799,218.8542,76.7284,25.7250
309.9669,219.9905,77.5545,25.0151
309.5711,220.9946,78.3461,24.5683
309.1153,221.6136,79.2577,24.8947
308.6953,221.4272,80.0976,25.2675
308.5457,221.8374,80.3969,26.0492
308.4187,222.3272,80.6508,26.6903
308.3494,222.7048,80.7894,27.5713
308.1304,223.7930,81.2275,28.7035
307.9525,223.9263,81.5832,30.1178
307.6533,224.8191,82.1817,31.7558
307.6053,223.9707,82.2778,33.4525
307.3954,225.1627,82.6976,34.6317
308.0632,226.1677,83.1703,36.2386
307.8461,226.3071,83.6045,37.8036
308.4558,226.4225,84.2627,39.4504
308.1634,225.7583,84.8476,40.7788
308.1148,226.0262,84.9448,42.1908
308.1614,226.3153,84.8516,43.5861
307.9466,226.7553,85.2812,44.7025
308.8167,226.1144,85.5629,45.9844
308.6725,227.8133,85.8513,46.6826
308.9626,227.2510,85.2710,47.8072
309.3713,227.4686,86.5285,49.4469
309.0597,227.6424,87.1518,51.2206
308.7264,228.0699,87.8184,52.5262
309.7927,227.6412,87.8784,53.3836
311.0458,229.4318,87.5801,54.2184
310.9073,228.9041,87.8572,55.2738
311.8866,230.4657,88.1379,56.6292
312.6779,230.0322,88.8215,57.4963
312.2824,230.7444,89.6126,58.3630
312.9075,231.3574,90.6796,59.4542
312.4136,231.0019,91.6675,60.1652
313.3368,230.6711,92.1992,60.8268
313.2095,230.1453,92.4539,61.8784
314.3117,229.6682,92.6679,62.8326
315.3686,230.3745,92.9916,63.8576
316.2643,229.8578,93.6596,64.8909
317.2034,230.6211,94.2680,65.8509
316.8383,230.2964,94.9981,66.5003
317.9955,230.0484,95.2171,66.9962
317.9175,229.7667,95.3731,67.5598
319.1261,230.9142,95.5125,67.8211
320.3080,230.7410,95.7117,68.1677
321.5298,231.7835,95.8397,68.6542
322.6728,231.5795,96.1353,69.0623
323.8731,231.3855,96.3274,69.4502
325.1116,231.2393,96.4525,69.7425
326.1429,231.0556,96.9988,70.1101
327.0827,230.7333,97.7422,70.7546
328.1121,230.4358,98.3285,71.3496
329.3690,230.3063,98.4782,71.6087
330.5075,230.2059,98.8713,71.8094
332.8769,230.1281,99.4914,71.9652
332.7848,229.9680,99.6757,72.2854
336.4556,229.9515,100.4324,72.3182
337.4966,230.2090,101.0619,71.8033
338.2910,230.3284,102.1855,71.5644
340.5933,230.3138,103.0322,71.5937
341.4976,230.2868,103.9623,71.6477
343.6635,230.1974,105.1380,71.8264
344.6448,230.2511,105.9499,71.7190
345.8914,230.3650,106.2417,71.4913
348.5310,230.2840,106.5336,71.6533
349.8138,230.2460,106.7606,71.7292
351.0728,230.2441,107.0398,71.7330
352.3041,230.1874,107.3787,71.8464
356.3788,230.2197,107.6551,71.7819
356.1105,230.2326,108.1916,71.7560
357.2946,230.3175,108.6426,71.5862
358.5262,230.3578,109.0028,71.5057
359.8185,230.4126,109.2454,71.3961
362.5371,230.4336,109.4663,71.3541
363.9684,230.5441,109.4354,71.1331
365.4271,230.7355,109.3457,70.7502
366.7081,230.7690,109.6034,70.6832
369.3506,230.7586,109.9637,70.7041
370.3382,232.2840,110.8168,70.4816
371.2611,232.3561,111.8083,70.3374
372.1142,232.3664,112.9519,70.3168
372.9470,233.8529,114.1528,70.2103
373.9757,233.8935,114.9781,70.1290
377.9992,233.9440,115.6119,70.0281
377.7315,235.5562,116.1473,69.7050
379.0768,235.6555,116.3607,69.5065
380.4002,235.7840,116.6175,69.2494
381.7007,235.8980,116.9196,69.0214
382.7932,237.4052,117.6385,68.9108
383.8607,237.3514,118.4161,69.0185
384.8925,237.3299,119.2786,69.0615
386.0433,237.3015,119.9164,69.1184
387.1456,238.8096,120.6618,69.0519
388.2985,238.7695,121.3157,69.1323
389.3831,240.2217,122.1175,69.1988
390.5099,240.2250,122.8478,69.1921
393.1300,241.6660,123.5967,69.3046
394.2570,241.5661,124.3504,69.5046
395.4431,241.5978,125.0004,69.4411
396.5929,241.6324,125.7314,69.3719
397.7418,243.2342,126.4739,69.2086
398.9269,243.3174,127.1520,69.0422
400.0771,244.9293,127.9072,68.8739
401.3279,244.9414,128.4695,68.8499
402.5542,246.5093,129.0887,68.7857
403.9034,246.5695,129.4701,68.6653
405.2547,248.2682,129.8507,68.3511
406.5446,249.9301,130.3545,68.1108
407.9224,250.0368,130.6855,67.8974
409.2683,251.6785,131.0818,67.7020
410.6028,251.7912,131.5032,67.4766
410.3170,251.8026,132.0748,67.4540
411.5721,253.4423,132.6652,67.2752
412.8840,253.4957,133.1478,67.1683
414.2340,255.1763,133.5592,66.9186
415.3929,256.7404,134.3547,66.9038
414.9840,256.7585,135.1725,66.8675
416.2470,258.5352,135.7825,66.4499
417.5172,260.2107,136.3797,66.2367
417.2028,260.2744,137.0085,66.1092
418.4423,262.0943,137.6791,65.6190
419.6729,263.8067,138.3687,65.3451
420.8167,265.5392,139.2372,65.0364
422.0657,265.5526,139.9026,65.0094
421.7344,267.0332,140.5653,65.2209
422.9278,266.8831,141.3644,65.5212
422.5469,266.6204,142.1261,66.0464
423.7966,268.0631,142.8499,66.3841
425.1772,269.6114,143.3282,66.5273
424.9331,269.6197,143.8165,66.5106
426.4815,271.3274,143.9755,66.3511
426.2313,271.3357,144.4759,66.3344
427.8337,273.0822,144.5334,66.1037
427.6679,274.7695,144.8649,65.9883
429.0980,276.3722,145.2668,66.0449
428.9106,278.0352,145.6415,65.9874
430.1005,279.6630,146.5349,66.0051
429.6498,279.6082,147.4363,66.1146
431.0211,281.2450,147.9952,66.1427
430.7593,281.2763,148.5187,66.0800
432.3839,283.0003,148.5863,65.9486
433.8767,284.6346,148.9159,65.9952
433.5746,286.2786,149.5200,66.0281
435.2921,288.0334,149.4152,65.8485
435.2937,289.7995,149.4120,65.6420
435.2365,289.8616,149.5265,65.5178
435.2586,291.6095,149.4823,65.3432
436.9326,293.3777,149.4518,65.1244
436.7822,295.1067,149.7526,64.9798
436.4992,296.8264,150.3186,64.8554
436.5585,298.6251,150.2001,64.5792
437.9387,300.2951,150.7542,64.5536
437.7304,301.9791,151.1707,64.5077
437.6067,301.9763,151.4181,64.5132
439.2106,303.5179,151.5413,64.7610
439.0756,305.1159,151.8112,64.9021
438.9023,306.7386,152.1577,65.0002
438.7802,308.4018,152.4020,65.0240
438.7387,310.0373,152.4849,65.1071
438.6325,311.6766,152.6974,65.1855
438.5861,313.2858,152.7903,65.3283
438.3769,314.8308,153.2087,65.6036
438.2499,316.3988,153.4627,65.8436
438.1072,318.0239,153.7479,65.9774
438.0572,319.6393,153.8480,66.1372
438.0690,321.3164,153.8244,66.1778
438.1270,322.9938,153.7085,66.2182
438.1708,324.6185,153.6209,66.3629
436.4625,326.3545,153.6419,66.2865
436.2903,329.7638,153.9863,66.2568
434.3466,329.7793,154.4747,66.2259
432.4709,333.2805,154.8207,66.0342
430.6288,334.8568,155.0980,66.2886
430.5615,336.5166,155.2325,66.3846
427.1568,338.2726,155.2036,66.2918
427.1708,339.8894,155.1756,66.4754
425.5290,341.6010,155.0392,66.4721
420.6613,343.2458,154.5208,66.6005
419.2657,344.9508,153.8991,66.6031
417.3289,346.6666,154.3690,66.5754
415.2808,350.0751,155.0552,66.5785
413.1501,349.8919,155.8965,66.9448
407.9024,351.2880,156.0757,67.5914
408.3568,354.6707,155.1670,67.7315
405.2167,356.2549,154.5632,68.0052
403.9406,357.8491,153.6773,68.2548
399.0555,359.2902,153.1585,68.8022
398.1034,360.7781,151.6308,69.2582
395.1627,362.2732,150.6772,69.6856
390.2513,363.7954,150.2665,70.0524
388.6181,365.3071,150.1213,70.4407
387.1281,366.9282,149.6849,70.6147
384.1603,368.7434,148.7945,70.3972
379.6659,370.6025,147.5948,70.0752
378.3133,372.1581,146.9269,70.3370
370.3412,371.9630,146.0316,70.7274
369.2674,375.2530,144.8176,70.8706
366.2050,375.0915,144.2495,71.1936
363.2535,376.3229,143.4651,72.0744
360.3944,377.7383,142.4885,72.5912
355.9221,379.3093,141.4070,72.7912
351.5972,380.9497,140.0678,72.8401
347.1039,382.5755,139.1218,72.8992
340.7209,382.5691,138.6961,72.9120
337.2065,382.2797,139.1412,73.4908
335.6331,385.7347,138.9795,73.1977
331.4052,387.5092,137.5322,72.9497
324.6982,389.8177,134.5692,71.6081
319.4743,390.1293,132.1817,70.9849
315.7462,390.1857,130.1489,70.8720
307.3553,390.2079,128.1441,70.8278
306.9704,390.4746,125.8132,70.2942
300.2580,392.2227,123.9521,69.8553
295.0803,392.3562,122.2186,69.5882
288.4160,392.4552,120.5872,69.3903
288.0470,392.8163,118.3607,68.6679
280.1144,393.1942,116.7105,67.9122
278.0045,393.6319,115.1665,67.0369
268.8554,393.9986,113.5550,66.3035
262.3209,394.4776,112.5848,65.3454
260.7332,395.0474,110.2057,64.2058
252.1678,395.7332,108.2779,62.8342
250.3211,396.4569,106.6297,61.3868
242.1536,397.0051,104.6118,60.2904
235.3892,395.9779,102.7007,59.7715
231.0964,395.2790,101.1414,58.6331
228.1229,394.8645,99.6072,56.9684
220.2340,393.4386,98.2854,54.9346
216.8538,392.1368,95.4913,52.7608
209.8697,391.8214,93.2872,51.0814
203.2921,391.7908,90.6988,48.8936
197.9561,390.8894,88.3296,46.3493
193.7236,389.8492,86.3196,44.2396
187.5940,388.8594,84.3746,42.1608
182.4067,387.1203,82.9605,39.7448
178.4158,386.1925,81.4315,37.7960
172.5281,385.2400,80.2856,36.0092
167.0096,384.1824,78.7372,34.5286
161.6932,382.8931,77.1241,33.6083
156.8260,378.7257,74.8896,33.3941
152.8899,376.5198,72.7199,34.4584
148.0141,370.0473,70.8463,35.7783
145.8180,366.5269,68.6135,37.8503
140.1754,360.6154,66.6266,39.7193
135.9068,355.2885,65.1961,42.0667
130.7136,348.3337,63.8272,44.2210
127.1489,344.5518,62.4840,46.7011
123.3973,337.2779,61.4123,49.2442
118.7763,332.3703,60.2145,52.0995
115.9163,325.6110,58.8643,55.0128
114.5603,317.8878,57.9899,57.9076
108.6195,312.8653,57.0955,60.6520
107.9873,304.9576,56.5059,63.4887
104.6733,298.8758,55.5783,66.2080
102.2364,292.6017,54.7040,69.1758
101.5569,285.4644,54.1155,71.7651
98.8205,278.0162,53.6558,74.7967
97.0463,273.4892,53.1721,77.8026
96.3411,265.9525,52.5290,80.5553
94.5973,259.0953,51.8483,83.8488
92.8054,253.1289,51.1880,87.2934
92.9623,246.4750,50.8742,89.7903
91.9898,239.6012,50.6253,92.5683
89.9737,234.8875,50.1960,95.3038
90.1694,227.0296,49.8046,97.4377
89.2387,223.6680,49.3778,99.5844
89.3075,216.9401,49.2402,101.4786
89.4167,211.3517,49.0218,103.3050
88.5161,204.4523,48.4625,105.3015
88.7435,201.2505,48.0079,106.9455
87.8154,193.2421,47.4683,108.5883
88.1040,190.0174,46.8911,110.2177
88.3280,184.3991,46.4431,111.7608
88.5983,181.2165,45.9026,113.2505
90.1479,174.2927,45.2530,114.8501
91.6606,171.2162,44.6885,116.0810
91.8649,165.6819,44.2800,117.2751
92.0685,161.4359,43.8728,118.3320
93.5380,155.9675,43.4200,119.3238
94.9427,154.2790,43.1027,120.2087
96.4148,148.8755,42.6576,121.0191
97.8217,146.0119,42.3466,121.7410
99.2200,142.0157,42.0572,122.2115
100.5083,136.8475,41.9894,122.5128
101.8350,135.4337,41.8479,122.8288
103.0837,134.1299,41.8642,122.9226
104.4812,127.9977,41.5844,122.6103
105.8530,127.9338,41.3467,122.7380
107.2414,126.9021,41.0732,122.2982
108.6444,120.7397,40.7592,122.1629
110.0145,120.7046,40.5033,122.2331
111.3358,119.5152,40.3413,122.1313
112.7117,115.8436,40.0658,122.0458
114.0571,114.7209,39.8450,121.8212
116.6598,113.6022,39.5651,121.5958
117.8981,112.6082,39.5429,121.1294
119.1800,109.1494,39.4265,120.7049
120.4447,109.3887,39.3362,120.2263
121.7006,108.4981,39.2552,119.5767
124.2789,107.6609,38.9387,118.8311
125.4844,105.5188,38.9312,118.3081
126.7775,104.6340,38.7409,117.6816
128.0729,104.9527,38.5338,117.0444
129.4062,104.1629,38.2379,116.2531
131.9687,103.4341,37.8213,115.3566
133.2811,102.7198,37.5302,114.4515
135.6249,101.7923,37.4736,113.9910
136.6829,101.9440,37.6655,113.6876
137.7865,101.1353,37.7653,112.9978
139.0759,100.3434,37.4858,112.2826
140.3494,100.8119,37.2226,111.3455
141.6553,101.2692,36.8764,110.4309
142.9095,101.7455,36.6144,109.4784
144.1659,102.3265,36.3296,108.3163
146.4886,102.8346,36.0968,107.3002
147.7263,103.2582,35.8089,106.4529
148.8840,103.5737,35.6636,105.8220
149.9214,103.7905,35.7474,105.3885
152.0829,104.0418,35.7322,104.8858
153.1702,103.2038,35.7040,104.4153
154.2497,103.4808,35.6842,103.8612
155.4171,103.9673,35.4804,102.8882
157.5908,104.2621,35.3599,102.2986
158.7311,104.6331,35.1821,101.5566
159.8123,104.8621,35.1086,101.0986
160.9723,106.1475,34.8698,100.6091
162.0194,106.4978,34.8454,99.9084
163.1101,108.1223,34.7233,98.7188
164.1403,108.5693,34.7031,97.8248
165.1801,109.1010,34.6503,96.7613
166.2236,110.5658,34.5744,95.8426
167.2371,111.8771,34.5437,95.2163
168.2968,113.2939,34.4111,94.3697
169.3619,113.4380,34.2532,94.0815
170.4155,114.6842,34.1114,93.5544
171.4024,114.9754,34.0927,92.9719
172.4883,116.3148,33.8675,92.2397
173.5145,116.4910,33.7471,91.8873
174.4551,118.6289,33.7907,91.4610
175.5221,119.9698,33.5763,90.6988
176.5533,120.2881,33.4186,90.0622
176.5623,121.3971,33.4006,89.7370
177.5579,122.6900,33.2972,89.0388
178.4458,123.6916,33.3971,88.9116
178.4151,124.8222,33.4586,88.5262
179.3837,126.0657,33.3929,87.9108
180.3230,127.2541,33.3756,87.3953
180.2399,129.2512,33.5419,87.1086
180.2177,130.4658,33.5863,86.5319
181.1809,130.7000,33.5050,86.0635
182.1728,132.5055,33.3582,86.1265
183.1886,133.5485,33.1617,85.8756
183.2912,134.8442,32.9566,85.1122
183.3802,136.8466,32.7785,84.7343
184.2982,137.9529,32.7474,84.3265
184.3621,138.9398,32.6195,84.1511
184.4072,139.9984,32.5293,83.8276
185.3659,141.8639,32.3993,83.6711
185.4116,141.9480,32.3079,83.5030
186.3858,143.0057,32.1382,83.1663
187.2955,144.9901,32.0896,82.7391
188.2017,145.9935,32.0409,82.4961
188.2942,146.9917,31.8559,82.2591
189.1122,147.9452,31.9727,82.1049
189.9636,149.7912,32.0225,81.9181
190.7768,150.7607,32.1468,81.7298
192.4468,151.7522,32.3076,81.4972
193.0613,151.8618,32.8283,81.2780
194.6676,153.5749,33.1277,81.3637
196.2883,154.4858,33.4115,81.3046
197.0817,155.6406,33.5913,80.7616
198.8301,156.5541,33.6188,80.6968
199.6207,157.4563,33.7994,80.6540
201.3559,158.3098,33.8573,80.7113
204.8649,159.2261,33.9038,80.6448
205.6085,160.2901,34.1826,80.2828
206.4511,162.0168,34.2631,80.3607
208.1852,162.9166,34.3313,80.3294
210.7166,163.0191,34.5754,80.1244
212.3961,163.8443,34.7572,80.2442
214.8462,164.5639,35.1828,80.5804
216.6060,165.4128,35.2385,80.6701
218.3648,166.2716,35.3008,80.7425
221.9099,166.2609,35.3788,80.7639
223.6663,166.4497,35.4536,80.3864
226.2105,168.2780,35.7340,80.3089
227.8730,169.1162,35.9958,80.4260
230.4297,169.9400,36.2816,80.5781
232.9911,170.0153,36.5797,80.4274
235.5372,171.0981,36.9175,80.0719
237.2173,171.3746,37.1788,79.5188
240.7193,171.3871,37.4039,79.4939
242.4067,172.1931,37.6508,79.6926
244.1405,172.3065,37.8192,79.4659
246.8293,173.3019,37.8946,79.2927
250.4050,174.4171,38.0089,78.8789
253.0421,175.3210,38.1720,78.8834
254.6644,176.2580,38.5580,78.8247
258.1056,177.0886,38.9602,78.9847
258.9041,177.0711,39.1938,79.0198
263.4840,178.0100,39.2090,78.9770
264.2995,178.0243,39.4127,78.9483
267.8441,178.9175,39.6747,78.9997
269.5693,179.9196,39.9103,78.8386
272.1791,180.9418,40.2251,78.6389
275.7371,180.9985,40.4981,78.5255
279.2230,180.9803,40.9276,78.5620
279.8786,181.9922,41.4746,78.3964
283.5982,183.0529,41.4962,78.1401
286.2518,183.8949,41.7745,78.3180
287.8097,183.7656,42.3972,78.5766
291.0586,183.6186,43.4340,78.8706
292.7334,184.7294,43.8960,78.5547
294.6616,185.8892,43.8575,78.1440
297.5667,186.0328,43.7540,77.8569
300.4712,187.0086,43.6336,77.8016
304.1961,186.8787,43.7572,78.0614
306.0064,187.8727,43.9351,77.9727
309.7744,188.8374,44.0030,77.9442
311.5337,189.8651,44.2881,77.7905
313.3500,189.8810,44.4640,77.7587
315.1925,190.8729,44.5928,77.6817
319.8572,191.7841,44.8027,77.7672
320.6962,192.6620,45.0373,77.9241
323.5768,192.6955,45.0331,77.8571
325.4343,192.6646,45.1541,77.9189
327.2541,193.5321,45.3563,78.1050
331.0951,194.5181,45.3827,78.0600
333.0348,194.6147,45.3571,77.8668
333.7976,194.7494,45.7551,77.5974
335.7154,195.7957,45.7720,77.4311
337.7599,195.8283,45.5312,77.3659
339.5698,196.0516,45.7496,76.9193
342.3387,197.8654,45.9602,77.1241
344.1145,198.9061,46.2541,76.9653
345.8399,199.7474,46.6539,77.2081
347.5126,200.7234,47.1800,77.1917
348.3239,200.7609,47.5017,77.1168
350.1268,200.9276,47.7932,76.7834
351.9134,201.9504,48.1170,76.6862
353.7654,203.0388,48.3179,76.4619
354.5800,204.0487,48.6412,76.3946
357.3928,204.2618,48.8863,75.9684
358.1750,206.2026,49.2766,75.9961
358.9938,206.1166,49.6004,76.1681
359.9275,207.1727,49.7026,76.0255
360.8449,207.2209,49.8368,75.9290
361.7426,208.2085,50.0113,75.9237
362.6281,208.1812,50.2131,75.9782
363.5450,209.2281,50.3562,75.8614
364.3973,209.2467,50.6291,75.8241
365.3111,210.2884,50.7829,75.7223
365.2010,211.3350,51.0032,75.6115
366.1266,212.2969,51.1365,75.6722
365.9652,212.2113,51.4592,75.8434
366.8947,212.1548,51.5958,75.9565
366.7897,213.2373,51.8059,75.7910
366.7127,214.2451,51.9597,75.7759
366.6447,214.2491,52.0958,75.7678
367.6839,214.3036,52.0224,75.6589
367.6001,215.2513,52.1899,75.7657
367.5467,215.3715,52.2968,75.5251
368.5211,216.3742,52.3526,75.5245
368.4675,216.4308,52.4597,75.4112
368.4219,217.5644,52.5509,75.1495
368.3345,218.4631,52.7257,75.3553
369.2317,218.5403,52.9406,75.2010
369.1798,218.5339,53.0443,75.2137
369.0709,219.5024,53.2621,75.2890
369.0181,219.4194,53.3678,75.4550
369.0048,220.5144,53.3943,75.2862
368.9109,220.4869,53.5821,75.3411
369.8282,221.4919,53.7706,75.3542
369.7625,221.4892,53.9019,75.3596
369.6945,222.4965,54.0380,75.3736
369.6046,222.4997,54.2177,75.3672
369.4539,223.4329,54.5191,75.5348
370.3124,223.3146,54.8435,75.7713
370.2631,224.2648,54.9422,75.9212
371.2579,224.2557,55.0068,75.9395
371.1847,224.2865,55.1532,75.8778
371.1137,225.2569,55.2952,75.9941
371.0151,226.2579,55.4923,76.0532
370.9028,226.2564,55.7169,76.0562
371.8702,226.2695,55.8512,76.0300
371.7987,227.3185,55.9942,76.0028
372.7433,227.3385,56.1776,75.9628
372.7072,228.5157,56.2498,75.6834
372.6534,228.5729,56.3574,75.5690
373.6642,229.6469,56.4080,75.4932
373.5810,229.6912,56.5744,75.4046
373.5071,229.7641,56.7221,75.2587
374.4656,230.7863,56.8785,75.2876
374.3798,231.8325,57.0499,75.2715
374.2923,231.8194,57.2251,75.2978
374.1467,232.7816,57.5163,75.4555
375.1266,232.7262,57.6458,75.5662
375.0317,232.6775,57.8356,75.6636
374.8814,233.6903,58.1361,75.7357
375.8522,234.6755,58.2982,75.8689
375.8140,234.6823,58.3745,75.8555
375.8012,234.6022,58.4001,76.0155
376.8097,235.6487,58.4954,76.0349
376.7841,236.7902,58.5465,75.8659
376.6878,236.8508,58.7392,75.7446
377.6772,236.7552,58.8740,75.9359
377.6029,237.8683,59.0226,75.8284
377.5156,238.8455,59.1971,75.9935
378.5149,238.7971,59.3234,76.0904
379.5163,238.6745,59.4491,76.3354
379.4691,239.6423,59.5434,76.5342
379.4093,239.6826,59.6631,76.4535
380.4710,240.7107,59.6791,76.5369
381.4667,240.6784,59.8288,76.6014
381.4366,241.6547,59.8890,76.7932
381.3215,241.5574,60.1191,76.9879
382.3864,242.4836,60.1446,77.2906
382.4140,243.4850,60.0892,77.4480
382.3269,243.4658,60.2635,77.4863
383.3362,243.4191,60.4100,77.5796
383.3199,244.5261,60.4425,77.5345
384.3778,245.6630,60.4954,77.4294
385.4212,245.6772,60.5765,77.4010
385.3426,246.7012,60.7338,77.5219
385.2402,247.7862,60.9386,77.5250
386.3198,248.8820,60.9560,77.5100
387.4166,248.8350,60.9391,77.6041
388.3529,249.8986,61.2443,77.6547
388.2319,249.7885,61.4862,77.8749
388.1609,249.6619,61.6282,78.1282
389.2149,250.6040,61.7173,78.4409
390.3126,251.5729,61.7253,78.7065
390.3107,251.5054,61.7290,78.8414
391.4243,252.5691,61.7113,78.9236
391.4282,252.4868,61.7036,79.0884
392.4658,253.5010,61.8413,79.2729
393.4810,254.5147,62.0289,79.4635
393.4704,254.3607,62.0502,79.7714
394.5726,255.2757,62.0749,80.1705
394.5441,256.2046,62.1319,80.5482
395.5836,255.9786,62.2950,81.0002
396.6507,256.9319,62.4128,81.3454
397.7294,257.9795,62.5144,81.5092
397.6964,257.9637,62.5804,81.5410
398.8100,257.9973,62.6179,81.4736
399.8800,259.0627,62.7421,81.6072
400.9339,260.0727,62.9026,81.8555
400.9710,259.9861,62.8285,82.0287
402.0486,260.9128,62.9495,82.4516
402.0410,261.9270,62.9645,82.7077
403.1636,263.0032,63.0083,82.8442
404.2737,264.0388,63.0796,83.0645
404.3162,264.1149,62.9946,82.9122
406.4605,265.2106,63.2908,83.0134
406.4734,265.1969,63.2650,83.0407
407.6167,266.3168,63.2772,83.0997
408.8240,266.3645,63.1623,83.0043
409.9813,267.5760,63.1444,82.8777
409.9631,267.6302,63.1807,82.7693
410.0622,268.6103,62.9826,83.1023
410.1878,269.5937,62.7314,83.4308
411.3757,270.4492,62.6515,84.0156
411.3368,270.2936,62.7294,84.3270
412.2525,271.1634,63.2075,84.8969
412.2236,271.0658,63.2654,85.0920
412.2332,272.0742,63.2460,85.4052
412.2007,273.1234,63.3112,85.6413
412.2563,273.0539,63.2000,85.7804
412.3177,272.9924,63.0771,85.9033
412.3181,272.9499,63.0764,85.9884
412.3454,274.0525,63.0217,86.1236
411.1894,274.0202,62.9921,86.1883
410.0795,274.0676,62.8697,86.0934
408.9645,274.0387,62.7608,86.1512
407.7951,275.0625,62.7618,86.4415
407.7594,274.8788,62.8332,86.8089
405.2955,274.6862,63.0631,87.1942
404.1116,274.6697,63.0723,87.2270
402.9289,274.7752,63.0783,87.0160
400.7311,276.0616,62.7616,86.7995
399.5762,276.1447,62.7239,86.6332
397.3112,276.2502,62.5646,86.4224
396.1303,276.0093,62.5879,86.9040
394.8445,275.8953,62.8130,87.1322
390.2534,276.0591,62.5810,86.8046
389.1113,276.1102,62.5205,86.7022
387.9538,276.3329,62.4932,86.2570
383.4059,276.4863,62.2487,85.9500
382.2897,276.6915,62.1549,85.5398
379.8961,276.8714,62.3048,85.1798
376.3524,276.9335,62.4454,85.0556
373.9694,276.9644,62.5794,84.9938
372.7485,276.9680,62.7040,84.9866
366.9886,276.8784,62.6277,85.1659
365.7462,276.9305,62.7918,85.0616
361.1419,277.0554,62.7133,84.8119
360.9918,277.1796,63.0135,84.5635
355.1411,276.1331,63.1256,84.3385
353.8779,276.3347,63.3357,83.9353
349.0675,276.4091,63.7024,83.7865
347.7624,276.4948,63.9953,83.6153
343.0543,276.5606,64.1337,83.4836
339.4095,276.6558,64.4644,83.2932
336.9946,276.7912,64.6498,83.0224
332.1719,276.9064,65.0109,82.7921
330.8465,276.9833,65.3385,82.6381
325.0269,277.1534,65.3458,82.2981
323.6792,277.2001,65.7201,82.2047
318.9142,277.2750,65.9463,82.0549
316.4026,277.3578,66.3149,81.8893
311.6320,277.4268,66.5335,81.7512
310.2907,277.5602,66.8838,81.4845
305.5343,276.5254,67.0621,81.2204
302.9703,276.6086,67.5250,81.0540
298.1877,276.7163,67.7407,80.8385
295.6620,276.8031,68.1168,80.6650
291.9372,276.8710,68.5437,80.5291
289.4860,277.0686,68.7547,80.1340
283.5040,277.2704,69.0038,79.7303
282.1562,277.4053,69.3586,79.4606
277.3133,277.6220,69.6754,79.0271
274.7656,277.6922,70.0896,78.8868
272.2547,277.9059,70.4211,78.4594
268.5490,278.0804,70.8015,78.1103
264.8451,278.2384,71.1761,77.7944
263.5343,278.3940,71.4523,77.4832
258.6408,278.5500,71.8594,77.1712
256.0677,278.7111,72.3125,76.8489
254.7300,278.7886,72.6393,76.6940
248.7951,278.8197,72.7516,76.6317
247.4453,278.9435,73.0990,76.3841
246.1655,279.0783,73.3046,76.1145
242.5027,279.2401,73.5713,75.7909
239.7997,279.4842,74.2731,75.3028
238.3992,278.6064,74.7186,74.7028
233.4964,280.0333,75.1118,74.2021
232.1224,279.9013,75.5085,74.4662
230.7512,279.9921,75.8890,74.2845
227.2054,279.8782,75.8859,74.5123
225.7871,279.7660,76.3541,74.7367
223.2156,279.8194,76.7383,74.6299
221.8035,279.8865,77.1788,74.4957
220.4911,280.0661,77.4152,74.1366
215.6378,280.1931,77.5758,73.8824
215.4937,280.3801,77.8640,73.5085
214.1641,280.4760,78.1397,73.3168
212.8002,280.6358,78.4826,72.9972
211.4814,280.7455,78.7350,72.7777
211.3862,280.8181,78.9254,72.6325
210.0957,280.8051,79.1203,72.6584
208.7922,280.8028,79.3376,72.6632
208.7724,280.8332,79.3771,72.6023
207.5237,282.0152,79.4818,72.6311
206.3202,281.9811,79.4939,72.6993
206.3078,281.9863,79.5187,72.6889
206.2708,281.9999,79.5926,72.6616
206.2417,282.0284,79.6510,72.6048
