1
413.3292,135.8720,94.3330,35.2517
413.1086,137.0571,94.7742,34.8685
412.9854,137.1871,95.0205,34.6084
413.7946,137.2485,95.3872,34.4856
413.5993,137.2590,95.7780,34.4646
413.5758,137.3483,95.8248,34.2860
413.4857,137.4588,96.0050,34.0651
413.4440,137.5582,96.0886,33.8662
414.3426,138.5863,96.2784,33.7970
414.2864,138.6386,96.3908,33.6925
415.1096,138.7943,96.7325,33.3810
414.9977,138.9135,96.9563,33.1426
415.0505,139.9168,96.8507,33.1223
415.1508,140.0914,96.6502,32.7731
416.1975,139.3679,96.5318,32.2449
415.9170,139.3703,97.0928,32.2402
416.7609,139.5372,97.3768,31.9063
416.6087,140.4024,97.6812,32.1455
416.5915,140.0749,97.7155,32.8006
417.6038,140.0314,97.6817,32.8876
418.7477,140.1780,97.3858,32.5944
419.7351,141.3616,97.3934,32.2094
420.7967,141.3434,97.2456,32.2459
421.8829,141.3397,97.0472,32.2532
422.5335,141.1342,97.7173,32.6644
421.7992,140.8564,99.1859,33.2198
422.1979,141.8563,100.4078,33.2396
421.8516,141.8492,101.1004,33.2538
423.4319,142.8794,102.0343,33.2405
424.0785,143.9138,102.8014,33.2320
424.6095,145.0016,103.8105,33.1274
424.2428,145.2066,104.5438,32.7175
424.8359,146.3942,105.4440,32.4286
425.4917,146.5815,106.2261,32.0540
426.1476,147.6516,107.0121,32.0116
426.9552,148.8192,107.5051,31.7845
427.6400,149.9965,108.2464,31.5411
428.1719,152.2787,109.2996,31.2105
428.9050,153.4761,109.9590,30.9412
429.6180,154.6665,110.6628,30.6904
430.2747,155.8680,111.4847,30.4225
430.9218,157.0446,112.3322,30.2109
430.4774,158.0969,113.2209,30.2559
431.2579,160.7277,113.8228,29.3203
433.1097,164.5570,114.4267,28.1230
433.8851,164.6524,115.0156,27.9322
435.0696,168.0854,116.9349,27.4987
435.7985,168.9133,119.8028,28.0057
436.1778,174.6043,123.4693,27.6868
435.9987,174.5783,123.8275,27.7389
433.0267,173.3300,125.2440,27.9716
433.4410,176.0098,124.4154,27.1881
438.4090,179.8664,121.2635,26.2591
438.9936,182.6225,120.0944,25.1459
441.5651,187.9166,119.2745,23.2040
442.3468,188.3091,119.8235,22.4191
442.8110,195.7634,120.9999,22.2431
442.2492,195.6241,122.1234,22.5216
442.9993,195.6626,122.7618,22.4446
443.4418,200.9321,124.0227,22.6354
444.6888,202.8940,125.8632,23.0461
443.0104,206.1206,127.0192,23.1954
442.6844,206.2354,127.6712,22.9658
443.1531,211.8810,128.9581,22.7963
443.1320,213.3143,129.0002,22.1686
445.0106,217.8694,129.6972,21.9665
444.8790,219.1161,129.9603,21.7059
445.7165,224.9866,130.5166,21.1206
445.3986,225.1693,131.1524,20.7552
445.0903,226.3199,131.7690,20.6829
445.1493,231.9563,131.6509,20.5891
445.3157,234.3036,131.3182,20.3590
445.3008,238.9510,131.3480,19.9565
446.3174,238.8799,131.5301,20.0988
446.1157,244.6421,131.9337,19.6786
445.9274,244.6417,132.3101,19.6793
446.9319,252.4613,132.5243,19.6023
446.6923,252.4989,133.0036,19.5272
446.5418,252.6416,133.3046,19.2418
446.2973,258.6047,133.7935,18.4560
447.4840,258.7565,133.6391,18.1524
447.3142,265.7075,133.9787,17.5145
447.1201,265.7699,134.3669,17.3899
447.9299,266.8937,134.9525,17.3473
447.5663,272.5271,135.6797,17.1429
447.1845,272.3930,136.4433,17.4110
448.1425,273.4447,136.7616,17.5419
447.9065,280.1280,137.2336,17.6233
446.5956,280.0696,137.6059,17.7401
446.7625,279.7380,137.2722,18.4032
445.8187,287.6350,136.8940,18.4704
444.7247,287.6298,136.8199,18.4808
444.8129,287.3829,136.6434,18.9746
444.9060,287.2491,136.4572,19.2423
443.9469,293.9044,136.1038,19.5613
444.1124,293.6556,135.7729,20.0590
444.0124,293.3564,135.9729,20.6574
445.0268,294.2303,136.2374,21.2029
444.7166,295.0120,136.8579,21.9476
444.5433,294.6008,137.2045,22.7700
444.3878,299.0875,137.5155,23.2071
444.5957,298.6926,137.0997,23.9969
444.9311,298.6378,136.4288,24.1065
444.9430,302.6251,136.4050,23.2370
445.0725,302.4145,136.1460,23.6582
443.9533,304.7062,136.0287,23.7860
444.1538,304.4234,135.6279,24.3516
443.8907,306.5777,136.1540,24.7672
442.5461,306.3965,136.4657,25.1297
442.1012,311.3048,137.3555,24.8691
441.7159,311.0714,138.1262,25.3359
441.5262,310.9150,138.5054,25.6487
440.1266,313.1762,138.8772,25.9813
438.7315,313.2676,139.2281,25.7986
438.3854,315.9154,139.9202,25.3841
437.0742,315.8983,140.1007,25.4185
435.8208,318.1747,140.1623,25.7561
433.3142,317.8156,140.2700,26.4742
432.0446,318.6981,140.3411,27.1774
430.5934,319.4906,140.7603,28.0755
430.5519,320.3889,140.8432,28.7852
426.3665,321.2253,141.6499,29.6339
426.1365,322.0262,142.1099,30.5813
424.7653,322.8161,142.2785,31.5752
423.2852,323.6865,142.6432,32.4299
423.0165,324.5129,143.1808,33.3940
420.1594,325.4552,143.6092,34.1522
420.1404,325.1741,143.6471,34.7144
418.6826,326.2931,143.8880,35.1511
417.0891,327.3805,144.3886,35.6626
415.5248,328.4633,144.8141,36.2001
414.2909,328.1571,144.5627,36.8127
413.2942,329.2908,143.8287,37.2725
412.1938,330.3788,143.3036,37.8225
409.3216,331.4469,143.5904,38.4150
403.3419,332.6551,144.5739,38.7425
403.0191,332.4182,145.2196,39.2162
401.0889,333.6819,146.2979,39.4709
397.8735,334.8398,147.1249,39.9571
393.6287,335.9334,147.1462,40.5927
392.4888,335.6492,146.5912,41.1610
391.0802,336.8199,146.5705,41.6574
388.1500,336.4449,146.7374,42.4074
385.1684,337.4891,146.9742,43.1821
383.5541,338.5498,147.3220,43.9416
382.0046,339.6420,147.5210,44.6573
379.2236,339.3695,147.2510,45.2022
376.3361,339.1909,147.1813,45.5594
374.6965,340.5242,147.5327,45.8207
373.1774,341.8423,147.6331,46.1221
370.4673,341.6063,147.1640,46.5943
367.6075,342.8786,146.9901,46.9964
365.1668,342.7054,145.9679,47.3429
361.2375,344.0774,144.9959,47.5424
360.4469,343.9660,143.6436,47.7651
354.9885,345.2931,142.8876,48.0293
355.3058,345.2350,142.2529,48.1454
352.2345,345.2780,139.6794,48.0593
349.9638,345.2186,135.6194,48.1782
349.4875,345.1311,133.7606,48.3532
346.4716,346.5130,134.2165,48.3773
342.7863,346.4404,135.9971,48.5226
340.0443,346.2562,135.8352,48.8910
334.4599,346.0610,135.6944,49.2814
333.2704,345.8125,135.2411,49.7783
329.1918,345.5122,134.8935,50.3789
328.5124,345.3262,133.4114,50.7509
321.6619,345.0397,132.9814,51.3240
322.4148,344.8145,131.4756,51.7744
321.4814,344.3922,130.5257,52.6190
319.2158,343.9674,129.4205,53.4686
317.0089,343.7801,128.1995,53.8432
315.8130,343.7781,127.7850,53.8472
314.2328,343.9872,128.1450,53.4290
309.4988,344.2162,129.2182,52.9710
307.8806,345.7415,129.6489,52.7259
305.0308,346.0669,129.7337,52.0751
304.4278,346.6151,128.1426,50.9787
300.3246,347.1594,125.3306,49.8901
297.3494,347.3121,123.1970,49.5848
294.0418,347.1729,119.1780,49.8631
293.0791,347.1428,115.8924,49.9233
291.6224,346.9020,111.1285,50.4050
293.6202,346.7977,109.6315,50.6136
293.9668,346.2878,108.9382,51.6333
288.4646,345.5783,112.4783,53.0523
286.8042,344.9296,115.7992,54.3498
285.1937,344.1962,119.0202,55.8165
280.5844,342.1584,120.1148,57.1843
278.0931,341.9070,119.6018,57.6869
278.1387,341.6684,119.5106,58.1642
276.9531,341.7037,119.1258,58.0936
275.8806,341.8688,118.5217,57.7633
275.8648,341.9502,118.5532,57.6005
273.1938,342.1721,118.4309,57.1567
272.1273,342.4719,117.8411,56.5572
271.2147,344.2156,116.9626,55.7735
271.6582,345.8997,116.0755,55.0826
270.8408,345.8182,115.0581,55.2455
270.8549,345.6177,115.0298,55.6465
269.1728,346.7086,115.7472,56.1115
267.8609,346.6024,115.7056,56.3240
266.5458,346.6151,115.6674,56.2986
266.4748,346.6565,115.8094,56.2157
264.8706,346.6489,116.3497,56.2310
265.1215,346.6940,115.8478,56.1409
263.8373,346.5311,115.7489,56.4667
263.9856,346.5539,115.4524,56.4211
262.6671,346.5486,115.4228,56.4315
261.4240,346.5156,115.2428,56.4975
260.0443,346.5612,115.3376,56.4065
259.8264,346.4802,115.7732,56.5683
257.2629,343.0216,118.2266,58.1381
256.8570,340.8158,119.0385,59.8130
254.2822,336.7418,121.4104,62.4056
250.4431,334.3255,123.3741,64.3810
248.3731,330.5851,124.5941,66.0217
248.0493,330.1867,125.2416,66.8184
247.9655,328.5161,125.4091,67.1702
248.0393,326.8987,125.2616,67.4073
248.0971,326.8323,125.1461,67.5400
248.1489,325.5054,125.0424,67.1934
248.2050,325.9462,124.9302,66.3119
248.2528,326.5488,124.8346,65.1067
248.1354,327.7379,125.0695,62.7284
249.6058,329.3015,125.0450,59.6012
249.4053,329.5490,125.4461,56.2444
248.0732,329.2504,125.3012,54.0329
248.3345,328.7378,124.7787,52.2901
248.6560,327.7555,124.1357,51.5254
249.0422,325.9918,123.3633,49.6394
250.8421,325.7926,122.4255,47.3760
251.2603,324.6506,121.5891,47.0520
251.9236,321.6843,120.2624,47.8045
250.8307,317.6337,119.8636,50.7366
248.0211,310.8587,120.2211,53.7631
247.8688,305.6796,120.5257,56.0528
247.9735,303.5012,120.3164,57.6757
249.1300,301.4449,120.7626,59.0289
249.2669,299.1857,120.4888,60.7580
249.3815,296.8924,120.2597,62.5293
249.7944,292.1052,119.4339,63.5763
253.1933,291.0646,118.3325,62.8093
261.6944,288.9767,118.2439,61.3473
259.7588,285.7144,119.3227,59.4943
259.6765,284.9915,122.2636,58.1639
257.9761,282.6180,125.6644,57.3184
255.3022,281.3545,128.1813,57.0145
253.1475,277.3061,129.6286,56.5250
251.0515,276.3957,130.9461,55.4713
245.8179,272.8507,129.9135,53.9365
247.2605,270.7602,129.8611,52.4520
242.7873,270.3218,124.7794,50.5230
244.3762,266.4216,121.6017,50.2293
246.1020,264.6343,118.1500,48.5099
246.6749,261.5104,114.4377,47.0578
246.9312,260.2172,113.9250,47.1569
247.3739,256.5083,115.5212,47.1298
245.5058,255.2869,119.2573,47.0685
250.8481,252.8141,129.0279,46.9002
251.0986,250.5585,131.2209,46.0236
250.7504,248.2927,131.9173,45.1361
250.6678,245.8296,132.0825,44.6560
252.3156,244.5550,134.1804,44.5083
252.9858,241.8629,135.5641,44.4445
252.3324,239.0838,136.8710,44.5179
253.0787,237.5615,138.1406,44.8000
253.8930,234.9360,139.2976,44.4798
253.0314,232.1221,138.2248,44.5152
253.0106,230.4987,138.2663,44.9805
254.0686,227.7175,138.9410,44.9613
253.4687,224.9722,140.1408,44.8521
252.9716,223.4068,141.1351,45.1679
252.1813,220.8848,142.7157,44.5421
251.3380,218.6676,144.4023,43.2847
251.1781,217.9957,144.7220,41.7821
251.2252,214.6244,144.6279,40.0556
251.0625,214.0441,144.9532,38.4268
251.8443,211.8903,146.1531,37.2078
251.4246,209.5306,146.9924,36.4127
252.3062,207.3712,147.9831,35.2238
251.8645,206.6014,148.8665,34.0182
251.4985,204.4881,149.5986,32.7760
252.4874,203.5191,150.3415,31.9932
252.2779,202.4335,150.7604,31.4483
253.1877,201.3878,151.6522,30.8285
252.9088,200.1913,152.2100,30.5098
252.4639,199.0535,153.0997,30.0723
253.2535,197.9486,154.2376,29.5649
254.1929,196.8070,155.0817,29.1251
253.8775,195.6394,155.7127,28.7343
253.6047,194.3564,156.2583,28.5731
253.1452,192.9248,157.1772,28.7048
254.0894,191.4287,158.0357,28.9500
253.6066,189.8268,159.0013,29.3901
253.2200,188.3479,159.7744,29.5623
252.8266,188.1149,160.5614,30.0282
252.5355,186.6128,161.1435,30.2125
252.0816,186.4486,162.0513,30.5409
251.6532,186.3156,162.9081,30.8068
251.2635,186.1691,163.6875,31.0998
250.8506,186.0329,164.5133,31.3723
250.4922,185.8437,165.2302,31.7506
250.1021,185.6562,166.0104,32.1256
249.6819,185.5340,166.8507,32.3700
249.2852,185.3939,167.6441,32.6502
248.8639,185.2183,168.4867,33.0015
246.9470,185.0697,169.3322,33.2986
246.5657,185.0162,170.0948,33.4057
244.6071,185.0064,170.9934,33.4252
244.2134,185.0160,171.7808,33.4061
242.4195,185.0567,172.3265,33.3247
242.0240,185.0710,173.1175,33.2960
241.6070,184.9475,173.9516,33.5430
241.1871,184.8093,174.7913,33.8194
239.3963,184.6763,175.2811,34.0855
237.5842,184.5143,175.8011,34.4094
235.7253,184.3265,176.4015,34.7851
233.7966,184.0534,177.1255,35.3312
233.4839,183.8219,177.7509,35.7942
231.5958,183.5584,178.3553,36.3212
231.4599,183.2914,178.6272,36.8553
229.5602,184.6160,179.2220,37.4106
229.1832,185.9025,179.9761,38.0613
227.6231,187.2770,179.8495,38.5589
225.8099,186.9857,180.2213,39.1416
225.5069,188.2815,180.8272,39.8210
223.8009,189.4765,180.9467,40.7237
221.9294,190.6390,181.3781,41.7103
219.7763,191.6677,182.3475,42.9896
219.5536,190.9380,182.7931,44.4489
217.5791,191.9514,183.3331,45.8309
215.6985,192.8469,183.6517,47.4825
212.1172,192.1434,183.8575,48.8896
211.9204,193.0140,184.2512,50.6563
209.7396,193.9459,185.0662,52.3391
207.8446,193.2689,185.2665,53.6931
207.4344,194.2025,186.0868,55.4436
206.7355,195.2513,187.4847,57.0079
204.0199,194.6473,189.2052,58.2158
202.8289,195.9163,191.5872,59.4353
201.4478,197.2609,194.3495,60.5597
200.1477,196.7802,196.9496,61.5211
196.9818,198.1814,199.3532,62.6471
195.7874,197.7847,201.7420,63.4403
189.2959,199.3417,202.6301,64.3581
185.4980,198.9072,202.1038,65.2270
179.9784,198.5224,200.9340,65.9967
178.3916,200.0930,200.0403,66.9226
175.2310,201.5142,198.2189,68.1515
173.7473,202.9650,197.1184,69.3177
170.4812,202.3042,195.5038,70.6393
169.6262,203.5407,193.1395,72.2407
166.5898,204.8507,191.0736,73.6901
163.1745,206.0828,189.7726,75.2916
161.7520,207.2736,188.5420,76.9858
159.4802,208.5093,188.9972,78.6025
157.1693,211.6281,189.4955,80.6121
160.3033,210.9296,191.5604,82.0092
159.1572,213.9146,193.8526,84.4810
163.4084,212.6869,198.2433,86.9364
162.8910,211.7234,203.6829,88.8633
160.3703,213.0791,208.7242,90.6694
155.7867,214.3245,213.2691,92.8008
153.7434,213.8432,217.3557,93.7636
151.7817,215.5597,221.2791,95.1324
147.5463,214.7254,224.8671,96.8010
138.2023,216.2883,228.6623,98.6395
122.8238,218.2991,229.1094,99.6696
125.2308,220.4771,229.3718,100.3899
123.1406,222.3948,233.5522,101.6472
121.2221,224.4095,237.3891,102.7934
119.7623,226.2515,240.3088,104.3608
117.9913,228.3939,243.8506,105.3972
113.9924,228.0181,246.4577,106.1488
112.6529,230.5098,249.1366,106.6073
110.8490,233.2176,252.7444,106.6804
109.5061,236.0562,255.4302,106.5454
107.8863,238.8607,258.6698,106.5148
103.7094,238.2173,261.3989,107.8018
102.3250,237.7513,264.1678,108.7337
97.7565,237.5586,267.5613,109.1190
90.2727,246.3135,270.9301,109.0072
89.0529,260.9085,273.3698,109.0464
84.9930,258.5376,275.6079,107.9065
77.7571,270.8444,278.2928,106.8668
77.3130,264.3619,279.1809,108.0049
76.8624,264.0754,280.0821,108.5779
76.1951,266.7752,281.4169,109.1482
72.9817,266.4265,281.8444,109.8456
62.2383,265.3213,279.2599,112.0560
64.4185,264.3948,274.8995,113.9090
61.1164,263.4472,269.5230,115.8043
55.1026,259.4818,263.7120,117.7889
58.5164,258.3025,256.8845,120.1474
59.0383,257.1286,250.0016,122.4951
59.3096,253.3060,243.6793,124.3609
62.0240,252.8561,238.2506,125.2607
61.5319,252.4870,233.5798,125.9989
63.4406,252.0958,229.7623,126.7812
65.0495,251.7472,226.5446,127.4785
66.4143,251.4945,223.8149,127.9839
67.5698,251.2897,221.5039,128.3935
68.5042,251.1521,219.6351,128.6686
69.2849,251.1008,218.0737,128.7712
69.9684,250.9637,216.7067,129.0456
70.4796,250.8347,215.6843,129.3035
70.9558,253.4705,214.7320,129.4220
78.9320,262.4859,214.9134,127.5252
77.1230,252.1532,213.1828,126.7958
93.8875,267.7760,216.8281,122.1032
83.6728,254.4769,216.1170,122.2759
86.6162,241.5787,215.5078,121.6846
86.3624,236.2938,216.0152,121.7374
87.6485,234.0476,218.7100,120.9630
90.7915,231.9798,223.0110,119.8049
95.1223,232.4919,230.3608,118.7807
96.9911,232.9808,237.4786,117.8029
94.4449,230.3888,242.5709,117.4720
94.6454,227.9700,247.7538,116.7258
98.7607,222.9055,250.8159,115.5621
100.7438,223.5054,252.5202,114.3622
111.2433,216.2355,254.2186,111.8790
127.6718,217.7736,255.2936,108.8028
143.3146,213.9250,263.3240,105.2670
138.2706,212.7982,267.7423,101.8508
88.2800,213.1012,259.9577,101.2450
93.4367,213.2203,249.6442,101.0067
98.6269,211.4567,239.2638,99.1372
103.8132,208.6101,228.8911,94.4031
110.3351,210.0378,220.8274,91.5478
113.9182,207.3150,213.6611,87.3676
118.5699,206.4397,208.9929,84.4832
120.2871,205.6370,205.5584,81.5720
123.7371,202.7424,203.0735,78.5311
126.7514,202.0463,201.3698,75.5983
129.4272,201.2202,200.2660,73.0028
131.8596,198.4480,199.5865,70.1769
136.3237,197.7085,198.9067,67.5317
138.7598,196.9961,198.1008,64.8900
141.0070,196.4434,197.6129,61.9889
143.2973,194.3284,196.9787,58.3264
145.3244,192.3235,196.7939,54.5972
147.2305,190.1397,196.7791,51.3701
148.7998,189.4170,197.3768,49.0792
152.3535,188.6054,197.6721,47.0011
154.3174,186.0771,197.4103,44.7258
156.2555,185.1638,197.1527,42.9337
158.3681,184.1301,196.5081,41.4206
160.3452,182.9172,196.0962,40.3040
162.1655,178.1354,195.9706,39.3229
164.0347,178.3400,195.7263,38.9136
164.3643,176.7824,195.0671,38.5461
168.1794,171.6999,194.3697,38.3121
168.6801,171.8237,193.3682,38.0645
170.7397,168.5097,192.6824,37.8257
171.0204,166.7489,192.1210,37.9282
174.7762,163.3823,191.4359,37.8347
175.0389,161.7106,190.9106,37.7762
176.7992,159.9239,190.7835,37.9560
178.4978,158.1144,190.7815,38.1799
180.1456,157.9067,190.8856,38.5952
183.7021,154.5465,190.5909,38.4974
185.5457,154.2925,190.3068,39.0054
187.4877,150.7865,189.8318,39.1993
189.3447,149.0244,189.5240,39.3174
189.5445,147.2258,189.1244,39.5103
191.4689,146.9509,188.6780,40.0602
193.2064,144.7903,188.6098,40.9745
195.0972,142.6113,188.2517,41.9090
195.1966,142.1278,188.0529,42.8760
197.1763,140.0090,187.5457,43.6613
198.9851,137.8615,187.3885,44.4960
200.8590,137.4809,187.1147,45.2572
202.6740,135.5449,186.9695,45.6444
204.5530,133.6520,186.7015,45.9402
206.5305,131.8622,186.2387,46.0277
208.5709,130.0059,185.6449,46.2531
210.5392,128.1911,185.1915,46.3997
210.7803,127.9905,184.7092,46.8008
212.7804,126.1984,184.1893,46.9047
214.5669,124.2659,184.0914,47.2948
216.2847,123.9337,184.1369,47.9592
218.0679,123.7028,184.0646,48.4209
219.8317,122.0042,184.0391,48.3161
221.6576,120.2880,183.8867,48.2489
221.8351,120.0359,183.5318,48.7532
223.7313,119.8801,183.2402,49.0648
225.6114,118.1460,182.9824,49.0305
227.5779,118.0347,182.5477,49.2531
229.4188,116.3904,182.3620,49.0454
231.2294,116.3982,182.2307,49.0299
233.1565,116.4450,181.8641,48.9362
234.8542,116.4975,181.9492,48.8313
236.3502,114.8714,182.4373,48.6036
238.1543,114.8243,182.3116,48.6977
238.1542,113.1101,182.3117,48.6436
239.8638,112.9190,182.3740,49.0258
241.6324,112.7686,182.3263,49.3266
243.4534,111.0627,182.1788,49.2439
245.1884,110.8539,182.1997,49.6616
246.9939,109.1241,182.0877,49.6221
248.8675,108.9550,181.8373,49.9602
250.5998,108.7438,181.8722,50.3826
252.1091,106.9740,182.3616,50.4143
253.8088,105.1904,182.4777,50.4660
255.5543,104.8978,182.5047,51.0512
257.2333,104.6284,182.6762,51.5901
258.8953,102.7679,182.8939,51.7691
258.6107,102.4575,183.4632,52.3900
260.2739,100.5449,183.7047,52.6473
262.0812,100.4806,183.6662,52.7757
263.8316,100.3895,183.7436,52.9580
265.5824,98.5903,183.8245,52.9739
267.2506,98.4577,184.0720,53.2390
268.9574,98.3603,184.2507,53.4339
268.9448,98.2820,184.2760,53.5905
270.6347,96.4115,184.4980,53.7297
272.2865,96.2514,184.8020,54.0499
272.1487,96.0824,185.0775,54.3879
273.9512,95.8981,185.1005,54.7564
275.7618,94.0133,185.1145,54.8909
277.5179,93.9183,185.2402,55.0808
279.1759,93.8889,185.5673,55.1398
280.7744,93.8822,186.0192,55.1531
282.6732,92.1672,185.8772,54.9276
284.5601,90.4910,185.7528,54.6306
284.3701,90.5147,186.1328,54.5832
286.2171,90.5193,186.0852,54.5741
288.0579,90.5305,186.0493,54.5516
289.9809,88.8267,185.8481,54.3145
291.7944,88.9218,185.8587,54.1242
291.7749,88.8342,185.8977,54.2994
293.6958,88.7936,185.6937,54.3806
295.4482,87.0323,185.8256,54.2667
297.2161,87.0127,185.9260,54.3059
299.0345,85.2674,185.9278,54.1579
300.7362,85.2698,186.1600,54.1532
302.3806,85.2335,186.5102,54.2258
302.1980,85.1878,186.8754,54.3172
303.9777,83.2574,186.9681,54.5260
305.5359,83.1939,187.5090,54.6529
307.2730,83.1338,187.7020,54.7731
308.9979,83.0183,187.9244,55.0042
310.6679,81.0848,188.2641,55.1914
312.2814,80.9927,188.7251,55.3757
312.0335,80.8184,189.2209,55.7243
313.6606,78.8698,189.6781,55.9101
315.2713,78.8433,190.1780,55.9631
316.9207,78.8028,190.6086,56.0441
318.5931,78.7813,191.0008,56.0871
320.2871,76.8278,191.3563,56.2508
321.8856,76.7716,191.9107,56.3632
323.5244,76.6213,192.3943,56.6637
323.2841,76.3869,192.8750,57.1326
324.9157,74.3636,193.4010,57.3899
324.6455,74.2033,193.9413,57.7104
326.3553,74.0552,194.3368,58.0067
328.0658,73.9459,194.7421,58.2253
329.7123,73.8871,195.2850,58.3429
331.3242,71.9618,195.9070,58.3477
332.9390,71.8877,196.5322,58.4957
334.5002,71.7480,197.2762,58.7752
336.1423,71.6345,197.8739,59.0022
337.8418,69.6777,198.3696,59.0211
337.6785,69.6076,198.6964,59.1613
339.5160,67.6034,198.9305,59.2603
341.1438,67.4365,199.5894,59.5941
342.9868,67.2714,199.8334,59.9244
344.7696,65.1943,200.2073,60.1390
344.4245,65.0346,200.8976,60.4584
346.0649,64.8052,201.5812,60.9174
349.6063,62.5880,202.4638,61.3690
349.5732,62.3589,202.5300,61.8271
351.5165,60.1310,202.6563,62.2701
351.2163,59.8908,203.2567,62.7504
352.6410,57.4563,204.4477,63.5790
354.2208,57.1661,205.3607,64.1594
353.8687,57.0245,206.0648,64.4426
355.5433,56.7522,206.8271,64.9872
355.4384,56.6037,207.0369,65.2842
357.5640,56.5411,206.9264,65.4094
357.5641,54.2493,206.9262,65.8517
357.7142,53.8715,206.6260,66.6073
358.1316,53.4298,205.7913,67.4906
358.5852,53.0616,204.8840,68.2269
361.0470,52.7969,204.1246,68.7564
361.4838,50.4404,203.2511,69.3064
363.7538,50.1300,202.8717,69.9272
366.2989,47.2290,206.1146,71.5626
371.6937,43.7524,212.2952,74.2731
372.0547,42.9106,215.9534,75.9567
370.5366,40.0835,218.9896,77.1480
369.7762,39.7983,220.5103,77.7184
369.6425,39.6798,220.7777,77.9554
369.6591,39.6509,220.7446,78.0132
370.3955,39.6688,219.2718,77.9776
373.6458,39.8362,217.3180,77.6428
374.2759,40.1002,216.0580,77.1146
375.0699,40.3620,214.4699,76.5912
375.3260,40.6273,213.9577,76.0605
377.7321,40.9111,213.5818,75.4930
377.9551,41.0225,213.1357,75.2702
380.3343,41.1806,212.7877,74.9538
380.7041,41.2416,212.0479,74.8319
383.2528,41.2762,211.3373,74.7627
385.9382,41.2848,210.3418,74.7456
386.0487,41.2475,210.1208,74.8201
386.1499,41.1483,209.9184,75.0186
386.2173,40.8531,209.7835,75.6089
386.2070,38.2884,209.8042,76.3699
386.4523,40.3161,209.3135,76.6971
388.9310,39.8588,208.7376,77.6116
389.4196,39.4218,207.7604,78.4856
389.6157,39.0210,207.3682,79.2871
389.7490,41.0655,207.1016,79.5983
389.7510,43.1488,207.0976,79.8336
389.9351,42.9704,206.7294,80.1906
390.1080,42.7309,206.3835,80.6695
390.5111,42.5112,205.5773,81.1088
391.0803,44.5968,204.4390,81.3448
391.4920,44.2445,203.6155,82.0493
391.8254,46.0805,202.9487,82.7730
394.5178,48.1095,201.9629,83.1140
395.0823,47.5635,200.8338,84.2059
395.8325,49.9736,199.3335,83.7796
396.5312,50.1524,197.9361,83.4220
399.0030,52.3990,197.3306,83.2670
399.2531,52.3017,196.8305,83.4614
399.3446,54.1733,196.6475,84.0411
399.6682,56.1617,196.0003,84.3948
400.0805,58.2144,195.1756,84.6167
401.2159,60.4229,192.9048,84.5190
402.4665,64.9766,190.4035,83.9810
403.8293,67.1928,187.6780,83.7876
404.8032,69.5345,185.7303,83.3003
405.3683,71.9167,184.6001,82.6951
405.7026,76.5330,183.9314,81.7270
405.7823,80.8916,183.7720,81.2207
405.4246,82.9791,184.4873,81.1398
404.9151,85.0695,185.5065,81.0623
404.4223,87.0926,186.4919,81.1327
405.8044,88.9589,187.8598,81.5322
405.4706,93.0655,188.5276,81.6369
405.8206,94.9338,187.8276,82.0708
406.1658,96.9855,187.1371,82.1353
406.4649,99.2266,186.5389,81.8123
406.7569,101.5751,185.9548,81.2601
407.1904,104.0807,185.0879,80.3755
407.9453,108.6306,183.5782,79.4724
408.6554,110.9260,182.1579,78.9424
409.4609,113.2689,180.5469,78.2872
408.2761,115.7391,178.9207,77.3425
407.2841,118.2416,176.9490,76.2932
408.5455,122.5242,174.4262,75.5450
409.7184,124.7452,172.0805,74.9618
409.0141,126.8930,169.6745,74.4808
408.2267,131.0412,167.4782,73.7266
409.0757,132.9931,165.7801,73.5491
409.9588,136.9165,164.0141,73.0989
410.6669,138.8834,162.5977,72.8299
411.2900,140.8171,161.3516,72.6020
410.1293,144.5840,160.0555,72.3031
410.6851,148.3181,158.9440,72.0216
411.2434,150.1219,157.8273,71.9862
411.7314,151.9689,156.8513,71.8478
412.1159,153.8326,156.0824,71.6591
412.4933,157.5257,155.3276,71.3215
412.9285,159.3941,154.4572,71.0923
413.2946,163.0355,153.7250,70.7910
413.6292,164.8378,153.0558,70.6611
412.3278,166.6182,152.1957,70.5633
412.5173,170.2240,151.8167,70.2490
412.8545,172.0183,151.1423,70.0979
413.2014,173.8517,150.4486,69.8563
413.4306,175.7044,149.9901,69.5617
413.4977,179.2887,149.8559,69.1912
413.7787,181.0470,149.2940,69.0651
414.0550,182.8038,148.7412,68.9317
414.3022,184.5664,148.2470,68.7764
414.5209,186.3401,147.8094,68.5889
414.6118,188.0386,147.6276,68.5422
414.6889,189.8374,147.4734,68.2914
414.7610,191.6355,147.3292,68.0354
414.8325,193.3472,147.1863,67.9456
414.9406,195.0603,146.9700,67.8493
414.9633,196.7546,146.9248,67.7858
414.9898,198.3909,146.8717,67.8365
415.1028,198.4152,146.6456,67.7880
415.0824,200.1374,146.6866,67.6630
415.1469,200.1169,146.5574,67.7039
415.1965,201.8217,146.4582,67.6108
415.2454,201.8020,146.3605,67.6502
415.2632,203.5234,146.3249,67.5203
415.4047,203.5445,146.0419,67.4781
415.4650,205.1940,145.9213,67.4843
415.5857,205.2355,145.6799,67.4011
415.6945,205.2978,145.4622,67.2767
415.7573,205.3005,145.3367,67.2713
415.8008,205.3289,145.2497,67.2143
