1
211.1926,103.8519,90.6149,81.2962
211.6850,104.0739,89.6301,80.8523
211.9460,104.2863,89.1079,80.4273
212.0997,104.4116,88.8007,80.1769
212.2112,104.4932,88.5775,80.0137
212.2796,104.5352,88.4407,79.9296
212.3567,104.5930,88.2865,79.8140
212.4517,104.6911,88.0966,79.6178
212.5649,104.7772,87.8702,79.4456
212.5914,104.8182,87.8171,79.3635
212.6037,104.8269,87.7925,79.3462
212.6670,104.8152,87.6660,79.3695
212.7245,104.7636,87.5509,79.4727
212.7637,104.7329,87.4725,79.5342
212.7918,104.7062,87.4165,79.5876
212.8613,104.6772,87.2773,79.6457
212.8660,104.6275,87.2680,79.7449
212.9079,104.5633,87.1843,79.8734
212.9337,104.4974,87.1327,80.0052
213.0867,104.4967,86.8266,80.0066
213.1800,104.4559,86.6400,80.0881
213.2940,104.4169,86.4120,80.1663
213.3453,104.3416,86.3093,80.3168
213.4488,104.3235,86.1024,80.3530
213.5535,104.2556,85.8929,80.4888
213.6288,104.2140,85.7425,80.5720
213.7295,105.4678,85.5410,80.6833
213.8586,105.4028,85.2829,80.8132
213.9911,105.3830,85.0179,80.8528
214.1106,105.3236,84.7788,80.9716
212.9589,105.2750,84.4720,81.0689
213.0814,105.2304,84.2271,81.1579
213.1794,105.1443,84.0312,81.3302
213.3353,105.1721,83.7194,81.2746
213.4527,105.1707,83.4846,81.2774
213.6138,105.1947,83.1623,81.2293
213.7090,105.2043,82.9719,81.2101
212.4979,105.2398,82.8086,81.1392
212.6788,105.2697,82.4468,81.0795
212.9177,105.1977,81.9691,81.2234
213.1989,105.2479,81.4066,81.1230
213.4357,106.6305,80.9331,80.9173
213.7213,106.7151,80.3619,80.7482
213.9924,106.8114,79.8197,80.5556
214.2291,106.8261,79.3463,80.5262
214.4142,106.8841,78.9761,80.4101
214.6103,106.8836,78.5838,80.4111
214.8681,108.0756,78.0681,80.5309
215.0175,108.0772,77.7694,80.5277
215.2009,108.0856,77.4027,80.5110
215.4761,108.0195,76.8522,80.6432
215.7696,108.0797,76.2652,80.5228
215.9949,108.1905,75.8145,80.3011
216.2939,109.5906,75.2167,79.9592
216.6136,109.7974,74.5773,79.5455
216.9191,109.9367,73.9662,79.2670
217.2435,110.1138,73.3174,78.9129
217.5040,110.0963,72.7964,78.9478
217.7404,110.1319,72.3237,78.8767
217.8127,110.1525,72.1789,78.8355
217.8563,110.1233,72.0918,78.8938
217.9397,110.1460,71.9250,78.8485
218.1398,110.2969,71.5248,78.5466
218.3780,111.6176,71.0485,78.2679
219.8750,113.0210,70.4052,77.8118
220.2514,113.1968,69.6524,77.4602
220.5096,113.3302,69.1360,77.1935
220.9060,114.7804,68.3432,76.5965
222.3505,114.9655,67.7357,76.2263
222.6631,115.1543,67.1105,75.8487
224.1113,115.3534,66.4645,75.4505
224.4379,115.5745,65.8112,75.0084
225.8885,116.8867,65.1265,74.6005
226.1029,117.0262,64.6976,74.3214
227.4860,117.2712,64.1194,73.8315
227.8925,118.6436,63.3065,73.2578
229.2908,118.8312,62.6591,72.8826
230.7446,119.1776,61.8844,72.1897
231.0958,119.5185,61.1821,71.5079
232.5744,119.9009,60.3130,70.7432
234.0662,121.2797,59.3916,70.0478
235.4380,121.4843,58.6846,69.6385
236.7819,122.6885,58.0159,69.2493
238.9659,122.7028,57.6522,69.2205
240.3183,122.8590,56.9433,68.9081
241.6795,123.0438,56.2006,68.5386
243.0031,123.2216,55.5154,68.1829
244.3752,123.4385,54.7166,67.7492
245.8869,123.6921,53.6190,67.2419
247.2999,123.8284,52.6933,66.9694
249.7505,124.0972,51.5544,66.4318
251.7735,124.3356,51.2172,65.9550
254.6013,125.5324,51.0862,65.4030
255.6452,125.8011,50.8294,64.8655
256.8306,126.1399,50.2773,64.1880
258.9296,126.3521,49.6779,63.7635
261.2456,126.5605,48.6119,63.3467
263.4276,126.8236,47.7666,62.8205
265.4044,127.1341,47.2878,62.1996
268.2773,127.4197,46.7026,61.6284
269.2959,127.6940,46.3674,61.0798
272.9592,127.9478,45.7933,60.5722
274.0156,127.2738,45.3516,60.2491
276.8019,127.5268,44.7554,59.7432
279.5599,127.7749,44.1637,59.2469
280.6508,128.0505,43.6061,58.6957
284.2253,128.4016,42.8837,57.9936
285.2447,127.7377,42.4292,57.7373
288.7951,127.0424,41.6196,57.5550
288.9666,127.1939,41.2765,57.2519
291.5976,126.5576,40.6541,56.9781
294.0631,126.8231,40.3194,56.4471
294.9811,125.3338,40.0020,56.3885
298.2641,124.4854,39.4859,56.5729
299.1372,124.6511,39.2465,56.2414
302.3491,124.4211,38.8138,55.2036
304.7349,125.1754,38.4671,53.6950
306.3107,124.7699,38.2083,53.0596
308.5665,124.3637,37.9944,52.4395
309.4158,123.7491,37.7153,52.2492
312.4474,124.0950,37.3005,51.5574
313.3899,123.5180,36.8104,51.3166
317.0772,122.8397,36.3514,51.2900
318.5746,122.9943,36.1069,50.9808
320.7108,122.2615,35.9339,51.0799
322.2165,121.5765,35.6527,51.0848
325.0607,120.9264,35.4063,51.0246
325.9532,120.3537,34.9771,50.8143
328.0553,119.8268,34.8086,50.5229
330.8683,118.4922,34.5349,50.5159
331.0135,117.8880,34.2446,50.3909
335.1044,117.2949,34.0233,50.2502
335.2560,116.5117,33.7203,50.4957
336.7524,115.1554,33.3667,50.5690
340.2310,114.7037,32.9838,50.1574
341.0568,114.0034,32.6346,50.2558
344.9320,113.3101,32.6718,50.3444
345.0415,112.6349,32.4529,50.3950
348.3378,111.3860,32.3454,50.2987
348.4743,110.1593,32.0723,50.1646
351.7601,109.5352,31.9367,50.1255
352.4765,108.9751,31.7884,49.9613
355.0417,108.3551,31.7757,49.9220
355.7443,107.7911,31.6491,49.7712
359.0040,107.1752,31.5009,49.7289
359.6043,105.9540,31.5713,49.6290
361.5285,106.0401,31.5355,49.4568
362.8475,105.4970,31.4328,49.2753
364.7094,104.9380,31.4985,49.1302
367.9466,103.7211,31.3348,49.0396
368.5836,103.1290,31.3188,48.9658
369.8202,102.5831,31.3590,48.8009
372.3032,102.6361,31.4126,48.6949
372.9853,102.1658,31.3025,48.3815
376.0412,100.9983,31.4288,48.2212
377.1071,99.8816,31.7917,47.9598
379.4556,98.7362,32.0925,47.7518
380.5166,98.8351,32.4732,47.5540
384.1434,97.6891,32.7477,47.3366
384.0228,97.8051,32.9889,47.1047
386.3217,97.3073,33.4166,46.8437
387.8782,96.8125,34.0822,46.5739
390.7043,96.2692,34.7618,46.3940
391.0299,96.4117,35.3853,46.1092
392.0594,95.8845,35.8875,45.8830
393.1556,95.3554,36.2658,45.6559
396.7272,94.2127,36.8505,45.3652
397.1248,93.6385,37.3484,45.2207
398.7790,93.1817,37.9364,44.8355
400.4774,92.6227,38.4465,44.6511
401.4703,92.7579,39.0763,44.3807
402.5103,92.2149,39.6235,44.1530
404.2281,91.7233,40.1444,43.8174
405.8987,91.2346,40.7689,43.4729
406.9371,91.3683,41.3451,43.2056
408.0823,91.5302,41.7175,42.8817
409.8506,91.6708,42.1775,42.6004
410.2923,91.8645,42.6294,42.2131
411.3557,92.1152,43.1747,41.7118
413.1199,91.6755,43.6565,41.2544
413.4689,91.3134,44.2956,40.6414
413.8958,90.9564,44.7792,40.0183
415.6278,91.2200,45.3197,39.4911
416.0591,91.4818,45.7920,38.9673
417.8784,91.7525,46.1545,38.4259
419.0146,92.0143,46.5431,37.9024
419.4171,91.5565,47.0663,37.4900
420.5850,91.8543,47.3895,36.8944
421.1605,92.0603,47.5632,36.4823
421.6955,91.6468,47.8138,35.9886
422.2635,91.8555,47.9943,35.5712
423.4651,92.0914,48.2157,35.0995
423.3418,92.3378,48.4624,34.6067
424.5338,92.5615,48.6855,34.1593
425.1457,92.8143,48.7614,33.6537
425.0453,93.0951,48.9623,33.0920
425.6248,93.3605,49.0893,32.5612
426.2219,93.6397,49.1744,32.0029
427.5214,94.5680,49.1179,31.4174
427.5210,94.8764,49.1186,30.8006
428.1961,95.7965,49.0188,30.2108
428.2514,96.7576,48.9082,29.5275
428.8019,97.1053,49.0328,28.8320
428.7798,97.4716,49.0770,28.0994
428.7388,98.4848,49.1591,27.2770
428.6715,98.8054,49.2936,26.6360
429.2602,99.6402,49.2987,26.1487
429.8821,99.7672,49.2288,25.8948
430.4227,99.8615,49.3165,25.7061
430.3970,99.8837,49.3678,25.6617
430.4055,99.9132,49.3507,25.6026
431.0423,99.9794,49.2426,25.4703
431.5804,99.9333,49.3281,25.5626
431.5638,100.4311,49.3613,25.7313
432.1622,100.9658,49.3323,25.8297
432.1964,100.9872,49.2638,25.7869
432.8026,101.0017,49.2188,25.7580
433.4336,101.6342,49.1231,25.6591
433.9208,102.1810,49.3117,25.7285
434.0086,102.6511,49.1362,25.9554
434.0865,103.0212,48.9803,26.3837
434.1194,103.3757,48.9144,26.8481
434.5896,104.2165,49.1544,27.5273
434.5655,105.0102,49.2027,28.3310
434.5847,104.5956,49.1642,29.1601
434.6102,105.4490,49.1134,29.9000
435.1834,106.2722,49.2019,30.7237
435.1645,105.8323,49.2399,31.6036
435.1518,106.6364,49.2652,32.5264
435.7807,106.8936,49.2886,33.2933
436.4665,107.1749,49.2114,34.0250
436.4815,108.0852,49.1815,34.8151
436.4872,109.0172,49.1700,35.5870
436.5208,110.5895,49.1028,36.4339
437.2064,110.0384,49.0751,37.5360
437.9475,111.5970,48.9537,38.5017
438.6431,111.7957,48.9374,39.4790
438.7580,112.0687,48.7074,40.3233
438.9741,113.1382,48.2753,40.9853
439.1337,113.4838,47.9561,41.6988
439.2826,113.8395,47.6584,42.3984
439.3845,115.5745,47.4546,43.1812
439.4219,115.8233,47.3797,44.1106
439.5109,116.8260,47.2017,44.9862
440.2701,117.8148,47.1350,45.9119
440.3219,118.1120,47.0314,46.7829
441.1235,119.1390,46.9055,47.6836
441.2542,120.2525,46.6443,48.4358
441.3595,121.3747,46.4336,49.1860
441.4110,122.5055,46.3306,49.9357
441.4264,122.9064,46.2998,50.6495
441.4824,123.4193,46.1878,51.1502
441.5076,124.5244,46.1374,52.0047
442.3242,124.8923,46.0489,52.8137
442.4580,126.0929,45.7815,53.5245
443.2814,127.3179,45.6972,54.1999
443.4178,128.5126,45.4245,54.9540
443.5519,129.0134,45.1564,55.5315
443.6495,130.4088,44.9610,55.9078
443.6811,130.9382,44.8980,56.4350
444.4862,132.9294,44.8810,57.2323
444.5463,133.3360,44.7608,58.0241
445.3972,134.4996,44.6741,58.9276
445.4205,136.5345,44.6276,59.7407
445.4701,136.9303,44.5283,60.5884
445.5515,137.2863,44.3656,61.5269
445.6582,138.5725,44.1522,62.2788
445.7538,139.8761,43.9610,63.0115
446.6593,141.1545,43.8279,63.8105
446.7324,142.4662,43.6817,64.5627
446.8045,143.7789,43.5375,65.3307
446.8440,145.1247,43.4586,66.0509
446.8866,146.5436,43.3733,66.6438
447.8047,147.8880,43.2599,67.4007
447.8718,148.3654,43.1258,68.1781
447.9680,149.7636,42.9334,68.8651
448.9314,151.1353,42.7553,69.6192
448.9987,152.5623,42.6206,70.2792
449.0404,153.1327,42.5373,70.9029
449.1115,154.6202,42.3951,71.4728
449.2264,156.1330,42.1652,72.0041
450.1527,157.5612,42.0952,72.7128
450.2051,159.0607,41.9904,73.2975
450.2769,159.7236,41.8469,73.7706
450.3988,161.2729,41.6030,74.2786
450.4715,162.8936,41.4575,74.6506
451.5024,164.4713,41.2054,75.1145
451.6119,165.1306,40.9866,75.6081
451.7524,167.7098,40.7055,75.8971
451.7682,168.3575,40.6739,76.4168
451.8408,169.9647,40.5287,76.8471
452.8178,170.6381,40.4008,77.3267
452.8913,172.1661,40.2538,77.9326
452.9954,172.8040,40.0458,78.4942
454.0157,176.2648,39.8471,78.9408
454.0879,176.8456,39.7027,79.6244
455.0920,178.3888,39.5473,80.2434
455.1147,179.0159,39.5018,80.8484
455.1896,180.5789,39.3520,81.4565
455.2325,182.1576,39.2662,82.0458
456.2151,182.7724,39.1814,82.6967
456.2375,185.3125,39.1366,83.2821
457.2650,186.9803,38.9781,83.7390
457.2972,188.6199,38.9135,84.2602
457.3170,189.2974,38.8739,84.8117
458.3000,190.9807,38.8220,85.2730
458.3596,191.7856,38.7028,85.5829
458.3685,193.4792,38.6849,86.0400
459.3395,195.1400,38.6713,86.5752
459.3671,196.8502,38.6161,87.0269
460.3203,197.5590,38.6514,87.5508
460.3453,200.2330,38.6013,88.0521
461.3234,200.9370,38.6014,88.6002
462.2807,201.5937,38.6507,89.2510
462.2887,203.3017,38.6347,89.7838
462.2959,206.0080,38.6205,90.3167
463.3323,206.7980,38.5369,90.7259
464.3738,207.5695,38.4477,91.1767
464.3685,210.3433,38.4583,91.6250
465.4063,211.1978,38.3878,91.9214
466.4176,211.9944,38.3738,92.3366
466.3686,214.7519,38.4717,92.8638
467.4182,214.5341,38.3959,93.2994
467.3827,217.3349,38.4669,93.7831
468.4522,217.1825,38.3646,94.0878
469.4743,218.9230,38.3595,94.6853
469.4458,220.6909,38.4166,95.2448
470.5106,221.4575,38.3438,95.7685
470.5314,223.3070,38.3021,96.1956
471.5974,224.1836,38.2385,96.5107
472.6183,224.9446,38.2687,97.0605
472.5931,228.8720,38.3191,97.5269
473.6129,228.6980,38.3673,97.8748
474.6681,229.5293,38.3507,98.3061
475.7093,231.4449,38.3680,98.6741
476.7284,232.2212,38.4350,99.2269
476.6897,234.0699,38.5124,99.7582
477.6999,234.8791,38.6153,100.2632
477.6601,235.6493,38.6951,100.8553
478.6646,237.5365,38.8285,101.3657
478.6235,238.3586,38.9107,101.8737
479.7395,239.2690,38.8397,102.2140
480.8543,241.2380,38.7744,102.6049
481.9648,242.1392,38.7224,102.9715
483.0045,242.9445,38.8165,103.5343
482.9500,244.8362,38.9255,104.1171
484.0043,245.7767,39.0101,104.4293
485.0079,247.6854,39.2022,105.0106
486.1220,248.6593,39.1853,105.2740
487.2112,249.5248,39.2216,105.7578
487.1598,251.6184,39.3243,106.0149
488.2561,251.6058,39.3595,106.0401
489.3124,253.6180,39.4756,106.4733
489.2371,254.4376,39.6263,107.0711
490.2932,255.3845,39.7623,107.4255
490.2590,256.2614,39.8308,107.9276
491.3640,258.3870,39.8851,108.2050
492.4879,259.3167,39.9065,108.6148
493.5459,261.2276,40.0660,109.3440
493.5121,262.1791,40.1335,109.7299
494.6598,263.1311,40.1338,110.1215
494.6431,264.0692,40.1672,110.5462
495.7823,264.8914,40.1964,111.2099
496.9238,265.8385,40.2313,111.6334
496.8050,266.6749,40.4689,112.2852
497.9014,268.7047,40.6143,112.9020
499.0641,268.4716,40.6385,113.3681
500.2117,269.3414,40.7001,113.9852
500.1558,271.3916,40.8120,114.6182
501.2871,272.2497,40.9270,115.2796
502.4161,273.1392,41.0584,115.8899
503.5658,274.1568,41.1592,116.2552
503.4739,275.1458,41.3430,116.6845
503.4026,276.0637,41.4858,117.2657
504.5640,278.2070,41.5907,117.8345
505.7963,279.1066,41.5639,118.4731
505.7788,280.1299,41.5987,118.8729
507.0290,281.0957,41.5513,119.3942
508.2422,282.1098,41.5841,119.8254
508.1829,283.0424,41.7028,120.4262
508.1333,284.1204,41.8019,120.7469
509.3975,285.1356,41.7567,121.1999
510.6351,284.8433,41.7705,121.7845
510.5696,287.0802,41.9013,122.3055
511.8415,288.1191,41.8649,122.7350
511.8128,289.0879,41.9222,123.3100
513.1023,290.1035,41.8652,123.8007
513.0764,289.8403,41.9170,124.3270
513.0355,290.8850,41.9988,124.7740
513.0602,291.8585,41.9494,125.3712
514.4090,292.8016,41.8036,126.0368
514.4212,293.8462,41.7791,126.5062
515.7393,294.8123,41.7077,127.1388
515.7590,295.8094,41.6684,127.7172
515.7833,296.8067,41.6197,128.3025
515.8183,297.8147,41.5498,128.8739
515.8328,298.8097,41.5208,129.4783
517.2113,298.4081,41.3661,130.2814
517.1924,299.4379,41.4038,130.8327
518.5222,300.3984,41.3637,131.5311
518.4457,301.4085,41.5165,132.1394
518.3865,302.4785,41.6350,132.6393
518.3191,303.5640,41.7698,133.1176
518.2571,303.3075,41.8939,133.6307
518.1914,303.0722,42.0252,134.1013
518.1419,304.1639,42.1242,134.5952
518.1862,305.2743,42.0358,135.0603
518.1464,305.0904,42.1153,135.4281
518.1766,306.3032,42.0549,135.7002
516.9743,306.0229,41.7590,136.2608
517.0203,305.9089,41.6670,136.4888
515.8549,305.7726,41.2933,136.7614
514.6332,305.7385,41.0354,136.8297
513.3840,305.7864,40.8363,136.7339
513.3012,305.7316,41.0019,136.8434
511.9727,305.8482,40.9618,136.6103
510.5999,305.8330,41.0142,136.6406
509.1719,305.9549,41.1757,136.3969
507.6588,307.2635,41.5080,136.4736
506.0987,307.3153,41.9268,136.3701
504.5046,307.4043,42.4074,136.1920
502.9080,307.5164,42.8868,135.9680
501.3582,307.6538,43.2668,135.6931
498.5712,306.3283,43.3955,135.6213
496.9821,306.5367,43.8495,135.2046
495.3314,306.8370,44.4246,134.6040
492.3827,305.6196,44.8651,134.3104
489.5162,305.9418,45.1333,133.6659
487.9180,306.1646,45.6017,133.2205
486.3184,306.3869,46.0706,132.7758
483.2782,306.5780,46.6860,132.3936
480.0555,305.5248,47.6550,131.7617
478.1869,304.4401,48.6455,131.1844
474.9539,303.4821,49.5986,130.3441
473.0791,303.8560,50.5867,129.5961
471.2566,302.9085,51.4633,128.7228
465.4508,303.4006,51.9885,127.7385
463.7306,303.7812,52.6621,126.9773
460.6143,302.7839,53.3590,126.2042
458.8297,301.7778,54.1593,125.4473
454.3110,300.9154,54.8802,124.3999
451.1815,299.9687,55.5998,123.5237
448.0177,299.0402,56.3880,122.6110
444.7242,299.5583,57.4345,121.5746
441.4353,298.7087,58.4653,120.5005
438.1270,297.8785,59.5307,119.3851
434.7505,297.0312,60.7279,118.3018
431.2942,296.1360,62.0751,117.3096
426.3396,296.6013,63.6106,116.3792
424.2776,295.5864,64.9305,115.6050
419.3920,294.6318,66.2571,114.6992
417.3805,293.6212,67.4560,113.8964
413.9728,292.5827,68.6064,113.1409
409.1445,291.6190,69.7413,112.2277
407.2417,290.7454,70.7009,111.1289
402.4807,291.2148,71.6857,110.1902
400.6066,290.4057,72.5859,108.9601
395.9103,289.5616,73.4446,107.8039
394.0143,288.8205,74.3951,106.4446
389.1839,287.9142,75.5459,105.4205
387.2532,287.1435,76.5671,104.1217
382.5298,286.4114,77.5024,102.7487
380.6349,285.5586,78.4605,101.6227
375.9242,284.7092,79.3917,100.4914
374.0247,283.8523,80.3626,99.3773
370.7899,282.9518,81.1791,98.3517
368.9308,282.0149,82.0732,97.4014
367.0646,281.0277,82.9818,96.5521
363.8151,280.0784,83.8304,95.6254
360.3921,280.5924,85.0273,94.5974
358.5940,279.7218,85.7957,93.5108
355.2839,278.8226,86.7697,92.4863
353.6079,277.8918,87.2992,91.5251
350.4726,278.3216,87.9379,90.6655
348.8914,277.3632,88.2878,89.7699
345.7789,276.5287,88.9047,88.6348
343.9080,277.0629,89.8507,87.5663
342.0645,276.0924,90.7438,86.7136
340.3037,276.6099,91.4709,85.6786
337.4153,275.8142,91.6689,84.4805
335.9468,274.9355,91.8324,83.4644
334.4395,275.3778,92.0873,82.5800
332.8848,274.4448,92.4470,81.6963
331.4128,273.4771,92.6499,80.8904
331.3928,273.9160,92.6899,80.0128
329.8929,273.1336,92.9717,78.8597
328.4706,272.3125,93.1127,77.7982
327.0807,272.8121,93.2038,76.7989
325.6634,271.9893,93.3642,75.7703
325.5858,271.1022,93.5194,74.8847
325.4181,271.5574,93.8548,73.9743
325.2635,271.9879,94.1640,73.1133
323.7610,271.1237,94.5400,72.2127
322.3211,271.6047,94.7997,71.2506
322.4502,271.9973,94.5414,70.4655
321.1432,271.0921,94.5637,69.6843
320.9897,270.0466,94.8707,69.1961
320.9488,270.2447,94.9526,68.7999
321.0202,270.4210,94.8097,68.4472
321.1114,269.4096,94.6274,67.9075
321.2160,269.7171,94.4181,67.2925
321.3207,270.0497,94.2088,66.6274
321.2592,270.4663,94.3318,65.7941
321.1003,270.8915,94.6497,64.9437
320.9647,271.2975,94.9209,64.1316
321.0424,271.7016,94.7653,63.3234
321.2565,272.0981,94.3371,62.5306
321.3269,272.5513,94.1964,61.6241
321.5151,272.8675,93.8199,60.9916
322.9272,273.1445,93.4199,60.4377
323.0076,273.4951,93.2593,59.7365
323.0169,273.8874,93.2407,58.9519
322.9845,274.2626,93.3054,58.2014
324.2266,274.6937,93.1912,57.3393
324.4097,275.0533,92.8249,56.6202
325.8514,275.3103,92.2775,56.1061
327.0942,275.4978,92.1114,55.7310
327.1960,277.9258,91.9077,55.4961
327.2986,278.0730,91.7027,55.2018
328.5325,278.1662,91.5302,55.0153
328.5855,279.3484,91.4243,54.9407
329.7317,280.6378,91.4189,54.6491
330.9465,280.8783,91.2713,54.1680
330.9202,281.1643,91.3239,53.5959
330.9480,282.5288,91.2683,53.1297
331.0279,283.9706,91.1084,52.5002
332.1728,284.2187,91.0597,52.0041
333.3372,285.6552,90.9629,51.3628
334.4697,286.9780,90.9173,50.9369
335.7060,287.2153,90.6564,50.4623
335.6806,288.5335,90.7072,50.0255
336.9018,289.9576,90.4578,49.3703
338.0828,291.2958,90.2739,48.8721
339.2365,292.5016,90.1335,48.6274
340.3732,293.6845,90.0207,48.4222
341.5808,294.8897,89.7609,48.1672
342.7593,296.0415,89.5511,48.0108
343.8838,297.1696,89.4436,47.8962
345.0344,298.3872,89.2805,47.5989
346.0963,299.5462,89.2869,47.4114
347.0416,300.7319,89.5237,47.1673
347.9723,301.9194,89.7890,46.9189
348.9636,304.2035,89.9326,46.6033
349.9843,304.2614,90.0142,46.4875
350.9552,305.3960,90.1946,46.3405
351.8839,306.5382,90.4594,46.1782
352.7700,307.5911,90.8105,46.1958
353.6407,308.7033,91.1978,46.1002
354.6232,312.0135,91.3657,45.8782
355.7326,313.1457,91.2783,45.7453
356.8388,313.2140,91.1938,45.6087
358.8951,315.5234,91.3298,45.2384
358.8546,316.7384,91.4108,44.9282
359.9012,317.9648,91.4332,44.5911
360.8549,320.1432,91.6359,44.4546
361.8879,321.2363,91.6805,44.3790
363.9776,322.3217,91.7213,44.3184
364.9841,323.3154,91.8178,44.4404
365.9241,323.2015,92.0510,44.6681
369.0248,325.1750,92.2111,44.9621
368.8715,326.1694,92.5177,45.1014
369.8523,327.2198,92.6909,45.1353
371.9883,328.3901,92.6947,44.9327
372.9204,330.7243,92.9650,44.5332
373.9308,331.8704,93.0757,44.3725
376.0629,331.9462,93.0721,44.2209
376.9295,333.1819,93.4666,43.8771
377.7719,335.5186,93.9090,43.4584
378.8392,336.6607,93.9010,43.3008
379.9420,337.8708,93.8190,43.0041
382.0862,338.9560,93.7651,42.9511
383.2195,339.0216,93.6138,42.8197
385.0967,341.2462,94.0814,42.5925
385.0760,341.2382,94.1230,42.6086
387.1461,342.4025,94.2122,42.3946
388.0487,343.5143,94.5192,42.2834
388.9780,344.6096,94.7752,42.2076
389.9789,345.7497,94.8907,42.0443
392.0820,346.8862,94.9163,41.8873
392.9989,347.9991,95.1961,41.7750
394.0776,349.1838,95.1542,41.5213
395.1000,350.3589,95.2200,41.2816
396.0550,351.4878,95.4173,41.1311
397.0424,351.5364,95.5499,41.0339
399.1078,352.6617,95.6344,40.8910
400.1149,352.6814,95.7265,40.8515
402.1863,353.7458,95.7978,40.8297
403.1389,354.9078,96.0002,40.6133
404.0352,355.0517,96.3142,40.3255
405.9777,356.3363,96.6417,39.8625
406.8741,356.4541,96.9514,39.6268
407.7058,356.5670,97.3910,39.4012
409.5511,356.7086,97.9109,39.1179
410.4918,357.9681,98.1373,38.7066
411.3951,357.9859,98.4342,38.6710
412.3247,359.2115,98.6823,38.3269
415.3676,359.3669,98.9105,38.0163
416.4062,359.5957,98.9355,37.5586
417.6103,359.8269,98.6218,37.0963
418.5812,359.9657,98.7616,36.8186
419.2976,359.9711,99.4074,36.8078
419.0617,360.0391,99.8793,36.6719
420.0970,360.1342,99.9009,36.4817
420.9939,359.1037,100.1959,36.4537
421.9017,359.1896,100.4729,36.2819
422.6617,359.4661,101.0465,35.7289
423.4480,358.8477,101.5653,34.8741
423.2966,358.1837,101.8682,34.1185
423.1260,357.5635,102.2094,33.2850
422.8929,356.9898,102.6756,32.3687
422.6888,355.3815,103.0839,31.4786
421.4270,354.5334,103.5647,31.1321
420.1590,352.8881,104.0576,30.3366
419.9690,352.1953,104.4377,29.6868
418.9111,349.6352,104.5248,28.7215
415.7521,348.9738,104.8077,28.0327
414.4821,344.3690,105.3451,27.2286
413.1359,343.5357,106.0424,26.9000
410.8975,340.8543,106.5217,26.2668
408.8122,339.9311,106.7057,26.1198
405.9734,336.5219,106.4037,24.9655
403.8673,334.9548,106.6820,24.1658
401.5203,331.3416,107.4651,23.5705
398.2899,330.4817,108.0609,23.3353
395.9116,325.9240,108.9002,22.6569
391.8831,326.0535,109.1279,22.3979
390.5669,321.4959,109.8048,21.7357
386.6140,320.6816,109.9027,21.4124
383.2968,315.0373,110.6960,21.0188
380.2484,315.1708,110.9418,20.7517
378.9729,308.6195,111.5442,20.2147
373.9295,308.8491,111.8992,19.7556
372.5664,305.2114,112.6833,19.2622
367.3652,304.3314,113.3691,19.0788
365.3760,297.6302,113.4491,18.8368
358.3613,297.6486,113.8601,18.8001
357.4103,293.0185,113.8116,18.3080
353.5328,293.0096,113.8067,18.3259
350.2061,285.3338,114.6395,18.1554
343.2119,285.3295,114.9891,18.1640
340.1300,283.3994,115.2927,18.1173
338.2709,275.4297,115.0976,18.4036
334.3661,275.4348,115.0685,18.3934
330.4798,273.4762,115.0049,18.3924
327.5369,266.4250,115.0162,18.7875
322.6522,266.2063,114.9545,19.2249
319.8344,262.0718,114.6680,19.5978
313.6106,257.7589,115.2508,20.3137
310.8800,255.4339,116.7125,20.9643
308.6086,252.3579,117.1896,21.0178
302.7054,251.0910,116.7531,21.5111
300.7375,244.5651,116.6006,22.2979
294.7021,243.1708,116.3265,23.0290
294.8199,239.0985,116.0909,22.9017
289.8680,237.3093,115.6836,22.3557
286.8446,234.4837,115.5927,21.8692
281.6885,232.0869,115.7295,22.5928
279.6873,227.5971,115.6297,23.3678
274.6534,226.1866,115.3732,24.1240
273.6391,223.9081,115.3257,24.5290
269.6534,217.5249,114.9646,24.7963
266.5598,217.2523,114.9016,25.3415
264.5431,213.1714,114.7494,25.1315
261.4666,211.9888,114.6419,25.4100
258.6219,209.7729,114.0594,25.6604
255.6416,207.5836,113.7582,25.8644
250.0611,203.0508,114.4839,26.5820
250.1318,201.8457,114.3426,26.8812
248.5497,199.7131,113.2775,26.9170
245.8887,197.8923,112.2980,26.3578
243.7695,196.0024,112.3844,25.9855
240.5604,194.8499,112.5922,26.2203
238.5309,191.8082,112.4961,26.0712
236.5894,191.6631,112.2325,26.3612
234.4655,188.5856,112.3297,26.2907
232.3861,187.3415,112.3382,26.7037
229.5532,186.0725,111.7544,27.1585
225.6491,184.8575,111.2275,27.5047
225.7959,182.7556,110.9339,27.5426
224.9860,181.6998,110.4742,27.5747
220.8152,180.7661,110.5210,27.3685
219.7591,178.7576,110.5628,27.2446
218.6906,177.7034,110.6312,27.2843
216.5915,176.6989,110.6887,27.2229
215.4686,175.5168,110.8644,27.5171
213.4431,174.4887,110.7593,27.4953
212.4784,173.4919,110.6126,27.4127
211.5177,172.4784,110.4614,27.3672
210.6337,171.4006,110.1597,27.4532
209.7298,170.3467,109.9006,27.4941
208.7490,170.2139,109.7981,27.7597
207.8132,169.2421,109.6020,27.6355
206.7667,169.0760,109.6324,27.9677
206.8360,168.0061,109.4939,28.0383
205.9224,166.9485,109.2523,28.0847
204.9259,166.8699,109.1792,28.2418
204.9195,166.8548,109.1919,28.2721
204.9253,166.7903,109.1804,28.4012
204.8472,166.7742,109.3366,28.4332
204.7827,166.7570,109.4656,28.4676
