1
290.8313,212.6195,55.3374,54.7610
291.0549,212.6874,54.8902,54.6252
291.1978,212.7578,54.6043,54.4845
291.2490,212.8203,54.5020,54.3594
291.2404,212.9299,54.5192,54.1403
291.9854,212.9488,54.7403,54.1023
292.6981,213.8874,55.0291,53.9393
292.5739,213.9140,55.2773,53.8861
293.1636,214.7937,55.8170,53.8457
292.9004,215.7040,56.3434,53.7520
292.5927,215.7110,56.9590,53.7380
293.0684,216.5902,57.7507,53.7227
293.5501,217.5347,58.5423,53.5889
293.0434,218.4667,59.5558,53.4902
293.4636,219.4733,60.4950,53.2567
293.7395,219.5262,61.7335,53.1510
293.2210,220.5270,62.7706,52.9572
293.4400,220.5776,64.1535,52.8560
293.7315,222.5125,65.4110,52.6674
294.0337,222.6443,66.6635,52.4037
294.2884,223.7490,68.0257,52.0659
293.5678,224.8746,69.4669,51.7018
293.7365,225.0296,71.0325,51.3919
293.9414,226.1541,72.5444,51.0646
293.0615,227.2923,74.3044,50.7275
292.1699,228.4870,76.0876,50.2983
291.2971,228.7418,77.8331,49.7886
291.3422,228.9843,79.7405,49.3035
290.4670,230.3408,81.4908,48.6086
289.6054,231.6937,83.2140,47.9352
288.7304,231.9624,84.9640,47.3978
287.7378,232.2896,86.9493,46.7434
286.6305,233.7157,89.1639,45.9728
285.6096,235.1732,91.2057,45.1585
284.6448,235.5617,93.1353,44.3816
283.7123,235.9710,95.0004,43.5629
282.8220,236.3811,96.7808,42.7427
281.8732,235.9141,98.6786,41.5210
281.0262,236.3800,100.3725,40.5892
280.1623,235.7591,102.1003,39.6616
279.5045,236.2468,103.4158,38.6862
277.8136,236.6420,104.6187,37.8960
277.0423,236.1747,106.1613,36.6485
275.1036,236.6473,107.8574,35.7034
274.3442,237.2950,109.3760,34.4080
272.4452,236.9095,110.9881,32.9929
271.5363,236.4379,112.8058,31.7534
269.7472,236.1080,114.1988,30.2280
267.8878,235.6097,115.7414,29.0483
267.2012,235.2707,117.1146,27.5508
266.4904,233.7874,118.5362,26.1847
264.9011,234.1860,119.5549,25.3877
264.4958,234.7589,120.3655,24.2419
264.0570,235.4263,121.2432,22.9069
263.7346,230.8899,121.8880,21.3101
262.4251,231.4238,122.3955,20.2422
261.1205,231.8705,122.9073,19.3490
260.9553,232.4098,123.2378,18.2703
260.8610,232.8546,123.4264,17.3807
259.7495,233.2490,123.5952,16.5919
258.6376,233.5587,123.7783,15.9725
256.6049,233.7684,123.7828,15.5532
256.6771,233.8605,123.6384,15.3688
256.6437,233.7788,123.7052,15.5322
255.6942,233.7176,123.5837,15.6546
255.6905,230.7727,123.5910,15.4805
253.8536,230.5124,123.2291,16.0011
252.1817,230.2453,122.5258,16.5353
252.5287,228.0190,121.8319,16.9386
251.9198,227.7563,121.0263,17.4639
251.3591,226.4862,120.1250,17.9813
250.8233,225.1338,119.1759,18.6654
251.2542,222.8133,118.3140,19.2638
250.6700,221.3807,117.4611,20.1076
250.0837,219.9328,116.6074,20.9771
250.7332,218.4643,115.3085,21.8825
251.4116,216.6892,113.9516,23.4013
251.0871,214.3531,112.5586,23.9892
251.6599,212.5648,111.4129,25.5316
252.3684,211.1550,109.9960,26.3035
253.0597,208.3853,108.6133,27.7574
253.8282,207.0558,107.0764,28.3653
254.4678,205.3092,105.7970,29.8177
255.1274,204.0009,104.4779,30.3840
255.8068,202.6425,103.1190,31.0587
256.5559,200.8705,101.6209,32.5673
257.2763,199.5636,100.1801,33.1389
258.0437,198.2646,98.6452,33.7050
259.8346,196.8887,97.0840,34.4361
260.5769,195.0306,95.5994,36.1409
262.4466,193.7658,93.8813,36.6492
263.1654,193.5170,92.4436,37.1469
264.8803,191.7322,91.0076,38.7227
267.6276,191.5193,89.5151,39.1485
269.3843,191.1904,87.9888,39.8064
270.2044,190.8310,86.3486,40.5250
273.0003,190.0283,84.6870,42.1305
274.8055,189.7987,83.0456,42.5896
276.6467,189.0085,81.3158,44.1700
278.4167,188.7870,79.7302,44.6130
280.1976,188.5374,78.1069,45.1122
281.9634,187.7352,76.4982,46.7167
282.8146,187.0306,74.7960,48.1259
284.5931,186.9862,73.1633,48.2146
286.3968,187.7558,71.4572,48.5767
288.2077,188.4569,69.7172,49.0563
290.0967,190.0816,67.8024,49.5335
291.9326,190.6447,65.9729,50.2495
293.8293,191.2310,64.0054,50.9030
295.6916,192.6023,62.0876,51.7738
296.6205,193.0312,60.2298,52.7073
297.6054,194.7682,58.2600,54.5658
298.5555,196.3424,56.3597,54.9706
299.5201,197.2454,54.4306,56.6709
300.5011,198.7709,52.4686,57.1191
301.4962,200.5225,50.4783,58.7921
301.6892,203.8143,48.3727,59.0867
301.1794,205.9978,46.0120,59.7901
300.7723,208.8927,43.5009,60.6509
300.3735,208.7810,41.0293,62.5089
298.4707,213.4342,38.3481,62.9328
298.1925,215.5175,35.7380,63.5158
294.7715,218.3629,33.2940,64.0158
293.8464,221.8420,30.6045,64.6237
289.7864,222.2839,28.3959,65.2154
288.2554,227.1091,25.6762,65.6828
283.6721,229.1925,23.6123,67.1314
279.1373,232.1522,21.5831,68.1487
275.3322,234.1635,19.6404,68.2201
270.8638,237.4584,17.9397,68.2788
266.2891,241.1898,16.7000,68.6077
261.2901,242.3290,16.4600,68.8888
254.4975,243.3027,17.2542,70.7788
247.0070,245.2876,19.0278,72.0919
239.6225,246.2635,21.4418,72.8857
231.6475,248.7043,24.5293,72.2916
224.1721,249.6929,27.6589,71.7920
214.7213,250.0528,31.2894,72.5994
206.4805,250.6395,34.9440,73.0293
197.8129,252.0142,38.8895,71.9538
188.9110,253.3950,42.8850,70.9181
179.8299,253.1815,46.8188,71.3452
170.4119,253.7579,50.8485,70.1922
161.7720,255.3781,54.8279,68.8519
154.0366,255.9431,58.6311,67.7219
148.2520,255.8692,62.2463,67.8698
141.3391,254.9837,65.8290,67.5922
134.3048,254.9517,69.3925,65.5551
130.4484,253.0047,72.8554,65.1993
123.4231,253.0101,76.0397,63.0151
120.6181,250.8078,79.4622,60.8575
115.8339,251.6574,82.4158,59.1583
113.2311,249.6644,85.3996,58.7003
109.4397,248.6316,88.4632,56.2468
106.9741,246.7198,91.1298,55.5408
105.7342,244.9154,93.6095,54.5644
104.5552,243.9739,95.9675,51.8211
103.4226,242.8949,98.2327,49.3766
104.6902,240.9701,100.2826,48.6411
106.1092,239.9504,102.0640,46.0611
107.6092,238.7906,103.6453,43.7995
112.4835,237.5413,105.2649,41.7507
113.8908,235.1197,106.9714,39.8123
121.2227,234.8208,108.0593,38.1599
125.1169,232.8822,109.2147,37.5652
131.2590,231.7217,110.3799,35.4030
137.3554,230.9300,111.4987,34.7678
144.6100,229.7481,112.5488,32.6861
151.8683,227.9791,113.4252,31.8261
159.1401,228.7375,114.2490,30.3093
166.2704,227.5219,115.2376,28.3837
174.3842,227.2252,116.2570,26.8212
183.6863,226.4357,116.9157,26.2597
192.9745,226.6889,117.5881,25.7535
203.4154,227.4346,118.0902,24.2619
214.7193,228.0997,118.7642,22.9317
224.8422,228.6892,119.5181,21.7529
237.9403,229.2478,120.4571,20.6355
246.9379,229.8270,121.1662,19.4772
259.7802,230.0173,122.3274,19.0966
269.6872,230.5230,123.2487,18.0852
283.6398,230.7647,124.2668,17.6018
293.7238,239.4470,124.8016,16.7994
305.5831,239.7125,125.8200,16.2685
317.3882,239.8359,126.9856,16.0215
327.5866,248.0117,127.3456,16.2754
338.4487,248.0223,128.5655,16.2542
347.4804,256.1638,129.4217,16.7887
359.7113,255.5838,130.4585,17.9488
367.9500,263.7358,131.2827,18.9464
376.3413,263.2045,132.0540,20.0090
384.9494,271.2377,132.6477,21.7526
392.3617,276.0101,133.7084,23.5545
397.9783,280.1859,134.0737,26.8014
405.0047,282.0577,134.3519,30.2233
408.5786,289.0435,134.5800,33.4621
412.3689,291.0099,134.5706,37.1004
415.0571,295.7500,134.3787,40.5815
416.5833,297.8001,133.9808,44.4447
418.2855,302.7845,133.2964,48.0756
420.1861,305.1177,132.2715,51.7383
420.7887,308.0790,131.0662,54.2983
418.7452,310.4033,129.4416,58.2174
416.8005,312.8968,127.5278,61.9351
413.2787,313.1874,125.7556,64.2924
410.0375,315.7220,123.3774,68.0838
405.2532,316.0287,121.0120,70.4537
399.2566,315.9467,118.0611,73.6067
396.3825,315.9542,114.8152,76.5896
389.0181,314.9080,111.5488,78.6821
384.8610,313.8689,107.9248,80.7603
379.4875,312.5244,103.8533,83.4493
372.8792,310.1659,99.3984,85.2211
369.3862,307.4842,94.7632,87.6793
364.5838,302.4989,90.0051,89.0321
358.3828,298.7785,85.4903,90.8338
355.5562,291.0170,80.0378,92.4747
351.4493,287.7548,74.6767,93.5691
347.4271,280.7227,69.4945,94.4066
343.4342,277.8949,64.6119,94.9149
340.8949,270.3049,59.6871,95.0895
337.1053,264.2040,55.1592,95.1841
334.7091,258.3929,50.5652,95.0737
333.3706,253.1284,46.4424,94.2699
329.8890,246.6668,42.4871,94.0907
328.6143,241.8839,38.7004,93.0960
326.2973,237.3424,35.2108,92.0247
325.8984,231.5292,32.1023,91.9323
324.5346,226.3716,29.1430,90.8738
322.2603,221.9761,26.3858,90.5325
322.3958,216.7652,24.3442,90.3306
317.1821,214.3661,22.6648,89.9401
317.9667,210.2626,21.0956,89.6855
318.6716,208.1354,19.6859,88.9633
315.4378,203.8055,18.0448,87.8928
316.0301,203.0485,16.8603,87.8317
316.4849,202.3017,15.9506,87.7741
316.8399,199.5273,15.2407,87.1933
315.6500,198.3712,14.5996,86.4847
315.8612,198.3633,14.1772,86.5004
310.9070,198.6911,13.7279,85.8448
311.0967,198.5734,13.3485,86.0803
311.2562,198.4441,13.0296,86.3388
311.3882,198.5575,12.7655,86.1121
311.4750,199.0810,12.5920,86.5111
311.4998,198.9295,12.5424,86.8141
311.4733,198.2965,12.5954,86.6288
311.4242,197.6667,12.6935,86.4387
311.3737,196.6828,12.7944,86.9575
311.3533,195.9648,12.8354,86.9350
311.3436,195.3041,12.8547,86.7977
311.3236,195.3020,12.8948,86.8019
311.2678,194.5182,13.0063,86.9112
311.2225,194.3937,13.0969,87.1603
310.5148,192.9421,13.0452,87.1290
310.4598,191.9760,13.1552,87.5955
310.3951,191.7504,13.2845,88.0466
310.3551,190.7735,13.3646,88.5172
310.2769,189.7265,13.5210,89.1200
310.2381,188.6891,13.5985,89.6920
310.2155,188.3162,13.6438,90.4377
310.1911,187.1216,13.6925,91.3034
310.1455,186.7796,13.7838,91.9874
310.0729,184.8847,13.9289,92.6819
310.0197,183.7247,14.0354,93.4417
309.9673,182.5976,14.1402,94.1231
309.8909,181.4259,14.2930,94.8820
309.8219,180.2306,14.4309,95.6748
309.7617,178.9366,14.5514,96.6512
309.7072,176.9049,14.6603,97.4596
309.6171,175.6394,14.8405,98.3497
309.4729,175.1113,15.1289,99.4058
309.3643,174.6264,15.3462,100.3756
309.2152,173.2691,15.6443,101.3952
310.9266,172.6988,15.6516,102.5359
310.8339,171.2248,15.8370,103.7530
310.6734,169.7471,16.1579,104.9569
310.4495,169.0916,16.6059,106.2680
311.2714,167.5523,16.7635,107.5449
311.1152,166.8656,17.0761,108.9183
310.9317,166.1996,17.4430,110.2503
310.7672,165.5031,17.7720,111.6432
313.6613,164.7820,17.6817,113.0854
313.5475,162.9798,17.9093,114.7724
313.4794,162.2244,18.0454,116.2833
313.4055,162.4571,18.1933,117.7867
313.3161,161.6631,18.3721,119.3748
313.1926,161.8411,18.6191,121.0369
313.0864,162.0664,18.8314,122.6325
312.9366,161.2588,19.1310,124.2477
312.8184,161.5464,19.3675,125.7733
312.7271,162.8487,19.5500,127.4218
312.6075,163.0524,19.7892,129.1675
312.5312,164.3602,19.9418,130.9158
312.4583,165.7307,20.0875,132.5932
312.3119,167.0845,20.3805,134.3561
312.1519,169.5875,20.7003,136.1467
312.0340,170.8072,20.9363,138.3006
311.8881,172.0438,21.2280,140.4896
311.7761,174.6819,21.4520,142.3154
311.6622,177.4180,21.6798,144.0341
308.2371,179.1379,21.2540,145.4449
308.1868,181.8369,21.3546,147.3557
308.1094,183.3212,21.5094,149.3165
298.1871,188.8199,21.3952,150.7934
298.5214,189.4296,20.7266,152.0868
298.7290,193.7030,20.3115,153.6090
289.9823,194.5074,20.0962,154.5302
289.9243,198.8770,20.2121,155.9433
288.4328,199.7237,20.6352,156.8099
277.6327,202.9492,21.5914,158.1005
276.9777,204.8966,22.9014,159.4410
269.5811,205.6287,24.3811,160.6395
264.5675,207.8904,26.2814,161.5342
257.7722,208.7919,28.8346,162.4904
250.4508,209.8626,32.1846,163.1724
244.2318,211.0855,35.9272,163.6250
234.6157,212.3424,40.2727,164.0885
229.3080,213.7779,44.7538,164.2845
220.5053,213.6813,49.7411,164.4778
213.1340,213.5977,54.7329,164.6450
203.8458,213.7130,59.9309,164.4144
197.8411,213.9445,65.0684,163.9513
189.8596,214.3853,70.4667,163.0697
181.7314,214.9420,75.9090,161.9564
175.5896,215.4341,80.8242,160.9722
167.4074,214.1736,85.9233,159.7381
163.1691,212.8790,90.5751,158.5024
156.8545,211.6513,95.4326,157.0720
150.5046,210.4926,100.2390,155.4427
146.1718,207.4074,104.9016,153.6071
141.8298,206.3523,109.5327,151.6644
137.4733,203.3537,114.1457,149.4619
135.2211,200.4285,118.6501,147.0284
133.0474,199.6036,122.9976,144.5001
130.9164,196.8017,127.2596,141.6857
128.8150,194.0964,131.4623,138.6285
126.7317,191.3680,135.6290,135.5793
126.9997,190.7713,139.3640,132.5016
127.2791,186.1321,143.0863,128.9370
129.8917,185.6431,146.4258,125.6327
130.4630,185.1076,149.5644,122.4225
135.3244,182.5813,152.6754,118.9191
138.2805,182.2044,155.3009,115.4041
143.2965,181.9721,158.0233,111.6172
146.0445,179.8368,160.9883,107.4268
153.2534,179.4299,163.3943,104.0346
156.3026,179.1234,165.6669,100.4622
161.4927,180.7835,167.7649,97.1420
168.6589,180.5244,169.9706,93.5257
171.7102,182.0834,172.0793,90.4076
180.9676,181.6914,173.9811,87.1083
182.0931,183.0791,175.7845,84.3329
195.4012,184.4879,177.3960,81.5154
196.3805,187.9203,179.4444,78.6573
201.6360,189.1402,180.8924,76.2176
208.7041,192.4213,182.6130,73.6196
211.9122,195.6167,184.0826,71.1715
220.6140,200.7569,186.2800,68.7316
221.3761,203.7249,188.6636,66.7034
225.8527,210.8912,191.4258,64.0864
226.7504,215.8866,193.5275,61.8893
229.3210,220.7840,196.1592,59.8674
229.9663,225.6932,198.7550,57.8221
230.5459,230.5306,201.4810,55.9176
229.3056,235.3866,203.9617,53.9820
228.1316,240.1921,206.3096,52.1441
226.9506,242.9761,208.6716,50.4611
223.5082,249.8409,211.6704,48.3895
220.6277,250.6629,213.5430,46.7456
217.3547,257.6738,216.2060,44.3726
210.6063,258.4768,218.0804,42.7665
205.7876,259.3233,219.9800,41.0735
201.1131,273.6825,221.6046,39.3905
192.7085,274.3919,223.0074,37.9716
188.1679,275.0497,224.4026,36.6560
181.7770,275.7917,225.6758,35.1720
173.6717,276.5294,226.5899,33.6967
167.4762,277.2274,227.5591,32.3007
161.4851,277.8131,228.1639,31.1292
157.4902,278.1750,228.5995,30.4054
151.7623,278.3383,228.7499,30.0789
142.3249,280.3510,228.8052,29.8174
131.0333,280.6530,228.8322,29.2134
127.3783,280.9102,228.6474,28.6989
118.3135,281.0400,228.1050,28.4393
114.9296,281.0089,227.4297,28.5015
107.8752,280.8730,226.6841,28.7733
102.9242,280.6182,225.4595,29.2830
94.2939,280.2707,224.2081,29.9781
93.1988,279.8992,222.6991,30.7210
88.3872,279.4769,221.2418,31.5656
85.4063,278.9973,219.8228,32.5247
84.3620,269.4394,218.2211,33.1896
79.8199,268.8246,216.2611,34.4191
78.8386,268.1670,214.5448,35.7344
76.0899,263.9854,212.6794,36.7350
77.1878,261.4657,210.4837,38.0989
76.6272,257.0838,207.9330,39.5192
76.0341,254.4459,205.4549,41.1306
77.3718,250.0638,202.7795,42.5721
78.5386,247.4138,200.4460,44.2200
81.5992,243.0161,197.9761,45.7128
84.7497,238.5876,195.3206,47.2787
87.6133,235.9994,193.2317,48.8167
92.3832,233.4181,190.9683,50.3411
98.9377,229.0331,188.7651,51.8406
105.6200,226.3993,186.2979,53.4759
112.2409,223.7763,183.9407,55.0936
120.7225,219.3015,181.4776,56.7931
130.8517,216.6478,179.3270,58.4790
140.9673,214.0246,177.2063,60.1033
151.0732,211.3410,175.1026,61.8489
162.9289,208.6980,173.1315,63.5114
174.5577,207.8419,171.6259,65.2236
186.1795,206.9411,170.1900,67.0253
199.6527,206.0430,168.7675,68.8214
213.1227,205.1077,167.4325,70.6922
226.5674,204.0606,166.2458,72.7863
241.8614,202.9309,165.1911,75.0457
257.2937,203.5797,164.0550,77.4641
272.7124,204.1428,163.1523,80.0798
288.2729,206.4713,162.2246,82.9711
302.1287,208.8444,161.1872,85.8460
316.0125,209.3369,160.3331,88.7058
330.0296,213.5379,159.4666,91.9472
344.0484,215.8742,158.8930,95.1214
356.3176,220.0992,158.1660,98.5772
364.8245,222.3627,157.2159,102.0820
377.4563,226.6093,156.3140,105.7697
386.2322,230.8176,155.1944,109.6773
397.3041,232.9477,153.8294,113.7286
402.1548,239.2561,152.5315,117.9184
413.5793,241.2804,150.9341,122.3704
416.5960,245.4449,149.1988,126.9359
424.0240,249.6797,147.3780,131.5014
429.5760,251.8152,145.0540,136.0104
433.1320,256.1852,142.3676,140.5474
436.8447,258.2820,139.3976,145.2645
440.7621,262.7486,136.0453,149.7791
442.5519,262.7245,132.4658,154.3272
444.5625,264.9805,128.4446,158.8416
446.8242,267.2827,123.9212,163.2728
447.2826,267.3516,118.4922,167.6472
446.0497,267.4367,111.9791,171.9664
445.1571,267.8022,104.8711,175.6820
442.4594,268.3436,97.1182,178.9820
440.0407,268.9280,89.0554,182.1132
435.8096,267.7349,80.6895,184.4994
429.5651,266.7762,72.7015,186.4169
432.7293,265.9461,66.3730,188.0770
420.2370,265.3807,60.2311,189.2077
407.7688,263.1565,54.8106,189.8616
410.2018,257.3990,49.9445,190.2662
396.9727,255.4560,47.4596,190.5344
387.8546,252.4180,47.8229,189.4612
377.2404,247.4480,51.2189,188.7018
367.5922,242.6451,56.0359,187.4480
353.7079,238.0277,61.6516,185.6063
342.8531,231.5594,68.2831,183.4647
331.6609,226.8805,75.2300,181.2445
318.3159,222.3047,82.1612,178.5407
311.0215,217.6125,88.6805,175.8206
299.5818,210.8282,95.1260,172.9554
292.1436,208.1408,101.6482,169.9763
282.5342,203.2722,108.1362,166.9826
274.9986,198.3773,114.5920,163.8493
267.4735,197.8109,120.9068,160.6143
262.2149,190.6551,127.0016,157.2365
254.7885,190.1144,132.9148,153.8480
249.6840,187.2972,138.6107,150.4565
244.6330,184.4292,144.1615,147.0901
239.8487,183.6973,149.1434,143.9672
235.1323,180.6044,153.9606,140.9216
232.9381,179.7005,158.3489,138.0866
228.6433,180.9373,162.2729,135.6131
226.7924,179.6729,165.9748,133.4554
225.0984,180.5964,169.3629,131.6084
223.5799,181.3578,172.3997,130.0857
222.1164,181.9237,175.3268,128.9539
220.7857,182.3200,177.9882,128.1612
219.6561,182.5166,180.2473,127.7680
221.1219,182.6437,182.1487,127.5139
220.1881,185.0423,184.0164,127.5743
221.7867,184.8932,185.7060,127.8723
220.9395,184.6053,187.4005,128.4482
220.1657,184.2779,188.9479,129.1030
221.9874,186.3354,190.2910,129.9745
221.2395,185.7966,191.7869,131.0520
223.0765,185.2124,193.1743,132.2204
222.4342,184.5778,194.4589,133.4897
224.4457,183.9276,195.5781,134.7900
223.8310,183.1323,196.8076,136.3807
223.2685,182.2662,197.9325,138.1128
225.2932,181.3850,199.1542,139.8753
224.7123,180.3744,200.3161,141.8965
224.1755,179.3000,201.3897,144.0453
226.3774,178.2264,202.4069,146.1924
225.7377,177.0863,203.6863,148.4726
225.1720,175.9030,204.8178,150.8393
227.4164,174.7138,205.9137,153.2177
226.9918,173.4916,206.7629,155.6620
226.4742,172.1809,207.7981,158.2835
228.8585,170.8302,208.7814,160.9848
228.3719,169.4467,209.7547,163.7519
227.9540,168.0136,210.5903,166.6180
227.5419,166.5325,211.4145,169.5802
227.1120,165.0457,212.2743,172.5539
226.6616,163.5177,213.1752,175.6099
226.2483,162.0289,214.0018,178.5875
228.9931,160.5474,214.6883,181.5504
228.6694,159.0727,215.3358,184.4998
228.3828,157.5467,215.9090,187.5518
228.1982,156.0184,216.2781,190.6085
228.0431,154.5217,216.5884,193.6019
227.9120,153.0234,216.8505,196.5984
227.7119,151.5992,217.2508,199.4470
227.5584,150.2072,217.5577,202.2309
227.5141,148.8650,217.6463,204.9153
227.4939,147.5657,217.6868,207.5139
227.5352,146.3193,217.6042,210.0067
227.5814,145.1093,217.5118,212.4267
227.7077,143.9360,217.2591,214.7733
227.8303,146.2224,217.0139,217.0042
227.8940,145.2280,216.8865,218.9930
228.0137,144.3543,216.6471,220.7402
228.1364,143.5145,216.4018,222.4199
228.2485,142.7775,216.1776,223.8939
228.3223,142.1413,216.0301,225.1664
228.5405,141.6019,215.5936,226.2451
228.8465,141.1380,214.9815,227.1729
229.1629,140.7635,214.3488,227.9220
226.0611,140.5037,213.5884,228.4416
226.4474,140.3895,212.8158,228.6698
223.4701,140.2998,211.8189,228.8494
223.8727,140.4491,211.0137,228.5507
220.7244,140.5985,210.3895,228.2518
217.6636,137.3760,209.6046,227.7906
218.1656,137.6414,208.6007,227.2597
215.1707,134.6669,207.7281,226.3465
212.3028,135.0803,206.6298,225.5197
209.3775,132.2406,205.6765,224.3951
209.9211,132.8776,204.5892,223.1211
207.0760,133.6688,203.5453,221.5387
204.2951,131.0980,202.4145,219.9877
204.7481,131.9225,201.5084,218.3386
201.9842,132.8294,200.4259,216.5248
202.5130,130.5732,199.3682,214.4723
203.0374,131.6078,198.3194,212.4030
200.4058,129.4695,197.1155,210.2127
200.9637,130.5285,195.9996,208.0945
198.3381,131.6700,194.8879,205.8115
198.8210,132.8587,193.9222,203.4342
196.2221,134.1003,192.8628,200.9510
196.7451,132.3443,191.8167,198.2616
197.2493,133.5992,190.8084,195.7516
194.7589,134.9568,189.7018,193.0365
195.2415,136.3334,188.7365,190.2832
195.8035,137.7336,187.6127,187.4829
193.3423,136.1586,186.6279,184.7258
193.7704,137.5287,185.7717,181.9857
194.1741,138.8755,184.9644,179.2921
194.5604,140.2568,184.1917,176.5294
194.8909,141.6382,183.5307,173.7666
192.4638,140.2127,182.7588,170.9914
192.9008,141.6077,181.8847,168.2014
193.3168,143.0012,181.0528,165.4145
193.6680,144.3643,180.3503,162.6882
194.0673,145.8014,179.5517,159.8141
194.3951,147.1662,178.8962,157.0844
194.7622,148.5223,178.1620,154.3722
195.0722,149.9500,177.5420,151.5169
195.3295,151.3441,177.0273,148.7287
195.5072,152.7426,176.6718,145.9317
195.6469,154.1820,176.3925,143.0529
195.8126,155.6468,176.0611,140.1232
196.0549,157.0725,175.5766,137.2718
196.2268,158.4595,175.2327,134.4978
196.4359,159.8385,174.8146,131.7399
198.9804,161.2643,174.5413,128.8884
199.1967,162.7456,174.1086,125.9257
199.3423,164.2047,173.8174,123.0074
201.8102,165.6839,173.5389,120.0491
204.2619,167.1988,173.2398,117.0192
206.5682,171.0383,173.1766,113.8897
206.7009,172.5042,172.9113,110.9580
209.0913,173.9474,172.5741,108.0717
209.1317,177.7101,172.4934,104.9366
211.4395,179.1429,172.2142,102.0710
213.6562,180.5752,172.0648,99.2064
215.8858,184.2849,171.8389,96.0202
218.0164,185.7678,171.7534,93.0544
220.1269,189.4879,171.6564,89.7382
220.1797,190.9085,171.5507,86.8969
222.3107,194.5319,171.3038,83.6653
224.3458,195.9530,171.1891,80.8230
226.3131,199.4479,171.1589,77.7375
228.2014,200.8978,171.2323,74.8378
230.1101,202.4362,171.2151,71.7610
232.0590,203.9556,171.0627,68.7223
