1
397.0448,167.6571,202.9104,56.6857
397.4286,167.7796,202.1428,56.4408
397.7364,167.8657,201.5273,56.2686
397.9726,167.9396,201.0548,56.1207
398.0776,167.9789,200.8448,56.0422
398.1863,168.0096,200.6274,55.9809
398.3063,168.0871,200.3875,55.8259
398.5115,168.1897,199.9769,55.6205
398.6058,168.2617,199.7883,55.4766
398.7745,168.3470,199.4510,55.3059
397.0294,168.4088,199.0933,55.1825
397.1359,168.4767,198.8802,55.0467
395.3521,168.5371,198.6127,54.9259
395.3339,168.5684,198.6491,54.8632
393.4058,168.5892,198.6768,54.8215
391.4841,166.8259,198.6922,54.5201
391.5860,166.8661,198.4884,54.4397
389.7819,166.9203,198.2785,54.3314
387.8897,166.9484,198.2496,54.2752
386.0169,167.0000,198.1833,54.1720
384.1599,165.2611,198.0886,53.8410
384.2242,165.3225,197.9600,53.7180
382.4253,165.3792,197.7606,53.6048
380.6005,163.6475,197.6178,53.2758
380.6303,163.6700,197.5583,53.2308
377.0089,163.7530,197.2363,53.0648
375.1270,163.8032,197.2253,52.9644
373.2885,162.1140,197.1295,52.5701
373.2670,162.1636,197.1727,52.4709
371.5670,162.2504,196.8098,52.2974
369.8188,160.5686,196.5519,51.9066
368.0161,160.6496,196.4142,51.7446
366.1312,158.9428,196.4457,51.4200
364.3368,158.9848,196.3018,51.3358
362.4936,157.2775,196.2592,51.0214
358.8588,157.3587,196.0838,50.8591
358.8636,157.4524,196.0741,50.6718
355.0945,155.8174,196.1859,50.2284
353.2812,155.8863,196.1060,50.0906
351.4335,155.9470,196.0987,49.9693
349.4920,154.2536,196.2814,49.6557
345.7164,154.3327,196.4388,49.4975
343.8970,152.7034,196.3814,49.0600
341.9641,152.7785,196.5601,48.9098
340.1772,151.1717,196.4472,48.4366
338.2977,151.2350,196.5300,48.3101
336.4041,151.3278,196.6424,48.1245
334.5381,149.7009,196.7015,47.7054
332.6460,149.7695,196.8200,47.5681
330.8504,148.1361,196.7463,47.1700
327.0777,148.2349,196.9794,46.9725
325.2167,148.3206,197.0457,46.8011
323.3188,146.7027,197.1881,46.3836
321.4211,146.7529,197.3362,46.2832
319.4004,145.1022,197.7301,45.9371
317.5206,145.1580,197.8433,45.8256
315.4379,145.1928,198.3628,45.7558
313.4854,143.5553,198.6160,45.3791
309.6065,143.6206,199.0777,45.2485
307.6319,141.9686,199.3749,44.9005
305.5645,141.9802,199.8601,44.8772
303.5014,142.0134,200.3305,44.8110
301.4496,142.0494,200.7730,44.7389
299.4531,140.4173,201.1001,44.3371
297.3797,140.4253,201.5842,44.3212
293.4752,140.4595,202.0548,44.2528
291.3103,138.8520,202.7101,43.7933
289.2589,138.8865,203.1381,43.7243
287.1533,137.2378,203.6700,43.3424
286.8371,137.2233,204.3025,43.3713
284.5754,137.2271,205.1371,43.3637
282.3970,137.2528,205.7935,43.3123
280.2922,137.3611,206.2947,43.0957
278.2189,137.4324,206.7301,42.9532
276.1200,137.5297,207.2134,42.7584
273.9731,135.9367,207.7896,42.2271
271.8589,136.0461,208.3028,42.0083
267.6695,136.1936,209.2454,41.7132
267.1290,136.3762,210.3265,41.3480
264.7985,134.8533,211.2542,40.6604
262.5037,134.9967,212.1110,40.3737
260.3463,135.1370,212.6866,40.0931
259.9171,135.2195,213.5449,39.9281
257.5999,135.3118,214.4290,39.7435
255.2928,135.3869,215.2842,39.5932
252.9962,135.3809,216.1096,39.6054
250.6772,135.4293,216.9680,39.5084
250.2778,135.4152,217.7667,39.5367
248.0745,135.4377,218.3721,39.4918
245.7775,135.4701,219.1574,39.4269
245.2396,135.4841,220.2333,39.3988
242.8678,135.5644,221.1440,39.2383
242.2705,135.7269,222.3387,38.9134
239.4261,135.9719,224.1751,38.4233
232.8751,136.3214,225.6728,37.7243
232.1698,136.7080,227.0833,36.9511
231.4686,137.1171,228.4858,36.1329
233.0000,137.6274,229.3051,35.1123
235.1890,138.1704,228.8003,34.0263
233.3003,148.1681,228.7333,33.2528
231.8819,148.3849,227.7423,32.8191
229.7835,148.4878,228.1336,32.6134
227.3007,148.5601,229.2925,32.4687
224.9649,148.6909,230.1443,32.2072
224.3890,160.4485,231.2962,31.6495
224.1124,160.6676,231.8493,31.2114
222.2479,160.8137,231.7487,30.9192
220.3871,160.9292,231.6479,30.6882
220.2026,161.0491,232.0170,30.4484
222.0944,172.4771,232.0498,30.4909
221.9874,172.4047,232.2637,30.6358
222.2527,172.3545,231.7332,30.7362
222.2958,172.3802,231.6471,30.6848
222.0341,183.6878,232.1704,30.9664
219.2779,183.5523,233.8537,31.2375
208.4175,183.1198,236.2855,32.1024
210.0573,184.7473,236.9149,32.7564
212.4346,194.5095,236.0911,32.8859
213.4532,194.1375,234.0538,33.6299
212.0793,195.4931,232.8927,34.8276
210.4010,198.7598,232.3322,36.1282
210.7235,199.9237,231.6873,37.7358
207.1369,203.0239,230.9435,39.4524
207.3876,206.2218,230.4419,41.0212
205.8887,205.4710,229.4334,42.5228
206.0635,210.8677,229.0839,43.7952
204.5238,210.0263,228.1212,45.4781
203.1288,215.3060,226.8496,47.1033
203.8350,216.3639,225.4372,49.0630
202.4773,217.5332,224.0590,50.8182
201.0064,220.6615,222.8924,52.7779
201.4821,221.4985,221.9411,55.2333
200.1932,224.4394,220.3559,57.6775
201.0047,225.3911,218.7330,59.9609
201.6973,226.4031,217.3478,62.1439
202.3469,229.4165,216.0487,64.5739
203.3007,230.5061,214.1409,66.6500
202.2125,231.4841,212.0508,68.9607
201.1607,232.6513,209.8747,70.9058
199.9689,233.9986,207.9743,72.4954
201.0231,237.5400,205.8658,73.9848
201.8290,238.8189,204.2541,75.7099
200.4723,240.0045,202.6763,77.6299
201.5267,241.2237,200.5675,79.4946
202.6702,242.4924,198.2805,81.2633
201.6674,243.7354,195.9812,83.0822
202.8472,244.9662,193.6217,84.9244
204.0765,246.1254,191.1632,86.9082
205.3064,247.3104,188.7033,88.8397
204.4574,246.4268,186.1018,90.6067
203.6882,247.7028,183.3479,92.3471
204.9919,249.0501,180.7407,93.9347
206.2523,248.3029,178.2197,95.4290
207.5069,249.5915,175.7106,97.1116
208.7287,248.8609,173.2670,98.5728
209.9877,250.2548,170.7491,100.0255
211.2375,251.7320,168.2495,101.2987
212.4996,251.0964,165.7251,102.5698
213.7755,250.3881,163.1734,103.9865
214.9926,251.7174,160.7392,105.5092
216.2936,251.0368,158.1371,106.8704
215.5043,250.3811,155.5620,108.1817
216.6973,249.6903,153.1761,109.5634
217.9714,249.1500,150.6278,110.6440
219.2310,248.6801,148.1086,111.5838
220.5018,248.2642,145.5669,112.4155
221.6496,247.8065,143.2714,113.3311
222.6882,247.4669,141.1942,114.0103
223.7114,247.1745,139.1478,114.5950
224.7655,246.8555,137.0396,115.2330
225.8663,246.4462,134.8381,116.0515
226.9689,246.0077,132.6329,116.9286
228.1822,245.6353,130.2063,117.6734
229.3582,243.4227,127.8541,118.1963
230.4863,241.2649,125.5981,118.6377
233.4563,241.0251,123.5038,119.1174
236.4065,238.9010,121.4241,119.5449
237.3902,236.7991,119.4568,119.9540
240.2704,234.7936,117.4665,120.1946
241.1622,232.7413,115.6830,120.5567
242.0303,230.7116,113.9467,120.8959
244.7329,230.5182,112.2394,121.2828
247.4520,228.5722,110.4781,121.4979
250.1737,226.6072,108.6869,121.7758
251.0018,224.6787,107.0307,122.0049
253.6983,220.9259,105.2426,122.3006
256.3271,219.0930,103.5659,122.3857
257.0765,217.1515,102.0670,122.7134
259.6770,213.5954,100.4021,122.7533
262.2939,211.7256,98.6782,122.9832
264.8195,209.8833,97.1125,123.1823
267.2678,207.9998,95.6791,123.4861
269.7332,204.4347,94.1926,123.7275
270.4316,202.6356,92.7958,123.9016
274.5031,199.0648,91.4603,124.2358
275.2089,195.4980,90.0488,124.5955
277.4774,193.6599,88.8810,124.9023
281.3925,190.1386,87.7603,125.2355
283.6230,188.3092,86.6404,125.5532
285.8154,183.1309,85.5832,125.9270
287.9549,181.2451,84.6198,126.3830
290.1066,177.7690,83.6230,126.7221
295.6028,174.2339,82.5161,127.2020
296.0153,172.2811,81.6910,127.8238
301.4630,168.7413,80.6338,128.3445
301.7663,166.7799,80.0271,128.9979
305.4397,163.0959,79.2184,129.8277
309.1035,159.4666,78.4265,130.5506
312.7121,157.4669,77.7400,131.2847
316.3080,153.8527,77.0774,131.9839
318.2372,151.7680,76.4828,132.8896
323.5247,149.5904,75.7092,133.9776
325.4022,145.8773,75.2244,134.8635
329.0452,143.6443,74.4882,136.0545
332.5621,141.3125,74.0145,137.4383
337.7487,138.9289,73.5183,138.9130
339.6550,136.6908,73.0111,140.0837
344.8174,134.3553,72.6283,141.4409
348.4106,131.9353,72.0966,142.9533
351.9573,129.5842,71.6839,144.3153
357.1892,127.2214,71.2795,145.6877
360.6985,124.7112,70.9933,147.3420
364.2591,122.1998,70.6430,148.9794
369.5033,121.1913,70.3640,150.9964
372.8415,120.0031,70.5431,153.3728
378.0160,117.1665,70.5902,155.5805
381.6236,116.4058,70.3716,157.1020
387.1473,113.8856,69.8739,158.6257
389.2744,113.3090,69.1496,159.7790
393.2273,110.6291,68.3115,161.6051
398.9902,107.8629,67.4219,163.5918
403.0012,106.9836,66.5167,165.3504
406.9551,106.0826,65.7440,167.1526
412.7489,105.0289,64.8955,169.2600
416.5778,104.0965,64.4272,171.1247
422.3903,101.4271,63.6414,172.8505
424.5602,100.8169,62.9252,174.0708
432.3521,99.8925,61.8541,175.9196
436.4311,98.7483,60.9664,178.2081
440.6207,99.8836,59.8904,179.5891
444.9457,99.2729,58.5437,180.8104
451.2525,98.3947,56.8633,182.5670
455.6384,99.1930,55.3680,184.6085
460.0176,100.1475,53.8889,186.3392
466.4995,99.2214,51.8345,188.1914
468.8919,98.3218,50.6740,189.9905
477.3464,99.3207,48.2761,191.6206
479.7074,98.2429,47.1594,193.7761
486.2753,99.2995,44.8668,195.2773
490.8375,100.3790,42.9255,196.7099
495.4437,99.8354,40.8616,197.7970
499.9688,100.8977,38.9103,199.2219
506.2891,105.2146,36.8635,201.1820
508.6186,106.6396,35.7228,201.8504
516.5556,112.6053,33.8696,203.9396
516.7798,114.0842,33.4213,204.4792
521.1697,114.8776,31.6333,206.3885
523.5649,115.8600,30.3295,207.9104
529.6481,116.0574,28.6078,210.9971
529.9267,113.4356,28.0505,212.7513
535.8458,115.0689,26.7188,216.4891
535.8940,122.6929,26.6225,218.8739
537.8549,116.1200,26.2581,221.3475
539.7873,124.8377,25.9773,221.8319
539.6097,150.2683,26.3325,221.1588
541.3370,161.0576,26.4607,221.0777
543.0369,159.4674,26.6455,220.6736
544.7604,159.6851,26.7811,220.2383
546.4877,160.5470,26.9059,218.5145
548.2402,139.6132,26.9591,214.1249
551.6374,146.1718,27.1625,211.5043
551.1630,150.2708,28.1114,210.2403
550.5225,150.7735,29.3922,209.2349
549.7830,154.4945,30.8714,208.7546
550.6269,154.7506,32.6876,208.2424
549.7394,158.6870,34.4625,207.4364
548.7800,161.1530,36.3814,206.0621
547.7584,161.8197,38.4245,204.7287
546.7254,164.2265,40.4906,203.5133
545.6192,166.3226,42.7030,202.9429
542.6733,170.1838,44.9377,202.5344
539.6734,172.4059,47.2433,201.7845
538.5045,174.5550,49.5811,201.2145
535.5530,174.9865,51.7193,200.3515
532.6235,177.7160,53.7852,198.6855
529.6975,180.4724,55.8284,196.9816
526.8259,183.4762,57.7488,194.7969
525.8967,186.3959,59.6071,192.7853
523.0717,191.3035,61.4233,190.6379
520.3467,192.4685,63.0363,188.3080
515.7683,193.6119,64.5265,186.0210
513.0162,196.4589,66.2029,184.1550
510.4014,197.5241,67.6008,182.0246
505.8846,198.4961,68.9815,180.0807
503.2774,199.5801,70.3724,177.9125
500.6987,200.6028,71.7126,175.8672
496.1743,201.7091,73.1380,173.6546
493.5443,202.7722,74.5931,171.5283
489.1175,203.9301,75.8465,169.2125
486.4619,204.9130,77.3691,167.2468
483.9411,205.8466,78.6242,165.3796
477.7498,204.9060,79.6627,163.4795
475.4133,205.9410,80.5639,161.4095
471.2156,207.1578,81.4452,158.9759
468.8279,208.3784,82.4840,156.5346
464.5327,209.4782,83.6371,154.3350
462.1909,210.6470,84.6148,151.9975
458.1725,211.8540,85.2751,149.5835
454.1659,213.0977,85.9608,147.0959
451.9321,214.0607,86.7900,145.1701
448.0063,215.0034,87.3938,143.2846
445.7672,213.7560,88.2660,142.1734
441.6767,212.3840,89.2389,141.3134
437.5785,212.9674,90.2202,140.1466
435.4761,213.7912,90.8187,138.4989
431.5302,214.5388,91.5270,137.0039
429.4125,213.4733,92.1812,135.5538
425.3362,214.1635,93.1937,134.1733
423.2129,214.9359,93.8744,132.6286
419.2192,213.8745,94.7540,131.1974
415.3483,214.5784,95.4024,129.7896
413.2784,215.2263,96.0061,128.4937
407.6888,214.2112,96.6068,126.9979
407.4491,214.8615,97.0862,125.6972
403.5476,215.4984,97.8870,124.4235
399.6899,216.1499,98.6130,123.1204
397.6197,215.1100,99.2668,121.7137
393.7672,215.7444,100.0208,120.4449
391.7938,216.4763,100.4995,118.9810
386.3116,217.1232,101.1038,117.6873
384.2715,217.7598,101.7410,116.4141
380.6049,218.3425,102.2071,115.2487
378.5602,218.9489,102.8734,114.0359
374.9243,217.9587,103.3156,112.6015
371.2864,218.5671,103.7925,111.3848
369.4446,217.5242,104.0881,110.0824
365.7582,218.1014,104.7160,108.9280
363.8777,218.8026,105.1127,107.5256
360.2072,219.3404,105.7565,106.4500
356.6258,219.9528,106.2356,105.2252
354.7479,218.9317,106.6614,103.9375
351.1341,219.5614,107.2561,102.6781
347.6545,220.1994,107.6036,101.4020
344.2310,220.7536,107.8685,100.2937
340.6808,221.2419,108.4136,99.3170
337.0415,221.7106,109.1512,98.3795
335.0608,222.1641,109.8454,97.4726
333.2572,222.6845,110.1892,96.4318
328.1263,223.1845,110.6947,95.4318
324.5679,223.4875,111.3239,94.8257
320.9911,223.8608,111.9897,94.0792
318.9653,224.2758,112.7992,93.2492
316.9802,224.6953,113.5283,92.4102
310.0766,225.2499,114.3800,91.3010
308.1123,225.7443,115.0747,90.3123
306.2968,226.2365,115.4772,89.3279
301.0995,226.5906,116.2156,88.6196
299.2007,228.5491,116.7947,87.9211
295.5520,228.8732,117.6605,87.2728
292.0451,229.1546,118.2374,86.7100
288.6792,229.4303,118.5333,86.1586
286.9784,229.8635,118.7216,85.2923
282.1056,230.3220,118.8611,84.3753
278.7351,230.7843,119.2241,83.4505
275.3150,232.7270,119.7058,82.7444
273.5859,233.1245,119.9890,81.9496
268.6548,233.4877,120.3531,81.2232
266.7931,233.9185,120.9173,80.3615
263.2240,234.3084,121.7481,79.5817
259.8817,234.7704,122.1266,78.6576
256.6774,236.8392,122.2484,77.6635
253.2460,237.1477,122.8540,77.0465
249.9035,237.5219,123.2843,76.2981
247.9474,239.4707,124.0753,75.5216
242.9213,239.6737,124.7679,75.1157
239.3773,239.9033,125.6090,74.6565
235.8211,241.6945,126.4650,74.2023
232.4503,241.9930,126.9403,73.6053
229.0781,242.3079,127.4244,72.9754
225.7243,242.6309,127.8786,72.3295
222.1904,244.5331,128.7018,71.6474
218.6722,244.8714,129.4923,70.9708
215.1418,245.1555,130.3067,70.4027
213.1085,245.4231,131.2480,69.8674
206.4584,247.2178,132.0279,69.4080
206.2813,247.4973,132.3822,68.8491
202.8628,247.7504,132.9606,68.3429
199.4730,247.9585,133.4822,67.9267
196.0081,248.1787,134.1528,67.4863
192.5560,248.4269,134.7937,66.9898
189.0455,248.7054,135.5495,66.4329
187.1020,249.0288,136.3027,65.7862
180.5164,249.2771,136.9392,65.2896
178.5872,249.5298,137.6632,64.7841
176.6033,249.7384,138.4948,64.3670
171.4713,249.8837,139.3361,64.0762
169.5080,250.0422,140.1147,63.7593
165.9772,250.1693,140.8687,63.5050
162.5229,250.2554,141.4566,63.3329
159.0416,250.3761,142.0877,63.0914
155.5752,250.4596,142.6790,62.9245
152.1671,248.9422,143.1425,62.7829
150.3755,249.0168,143.5450,62.6338
145.3077,249.0303,144.1294,62.6068
144.9883,249.0837,144.7681,62.5000
141.5004,247.4427,145.3456,62.5829
139.5228,245.7704,146.0919,62.7185
135.7379,245.7543,147.2173,62.7505
133.5987,244.1972,148.2568,62.6259
131.4511,242.5909,149.3001,62.5867
129.3384,242.5713,150.2593,62.6259
127.1097,242.4813,151.4359,62.8058
125.0681,240.7015,152.2183,63.0644
122.9258,239.0752,153.1860,63.0003
120.7497,237.3782,154.2086,63.0647
120.2495,237.3069,155.2090,63.2072
117.8944,235.4848,156.5567,63.4889
117.1153,233.6418,158.1149,63.7881
114.6159,231.7878,159.6991,64.0814
114.0308,231.6614,160.8692,64.3341
111.6721,229.7957,162.1225,64.6016
111.0036,227.9175,163.4596,64.8709
110.1968,226.0245,165.0732,65.1460
109.3587,224.1917,166.7493,65.2726
108.5346,222.4531,168.3976,65.1844
107.6270,220.6883,170.2127,65.1264
106.8420,218.8268,171.7828,65.2368
105.9860,216.8662,173.4948,65.5208
105.1042,216.6954,175.2583,65.8624
106.0006,214.8117,177.1638,65.9317
105.1249,213.0905,178.9151,65.6473
106.1113,211.0175,180.6891,66.0466
105.1000,208.9533,182.7117,66.3958
105.8952,206.8689,184.9358,66.7501
106.9291,204.7180,186.7208,67.1990
108.2507,202.7642,187.9640,67.2203
109.4544,200.8993,189.4610,67.0454
110.3949,199.0093,191.5029,66.9027
111.3936,197.1025,193.4548,66.7670
112.3209,195.2402,195.5749,66.5168
113.2389,191.3793,197.7394,66.2379
114.1259,189.4022,199.9914,66.1660
115.1019,187.3568,202.0963,66.2000
118.2222,185.2715,204.0304,66.2831
119.3415,183.0915,205.9083,66.5268
121.0103,181.0774,206.7182,66.4074
124.4523,179.1813,208.1480,66.0427
129.4731,177.3790,210.6178,65.4768
130.5514,175.4738,212.6563,65.0922
133.5849,173.5391,215.0231,64.7447
134.8737,171.6109,216.6893,64.3573
138.4305,169.7179,218.0964,63.8830
141.9896,167.8763,219.5208,63.2947
143.5457,166.0251,220.6890,62.7165
149.2345,166.2729,222.1702,62.2211
150.9668,164.6329,223.0036,61.2032
154.6144,162.9694,224.2895,60.2395
158.2313,161.1934,225.6366,59.5010
162.1218,159.3052,226.4469,58.9819
165.8928,159.4482,227.4992,58.6958
169.5723,157.5895,228.7533,58.1066
173.5503,155.8676,229.4234,57.2375
179.7288,156.1831,229.9843,56.6066
181.6755,154.6161,230.3927,55.4386
187.7963,153.0803,231.0069,54.2249
193.8230,153.5708,231.7657,53.2439
195.7311,154.0433,232.2119,52.2990
200.3095,150.6498,231.5564,50.5847
206.3210,151.0471,232.1588,49.7901
210.3228,151.5110,232.5583,48.8623
216.3208,151.9434,233.1298,47.9975
220.4896,150.5539,233.1528,46.5961
226.7314,150.9263,233.1293,45.8513
231.1580,151.3125,232.5532,45.0789
238.1068,151.7960,231.0018,44.1119
242.5394,152.3204,230.2864,43.0632
246.7149,151.0111,230.0244,41.6373
250.6762,151.5773,230.1272,40.5049
254.7793,152.2725,229.9047,39.1145
260.6121,152.9290,230.1228,37.8015
264.3560,153.6478,230.5113,36.3639
268.3024,154.3071,230.4482,35.0454
274.2289,154.9114,230.2579,33.8368
280.1721,155.4646,229.9537,32.7303
286.3065,156.0012,229.1875,31.6571
290.8277,156.5074,227.7489,30.6448
293.5205,156.9531,226.1249,29.7533
297.9612,157.4225,224.6859,28.8146
302.2298,157.8407,223.5130,27.9782
306.4985,158.2244,222.2735,27.2107
308.8546,158.5464,221.1776,26.5668
314.6942,158.7852,220.2623,26.0891
317.0375,158.9126,219.1412,25.8343
320.8596,158.9504,218.5869,25.7587
324.8066,158.9204,217.7643,25.8187
328.6589,158.8200,217.1111,26.0196
334.5600,158.6398,215.8711,26.3799
336.7814,170.6011,214.9395,27.0350
340.9265,170.3347,213.6726,27.5677
343.4354,169.9310,212.1598,28.3752
347.7949,169.3952,210.4422,29.4468
350.4297,168.8291,208.6712,30.5791
352.9975,168.1903,207.0326,31.8566
357.2727,169.2793,205.4823,33.1787
359.8482,170.3180,203.8364,34.6063
364.2438,173.0686,202.0663,36.1264
366.8390,172.2182,200.3922,37.8271
369.4496,173.1218,198.6973,39.5463
372.0971,174.0130,196.9387,41.3002
374.7844,174.9424,195.1100,42.9875
377.3919,175.8616,193.4482,44.7022
379.9822,176.7652,191.8303,46.4578
382.6488,177.6791,190.0709,48.2038
385.1877,178.4861,188.5754,50.1720
387.8350,179.3605,186.8792,52.0216
388.8401,180.1411,184.8690,54.0697
391.7549,180.9592,182.6584,56.0524
392.7848,181.7788,180.5987,58.0379
393.9843,182.5979,178.1996,60.0317
395.1009,183.4424,175.9665,61.9773
396.1808,184.3013,173.8067,63.8976
397.1509,183.4575,171.8664,65.5852
400.0977,184.5571,169.6175,67.0306
401.1562,185.6678,167.5004,68.4472
402.1843,186.8051,165.4443,69.8056
403.2353,188.0606,163.3423,70.9219
404.1300,187.5146,161.5527,72.0139
405.3011,188.8465,159.2107,72.9603
406.5883,190.2440,156.6361,73.7578
406.2284,191.6417,153.7870,74.5314
407.6545,193.1522,150.9347,75.0514
407.2618,192.8667,148.2118,75.6223
407.0580,194.3279,145.1410,76.1784
407.0326,197.6139,141.7492,76.4918
406.6452,197.4000,139.1257,76.9197
406.3512,198.9418,136.3469,77.2029
404.3346,198.8243,133.7188,77.4379
404.1726,202.0988,130.7472,77.4802
403.7776,202.0694,128.2849,77.5390
403.4871,203.7781,125.6494,77.3382
399.9808,205.5808,123.1402,76.9069
398.1305,205.7549,120.5823,76.5585
397.7896,207.4081,118.1790,76.3373
394.4471,209.3201,115.7275,75.5589
391.2002,209.6542,113.2340,74.8906
391.1201,211.4392,110.4472,74.2677
386.6155,213.2189,107.8767,73.6033
385.0749,215.0671,105.2674,72.7521
382.0623,215.5084,102.9175,71.8695
379.1450,217.4132,100.5271,70.8015
377.5416,218.0006,98.3581,69.6267
372.1347,219.9171,95.9930,68.4295
370.5914,220.5135,93.9193,67.2367
365.4103,221.1820,91.6356,65.8997
364.0604,223.0937,89.3902,64.5489
358.9163,223.7313,87.5968,63.2737
357.4750,225.6295,85.7429,61.8454
352.5280,226.4015,84.0540,60.3014
348.8767,227.3297,82.2942,58.4450
343.1593,228.2558,80.4786,56.5929
342.8635,229.0901,78.9199,54.9242
336.4641,229.7786,77.0234,53.5473
331.0687,230.4939,75.5270,52.1166
329.6134,231.2791,74.4341,50.5462
323.4094,232.0844,73.1279,48.9357
321.1602,233.0127,71.8878,47.0791
315.3216,233.8326,70.5221,45.4392
309.5626,234.6157,69.3319,43.8730
304.7132,235.3376,68.4022,42.4293
302.5110,236.0751,67.6064,40.9542
297.1173,236.8368,66.5170,39.4308
293.6078,237.7201,65.2621,37.6643
288.5487,237.8438,64.1364,35.8107
283.4992,238.5420,63.3288,34.4142
278.5866,239.1705,62.4977,33.1572
275.3310,239.7692,61.5662,31.9597
270.6947,239.6591,60.6588,30.7257
265.4466,240.1785,59.7976,29.6870
260.8986,240.7266,59.1697,28.5908
255.9805,241.0758,58.1186,27.8923
251.1259,241.0542,57.1602,27.9356
247.5904,241.1217,56.3102,27.8005
243.3671,241.5439,55.6188,26.9560
238.5665,241.9596,54.9748,26.1248
233.8805,242.2326,54.2924,25.5786
229.2773,242.5446,53.6003,24.9547
224.9171,243.0822,52.5897,25.0958
220.4603,243.7478,51.8707,24.9687
216.0465,243.7537,51.1672,24.9569
211.6778,243.6547,50.4575,25.1549
207.3566,243.6857,49.7080,25.0929
200.1990,243.5504,48.9184,25.3635
196.2698,244.1428,48.6919,25.3338
191.9758,243.9256,48.0707,25.7682
187.6617,243.0978,47.5030,26.2742
183.4245,242.8759,46.7792,26.7181
179.8453,242.5762,45.9115,27.3176
175.0981,242.2624,45.1110,27.9451
169.9462,242.0077,43.9895,28.4545
162.3481,242.6835,43.3057,28.2372
158.8543,242.7065,42.4506,28.1911
155.4499,242.6400,41.5120,28.3241
152.2377,242.3335,40.2724,28.9371
150.1644,241.7583,38.9877,30.0875
148.6884,241.1747,37.5975,31.2549
145.4930,240.3017,36.4062,31.9177
141.8147,239.4799,35.1597,32.4857
138.4771,238.4136,34.3794,32.4882
135.7033,237.5323,33.6096,32.1450
132.8524,237.2301,33.0986,31.7140
130.4496,234.5289,32.8013,30.9926
129.9890,234.2169,32.7178,30.6122
126.9568,231.9347,32.7992,30.1907
124.9885,231.7541,32.7687,30.5518
124.7470,228.1038,33.2517,30.8734
121.7144,225.7076,34.2686,30.6173
120.4200,225.4705,35.8361,30.0702
116.7113,222.4600,38.0689,29.8698
114.8653,221.5326,40.6929,29.5886
113.1447,218.3686,43.0308,30.3999
107.6169,223.9512,43.7174,28.4517
103.8463,224.8561,44.4777,26.6418
102.4875,223.8339,46.0841,25.3527
101.3577,220.7191,48.3438,24.9038
99.6896,219.0523,51.6800,24.8214
98.4481,216.3396,55.3490,25.5028
96.6160,213.2868,57.7619,26.6027
95.1323,210.1644,56.8120,28.9304
94.2386,204.8716,55.9348,31.5221
96.0110,201.9050,55.1177,33.3639
98.6058,199.1452,55.4594,34.7350
100.6828,194.9514,56.9494,36.0679
102.1594,192.3393,58.3630,36.9252
105.5693,189.9758,60.4896,37.1790
108.6496,183.8338,61.9645,37.2462
112.2241,182.9245,62.5664,37.5147
120.4993,177.1516,64.7804,38.1147
124.1349,174.8853,67.1495,39.4337
128.7682,169.0071,71.1966,41.2047
133.5942,165.8683,75.5791,42.2195
141.4041,162.3516,80.1596,43.7437
147.8624,155.6443,84.6135,45.5781
155.0720,152.7588,88.4380,47.2948
162.6593,149.5066,92.2790,49.5735
172.2543,143.9854,97.3819,51.7822
178.2673,142.8668,103.9274,54.0194
188.5388,137.7191,110.4017,56.9465
193.2910,135.3393,116.5067,59.1045
200.6651,134.5201,123.5852,60.7429
210.1937,132.1606,130.2708,62.6016
217.6211,131.6323,136.3479,63.6582
221.7670,131.2208,143.5424,64.4811
266.4755,121.0313,153.8297,65.5625
262.4788,122.0431,165.2075,66.9234
258.7363,123.1334,176.2652,68.3156
261.5384,126.6355,185.6879,68.8246
264.4475,128.6508,191.5726,68.6952
264.4906,130.8474,195.4694,68.2848
273.7488,135.4860,197.1084,67.0697
275.2949,138.1943,198.0485,65.6855
281.3995,145.4514,197.9004,63.2324
285.7226,148.4534,197.2009,61.2017
290.1351,153.6494,196.2275,58.6615
294.7076,158.7350,194.8126,56.2205
299.3153,165.7831,193.1967,53.5233
304.1887,168.5662,190.9028,51.6836
308.9371,177.3366,188.7252,48.7812
313.6899,178.1865,186.3681,47.0814
318.3445,188.4134,184.0768,44.1724
321.1012,189.2854,181.9850,42.4284
325.6390,200.4913,179.6271,40.1699
328.3844,201.3066,177.4188,38.5394
334.7306,208.9571,174.3875,36.1196
337.3555,211.2696,172.2688,34.6258
340.1117,221.2321,169.8290,33.1365
342.5994,221.8909,167.8633,31.8190
346.5691,230.0815,165.8370,30.2205
348.9633,230.5828,163.9456,29.2177
351.1317,240.9908,162.4597,28.3586
353.4175,241.5053,160.7015,27.3295
357.0612,241.9960,158.9513,26.3482
359.4774,253.2068,156.8438,25.7258
361.8971,253.6604,154.6879,24.8187
364.0685,254.0472,152.9805,24.0451
366.0300,264.7659,151.6538,23.3786
366.5887,265.1334,150.5365,22.6437
368.3797,265.4322,149.4890,22.0461
370.0768,273.2740,148.6027,21.4107
370.6679,273.5208,147.4206,20.9170
372.2348,273.7147,146.7434,20.5292
375.0213,278.9148,146.0495,19.8873
374.1996,279.0247,145.2760,19.6674
375.7845,279.0727,144.5082,19.5714
377.3464,287.4805,143.7736,19.4813
377.7413,287.6939,142.9839,19.0544
378.0552,287.8309,142.3560,18.7804
378.3055,287.9365,141.8553,18.5692
378.5209,287.9852,141.4246,18.4718
378.6649,288.0143,141.1367,18.4137
378.8528,288.0490,140.7608,18.3443
