1
260.0871,249.9545,156.8258,46.0910
260.5363,250.2229,155.9273,45.5542
260.8149,250.4433,155.3701,45.1134
260.9958,250.6363,155.0085,44.7273
261.0946,250.7528,154.8107,44.4944
261.2501,250.8382,154.4998,44.3236
261.3914,250.9113,154.2172,44.1773
261.4951,250.9444,154.0097,44.1111
262.8683,249.6246,154.2610,43.7532
264.5186,249.6158,153.9549,43.7708
265.9681,248.1809,154.0463,43.6502
265.9032,246.7561,154.1762,43.5101
265.8959,245.3119,154.1908,43.4098
267.5231,245.3056,153.9234,43.4225
268.9048,243.8682,154.1435,43.3137
270.4488,242.4444,154.0401,43.1766
270.4502,240.9850,154.0374,43.1149
271.9196,239.5583,154.0780,42.9889
273.3815,238.0982,154.1318,42.9316
274.9062,236.6757,154.0596,42.7993
276.4844,235.2213,153.8770,42.7344
277.8233,232.3529,154.1692,42.5312
279.3040,230.8430,154.1779,42.5806
280.7904,229.3425,154.1765,42.6103
282.2961,226.4668,154.1372,42.4179
283.8075,225.0017,154.0820,42.3803
285.1495,222.1166,154.3642,42.2180
286.6375,220.6616,154.3555,42.1609
288.1682,219.1832,154.2600,42.1518
289.6052,214.8647,154.3506,41.8953
291.2908,214.7961,153.9402,42.0325
293.9587,210.5067,154.5198,41.7381
295.4981,209.0338,154.4013,41.7236
296.9424,206.1426,154.4711,41.5892
298.3276,204.6824,154.6577,41.5528
299.6783,201.7874,154.9150,41.4251
302.5164,198.8972,155.1589,41.2856
304.1891,197.4311,154.7744,41.2570
305.6598,193.0885,154.7877,41.0774
307.1140,191.5318,154.8311,41.2391
309.8638,188.5947,155.2421,41.2028
311.0779,185.6302,155.7745,41.2109
313.8073,182.6598,156.2518,41.2155
315.4421,181.1094,155.9571,41.3415
316.9600,175.2096,155.8944,41.2486
318.5798,175.0444,155.6252,41.5789
322.7870,170.7189,156.1294,41.3113
322.7661,169.2039,156.1712,41.3664
327.0400,166.2560,156.5533,41.3090
327.2188,163.2521,156.1957,41.3550
329.9036,160.2433,156.7796,41.4191
331.1298,155.7982,157.3133,41.3509
334.0701,154.2409,157.4175,41.4732
335.2724,151.2467,158.0089,41.4693
338.0964,148.2271,158.3696,41.4998
339.3500,145.1680,158.8725,41.5979
342.3016,140.6007,159.0072,41.6756
343.7004,138.9038,159.2320,42.0471
346.4077,134.3717,159.8824,42.0140
347.9096,132.8209,159.9195,42.0745
352.6380,129.7526,159.5907,42.1257
353.6721,125.1467,160.5616,42.2205
355.1866,123.5176,160.5869,42.4244
358.1756,120.4049,160.7262,42.5325
359.3139,117.3097,161.5123,42.5976
360.5295,114.2089,162.1560,42.6493
363.2536,109.6505,162.8776,42.5113
366.3914,109.5171,162.7870,42.7781
367.8505,101.7789,162.9652,42.7732
370.9748,101.6344,162.9139,43.0622
372.1377,97.0708,163.6915,42.8792
375.0692,95.4393,164.0504,43.0313
376.2867,93.8193,164.7341,43.1525
377.4085,89.1194,165.6212,43.1602
381.9127,87.3602,166.0427,43.5353
382.9963,82.5094,167.0319,43.7679
382.9895,82.2636,167.0454,44.2594
387.4383,77.4136,167.7001,44.4072
388.8305,75.7595,168.1118,44.5194
390.0753,72.4749,168.8262,44.6805
391.5180,70.7834,169.1579,44.8464
394.3571,67.4654,169.9295,45.0327
395.6891,64.1812,170.5047,45.1227
398.7968,62.4322,170.7872,45.3716
400.0258,59.0977,171.5869,45.5253
401.4503,57.3698,172.0099,45.7092
404.3512,54.0063,172.7705,45.8738
405.7093,52.2781,173.3493,46.0350
407.1339,48.9221,173.8065,46.1347
408.5400,47.2205,174.3087,46.2232
411.6224,45.4462,174.7905,46.4486
413.0225,42.0734,175.3247,46.5257
414.3739,40.2314,175.9650,46.8662
415.9995,40.0482,176.0725,47.2327
417.2506,34.9936,176.9375,47.2405
418.7606,34.7618,177.2969,47.7042
420.2619,33.0015,177.6875,47.8316
421.7323,31.1444,178.1478,48.1447
423.1593,29.3176,178.7072,48.3847
424.6815,27.5299,179.0887,48.5343
426.1941,27.3356,179.4976,48.9229
427.6445,25.5979,180.0439,48.9511
429.1695,23.7937,180.4493,49.1042
430.6219,23.6078,181.0083,49.4761
430.3740,21.7781,181.5041,49.6568
431.9538,21.6234,181.8337,49.9661
433.4240,21.4756,182.3928,50.2616
434.8999,19.6497,182.9542,50.4005
434.5748,19.4784,183.6043,50.7431
435.9811,19.3581,184.3309,50.9836
435.6211,19.2254,185.0509,51.2490
437.0044,17.3746,185.8532,51.3816
436.6410,17.1026,186.5801,51.9256
438.1913,16.8708,187.0827,52.3892
438.0066,16.6904,187.4522,52.7500
439.6571,16.5353,187.7821,53.0603
439.4156,16.4270,188.2652,53.2768
439.2994,16.3023,188.4975,53.5262
439.1432,16.1469,188.8100,53.8370
440.7616,16.0830,189.2435,53.9648
442.3544,15.9653,189.7369,54.2002
442.1499,15.9353,190.1459,54.2603
441.8540,17.7523,190.7376,54.3235
441.6848,19.6065,191.0760,54.3218
441.5238,19.4344,191.3980,54.6660
443.2386,21.2829,191.6910,54.6915
442.9442,23.0750,192.2798,54.8344
442.7082,26.8522,192.7517,54.7560
442.5693,26.6980,193.0295,55.0644
442.3810,28.5138,193.4061,55.1858
444.0513,30.3066,193.8260,55.3606
444.1116,32.0801,193.7055,55.5833
444.2098,35.7977,193.5090,55.6924
444.5285,35.6028,192.8716,56.0823
444.3844,39.2822,193.1599,56.2629
444.0830,43.0289,193.7625,56.3237
443.8516,44.8100,194.2254,56.5482
443.7762,46.6194,194.3763,56.7269
443.3645,50.4288,195.1997,56.7140
443.3614,54.2109,195.2058,56.7784
443.4001,55.9684,195.1285,57.0790
441.5050,59.8861,195.0985,56.8840
441.6090,63.7149,194.8905,56.8584
439.7819,65.5267,194.7320,57.0476
439.7155,69.3530,194.8649,57.0228
439.8141,73.0781,194.6676,57.2034
440.0603,76.7749,194.1752,57.4417
438.4629,80.4638,193.5566,57.6906
438.7289,82.2304,193.0247,57.9667
436.9359,87.8882,192.8038,58.0718
437.1116,89.6166,192.4523,58.4207
435.3123,93.2337,192.2437,58.8008
433.3275,98.6284,192.4022,59.4451
433.1591,100.3310,192.7390,59.8654
430.8331,105.7715,193.5529,60.4983
428.8303,107.4106,193.6973,61.0814
427.0441,112.9199,193.3958,61.6847
425.2630,114.5704,193.0771,62.2645
423.3976,120.0029,192.9210,63.0605
421.4002,123.3391,193.0163,64.1867
419.4022,126.7310,193.0910,65.2457
417.4375,130.0309,193.0786,66.5295
415.4622,133.2439,193.0642,68.0334
413.4964,136.4725,193.0036,69.5606
411.4728,139.8113,193.0318,70.9211
409.4478,143.2253,193.0379,72.1812
407.4232,146.6420,193.0201,73.4813
403.3273,150.0318,193.0321,74.8817
401.2983,153.4091,192.9747,76.3575
399.2458,156.8056,192.9389,77.8464
397.2472,160.2217,192.7693,79.3480
395.2592,163.6421,192.5539,80.8897
391.1129,167.1574,192.4157,82.2899
389.0578,168.6050,192.2875,83.6330
387.0988,174.1209,191.9454,85.3817
385.1132,175.6365,191.6306,86.6365
383.1309,179.3294,191.2919,87.8576
378.9145,183.0059,191.0847,89.1445
376.8946,186.6816,190.7851,90.4721
374.7998,190.3029,190.6164,91.9460
372.8379,193.9876,190.1588,93.3394
368.7589,197.6782,189.5188,94.7561
366.7470,201.4144,189.1284,96.1119
364.8826,205.2524,188.4253,97.2998
360.9166,206.7188,187.4733,98.8090
359.0144,210.4530,186.8237,100.2486
357.1393,214.3252,186.1049,101.4425
355.2521,215.8375,185.4002,102.8968
351.1494,219.5859,184.6188,104.3867
349.2848,221.0229,183.8408,106.0200
347.4722,224.6426,182.9427,107.8274
345.5945,226.0791,182.1573,109.4951
341.5480,229.8442,181.1359,111.0794
339.6587,233.6711,180.3459,112.5629
337.7947,235.2443,179.4921,113.9981
335.9411,236.9087,178.6064,115.2623
334.0816,240.8775,177.7245,116.5265
332.2064,244.9464,176.8661,117.6064
328.0542,246.6624,175.9428,118.7881
326.1614,250.5578,175.1089,120.2364
324.2808,252.1444,174.2390,121.6942
322.4490,255.9907,173.2607,123.2855
320.6125,257.4963,172.2802,124.9277
316.5035,259.1559,171.1671,126.2742
314.7231,260.8530,170.0573,127.5506
312.9088,264.7580,169.0109,129.0903
311.0360,266.3084,168.0726,130.6734
309.1862,267.9025,167.0767,132.1806
304.9295,271.7945,166.1808,133.8059
303.0866,273.3922,165.1494,135.3279
301.3387,274.9451,163.9191,136.9483
299.5656,276.4893,162.7318,138.5932
297.8654,278.0698,161.3907,140.1737
296.1860,279.7489,160.0035,141.5615
294.4574,281.2907,158.7139,143.2247
292.6519,282.9067,157.5716,144.7462
290.8619,284.4312,156.3917,146.4570
286.8965,285.9949,154.7852,148.0983
285.3712,287.6831,153.0663,149.4912
283.8149,289.2881,151.4142,151.0459
282.2234,288.7926,149.8341,152.0369
280.5714,290.6927,148.3844,152.9905
278.7467,292.5301,147.2879,154.0616
279.2924,294.4025,146.1963,155.0623
277.5331,296.4548,144.9712,155.7013
273.6857,298.5143,143.1975,156.3165
272.4266,298.1539,141.0002,157.0374
271.2845,300.2026,138.5926,157.6319
267.8925,299.9258,136.0514,158.1855
266.7296,299.6682,133.7468,158.7007
265.5562,301.6595,131.4923,159.3194
264.3983,301.2424,129.2337,160.1535
263.1455,303.1800,127.1885,160.8290
261.7477,302.8847,125.4563,161.4196
260.3280,302.5709,123.7868,162.0473
259.0171,304.5671,121.9173,162.5461
257.8315,304.2394,119.8202,163.2014
256.7512,306.1440,117.5370,163.8362
253.4522,305.7613,115.3027,164.6016
254.4016,305.4480,113.4039,165.2283
251.1027,307.1854,111.2641,166.1223
252.0755,306.8305,109.3183,166.8321
248.8665,306.4355,107.0861,167.6220
247.9569,306.1508,104.6056,168.1916
245.2795,305.8903,101.4267,168.7125
246.4857,305.9144,99.0144,168.6643
243.8908,305.8439,95.8451,168.8054
244.8416,305.8090,93.9435,168.8751
242.2410,305.6694,90.9514,169.1543
241.4690,305.7270,88.4457,169.0392
240.7558,305.8472,85.8674,168.7988
240.0172,304.0463,83.3876,168.4436
237.4666,304.1657,80.6710,168.2048
236.9238,302.3914,77.8984,167.8951
236.2176,302.3538,75.5054,167.9703
235.3736,300.2867,73.4290,168.3400
232.6501,300.3858,71.4093,168.1418
231.4659,300.5900,70.0830,167.7334
230.3092,298.8995,68.7309,167.4491
229.3343,298.9049,67.0435,167.4383
228.4526,297.1499,65.1998,167.3413
227.5656,295.5892,63.4012,166.8900
226.5889,294.1293,61.8206,166.2758
225.5343,292.4754,60.4332,166.0871
224.3332,292.5193,59.3666,165.9992
223.0991,291.1017,58.3864,165.3860
223.4078,289.8679,57.7690,164.4319
222.2212,288.4743,56.7453,163.8223
221.0152,287.0500,55.7877,163.3012
221.4116,285.4750,54.9949,163.1063
220.3211,283.9810,53.8484,162.7668
219.2166,282.5259,52.7558,162.3754
218.1275,281.1783,51.6577,161.7945
218.4877,278.1426,50.9374,161.3706
217.2616,277.0802,50.1612,160.2671
214.4422,275.7940,49.4031,159.6409
212.8578,273.0176,49.3964,158.8427
211.2023,271.8524,49.5434,158.0090
209.5466,269.1767,49.6998,157.0505
207.7584,267.9937,50.1318,156.2722
205.9824,265.2278,50.5428,155.5217
204.1826,264.0344,51.0043,154.7704
202.3284,259.8028,51.5769,153.8260
200.4415,258.6652,52.2178,152.9683
198.5744,255.9113,52.8196,152.2113
196.6469,254.8178,53.5420,151.2659
194.7152,252.3014,54.2732,150.0343
192.8388,249.7457,54.8982,148.8900
190.9241,245.6081,55.6048,147.7969
188.9536,244.5689,56.4259,146.7554
186.9850,243.5045,57.2435,145.7646
186.5797,236.3212,58.0542,144.5309
184.5676,236.9762,58.9615,143.2208
184.2095,234.3117,59.6777,142.3216
183.7583,233.3683,60.5800,141.0946
181.7679,226.1708,61.4489,139.9294
181.3310,226.7897,62.3226,138.6916
180.9077,225.8263,63.1692,137.5105
178.9256,221.6889,64.0279,136.4684
178.4967,220.7558,64.8856,135.2291
178.1476,215.0242,65.5839,134.2829
176.1911,213.9892,66.3961,133.2523
175.6784,212.8673,67.4215,132.3964
175.3770,207.2152,68.0243,131.2810
175.0414,206.1265,68.6955,130.3596
173.1330,205.1191,69.4154,129.2775
172.6187,201.0629,70.4440,128.1099
172.1299,199.8584,71.4218,127.4251
168.6759,195.6846,72.1291,126.4721
168.1564,194.4352,73.1683,125.8728
167.6816,193.2370,74.1177,125.1621
167.2678,192.0363,74.9453,124.4512
165.2830,190.6815,75.7992,124.0450
164.7677,187.8582,76.8298,123.4433
164.1711,186.5762,78.0230,122.8747
163.6457,185.1087,79.0737,122.6658
161.6159,182.0302,79.9750,122.5060
161.0446,180.7178,81.1175,121.9597
160.5370,179.5713,82.1328,121.0709
160.1470,178.6723,82.9128,119.6835
158.1643,176.0937,83.7008,118.4862
157.7243,174.9669,84.5808,117.5675
157.3300,173.9321,85.3694,116.4642
155.3507,172.8360,86.1590,115.4875
154.9045,171.6578,87.0513,114.6766
154.4536,170.4307,87.9533,113.9615
153.9120,169.2287,89.0364,113.1923
151.8671,166.3521,89.9472,112.5875
151.4823,165.1323,90.7167,111.8426
151.1213,163.8804,91.4388,111.1608
150.7623,162.6556,92.1567,110.4237
148.8144,161.4037,92.8656,109.7405
148.4750,160.1190,93.5444,109.1219
148.1563,158.9028,94.1818,108.3651
146.1421,157.7948,95.0224,107.3933
145.7836,156.5942,95.7395,106.6085
145.3867,155.4719,96.5332,105.6676
145.0537,154.3460,97.1993,104.7359
143.0791,153.2149,97.9688,103.8185
142.8072,152.1411,98.5126,102.7889
142.4215,151.1489,99.2841,101.6032
142.0477,150.0963,100.0317,100.5450
141.7325,150.6606,100.6620,99.4163
141.4186,148.0926,101.2898,98.2507
141.0981,148.6703,101.9310,97.0953
139.2425,146.1516,102.5080,95.8646
138.9727,146.7882,103.0476,94.5914
138.6608,145.8808,103.6714,93.2945
138.4323,144.9167,104.1284,92.1220
138.2388,143.9763,104.5154,90.9136
138.1454,143.0354,104.7022,89.7198
138.0190,143.7233,104.9551,88.3438
137.8536,142.9522,105.2858,86.8448
137.6583,142.1013,105.6765,85.5245
137.5052,141.3057,105.9825,84.1089
137.3598,142.0237,106.2735,82.6727
137.2487,141.3145,106.4956,81.1215
137.1349,140.6452,106.7232,79.5122
137.0690,139.9514,106.8550,77.9749
136.9749,140.6648,107.0433,76.5479
136.8157,140.0276,107.3616,74.9411
136.7137,140.7511,107.5655,73.4943
136.6873,138.7091,107.6183,71.9008
136.7041,139.3830,107.5849,70.5531
136.7097,138.7187,107.5736,69.0915
136.6969,139.3723,107.5993,67.7843
136.6819,137.4673,107.6293,66.1062
136.7095,138.0245,107.5740,64.9918
136.7473,138.6920,107.4984,63.6568
136.7981,138.1021,107.3969,62.1634
136.7898,138.7540,107.4135,60.8595
136.8776,139.3918,107.2379,59.5839
136.9356,138.8558,107.1218,58.0557
137.0485,139.5373,106.8961,56.6927
138.4259,139.0176,106.6869,55.1864
138.4422,138.5169,106.6544,53.6712
138.4136,139.1183,106.7116,52.4684
138.4307,139.7251,106.6773,51.2548
138.5224,139.1741,106.4939,49.9083
138.5803,139.7038,106.3782,48.8489
138.6411,139.1666,106.2566,47.5210
138.7278,139.7713,106.0831,46.3115
140.0311,140.3651,105.8298,45.1240
140.2297,139.7789,105.4326,43.9679
140.3813,140.2619,105.1293,43.0018
140.4598,139.5791,104.9725,42.0864
140.5129,139.9605,104.8662,41.3236
140.5513,139.3074,104.7894,40.3827
140.5568,138.6426,104.7785,39.4831
140.6335,138.9744,104.6249,38.8194
140.6856,138.2098,104.5208,38.1499
140.7958,138.4189,104.3005,37.7317
140.8406,138.5888,104.2109,37.3920
140.9445,137.7206,104.0030,36.9614
141.0245,137.9007,103.8430,36.6011
142.1824,137.0925,103.6747,36.0702
142.2116,136.3027,103.6163,35.5143
142.2522,136.4640,103.5350,35.1918
142.2491,135.6224,103.5412,34.7576
142.2166,135.6450,103.6063,34.7125
142.1461,134.6817,103.7473,34.5294
142.0613,133.6608,103.9168,34.4628
142.0228,133.6865,103.9939,34.4116
141.9502,132.7645,104.1390,34.1459
141.8874,131.7757,104.2646,34.0168
141.8935,131.8290,104.2525,33.9101
141.8640,131.9250,104.3115,33.7181
142.9435,131.0323,104.2539,33.4020
144.0069,130.1498,104.2219,33.0722
144.0232,129.1416,104.1893,33.0004
145.0870,129.1433,104.1482,32.9970
146.0702,128.1783,104.2676,32.8411
148.1564,128.1832,104.2646,32.8314
149.2490,128.2054,104.1637,32.7868
151.2406,127.3323,104.3449,32.4509
153.3616,127.3606,104.2600,32.3944
154.3952,126.4459,104.2692,32.1475
155.4903,126.3966,104.1507,32.2460
158.5947,126.4052,104.1581,32.2289
159.5816,125.3884,104.2562,32.1906
162.6721,124.3919,104.2925,32.1112
163.7650,124.3286,104.1783,32.2378
168.9666,124.2671,104.1363,32.3608
168.9839,123.3661,104.1017,32.0888
171.1512,123.3810,103.9039,32.0589
177.4528,123.4225,103.6912,31.9759
177.5826,123.4594,103.4316,31.9023
179.7271,122.5597,103.2536,31.6461
185.9765,122.5338,103.0441,31.6979
186.1510,122.5070,102.6951,31.7516
190.3090,121.5582,102.5479,31.6068
192.4902,121.5288,102.2606,31.6657
196.7140,121.4474,101.9510,31.8284
198.8023,120.4208,101.8406,31.8486
205.0678,119.3204,101.5012,32.0174
205.2628,119.2822,101.1112,32.0938
212.6176,119.3050,100.5844,32.0482
213.7701,119.2802,100.2972,32.0978
221.1396,119.2330,99.6604,32.1922
222.2875,118.2201,99.3719,32.2108
228.5172,118.1154,98.9338,32.4202
229.6453,118.0388,98.6787,32.5733
236.9499,117.9653,98.0721,32.7203
238.1593,116.9095,97.6476,32.8376
245.4422,116.8509,97.0154,32.9547
246.6342,116.7616,96.6152,33.1334
253.9331,116.7432,95.8856,33.1700
256.1609,116.6231,95.3730,33.4103
263.4039,116.5320,94.6667,33.5925
267.6054,115.3946,94.1106,33.9055
273.8379,115.2750,93.4026,34.1448
275.0181,115.0609,92.9958,34.5729
282.1325,114.9167,92.4561,34.8614
288.2299,114.7169,91.9793,35.2609
291.4080,114.5166,91.4835,35.6616
298.4590,114.3375,91.0556,36.0197
300.6378,114.1656,90.6052,36.3636
307.7443,114.0609,90.0659,36.5729
313.8810,112.9738,89.4883,36.7978
317.0437,112.7496,88.9979,37.2463
323.9318,112.5318,88.8430,37.6819
330.8847,112.4091,88.5969,37.9272
333.2809,112.3343,87.7087,38.0769
339.7379,112.2742,86.4464,38.1971
346.1917,112.2842,85.0935,38.1771
348.6847,112.1673,83.9190,38.4108
355.9239,113.0168,82.6904,38.6046
362.0352,112.9902,81.7379,38.6579
368.0071,112.9353,80.9866,38.7678
372.8421,112.7546,80.5984,39.1291
379.5700,112.5333,80.1415,39.5716
384.3670,112.4475,79.8375,39.7432
391.1183,112.3422,79.3304,39.9539
395.7884,112.1798,79.2538,40.2786
401.4990,112.0692,78.9758,40.4999
405.9013,111.9386,79.4560,40.7612
412.4315,111.8608,79.4752,40.9166
416.2972,111.7708,79.2296,41.0967
423.1304,111.6957,78.6600,41.2469
426.8931,111.5998,78.5952,41.4386
432.6118,111.4939,78.3629,41.6504
437.4479,111.3345,78.0295,41.9694
443.0512,111.2050,78.0327,42.2283
446.6629,111.1014,78.3004,42.4355
452.2427,110.9729,78.4223,42.6925
454.1622,110.8656,78.3563,42.9072
460.7096,110.6963,78.4855,43.2456
462.5570,110.5821,78.5844,43.4741
468.2675,110.4296,78.5767,43.7792
469.1889,110.1348,78.6411,44.3687
473.9482,109.9535,78.7138,44.7313
475.8357,109.8378,78.7898,44.9628
480.4945,109.6186,79.1251,45.4011
481.4708,109.2525,79.1155,46.1333
486.1227,108.9764,79.5879,46.6855
486.1073,108.7195,79.6187,47.1994
488.8439,108.4870,80.0878,47.6642
489.7822,108.3088,80.2068,48.0207
490.4685,108.1594,80.8375,48.3195
491.3279,108.0281,81.1366,48.5820
492.1705,107.9156,81.4780,48.8071
492.0072,107.9411,81.8047,48.7560
492.8378,107.8967,82.1829,48.8448
492.7794,108.8744,82.2997,48.9361
492.6194,108.8073,82.6198,49.0704
494.3810,108.6044,83.2104,49.4761
494.2700,108.5559,83.4325,49.5732
495.2105,110.6167,83.6289,49.6066
494.9318,111.7209,84.1865,49.4793
494.7532,111.7958,84.5436,49.3295
495.4810,112.7684,85.1779,49.4741
495.1319,113.5980,85.8761,49.9167
495.6761,115.4893,86.9073,50.3735
496.4200,116.3408,87.5623,50.8132
496.2653,117.2197,87.8717,51.2153
496.0782,118.1358,88.2458,51.5541
495.7600,120.0977,88.8822,51.9954
496.5165,119.8728,89.5687,52.4453
497.3969,122.9910,90.0252,52.8607
497.3240,123.7387,90.1710,53.5963
497.2208,124.4384,90.3773,54.4426
497.1053,126.3160,90.6084,55.2134
496.9536,129.3608,90.9119,55.9621
497.7888,133.5294,91.5379,56.8111
497.5383,134.2720,92.0388,57.6460
497.3704,136.3851,92.3747,58.1030
497.0871,138.3942,92.9414,58.7934
496.8132,138.9944,93.4890,59.9675
496.4032,140.8070,94.3091,61.1466
496.0262,141.4995,95.0631,62.1958
495.5006,142.2565,96.1143,63.1448
494.9892,144.2671,97.1371,64.1127
494.6320,144.9492,97.8514,65.2745
494.2122,145.7209,98.6911,66.2871
494.2544,149.0688,98.6067,67.3479
494.1535,149.8934,98.8085,68.3006
493.9510,150.7779,99.2136,69.1522
490.5909,154.1481,98.0113,70.3343
489.8031,154.8610,96.9446,71.5506
489.9964,156.9473,96.5580,72.6700
489.8360,159.0666,96.8789,73.7481
489.4898,161.1741,97.5712,74.8946
489.0533,162.0085,98.4443,75.9360
488.2977,164.1527,99.9555,77.1286
487.7671,166.3496,101.0166,78.3006
487.1001,168.5972,102.3507,79.4417
486.4481,169.4480,103.6547,80.5974
485.9644,171.7364,104.6220,81.8125
484.8645,173.9817,103.8914,83.1828
482.4360,174.6962,102.8654,84.6953
481.0092,176.9665,102.7686,86.0553
479.6070,179.3214,102.6024,87.2868
479.6185,181.7332,102.5794,88.4391
477.9669,184.1623,102.8764,89.5931
476.2436,186.5755,103.2939,90.8251
476.0931,187.6435,103.5949,91.7445
474.3293,190.2190,104.0476,92.7430
474.0609,191.2929,104.5844,93.6931
472.2994,193.9629,104.9861,94.5956
470.4602,196.6089,105.5226,95.5877
468.5828,197.7588,106.1113,96.4539
466.6593,200.4248,106.7692,97.5001
466.4155,201.6110,107.2568,98.3438
464.5436,204.3672,107.7636,99.3055
462.7217,205.5669,108.1471,100.1662
460.8370,208.3822,108.6366,101.0955
458.9754,209.5498,109.0574,102.0626
457.0255,210.7761,109.6329,102.9343
455.0268,213.6694,110.2833,103.8420
453.0619,214.8866,110.8414,104.7792
451.0085,217.8683,111.5529,105.6063
448.9078,219.1681,112.3348,106.4263
446.8159,222.2169,113.0738,107.2181
444.8098,223.5136,113.6171,108.0935
442.8927,224.9015,113.9603,108.8091
440.9285,226.3121,114.3805,109.4958
438.8795,227.7268,114.9533,110.1917
436.7749,230.9895,115.6171,110.7571
434.5993,232.5620,116.4034,111.1769
432.4026,234.2208,117.2132,111.4431
430.0941,234.0665,118.2296,111.7515
427.7574,235.5855,119.2816,112.3349
425.4827,237.1569,120.1839,112.8393
423.2207,238.7564,121.0386,113.3094
420.8111,240.3102,122.1678,113.8919
416.5915,241.8956,123.1733,114.4379
414.1894,241.8200,124.2363,114.5892
411.7212,243.5524,125.4123,114.8847
409.3030,243.4416,126.4655,115.1063
406.7959,245.3900,127.6765,115.0127
404.2740,245.4313,128.8995,114.9300
399.6213,247.2379,130.5284,115.1552
396.9367,247.4403,132.0305,114.7503
394.1669,247.4775,133.6863,114.6760
389.2790,249.0601,135.6454,115.4190
386.3840,248.9294,137.4847,115.6805
383.6196,248.7255,139.0305,116.0882
380.8648,248.5902,140.5265,116.3588
378.0454,248.6013,142.1243,116.3368
375.1797,248.6980,143.7906,116.1433
372.2610,248.9806,145.5402,115.5780
367.2559,249.2373,147.3398,115.0647
364.4084,249.4844,148.9103,114.5704
361.4797,249.5891,150.6271,114.3611
356.3983,249.7787,152.4636,113.9819
353.4581,250.0240,154.1588,113.4913
350.4694,250.2386,155.9334,113.0621
345.2844,250.5183,157.8582,112.5027
342.1965,250.8102,159.7912,111.9190
339.0162,251.1181,161.8896,111.3031
333.6526,249.3956,164.0493,110.4644
328.3925,249.8153,165.9645,109.6249
325.1924,250.2224,168.0476,108.8107
319.8881,248.5659,169.9863,107.7887
316.7462,249.0312,171.9231,106.8582
313.6000,247.3565,173.8554,105.8473
308.2003,247.8077,175.9106,104.9449
305.1310,246.0837,177.6616,104.0055
302.0494,246.5912,179.4272,102.9904
296.8099,244.8795,181.0930,102.0073
293.7541,243.2199,182.7900,100.9118
288.4907,243.7508,184.4750,99.8500
285.3165,242.1107,186.3955,98.7026
280.0057,240.5196,188.1445,97.4484
274.7638,238.9800,189.7474,96.0872
271.7042,237.4463,191.4261,94.7140
268.6564,238.0053,193.0803,93.5961
263.3547,236.5096,194.7916,92.1415
260.3752,235.1957,196.3047,90.3233
257.4888,236.0422,197.6415,88.6304
250.1019,234.7192,199.1380,86.8507
247.0064,233.3839,200.9130,85.1050
244.0019,234.1576,202.5110,83.5577
238.7133,232.7708,204.2751,81.9248
235.6706,231.3965,205.9576,80.2704
232.7889,230.0050,207.3235,78.6558
229.8641,228.6405,208.7849,76.9967
224.7611,227.2638,210.2324,75.3709
221.9690,225.8220,211.4461,73.8839
217.0993,224.3763,212.4636,72.4146
214.2893,222.9589,213.7350,70.9007
211.6225,221.5860,214.7296,69.3074
209.1210,222.3038,215.4085,67.8719
204.0549,220.9964,216.9264,66.1793
201.1363,217.6747,218.4661,64.2279
198.7058,218.3757,219.0442,62.8258
194.2153,217.1909,219.4950,60.9305
192.0910,215.9007,219.5077,59.2749
190.1467,214.5518,219.1913,57.7676
188.1412,213.0046,219.0300,56.6898
186.0123,211.2872,219.1382,55.9748
183.8702,207.3385,219.2847,55.5970
181.8368,205.2733,219.2190,55.5950
179.5905,203.0843,219.5801,55.8415
177.2259,200.9596,220.1679,55.9495
175.1205,196.7762,220.2272,56.0131
171.3927,196.5452,219.3754,56.4750
169.4318,192.4350,219.1468,56.3947
167.6036,190.2588,218.6575,56.6013
167.7861,190.1096,218.2925,56.8998
165.6028,188.0611,218.5160,56.8536
163.2494,185.9136,219.0772,57.0031
163.0831,183.6833,219.4099,57.3074
163.2448,183.1762,219.0864,58.3217
161.1860,180.8785,219.0229,58.7359
161.4514,178.6859,218.4920,58.9328
159.6598,176.7953,217.8909,58.5298
157.8368,176.8574,217.3686,58.4056
155.8315,174.9385,217.2207,58.0848
156.0059,173.0244,216.8718,57.7624
156.2055,173.0507,216.4725,57.7100
156.3901,173.0458,216.1035,57.7197
154.3970,171.0096,215.9615,57.6643
152.8542,170.9764,214.9225,57.7305
153.3144,170.9291,214.0020,57.8251
151.6788,168.8987,213.1729,57.7856
152.0448,166.8487,212.4409,57.7978
152.3437,166.7237,211.8432,58.0477
152.5069,166.6054,211.5166,58.2844
150.7229,164.6173,211.0108,58.1866
150.9005,164.5446,210.6556,58.3321
149.0485,164.5280,210.2970,58.3652
149.4265,164.5481,209.5409,58.3251
149.6632,164.5347,209.0675,58.3518
147.8734,162.6024,208.6063,58.1757
148.1752,162.5352,208.0028,58.3101
148.4928,162.4913,207.3676,58.3980
148.7359,162.4952,206.8815,58.3902
148.8763,160.5141,206.6007,58.3420
148.9998,160.3860,206.3537,58.5980
149.1852,160.2699,205.9828,58.8303
147.3913,160.1910,205.5645,58.9880
147.6558,160.1248,205.0356,59.1205
147.8923,160.1151,204.5626,59.1398
147.9419,158.1353,204.4633,59.1077
148.1187,158.1213,204.1098,59.1356
148.3398,158.1246,203.6676,59.1289
148.4746,158.1047,203.3980,59.1688
148.6117,158.0974,203.1237,59.1836
148.7404,158.0612,202.8665,59.2558
