1
545.5706,24.3512,32.8589,13.7474
545.6652,24.7929,32.6697,13.5824
545.7309,24.8412,32.5382,13.4857
545.4374,25.2380,32.4160,13.4013
545.4412,26.0085,32.4085,13.2719
545.4960,26.3876,32.2988,13.2172
544.7799,26.7176,32.3294,13.2580
544.7440,26.7086,32.4011,13.2759
544.3697,27.0616,32.4464,13.2733
543.2502,28.4773,32.5735,13.2580
542.4866,28.4554,32.6895,13.3017
542.0645,28.7675,32.8258,13.3856
541.3246,30.8857,32.8826,13.4178
538.7793,30.8635,32.9833,13.4622
538.6462,31.1623,33.2495,13.5797
537.1382,33.6672,33.3812,13.6170
536.7228,33.5939,33.4885,13.7637
535.5974,35.7377,33.5562,13.8424
533.3328,35.7116,33.7047,13.8947
532.9122,36.4130,33.8126,13.9583
531.0107,38.2290,33.9362,14.0057
530.2061,39.3307,34.0685,14.0178
527.4774,40.4313,34.3415,14.0384
525.5920,43.0224,34.3878,14.0708
524.3358,44.0574,34.6615,14.2393
521.9229,44.7888,34.9688,14.2826
520.6973,47.0171,35.1450,14.3759
517.9899,49.2402,35.2222,14.5049
516.3664,49.9819,35.4054,14.5533
513.4991,52.1891,35.7540,14.7556
511.8496,54.0342,35.9409,14.9556
509.4233,56.2594,36.0875,15.2109
506.5952,58.1587,36.2072,15.3671
504.0311,60.4050,36.5628,15.6473
502.2611,62.6576,36.8805,15.9753
499.1957,64.9668,37.2998,16.2525
496.1994,66.8825,37.5041,16.5555
493.2174,69.2546,37.6217,16.8225
489.9608,71.6366,38.2437,17.1081
486.7152,74.8612,38.7453,17.5041
483.6918,76.8854,38.7029,17.8053
480.3881,80.2459,39.1886,18.0806
477.0713,83.1508,39.6171,18.4758
473.3451,86.1663,39.8729,18.7418
469.6025,89.1222,40.0945,19.1856
465.6965,91.6930,40.5552,19.5574
461.8282,95.2564,40.8349,19.8875
457.9499,98.2635,41.0563,20.4668
453.9666,101.8326,41.3811,20.9702
449.8068,105.0219,41.9515,21.3724
445.6092,108.6849,42.4748,21.9181
441.3059,112.4086,43.0729,22.4793
436.9352,116.2561,43.6582,22.9402
431.4702,120.1549,44.2281,23.4309
425.9934,124.6119,44.6532,23.9923
421.4135,128.5981,45.2632,24.5698
416.2896,132.6137,45.7227,25.2392
410.4652,137.7715,46.3133,25.9820
405.0283,141.9239,47.0425,26.6947
397.7729,146.7446,47.7520,27.4042
392.7341,151.1336,48.4481,28.0075
387.5300,156.0383,49.3107,28.9370
379.2780,161.0563,49.9318,29.8970
374.0121,166.2211,50.4859,30.7922
367.3231,172.0566,51.1585,31.8267
361.1613,176.7636,51.8005,32.7963
354.2040,183.5265,52.4770,33.8323
345.8312,188.5016,53.0075,34.6921
340.0734,193.5020,53.5349,35.6797
333.5363,200.6144,54.0280,36.8319
325.4071,205.7570,54.6174,37.9423
317.1290,211.7338,55.2049,39.0539
310.2162,219.2867,55.7201,40.2165
302.4025,224.6684,56.2887,41.5000
295.2523,230.2284,56.7690,42.6646
285.6482,236.6303,57.2339,43.9182
279.0780,243.1309,57.6583,45.2224
272.3229,249.7625,58.2310,46.5141
263.0521,255.6408,58.6562,47.9330
256.0886,262.4889,59.1716,49.3249
248.2123,268.4576,59.5626,51.0423
240.9977,275.4962,60.0676,52.6296
231.8485,281.7636,60.6281,54.2852
224.4251,288.2489,61.0031,55.7865
216.8129,293.7534,61.5176,57.6488
209.0985,299.5508,61.9352,59.1885
202.2310,305.4246,62.3189,60.7924
195.2850,311.4073,62.6398,62.3979
188.1902,314.6120,63.0457,63.8649
182.0658,320.7517,63.3031,65.5756
176.8953,322.1347,63.4966,66.8686
171.5995,328.7440,63.8239,68.0198
166.2895,330.0869,64.0640,69.4862
164.1262,335.6952,64.1852,70.8858
159.8329,336.1108,64.2660,72.1809
157.6425,338.8134,64.3509,73.2193
155.4177,339.4439,64.4698,74.1238
153.2184,341.2423,64.5060,74.8895
152.1168,342.0414,64.5155,75.4849
152.0164,341.8957,64.7164,75.7763
