1
166.3046,158.9207,267.3908,141.1585
166.1387,159.0839,267.7225,140.8322
166.0662,159.0969,267.8677,140.8062
166.0588,159.1680,267.8824,140.6641
166.1269,159.1132,267.7462,140.7736
166.3282,159.0358,267.3436,140.9283
166.4978,158.8596,267.0045,141.2808
166.7907,158.5790,266.4185,141.8420
167.0460,158.2460,265.9081,142.5080
167.4129,154.6743,265.1742,143.2935
167.7835,154.1654,264.4330,144.3112
168.2251,153.5008,263.5497,145.6404
168.6444,152.7452,262.7112,147.1516
169.1333,152.0901,261.7333,148.4619
169.6759,151.3131,260.6481,150.0159
170.2585,150.4635,259.4830,151.7151
170.8957,149.6669,258.2086,153.3082
171.5596,148.8423,256.8807,154.9575
172.2038,148.0988,255.5923,156.4445
172.9173,147.2276,254.1654,158.1869
170.4226,142.9944,252.7052,160.2037
171.1897,142.0020,251.1710,162.1884
171.8958,141.0361,249.7589,164.1203
169.3156,140.0486,248.4365,166.0953
170.0711,139.0907,246.9254,168.0110
170.8407,138.1233,245.3862,169.9459
171.6075,137.0559,243.8526,172.0807
172.5159,135.8649,242.0358,174.4626
173.4061,134.6909,240.2553,176.8106
174.2647,133.4205,238.5381,179.3514
175.1784,132.1505,236.7107,181.8914
176.2197,131.0118,234.6282,184.1688
177.1333,129.7697,232.8009,186.6530
178.0424,128.4767,230.9828,189.2390
179.1200,127.1942,228.8276,191.8040
180.1323,125.9320,226.8030,194.3284
181.1023,124.7983,224.8631,196.5959
182.1907,123.6452,222.6861,198.9020
183.1981,122.5105,220.6713,201.1715
184.2855,121.3959,218.4965,203.4007
188.6803,120.1172,216.3499,205.9580
189.6583,118.9620,214.3940,208.2684
193.9706,117.8586,212.4253,210.4753
198.3524,120.0403,210.3216,212.7718
199.3889,118.8054,208.2485,215.2415
203.8551,117.7057,205.9850,217.4408
204.9778,119.8496,203.7397,219.8206
209.4070,121.9846,201.5504,222.2196
210.3551,120.8835,199.6541,224.4219
211.3386,119.6594,197.6871,226.8701
212.4001,118.4551,195.5641,229.2787
213.4974,120.6713,193.3695,231.5314
214.5986,119.5438,191.1671,233.7864
215.7071,118.4095,188.9501,236.0551
216.7678,117.3219,186.8287,238.2303
217.9115,119.7045,184.5413,240.1466
219.0542,118.5979,182.2558,242.3598
220.2097,117.5503,179.9449,244.4549
221.4308,116.6602,177.5026,246.2352
222.6374,115.6755,175.0895,248.2046
223.9577,114.7771,172.4488,250.0015
225.2209,117.2526,169.9225,251.6751
226.5510,116.4310,167.2622,253.3183
227.9658,115.6799,164.4326,254.8204
232.7347,114.8250,161.4588,256.5303
234.2253,117.3442,158.4777,258.0317
235.6874,116.5677,155.5533,259.5846
237.1375,115.8930,152.6531,260.9340
238.6109,115.2569,149.7063,262.2063
240.0093,114.6660,146.9097,263.3880
241.4713,114.1023,143.9857,264.5155
242.9442,113.6802,141.0399,265.3597
244.4128,113.1159,138.1026,266.4883
245.9074,112.5660,135.1134,267.5881
247.3580,112.0744,132.2122,268.5714
248.7654,111.6410,129.3973,269.4380
250.1759,111.2327,126.5763,270.2548
251.5558,110.5406,123.8166,271.6388
252.9078,109.9722,121.1127,272.7758
254.3194,109.3377,118.2894,274.0447
255.7440,108.8191,115.4401,275.0819
257.1740,108.2176,112.5802,276.2848
258.6710,107.6801,109.5862,277.3598
260.1235,104.1311,106.6812,278.5091
261.5983,103.4967,103.7316,279.7779
263.1392,102.9066,100.6498,280.9582
264.7731,99.3385,97.3821,282.2549
266.3709,98.7398,94.1864,283.4522
268.0411,98.4837,90.8461,283.9645
269.7045,95.3220,87.5192,284.5846
271.4565,95.0516,84.0152,285.1254
273.2209,92.1132,80.4864,285.4088
275.0425,91.9771,76.8432,285.6809
276.8567,91.7318,73.2148,286.1716
278.6284,91.4203,69.6713,286.7946
280.3706,91.1681,66.1870,287.2990
281.9775,93.5816,62.9731,287.7594
283.5217,93.3272,59.8848,288.2682
284.9705,95.5693,56.9872,288.9634
286.3380,95.1183,54.2521,289.8654
287.6490,97.4927,51.6301,290.2083
288.7529,97.1943,49.4225,290.8052
289.6702,99.4937,47.5879,291.2159
290.3348,99.1067,46.2587,291.9900
290.7455,98.6506,45.4371,292.9021
290.9427,100.6273,45.0428,293.9077
293.5286,100.2772,44.8361,294.6079
293.1206,102.5468,45.6521,295.0394
292.6008,104.9673,46.6917,295.1913
291.8823,107.3579,48.1287,295.4260
291.0493,107.2930,49.7948,295.5557
290.1487,107.3597,51.5958,295.4224
289.2191,109.7708,53.4550,295.7167
288.2423,109.8690,55.4087,295.5202
287.2794,109.9535,57.3345,295.3514
286.3801,110.0071,59.1331,295.2441
285.5051,109.9886,60.8831,295.2812
284.6230,109.7112,62.6472,295.8359
283.8524,109.6052,64.1885,296.0479
280.3833,109.5558,65.7554,296.1467
279.7044,112.2636,67.1134,296.1338
276.1982,112.2208,68.6971,296.2194
272.7558,112.1375,70.1215,296.3860
272.1073,112.0833,71.4184,296.4946
268.5818,111.9284,72.9532,296.8044
265.2359,111.9228,74.0952,296.8156
264.7244,112.0518,75.1182,296.5576
261.4532,109.0821,76.0732,296.9095
260.9722,109.0218,77.0351,297.0302
260.6384,108.8741,77.7028,297.3255
260.3949,108.7526,78.1898,297.5685
260.3183,108.6338,78.3430,297.8061
260.3560,108.4286,78.2677,298.2165
260.4702,108.2175,78.0392,298.6387
260.7264,108.1544,77.5268,298.7649
261.1269,108.2170,76.7258,298.6397
261.5762,108.1250,75.8272,298.8236
262.0448,108.0653,74.8899,298.9431
262.6165,108.1189,73.7467,298.8358
263.1418,108.0499,72.6960,298.9738
263.7594,107.9673,71.4608,299.1391
264.4540,107.9910,70.0716,299.0917
265.1555,105.2270,68.6686,299.0929
265.9286,105.3021,67.1224,298.9426
266.7624,105.3839,65.4548,298.7791
267.6668,105.4403,63.6461,298.6662
268.5762,108.2028,61.8272,298.5386
269.5105,108.2196,59.9586,298.5050
270.4995,108.2680,57.9806,298.4082
271.4451,108.1791,56.0894,298.5860
272.4526,108.2944,54.0744,298.3552
273.4259,108.3295,52.1279,298.2851
274.2952,105.7701,50.3891,298.2372
275.1169,105.8660,48.7459,298.0454
275.8875,105.8846,47.2046,298.0081
276.5454,106.0220,45.8889,297.7333
277.1139,106.2150,44.7518,297.3475
277.5399,103.6600,43.8997,297.4506
277.9510,101.2065,43.0775,297.3665
278.2782,101.2088,42.4233,297.3619
278.4705,98.7132,42.0386,297.3930
278.6058,98.4977,41.7680,297.8239
278.8171,96.1792,41.3454,297.5077
278.8562,99.1140,41.2673,296.5783
278.8503,96.8542,41.2790,296.1721
278.8061,99.5538,41.3674,295.6935
278.8525,99.5729,41.2746,295.6552
278.7964,99.4585,41.3869,295.8842
278.7332,99.3363,41.5131,296.1284
278.5793,96.7606,41.8209,296.3551
278.4260,96.5803,42.1276,296.7158
278.2757,96.5062,42.4282,296.8640
278.0905,96.4757,42.7987,296.9248
277.9371,96.5360,43.1053,296.8044
277.7447,96.5313,43.4901,296.8138
275.2935,96.5282,43.4185,296.8199
275.0478,96.5611,43.9100,296.7542
274.8699,96.6472,44.2657,296.5820
270.0495,97.1703,43.9336,295.5357
269.7508,99.9570,44.5310,294.9277
269.4643,102.6515,45.1040,294.5077
269.2187,102.7834,45.5953,294.2439
268.9725,103.0031,46.0876,293.8044
268.7647,105.6230,46.5031,293.5492
268.5739,105.8698,46.8848,293.0556
268.3679,106.1284,47.2969,292.5383
268.1753,108.7592,47.6820,292.2680
267.9561,108.7739,48.1204,292.2386
267.7257,108.9087,48.5813,291.9690
267.4637,109.1225,49.1053,291.5414
