1
387.6577,472.2487,60.8247,64.6327
393.7257,465.6733,62.5169,65.9305
400.9381,458.0693,64.2730,66.9803
401.7364,457.0194,66.8102,67.0131
396.4430,457.1899,68.9672,66.6721
385.7070,459.2352,71.2155,66.8535
376.1307,465.9923,72.9756,66.3835
366.3933,474.8094,74.8983,64.1075
366.7896,486.2191,76.2932,63.1622
384.3829,507.6232,74.0122,66.4221
392.2054,505.8876,73.8427,67.6824
417.8863,494.4271,71.5015,70.5495
457.6108,477.3631,74.8219,66.6484
474.3344,494.2666,79.2328,64.0187
2
0
0
0
0
1
979.2070,380.0010,78.1602,39.2825
1035.7223,373.5119,80.0404,39.4929
1092.7979,365.1047,82.7631,39.6110
1143.6995,356.5046,83.3959,39.7386
1195.3573,345.1200,85.0428,39.6067
1247.4585,337.3609,85.0663,39.6842
1297.7098,326.0954,85.0173,39.0335
1343.1211,319.3343,84.4212,39.1178
1386.6134,311.0257,81.5870,38.5224
1422.7491,300.9430,80.0276,38.2185
1462.7914,293.1749,78.7540,37.2593
1497.2773,286.8311,76.2907,37.3642
1491.2379,287.5461,76.0258,37.6976
1491.4749,294.1983,77.3171,36.7504
1515.2443,293.6616,75.7389,36.0561
1535.8397,295.7804,79.5956,33.5512
1571.2400,290.2497,78.5777,35.8897
1563.9104,309.5481,75.5265,38.0263
1572.3949,322.1530,72.6671,41.0355
1583.4731,326.4832,70.0156,46.5606
1593.7596,323.8346,67.7079,51.8578
1598.7455,315.0571,65.2514,56.2613
1600.5618,305.9642,63.5311,59.1490
1601.1699,298.7924,62.3148,59.9709
1601.2487,292.3406,62.1573,59.3948
1600.7737,285.3647,63.1072,58.0339
1601.7617,279.1742,64.9459,57.0638
1601.5908,273.7705,67.2080,54.4283
1598.0973,268.7873,70.3694,51.0046
1595.4500,264.1638,75.6640,46.9144
1594.0854,259.0660,80.3099,43.6906
1592.2272,252.3807,82.0952,41.6102
1591.9172,245.5315,82.7151,41.8557
1593.2343,237.5061,82.0161,42.4250
1591.3381,229.7169,80.0042,44.4601
1585.7476,224.6902,77.6054,46.7536
1577.5730,218.9863,74.5217,48.4450
1572.5355,217.3744,71.1178,49.7433
1566.2081,215.3765,68.6056,51.8433
1560.4808,211.5514,66.8146,53.8167
1557.9866,205.1235,66.1123,55.2909
1552.3291,203.7052,65.9675,56.2173
1550.2533,199.7695,66.2738,56.3984
1543.4214,199.9218,66.4255,56.0936
1541.7301,199.3756,65.9528,55.2583
1535.6277,199.7045,64.8087,54.6006
1529.0811,202.2412,64.7508,53.2846
1515.5442,207.1638,63.9750,52.7227
1491.6694,206.3267,65.8339,52.5611
1451.3741,199.7125,66.3777,52.7588
1399.0153,209.9559,69.9482,52.8759
1336.3685,224.2172,73.6792,53.2967
1282.1906,235.9889,74.4041,53.6714
1227.0464,246.4483,76.1352,52.8558
1177.6497,260.7327,75.7982,52.6099
1130.7144,268.5038,75.0148,53.1791
1080.6339,281.9857,76.6139,52.3643
1035.0962,289.7635,76.6922,52.9861
986.5048,303.6144,78.2943,53.7549
937.4944,317.6784,79.0008,54.6143
890.2759,330.2676,79.1451,56.6761
841.7682,346.3730,80.2390,56.4391
795.1501,361.7299,81.2730,57.8887
745.8368,377.8520,83.8136,58.4013
699.9437,396.4855,84.1432,59.0551
654.6134,416.0845,84.9470,60.2927
610.7332,434.9857,86.1059,61.2331
566.3770,453.1634,86.9617,61.8701
521.5176,471.4714,87.9327,62.6215
474.9673,494.6180,88.8941,63.5792
437.7218,515.0715,86.8133,65.7439
428.3669,513.4921,86.3493,64.1090
415.2625,514.6775,84.2026,66.4642
411.1669,517.8123,80.5509,69.6690
412.2732,525.9868,78.3384,72.2330
409.6135,538.1188,76.5456,74.0468
410.3282,547.4786,72.7449,76.6702
406.6261,555.7132,68.3850,79.0234
405.7232,555.0103,65.5511,80.4293
405.9715,553.8546,62.7585,82.7406
405.1333,552.2446,62.1490,83.6746
373.0295,551.6729,64.5220,82.5280
378.9677,551.3722,64.2026,83.1292
388.1801,545.4789,64.3010,83.3388
395.9735,539.1837,64.9556,82.0081
407.4525,537.2183,67.4129,79.0074
414.4538,531.5967,69.5385,76.4264
418.0402,525.2541,71.5579,73.0256
421.1577,527.5692,72.1535,70.6722
421.5455,529.2154,71.3779,69.6290
420.6498,531.0802,70.9488,68.1199
420.5821,531.0228,71.0841,66.0448
417.1242,531.8082,71.5225,64.4740
407.8161,533.2001,75.1519,61.6902
405.0392,533.6486,78.5534,58.6408
404.4311,533.2437,79.7696,57.2957
406.2209,530.3860,78.3412,58.7086
406.9503,528.5773,76.8824,60.1733
406.0719,527.1863,78.6392,58.6467
388.6046,524.3773,81.2301,57.7959
394.8703,523.4766,81.7883,57.4158
397.6693,519.8584,80.5578,58.1008
398.3970,520.1166,79.1025,59.7608
404.4259,515.6790,75.7708,62.0914
412.7727,514.1727,72.0875,65.1041
421.1958,507.7473,70.3599,67.1560
426.3503,505.3801,70.8781,67.5593
433.9174,495.3909,73.1836,67.9181
454.8492,480.1182,75.7537,67.3600
494.8561,448.8255,79.0932,64.6143
563.6096,432.1837,83.9811,61.7343
632.9337,414.8708,89.4792,59.7516
705.5589,405.5308,91.5482,59.7243
779.6943,397.1411,92.5260,59.9204
853.7602,385.7796,94.7731,58.7738
928.2279,376.6200,97.1253,57.8818
1002.5245,368.5439,101.0816,57.0842
1079.1954,358.6374,103.1348,54.6978
1140.2317,351.5681,103.8684,51.6435
1206.6606,344.2147,101.3791,49.4507
1268.7305,337.0828,101.2495,47.3358
1331.9512,323.9548,99.0675,45.9786
1394.1042,316.8261,96.0244,44.5168
1450.4158,308.5683,94.3657,43.6262
1507.2479,295.0995,91.7765,42.7950
1558.0051,284.6440,88.2029,44.9515
1589.0577,284.8408,88.1701,42.4887
1596.9023,284.4409,84.6365,43.2885
1597.5272,275.3693,81.3986,45.5271
1603.9706,276.4582,82.3633,43.3494
1605.4525,270.5103,85.2665,41.5549
1609.7424,265.9856,88.4906,38.8004
1602.9493,270.4424,90.2805,37.7509
1586.7633,245.9206,85.1588,43.3806
1586.6061,242.5325,81.4786,48.1594
1583.3597,247.0077,79.8728,51.3567
1581.3174,244.0874,79.8488,53.0886
1580.4579,236.8688,81.5678,52.9456
1579.4952,241.5347,83.4931,52.0391
1571.7220,243.9182,86.3198,49.3921
1569.2548,246.0077,89.1372,47.3304
1566.6451,247.6541,92.2325,46.1614
1570.2701,251.3850,91.4296,47.2956
1555.2821,251.5965,93.3668,46.8725
1547.9161,246.3954,95.0311,46.3850
1543.1519,238.5806,91.3967,48.8517
1537.8727,229.6349,86.6735,51.4615
1537.7246,223.1101,82.6545,53.7231
1534.6353,222.7539,80.2909,56.5710
1534.3455,226.7982,78.7232,59.2184
1527.4150,233.1849,77.4161,61.6132
1521.9718,239.5274,75.1870,62.0434
1517.6444,242.1480,73.0486,61.1196
1513.1559,249.4254,71.4718,59.2295
1505.1357,257.2516,71.0638,57.9692
1489.7609,265.6317,71.3726,57.4442
1463.8770,267.8818,74.5249,54.9698
1416.3217,276.4153,74.0627,54.1705
1362.7129,290.1577,74.5735,52.8591
1310.6970,302.7157,74.6302,51.7372
1260.0382,312.2630,74.8732,50.4794
1214.2616,323.3949,74.0860,49.8272
1164.5245,333.2169,74.5172,49.6034
1119.7567,344.3108,74.5926,48.8081
1070.8826,352.9929,75.7069,48.8382
1025.5889,365.8142,76.5989,48.5442
980.2107,373.9516,77.2717,47.9360
934.2762,384.3600,77.1054,48.6596
889.2452,394.6250,76.6465,47.8079
845.0087,402.6322,77.5175,47.3672
804.7862,416.0473,77.9179,47.8694
759.7723,424.1557,79.4433,47.3863
720.2535,433.0018,79.2288,47.5258
675.1133,445.8108,80.3881,47.6538
636.6251,453.0728,81.3696,47.1289
598.6935,459.9255,81.0218,47.4623
561.2355,466.7855,81.7141,47.7848
522.9203,476.4477,83.5386,46.6564
485.3772,484.8114,83.5282,46.1661
450.0461,492.8352,83.4508,46.2876
417.7323,500.3670,85.3945,45.3783
386.7285,501.7972,84.3120,44.5531
356.3235,502.7516,84.9695,44.6495
327.5949,506.2658,85.9674,43.6703
309.3114,500.1035,86.2791,45.9238
306.1503,497.9146,88.4861,48.2442
297.2997,496.2206,89.1490,49.5022
287.0453,495.1529,92.3694,49.4766
274.0993,495.0205,93.9722,49.7415
268.5436,494.1022,93.9023,51.5781
266.2790,499.1714,91.6316,55.0396
265.4493,502.7890,88.7073,59.2632
232.0994,509.4231,85.8467,64.5443
227.2435,508.6685,83.7465,68.4160
236.5785,509.3497,84.2222,69.4469
242.9776,507.6457,85.9270,68.0205
247.1108,506.1188,87.3417,66.2338
247.7645,508.2531,86.0343,66.7907
281.2972,551.8549,83.8207,68.4581
288.4097,569.4326,81.5708,71.6234
300.3468,581.4321,81.8091,74.1479
310.8261,582.5931,80.4927,74.2811
320.3901,583.2919,80.8597,72.8837
335.4744,577.0183,82.1557,70.9087
363.5243,567.3611,83.8680,73.3612
412.7744,542.1500,86.8291,69.3407
487.9802,533.5969,91.1144,66.8028
562.8686,524.3287,97.5466,63.0237
631.2480,516.9022,99.0585,60.2787
708.2792,510.7445,101.9038,57.6505
775.8026,507.7641,101.2302,56.1462
852.3297,501.5836,102.7031,53.7901
918.7673,496.5430,101.2734,51.7005
983.5259,497.4471,100.1253,49.8924
1047.6362,493.2997,97.6781,48.8705
1110.1608,492.3365,95.5131,48.5213
1171.8898,492.1443,95.1381,46.6678
1231.2758,484.8702,95.1828,45.8139
1291.2235,484.1349,93.3381,45.0983
1348.7751,481.7710,92.0130,43.3860
1400.0000,481.5569,90.2486,41.7165
1453.2384,475.7691,87.9521,41.0356
1501.0607,475.0924,86.1866,40.3915
1547.8586,466.6656,84.7328,41.5614
1555.9847,469.8468,84.1575,43.0375
1565.3617,485.5400,83.1944,43.2788
1588.8694,501.0791,81.4142,43.6685
