1
304.5721,110.2700,234.8558,360.4600
305.7922,110.1942,232.4155,360.6117
306.8601,110.1301,230.2797,360.7397
307.8544,109.9944,228.2911,361.0112
308.9083,109.7348,226.1835,361.5304
309.9632,109.4906,224.0736,362.0188
310.9443,109.2355,222.1114,362.5291
312.0625,108.9592,219.8751,363.0815
313.1140,108.7982,217.7720,363.4036
314.2008,108.7894,215.5983,363.4211
315.1104,108.4186,213.7793,364.1628
316.2146,108.0831,211.5709,364.8339
317.3067,107.7058,209.3866,365.5883
318.4311,107.3304,207.1377,366.3392
319.6113,107.2033,204.7774,366.5935
320.6890,106.9781,202.6220,367.0439
321.6053,106.6127,200.7895,367.7746
322.5614,106.2761,198.8771,368.4477
323.6423,105.7898,196.7155,369.4204
329.3182,105.3196,194.1749,370.3608
330.5364,105.0906,191.7384,370.8188
331.7713,104.8658,189.2686,371.2684
333.0567,104.7184,186.6977,371.5632
334.4450,104.7647,183.9212,371.4705
340.2711,104.7223,180.8897,371.5555
341.5428,104.5483,178.3465,371.9034
342.8665,104.5742,175.6990,371.8517
344.1540,104.7539,173.1239,371.4923
345.4045,104.7922,170.6229,371.4156
346.5344,104.7629,168.3632,371.4742
347.6002,104.7400,166.2316,371.5201
348.7516,104.7494,163.9288,371.5011
349.9449,104.8292,161.5421,371.3415
350.9432,104.5205,159.5455,371.9590
356.2231,104.3460,157.1871,372.3079
357.2968,104.1519,155.0397,372.6963
358.3212,103.9132,152.9909,373.1737
359.2856,103.6292,151.0621,373.7416
360.5064,103.3212,148.6205,374.3576
361.4574,102.8260,146.7186,375.3479
366.2249,102.1247,145.2054,376.7505
367.0631,101.5201,143.5291,377.9598
367.8200,100.7215,142.0153,379.5569
368.5009,95.8515,140.6536,381.2990
369.1703,94.9912,139.3147,383.0197
369.7628,90.0989,138.1297,384.8054
370.2522,89.2627,137.1508,386.4780
370.6828,88.4387,136.2896,388.1258
375.3800,87.7389,134.9123,389.5255
375.7661,87.0624,134.1399,390.8786
376.1548,82.3752,133.3626,392.2359
376.5520,81.9454,132.5682,393.0953
376.9676,81.5621,131.7371,393.8620
377.4606,81.2971,130.7510,394.3921
378.0345,81.1971,129.6033,394.5921
378.6362,76.9710,128.3999,395.0572
379.2652,76.9026,127.1418,395.1941
379.9272,76.8757,125.8179,395.2478
380.5410,76.6546,124.5902,395.6900
381.1947,76.5365,123.2829,395.9263
381.7891,72.6498,122.0940,395.8100
382.4702,72.7416,120.7318,395.6264
382.9856,68.5765,119.7010,396.1183
383.7461,68.6659,118.1800,395.9395
384.3528,64.7014,116.9665,396.0731
384.8272,64.0788,116.0178,397.3182
385.4312,60.0820,114.8099,397.5373
386.1213,59.9800,113.4296,397.7414
386.7556,59.9742,112.1611,397.7529
387.3462,59.6666,110.9798,398.3680
384.2338,59.3118,109.5093,399.0777
384.8513,59.3792,108.2741,398.9429
385.5109,59.7361,106.9550,398.2291
386.1378,60.1005,105.7013,397.5002
386.7333,56.7394,104.5101,396.6383
387.4146,57.5868,103.1476,394.9437
388.0775,58.3820,101.8219,393.3532
388.7100,59.2208,100.5568,391.6756
389.3093,59.7363,99.3583,390.6447
389.8292,60.2058,98.3184,389.7057
390.4107,60.7717,97.1554,388.5738
391.0176,61.3564,95.9416,387.4044
388.1424,62.0905,94.4345,385.9363
388.6704,59.0396,93.3784,384.8297
389.2162,59.7095,92.2870,383.4899
389.8156,60.5530,91.0881,381.8029
390.5265,58.0212,89.6662,379.7801
391.1003,58.7343,88.5188,378.3538
391.4113,59.3872,87.8968,377.0479
391.6714,59.8355,87.3765,376.1515
391.9664,60.3178,86.7864,375.1868
392.4716,57.5563,85.7760,373.7981
393.0211,58.2304,84.6772,372.4498
393.3645,58.7922,83.9904,371.3263
393.6120,59.3523,83.4953,370.2061
393.9289,56.5299,82.8615,369.0721
394.2893,57.2373,82.1406,367.6573
394.8459,57.8426,81.0276,366.4466
395.4447,55.3658,79.8299,364.7214
395.9691,56.3301,78.7811,362.7928
396.4488,57.2470,77.8217,360.9591
396.9260,57.9899,76.8672,359.4733
397.3373,58.5320,76.0447,358.3889
397.7136,58.9590,75.2921,357.5350
398.0855,59.5355,74.5483,356.3820
398.4760,59.8776,73.7672,355.6977
398.7332,60.1436,73.2528,355.1658
399.0910,60.2833,72.5372,354.8863
399.4773,60.3793,71.7646,354.6945
399.8408,60.3693,71.0377,354.7143
400.1406,60.3068,70.4381,354.8393
400.4252,63.4329,69.8688,354.8990
400.8275,63.8882,69.0643,353.9883
401.1976,64.0070,68.3240,353.7507
401.6270,63.6882,67.4654,354.3885
401.9992,63.5314,66.7209,354.7020
402.3485,63.3502,66.0223,355.0643
402.8212,63.5027,65.0769,354.7594
403.2054,63.4290,64.3084,354.9068
403.6610,63.5321,63.3973,354.7007
404.1216,63.5138,62.4760,354.7372
404.6941,63.6581,61.3310,354.4485
405.2713,60.7914,60.1766,354.0546
405.8310,64.1934,59.0573,353.3497
406.2923,63.9649,58.1347,353.8065
406.7007,64.3577,57.3180,353.0211
407.0643,64.4377,56.5907,352.8611
407.4414,64.1818,55.8364,353.3729
407.7894,64.0616,55.1404,353.6132
408.0785,66.9703,54.5623,353.7885
408.4858,67.0079,53.7477,353.7133
408.7986,70.1670,53.1221,353.3615
409.1516,73.5083,52.4160,352.6275
409.5045,73.2831,51.7102,353.0779
409.8428,73.1898,51.0336,353.2645
410.2573,73.1885,50.2046,353.2671
410.6684,73.4585,49.3825,352.7271
410.9364,73.5324,48.8464,352.5793
411.1456,73.7063,48.4280,352.2315
408.7102,73.8938,47.4603,351.8565
408.9557,71.0673,46.9693,351.6958
409.3082,74.3986,46.2644,350.8348
409.6904,74.9207,45.5000,349.7906
409.9222,75.3873,45.0363,348.8574
410.1941,72.5041,44.4926,348.9007
410.3484,72.4898,44.1840,348.9291
410.5386,72.4137,43.8036,349.0815
410.8673,72.2881,43.1461,349.3325
410.9670,72.2817,42.9468,349.3454
411.2576,72.2070,42.3656,349.4948
411.4463,72.3810,41.9882,349.1469
411.5766,69.8411,41.7275,348.5616
409.0751,69.8927,41.0790,348.4585
409.2714,69.5793,40.6864,349.0851
409.3549,66.6569,40.5194,349.2927
409.3099,66.8637,40.6095,348.8791
409.1203,66.9301,40.9886,348.7462
406.2125,63.8954,41.1652,349.1767
405.8484,63.6272,41.8934,349.7132
405.3238,60.8272,42.9428,349.6423
404.8175,61.0403,43.9553,349.2161
401.5487,58.4867,44.7868,348.6172
401.0349,55.7316,45.8143,348.4127
400.4658,56.2143,46.9527,347.4474
397.1712,56.5829,47.7992,346.7101
396.2542,57.0229,49.6332,345.8301
395.3285,57.3025,51.4845,345.2710
391.5956,57.8162,53.1461,344.2435
390.3745,58.5030,55.5885,342.8699
389.3326,61.7233,57.6721,342.2823
388.2329,62.0748,59.8715,341.5794
387.2008,62.8361,61.9358,340.0567
386.0212,63.2664,64.2951,339.1962
381.7180,63.8919,66.9272,337.9452
380.4272,64.6677,69.5088,336.3936
379.1759,65.3260,72.0114,335.0770
377.9904,66.2640,74.3825,333.2009
376.8129,67.0591,76.7374,331.6107
375.6905,67.6354,78.9823,330.4583
371.4145,68.2748,81.3980,329.1793
370.1508,72.1328,83.9253,327.6277
368.9084,73.0060,86.4101,325.8814
367.7621,73.6897,88.7028,324.5140
366.7827,74.1740,90.6615,323.5454
362.4670,74.8858,93.0330,322.1218
361.5009,75.7588,94.9653,320.3758
360.3834,76.2943,97.2004,319.3048
359.3434,76.8012,99.2803,318.2909
355.1674,77.2485,101.2865,317.3964
354.1621,77.9321,103.2970,316.0291
353.1871,78.6228,105.2470,314.6476
352.3521,79.5162,106.9170,312.8610
351.4914,80.2590,108.6386,311.3753
350.6612,80.7465,110.2989,310.4004
346.5758,81.8303,112.0346,308.2328
345.7475,82.4016,113.6912,307.0902
344.9736,82.8591,115.2390,306.1751
341.1044,83.6096,116.5135,304.6742
340.4201,84.2739,117.8820,303.3455
339.7479,85.0652,119.2264,301.7629
339.0862,85.5855,120.5499,300.7224
338.6055,90.0159,121.5113,298.3423
338.0321,90.7587,122.6581,296.8568
337.4022,91.3361,123.9179,295.7020
333.4826,91.7811,125.2888,294.8118
332.9641,92.2955,126.3258,293.7831
332.5768,92.7990,127.1004,292.7761
332.0176,93.0657,128.2188,292.2427
331.7071,96.9668,128.8398,290.9348
331.5392,101.0926,129.1755,289.1693
