1
355.0305,99.0563,120.3745,37.5319
356.0268,82.9477,118.3820,36.1542
357.2917,74.4378,115.8521,34.4065
357.5946,73.1360,112.9687,32.4546
353.5232,73.8770,110.1083,30.9726
352.2744,87.8760,106.2082,28.5656
348.0882,110.8574,102.3858,27.3171
342.9790,140.6657,98.9180,26.3554
340.2291,183.5029,94.9765,25.6527
337.2806,234.9554,91.7756,24.6432
338.7823,226.8474,87.0168,30.3261
324.7682,216.8787,84.5608,32.3316
315.5903,200.2141,79.5905,38.7464
311.2249,187.9221,80.9789,35.7961
303.4115,179.3286,82.1719,36.7450
298.5844,169.0388,77.1201,44.4570
297.7284,173.1800,73.1405,47.5580
294.0257,187.2120,67.3154,53.5151
286.6420,210.2978,68.7847,51.0375
279.6390,240.4787,71.5000,45.2473
273.9381,275.4230,68.2866,44.7802
265.6310,289.8497,68.9625,42.4909
258.8103,295.2762,68.6619,45.5799
252.9266,306.1529,67.9001,48.8848
245.4411,317.1605,68.2070,50.6990
238.8120,331.9911,66.5255,49.0495
233.5589,338.5320,64.3277,48.6719
232.3600,345.5052,63.1749,48.9275
231.3649,352.2414,63.4034,49.5497
230.5759,358.9037,64.9813,50.4287
232.0686,364.5860,67.4374,51.7610
231.0335,370.4103,69.5077,53.2240
231.0320,374.5821,71.4393,54.5231
230.2286,379.8455,73.0460,55.8713
228.4682,383.1673,74.5412,57.3305
224.9319,387.7460,75.3968,58.5345
221.6887,388.2130,75.5683,59.7055
220.6654,390.8668,75.4883,60.7778
220.3057,392.3726,76.2078,62.0518
219.3629,393.8502,78.0933,63.4455
219.0220,394.1551,81.0011,65.0617
218.7334,393.2946,83.8750,66.7827
217.4363,392.4672,86.4693,68.4375
216.3785,391.6722,88.5848,70.0275
215.5023,390.9455,90.3372,71.4808
211.2729,390.2615,91.1640,72.8488
209.7024,388.3022,91.7263,74.1886
208.9368,386.2024,93.2575,75.7791
208.8497,381.2990,96.0900,77.6107
208.5882,376.2727,99.3446,79.4684
207.1119,372.6418,102.2973,81.1071
206.0053,367.6466,104.5105,82.4470
203.7279,364.1379,106.1262,83.5863
202.9683,359.0703,107.6454,84.7745
201.9697,352.3496,109.6425,86.1164
200.6323,346.9630,112.3173,87.6581
199.3598,341.6056,114.8623,88.9431
198.3402,334.6739,116.9015,89.9943
197.3777,329.3542,118.8266,90.8799
196.5513,325.5896,120.4793,91.8188
195.5503,320.0874,122.4814,92.8163
194.5267,314.5497,124.5287,93.7443
193.3768,308.9068,126.8284,94.7436
192.4643,305.0478,128.6534,95.5012
191.7417,301.1935,130.0987,96.1691
191.0200,299.0950,131.5421,96.8129
190.3799,295.2504,132.8223,97.3306
189.8115,295.1369,133.9589,97.5576
189.4227,295.0264,134.7365,97.7787
