1
165.1236,104.1752,192.7527,218.6496
169.0418,104.6629,191.3919,217.6742
172.8036,104.9941,190.3071,217.0118
176.4235,105.2592,189.4782,216.4816
183.0941,105.4963,188.9162,216.0073
186.6083,105.7037,188.2609,215.5927
193.2350,105.8166,187.7201,215.3669
196.7880,105.9269,186.9581,215.1462
203.4946,109.1330,186.2018,215.0624
206.9892,109.2374,185.5277,214.8537
210.4442,109.2760,184.9186,214.7765
216.9458,112.4218,184.4955,214.7749
220.2798,112.4732,184.1107,214.6721
223.5636,112.5072,183.8186,214.6042
233.1927,112.4647,183.3693,214.6892
233.4888,112.3771,182.7771,214.8642
242.9326,115.2753,182.6604,215.3248
243.0376,115.1650,182.4505,215.5455
252.6029,114.9956,182.1066,215.8842
255.9344,114.8245,181.7055,216.2264
259.2310,114.6197,181.3730,216.6362
268.7013,114.3942,181.2177,217.0870
271.8974,114.1964,181.0916,217.4826
275.0117,113.9552,181.1333,217.9651
278.1464,113.6808,181.1421,218.5138
287.4711,113.3911,181.3534,219.0932
287.2706,113.0395,181.7544,219.7964
293.4583,112.6872,182.0121,220.5010
296.4171,112.3710,182.4260,221.1335
302.5148,115.2251,182.9266,221.7731
305.4613,114.9128,183.3994,222.3978
308.3805,114.5530,183.9442,223.1173
314.4284,114.0895,184.6543,224.0443
317.2619,113.6117,185.4161,225.0001
320.0088,116.2444,186.3779,226.1903
326.1028,115.6848,187.1690,227.3096
328.9527,115.0462,187.9888,228.5867
331.6586,117.6528,189.1296,229.9260
334.4024,116.9600,190.2334,231.3115
337.2555,116.2010,191.1577,232.8295
340.0641,118.8215,192.2096,234.2574
342.9073,118.0403,193.2310,235.8199
345.6699,120.6299,194.4541,237.3891
348.4318,123.2324,195.7225,238.9762
351.2364,122.4350,196.9505,240.5710
353.9998,121.6733,198.3053,242.0945
356.7318,120.9401,199.7682,243.5609
359.6249,120.1884,200.9550,245.0643
358.9412,119.4633,202.3224,246.5145
361.8711,118.7647,203.5223,247.9117
361.2505,118.1131,204.7634,249.2149
360.7667,117.5425,205.7311,250.3562
360.3016,117.1225,206.6614,251.1962
363.4354,116.6958,207.5955,252.0495
362.9612,116.2627,208.5440,252.9158
362.4629,115.9118,209.5407,253.6176
362.0556,115.6910,210.3551,254.0592
361.6570,115.3865,211.1525,254.6682
361.3018,115.0693,211.8628,255.3025
360.9789,114.8051,212.5085,255.8310
360.5867,114.5450,213.2929,256.3512
360.1905,114.2964,214.0853,256.8483
359.7950,113.9499,214.8763,257.5414
355.7007,113.5731,215.6330,258.2949
355.4552,109.4973,216.1239,258.9906
351.3996,109.2569,216.7606,259.4714
351.2445,109.1215,217.0708,259.7423
347.2606,108.9219,217.5373,260.1414
347.2212,108.7076,217.6161,260.5700
343.5246,104.8435,217.4863,260.7754
343.6437,104.8738,217.2482,260.7147
340.0718,101.1069,216.8727,260.7295
340.1436,101.2602,216.7292,260.4228
336.5235,101.3112,216.4631,260.3207
336.6778,101.3867,216.1545,260.1697
333.0969,101.4545,215.8231,260.0343
333.3443,101.5509,215.3284,259.8413
333.5862,101.7370,214.8445,259.4691
333.7807,101.9433,214.4555,259.0566
333.9218,102.1506,214.1733,258.6419
330.3853,102.3131,213.8085,258.3170
330.5656,102.4452,213.4480,258.0529
330.7589,102.6038,213.0614,257.7357
330.9501,102.7748,212.6789,257.3936
331.2047,102.9201,212.1699,257.1030
331.4417,103.0456,211.6959,256.8519
331.6695,103.1528,211.2402,256.6376
331.8726,103.2083,210.8340,256.5266
332.1342,103.2889,210.3108,256.3654
332.3952,103.3997,209.7887,256.1438
332.6349,103.5416,209.3095,255.8599
332.9024,103.7502,208.7744,255.4428
333.1404,103.9343,208.2984,255.0746
333.3491,104.0873,207.8811,254.7686
333.5587,104.1140,207.4617,254.7151
333.7453,104.1054,207.0886,254.7324
333.9026,104.0655,206.7739,254.8121
333.9983,103.8925,206.5826,255.1582
333.9778,103.6914,206.6236,255.5604
333.9587,99.8146,206.6618,256.0456
333.8668,99.5271,206.8457,256.6208
333.8438,95.5572,206.8917,257.2723
333.8303,95.3399,206.9186,257.7070
333.7644,95.1309,207.0503,258.1248
333.7458,94.9723,207.0875,258.4423
333.7266,94.8241,207.1260,258.7386
330.0307,94.5945,207.1926,259.1977
330.1016,94.5110,207.0508,259.3647
326.4311,94.3726,207.0584,259.6415
326.5047,94.3130,206.9110,259.7607
326.5807,94.2593,206.7591,259.8681
322.9981,94.1933,206.5877,260.0002
323.1704,94.1607,206.2431,260.0654
323.3595,94.1303,205.8649,260.1261
323.5151,94.2346,205.5537,259.9176
323.7144,94.4187,205.1551,259.5494
320.2072,94.5341,204.8639,259.3186
320.3767,94.5669,204.5249,259.2530
320.5371,94.6014,204.2040,259.1840
320.6248,94.5933,204.0287,259.2001
320.6695,94.5873,203.9393,259.2121
320.7144,98.2539,203.8495,259.1597
320.7259,98.2275,203.8264,259.2124
320.7294,98.1922,203.8195,259.2831
320.7514,98.1581,203.7756,259.3513
320.7772,98.1218,203.7240,259.4238
320.7591,98.0762,203.7601,259.5152
320.6894,97.9946,203.8995,259.6783
320.5123,97.8722,204.2536,259.9230
320.2850,101.2813,204.7082,260.4016
320.0611,101.0625,205.1561,260.8392
319.8801,100.7537,205.5180,261.4568
319.7217,100.3997,205.8349,262.1649
319.5287,99.9803,206.2209,263.0035
319.2982,99.5177,206.6819,263.9288
319.0598,99.0916,207.1586,264.7810
322.6028,98.6938,207.4909,265.5766
322.3765,98.3460,207.9435,266.2722
322.1661,98.0140,208.3643,266.9361
325.7124,97.7247,208.7426,267.5147
325.4637,97.4899,209.2399,267.9844
325.3122,97.2234,209.5430,268.5174
325.1021,96.9798,209.9632,269.0045
328.7118,96.7494,210.2723,269.4654
328.5099,96.5497,210.6760,269.8648
332.1022,96.3375,211.0447,270.2891
331.8352,96.1478,211.5786,270.6685
335.4126,95.8604,212.0040,271.2434
335.1060,95.6057,212.6173,271.7527
334.8436,95.3275,213.1419,272.3091
338.4432,95.0305,213.5736,272.9031
338.1311,94.7645,214.1977,273.4352
337.8403,94.4813,214.7794,274.0016
337.5260,94.1840,215.4078,274.5963
337.1992,93.8845,216.0615,275.1953
336.8273,93.5110,216.8053,275.9422
336.4924,93.1731,217.4751,276.6180
336.1515,92.8334,218.1569,277.2975
335.8065,92.4590,218.8470,278.0462
335.5556,92.1230,219.3487,278.7182
335.3123,91.8326,219.8353,279.2990
335.0876,91.5223,220.2848,279.9196
334.8781,91.2203,220.7036,280.5236
334.6248,90.9264,221.2103,281.1115
334.3484,90.6362,221.7632,281.6917
334.1220,90.3749,222.2158,282.2144
333.9600,90.1378,222.5400,282.6887
333.8734,89.8909,222.7130,283.1824
333.9061,89.6696,222.6477,283.6249
333.9634,89.4715,222.5331,284.0212
329.9985,89.2928,222.5003,284.3787
330.0001,89.2178,222.4971,284.5286
326.0061,89.2017,222.5155,284.5608
325.9991,89.2135,222.5295,284.5373
321.9980,89.2458,222.5613,284.4726
322.0235,89.2669,222.5103,284.4304
318.0302,89.3308,222.5285,284.3026
318.0712,89.3896,222.4466,284.1849
314.1622,89.5342,222.3009,283.8958
310.3184,89.8548,222.0316,283.2545
310.6671,90.2505,221.3342,282.4631
307.0412,90.6328,220.6668,281.6987
307.3373,90.9859,220.0746,280.9924
307.6013,91.1859,219.5466,280.5923
307.8174,91.3618,219.1144,280.2406
307.9985,91.5211,218.7523,279.9219
308.1250,91.6137,218.4993,279.7368
308.1864,91.6753,218.3765,279.6136
308.2203,91.6683,218.3086,279.6275
308.2231,91.5933,218.3031,279.7777
304.2976,91.5713,218.3251,279.8215
304.2878,91.4898,218.3447,279.9846
304.2625,91.3619,218.3954,280.2404
304.2076,91.2449,218.5053,280.4744
304.1529,91.1020,218.6147,280.7602
304.0787,94.8262,218.7629,281.1606
300.0345,94.7139,218.9940,281.3853
299.9634,94.6497,219.1360,281.5137
299.8446,94.5261,219.3737,281.7610
299.7081,94.4340,219.6467,281.9451
295.6065,94.3694,219.9661,282.0743
