1
347.8840,165.0089,64.2321,69.9823
348.0777,165.3359,63.8447,69.3283
348.1649,165.4996,63.6702,69.0007
348.2652,165.4567,63.4696,69.0866
348.3365,165.3997,63.3269,69.2007
348.4095,165.2295,63.1809,69.5409
348.4849,164.9854,63.0302,70.0292
348.5863,164.6703,62.8274,70.6595
348.7474,164.2911,62.5052,71.4178
349.9669,162.8220,62.1740,72.2481
350.1683,162.3826,61.7713,73.1270
351.3763,160.9119,61.4778,73.9457
351.4776,159.5905,61.2751,74.4582
351.5433,158.3786,61.1437,74.7471
352.6738,156.0480,61.0201,75.1335
352.7456,154.6570,60.8764,75.7743
352.8009,153.0844,60.7660,76.7706
352.9392,151.6009,60.4892,77.5754
353.0842,149.0397,60.1993,78.3578
353.1676,146.5959,60.0324,78.8907
353.2383,144.8736,59.8911,80.1526
353.3323,144.0287,59.7030,81.8424
353.5371,142.1785,59.2935,83.3204
353.7704,139.2208,58.8268,84.7601
353.9841,136.1650,58.3994,86.3677
354.2058,134.1312,57.9561,88.1661
354.4667,132.0791,57.4342,89.9816
354.7204,127.8203,56.9269,91.5772
355.0136,126.8899,56.3406,93.4380
355.3676,124.7625,55.6324,95.3522
355.7276,122.6587,54.9124,97.2028
354.9479,117.1757,54.0996,98.6798
355.3335,115.3411,53.3284,99.9687
354.5846,113.1797,52.4401,101.9055
353.8426,108.6863,51.5249,103.6946
353.1600,106.5894,50.4806,105.4788
352.4355,104.5060,49.5119,107.2280
351.7353,101.1730,48.4862,109.0417
351.0346,99.0096,47.4532,110.9340
350.4250,95.7259,46.2286,112.6141
349.8448,92.5120,44.9427,114.1494
349.3608,90.5603,43.4654,115.6073
348.8255,87.4335,42.0961,116.9813
348.2664,85.3954,40.7796,118.6227
347.6970,82.1538,39.4841,120.2374
346.0953,78.9187,37.8203,121.8403
344.3230,76.8730,36.5134,123.5061
342.4652,73.6461,35.3788,125.1096
341.6301,71.6540,34.6224,126.6671
340.6925,69.7874,34.0632,127.9660
338.4274,66.6813,33.7090,129.2939
337.1379,64.9997,33.8338,130.2029
335.6494,63.2790,34.3415,131.1749
332.8256,60.3333,35.0040,132.0814
331.0669,58.7559,36.0037,132.7184
327.9591,55.8909,37.1281,133.3571
326.0762,54.3018,38.3183,133.9597
322.9280,52.5681,39.4018,134.8207
320.9689,50.9352,40.6812,135.4477
317.7575,49.3075,41.7612,136.0318
314.3939,47.6645,43.0890,136.6180
312.2946,47.6436,44.5552,136.6598
308.8046,47.6624,46.0149,136.6221
305.1941,47.6517,47.6633,136.6437
301.4764,47.6477,49.4654,136.6517
297.6318,47.7566,51.4558,136.4339
295.1086,47.9268,53.6200,136.0934
289.6068,48.1479,55.8750,135.6513
287.1302,48.4477,57.8781,135.0515
281.5432,48.7623,60.1216,134.4224
278.9613,48.9321,62.2779,134.0828
274.8676,50.8047,64.3851,133.3777
272.2394,52.6590,66.5749,132.7357
268.1497,52.9939,68.5637,132.0660
265.5962,53.4605,70.5511,131.1329
263.0270,55.5682,72.5495,130.0574
258.9288,56.3236,74.4291,128.5468
254.9273,60.1581,76.0961,127.2136
252.5181,62.2684,77.7384,126.1693
250.1816,64.3435,79.2229,125.2075
247.8318,66.4923,80.7236,124.1088
245.5090,68.6190,82.1615,123.0630
241.5885,70.8432,83.5710,121.8305
239.4066,73.0346,84.7141,120.6683
237.0759,75.1122,86.1536,119.7350
234.7307,77.3285,87.6125,118.5340
232.6615,79.6860,88.5137,117.0562
232.0691,82.1163,89.6984,115.4250
229.8611,84.6529,90.8905,113.5758
227.6763,87.1738,92.0451,111.7491
225.6199,89.6726,92.9524,109.9571
223.6136,92.0892,93.7723,108.3165
223.3193,96.0284,94.3609,106.7990
221.5945,98.2862,94.6442,105.4496
221.4030,100.3969,95.0272,104.3782
221.2334,104.1784,95.3664,103.0940
221.1834,106.3274,95.4662,101.9206
219.4663,108.6598,95.7924,100.3640
219.3402,112.3438,96.0446,99.1737
219.1439,114.4978,96.4373,97.9400
217.7455,116.7476,96.1731,96.5014
218.0477,118.9911,95.5687,95.0487
218.1864,121.0577,95.2911,93.9172
218.1994,123.1800,95.2651,92.6522
218.1760,125.3897,95.3121,91.1921
217.9532,127.6984,95.7575,89.5117
216.4317,129.6619,95.8833,88.5018
216.5863,131.4830,95.5743,87.7628
216.5661,133.2337,95.6146,87.1479
216.2337,135.1008,96.2793,86.2911
215.8981,136.9263,96.9506,85.5142
214.2683,140.2192,97.3381,84.6725
214.1713,140.6477,97.5322,83.8155
214.1468,143.9243,97.5811,82.9698
213.9684,145.7612,97.9379,82.1371
213.7353,147.4980,98.4042,81.4966
213.5497,149.2536,98.7754,80.8154
213.4559,151.0733,98.9629,80.0005
213.3398,151.4900,99.1951,79.1672
213.1712,153.4724,99.5323,78.0068
212.9695,155.2945,99.9358,77.1534
211.7764,155.6492,99.5388,76.4439
211.3140,155.8326,100.4638,76.0771
210.8286,157.4081,101.4345,75.6996
208.8998,158.8576,102.5099,75.5829
208.4492,160.4060,103.4111,75.2826
207.9880,160.7675,104.3336,74.5596
207.5313,162.5911,105.2470,73.7199
205.7767,163.0609,105.9488,72.7802
205.6072,164.9583,106.2878,71.7879
205.5502,165.3594,106.4017,70.9857
205.3855,167.1326,106.7312,70.2189
203.7449,168.8277,107.2407,69.6005
203.3053,169.1451,108.1198,68.9656
203.1395,170.8889,108.4514,68.2497
201.5133,171.1456,108.9393,67.7363
201.3328,173.1316,109.3002,66.5277
199.6265,174.9265,109.9644,65.6863
199.2894,176.6082,110.6387,65.0669
198.9300,176.8564,111.3573,64.5706
198.5624,178.4026,112.0927,64.2241
196.9492,178.6032,112.5681,63.8227
196.6658,180.3905,113.1348,62.9993
196.3569,182.2278,113.7527,62.0702
196.0406,184.0461,114.3852,61.1726
194.3586,185.8212,115.0166,60.3551
194.1041,187.6917,115.5255,59.3421
192.5277,188.2277,115.9602,58.2700
190.9201,190.0662,116.4695,57.2990
190.6465,191.8301,117.0168,56.4678
190.2964,193.5684,117.7168,55.6812
189.9933,195.3759,118.3232,54.7530
188.3615,197.1899,118.9074,53.8042
188.1668,197.6609,119.2968,52.8622
187.9865,199.6127,119.6576,51.6188
187.8062,201.4500,120.0182,50.5878
187.4580,201.8713,120.7145,49.7452
185.8055,203.6066,121.3939,48.9001
185.6118,205.3784,121.7813,47.9769
184.1578,207.3791,122.0799,46.5848
183.7439,209.2782,122.9076,45.3754
183.4088,211.1283,123.5779,44.2540
181.9258,212.8289,123.9756,43.4211
181.4804,214.5901,124.8666,42.4573
181.3009,216.6045,125.2254,40.9825
181.0818,217.3179,125.6636,39.5556
179.6247,219.2050,126.0659,38.2934
179.6992,221.1884,125.9169,36.8209
179.8293,223.0555,125.6568,35.5517
178.6455,224.8782,125.5868,34.3439
178.6994,226.9241,125.4789,32.6661
178.8051,228.9689,125.2676,30.9573
178.6933,230.9227,125.4912,29.3952
178.8151,232.8335,125.2475,27.8924
178.8310,234.6962,125.2158,26.4536
178.5671,236.3813,125.7436,25.3416
178.2801,236.8535,126.3175,24.3972
178.2769,238.5151,126.3239,23.3077
178.4689,238.7747,125.9400,22.7885
178.5543,240.1425,125.7691,22.2498
178.5574,240.2230,125.7630,22.0888
178.5687,241.4199,125.7404,21.8755
178.5613,242.5209,125.7552,21.8496
178.6082,243.4726,125.6614,22.1220
177.4924,243.1815,125.7131,22.7041
177.3455,243.9241,126.0069,23.4110
177.2761,244.6310,126.1457,24.2072
177.2341,246.3319,126.2298,25.2605
177.4870,245.7855,125.7239,26.3534
177.5799,246.3429,125.5381,27.5021
177.5443,246.9237,125.6092,28.6236
177.6564,247.4571,125.3851,29.8625
177.7967,248.1797,125.1045,30.7435
177.9361,248.8866,124.8256,31.6689
178.1009,249.3921,124.4961,33.0107
178.0964,249.8463,124.5051,34.4757
178.1768,249.2761,124.3443,35.6162
178.2111,249.8471,124.2758,36.8944
178.0955,250.4751,124.5070,38.0815
178.1814,249.9963,124.3352,39.0391
178.3907,250.7362,123.9166,40.0429
178.5526,251.5699,123.5928,40.8717
178.7709,251.2924,123.1561,41.4266
178.9543,252.1287,122.7893,42.2647
180.3941,252.8457,122.4305,43.3514
180.6675,252.3280,121.8836,44.3869
180.9818,251.9131,121.2551,45.2167
182.5014,252.6993,120.7682,46.1967
182.8930,252.1845,119.9849,47.2262
185.9872,253.0366,118.9369,48.0922
186.3992,252.5995,118.1128,48.9664
186.7125,252.0903,117.4863,49.9848
188.2884,252.9119,116.9177,50.9248
189.8649,252.4884,116.3564,51.7717
191.4703,253.3560,115.7440,52.6350
191.8531,252.9837,114.9783,53.3795
192.2197,252.6687,114.2451,54.0096
193.9245,252.2649,113.4423,54.8171
194.3700,251.9691,112.5515,55.4087
197.3421,252.9791,111.8201,55.9953
197.7235,252.6877,111.0574,56.5780
199.3734,252.3451,110.3625,57.2633
201.0084,253.3137,109.6990,57.9325
201.4623,253.0012,108.7911,58.5574
203.1687,252.7407,107.9839,59.0785
204.8107,252.5096,107.3025,59.5407
206.4098,252.2536,106.7047,60.0527
208.0851,252.0027,105.9543,60.5545
209.6632,253.0645,105.3958,61.0287
211.2419,252.8049,104.8359,61.5478
211.5107,252.5241,104.2984,62.1094
213.0811,252.1794,103.7570,62.7989
214.7536,251.8041,103.0151,63.5495
216.4777,251.5126,102.1714,64.1325
218.1663,252.5439,101.3959,64.6715
218.5165,252.2282,100.6956,65.3030
220.1949,251.8793,99.9380,66.0008
221.9084,251.4655,99.1106,66.8284
223.5897,252.3834,98.3488,67.5935
225.2006,251.9507,97.7290,68.4588
226.9291,251.6634,96.8790,69.0335
228.6664,251.3687,96.0080,69.6228
229.2138,251.0963,94.9131,70.1676
230.8757,250.8717,94.1817,70.6168
232.5891,250.6719,93.3434,71.0165
234.3399,251.7505,92.4242,71.4417
234.7823,251.4843,91.5394,71.9739
236.5000,251.2191,90.6745,72.5044
238.2450,252.1410,89.7502,73.2263
238.7373,251.8815,88.7656,73.7454
240.4562,251.5233,87.8844,74.4617
242.0930,252.4653,87.1652,75.1321
243.7579,252.2007,86.3895,75.6614
245.3077,251.8656,85.8404,76.3316
245.6443,251.5379,85.1672,76.9869
247.3866,252.5294,84.2354,77.5567
247.8745,252.2470,83.2597,78.1216
249.7661,251.9483,82.0175,78.7190
251.5784,252.9598,80.9240,79.2271
252.0857,252.7001,79.9096,79.7465
253.8307,252.4477,78.9338,80.2514
255.5243,253.3472,78.0534,80.9592
255.8766,253.0286,77.3487,81.5963
257.5512,253.8865,76.5024,82.3833
259.2080,254.7248,75.6905,83.2085
260.9077,254.3219,74.7929,84.0144
262.6709,255.1791,73.7663,84.7998
263.2128,254.7915,72.6825,85.5749
263.7478,255.5939,71.6124,86.4604
265.5585,255.1778,70.4777,87.2926
267.3482,255.9865,69.3792,88.1561
267.9225,255.5840,68.2307,88.9612
269.6805,256.4323,67.1847,89.7347
271.4308,257.2386,66.1490,90.5869
273.2033,258.1323,65.0647,91.2602
273.7127,258.9595,64.0459,92.0590
275.4760,259.7452,62.9677,92.9360
277.2621,259.3018,61.8394,93.8227
277.8710,260.1474,60.6215,94.5700
278.5069,261.0289,59.3498,95.2363
280.3664,261.8856,58.0488,95.9409
282.2173,261.4951,56.7535,96.7218
284.0186,263.5136,55.5474,97.4776
285.7623,263.0439,54.4471,98.4171
287.5791,263.8040,53.1958,99.2791
288.1802,265.7328,51.9935,100.1686
288.8062,266.4372,50.7414,101.1259
290.7106,267.1276,49.2911,102.1037
292.5923,267.7580,47.8754,103.1905
294.4301,268.4532,46.5385,104.1387
295.0061,269.0771,45.3866,105.2201
296.8401,269.5657,44.0430,106.5674
298.6299,270.1193,42.7836,107.7804
299.1861,270.7576,41.6712,108.8190
301.0079,272.5077,40.3378,109.9392
301.5971,273.1622,39.1595,110.9323
303.3972,274.8854,37.8544,112.0762
303.9255,276.6766,36.7977,113.0690
305.6766,278.2899,35.5779,114.4073
307.3887,280.0058,34.4327,115.5333
307.8188,280.6386,33.5725,116.5416
309.4275,281.1733,32.6270,117.7441
309.8438,281.7432,31.7945,118.8754
311.4616,284.5831,30.8303,120.0101
312.9667,285.0627,30.0894,121.3202
314.3626,286.6281,29.5713,122.7368
315.6913,288.2273,29.1975,124.1056
318.0979,289.9348,28.9756,125.2820
318.9645,290.3673,29.5502,126.7247
321.0377,292.0009,30.0819,128.1357
321.7400,292.5541,31.0463,129.3982
324.7839,295.5470,32.1738,130.6277
325.1907,294.9645,33.8039,131.7927
326.8141,296.7947,35.5393,133.1143
330.9487,296.2245,37.4397,134.2548
331.1735,298.4808,39.5843,134.9304
333.9822,299.3370,41.8981,135.8618
336.8968,300.1590,44.1683,136.9176
338.3703,299.6991,46.7346,137.8375
339.8773,300.7913,49.3541,138.4698
344.2679,301.7384,52.0665,139.4491
344.3026,301.4644,54.9336,139.9971
348.8456,302.6231,57.8308,140.6754
350.3203,303.8999,60.9959,141.1791
353.4020,303.6057,64.1945,141.7674
355.0519,303.3456,67.2656,142.2877
356.5255,304.8743,70.8120,142.4771
359.5735,306.6955,74.6494,142.1459
361.3710,307.0636,77.7993,141.4096
364.6248,307.3861,81.5385,140.7645
366.2257,307.5890,85.2759,140.3589
371.4035,307.9626,89.0272,139.6117
371.3303,308.3771,92.7523,138.7826
374.8446,306.9823,96.6081,137.9440
376.5953,307.4812,100.4654,136.9462
378.3651,306.4352,104.3812,135.3106
382.1158,305.4240,108.1802,133.5660
382.1064,304.4290,112.0008,131.7544
384.1599,303.4506,115.5650,129.8757
386.1928,302.3514,119.2262,128.2104
388.1105,301.3137,123.1827,126.3899
390.2371,298.5851,126.7900,123.9868
394.2742,295.8318,130.5634,121.5949
394.3338,295.0503,134.4144,119.1875
396.3846,292.2991,138.2968,116.7061
396.6627,291.5453,141.7528,114.2014
398.7888,288.7141,145.5504,111.8140
401.2004,287.9358,148.8157,109.3263
401.4667,283.3229,152.3365,106.3922
404.0783,282.3765,155.2300,104.2266
404.7078,280.0399,158.0371,100.7674
405.4487,277.7847,160.6060,97.1766
406.3639,277.3651,162.8044,93.9872
405.3184,275.2713,164.8953,90.1597
404.7043,273.1834,166.1235,86.3889
406.1264,272.9431,167.2059,82.9428
405.7623,270.9653,167.9341,79.1323
407.0604,266.9091,169.1654,75.7624
406.5418,264.4254,170.2027,73.1571
406.2520,263.9331,170.7822,70.3861
407.7675,261.4702,171.4661,67.8825
409.0438,260.7635,172.5933,65.6160
408.6552,260.4593,173.3707,62.5688
410.1662,260.2295,173.9603,59.4167
408.2899,256.6425,174.1499,55.9022
407.0402,256.4193,173.1483,52.8473
405.6181,254.3369,172.5618,50.1509
405.8793,253.4610,172.0395,48.5305
405.3642,251.3608,169.7350,46.0617
405.0996,250.7828,167.0084,43.9618
404.6337,250.3018,164.7622,41.7459
401.0290,249.7579,162.6581,39.7291
400.0272,247.6511,161.6251,37.8693
400.1118,245.1859,161.4559,36.8264
398.8229,245.6864,161.0693,35.8255
398.0222,244.5631,159.7310,35.1324
397.0713,243.2319,158.7252,34.8871
389.5489,243.2691,159.3255,34.8127
390.3200,242.2019,157.7834,34.0513
389.5329,241.0909,156.4979,33.4137
389.0444,241.4263,154.6456,32.7429
385.6489,240.3633,153.0650,32.0783
387.3693,240.4087,149.6243,31.9874
387.5273,240.7991,146.6023,31.2066
385.9387,241.3325,144.4823,30.1399
384.3635,241.8887,142.4358,29.0275
382.6537,242.4437,140.7588,27.9175
382.3557,241.8763,138.8515,26.5489
382.2155,241.2072,136.6819,25.4371
380.7708,241.6663,134.7752,24.5190
379.1729,242.0602,133.2639,23.7312
378.6739,242.3530,131.9449,23.1456
377.1642,242.6750,130.3898,22.5015
376.6897,241.8940,129.0860,21.8106
375.2091,242.0768,127.6049,21.4450
373.8692,242.3484,125.8980,20.9017
373.5240,242.5156,124.4295,20.5674
373.2942,242.7670,122.7572,20.0647
371.9480,242.9798,121.2520,19.6391
371.6723,243.2114,119.7339,19.1759
370.2935,243.4010,118.4131,18.7966
368.7909,243.5742,117.3915,18.4502
369.4178,243.7498,116.1377,18.0991
368.9565,243.8618,115.0922,17.8750
367.4561,243.9664,114.1949,17.6659
367.8443,244.1055,113.4186,17.3875
368.2577,244.1992,112.5918,17.2001
367.5791,244.2972,112.0480,17.0042
366.9673,244.3740,111.3820,16.8506
367.2222,244.4510,110.8724,16.6966
367.5206,244.5118,110.2755,16.5749
367.8919,244.6156,109.5330,16.3675
368.1966,244.6839,108.9235,16.2307
368.3883,243.9298,108.5401,15.9081
370.4378,243.8996,108.0792,15.9686
371.5503,243.9579,107.6680,15.8520
371.7421,243.9155,107.2845,15.9368
372.8044,243.9491,106.9622,15.8697
373.8048,243.9643,106.7578,15.8391
374.7711,243.9658,106.6183,15.8363
375.7490,244.0132,106.4536,15.7414
379.5304,244.0363,106.0381,15.6953
379.6579,244.0676,105.7832,15.6326
380.5596,244.0877,105.7551,15.5924
382.4327,244.0542,105.5574,15.6593
383.3902,244.0331,105.4153,15.7016
385.2343,244.0393,105.2703,15.6893
388.8270,244.0101,105.1629,15.7476
388.8265,243.9781,105.1638,15.8115
391.4423,243.9342,105.2437,15.8993
392.2424,243.9438,105.4168,15.8803
396.7726,243.8799,105.2330,16.0079
396.7156,243.7990,105.3470,16.1698
399.5968,242.9102,104.9250,16.1672
401.4259,242.9312,104.8155,16.1252
404.0735,242.9259,104.8361,16.1358
405.8017,242.9313,104.9245,16.1251
408.4441,242.9583,104.9600,16.0710
411.9826,243.0103,104.9744,15.9671
412.8765,243.0762,104.9574,15.8352
416.3459,243.0851,105.0909,15.8175
418.1865,243.1280,104.9490,15.7317
419.8643,243.1052,105.1250,15.7772
422.5457,243.1437,105.0701,15.7002
425.0507,243.1503,105.3608,15.6871
427.5850,243.1485,105.6042,15.6906
428.2639,243.1472,106.0204,15.6932
432.5195,243.1194,106.4087,15.7489
434.1576,243.1276,106.7055,15.7324
436.6692,243.0979,107.0527,15.7919
438.3478,243.0627,107.2878,15.8623
442.7325,243.0342,107.5224,15.9193
443.4504,243.0055,107.8918,15.9766
446.9114,242.9663,108.2156,16.0550
447.7705,242.9491,108.3148,16.0894
452.3008,242.9249,108.3521,16.1378
453.0742,242.9283,108.6263,16.1310
455.6906,242.9034,108.8676,16.1808
458.2932,242.8783,109.1496,16.2310
460.0987,242.8968,109.2066,16.1940
461.8236,242.8960,109.4247,16.1956
464.5122,242.8834,109.5586,16.2208
466.3207,242.8678,109.6203,16.2521
468.0529,242.8386,109.8378,16.3105
470.7727,242.7791,109.9333,16.4295
472.6261,242.7786,109.9240,16.4304
474.5020,242.7704,109.8694,16.4468
475.4237,242.7625,109.8742,16.4627
477.3365,242.7296,109.7459,16.5284
479.3250,242.7366,109.4651,16.5144
481.2641,242.6792,109.2749,16.6292
482.3219,242.6647,109.0029,16.6582
483.2775,242.6715,108.9324,16.6447
484.2763,242.7074,108.7740,16.5728
486.2877,242.7516,108.4224,16.4845
488.2076,242.7653,108.2405,16.4570
488.4024,242.7856,107.8509,16.4165
488.6289,242.8067,107.3979,16.3742
489.8145,242.7820,106.8394,16.4237
490.1094,242.8190,106.2495,16.3496
490.4316,242.7867,105.6051,16.4143
490.8370,242.7989,104.7943,16.3899
491.2396,241.9879,103.9892,16.2348
491.6161,241.9805,103.2360,16.2498
491.1413,241.9925,102.4331,16.2257
490.7957,242.0357,101.3833,16.1393
490.4607,242.0525,100.3285,16.1058
489.2544,242.0707,99.3222,16.0694
488.9860,242.0823,98.1643,16.0461
487.0705,241.3239,96.9602,15.8845
485.1926,241.3390,95.7406,15.8545
483.3249,241.3396,94.5530,15.8531
480.7256,241.3507,93.2536,15.8310
480.7052,241.3452,91.6884,15.8420
476.6524,241.3545,90.2865,15.8233
475.0821,241.3620,88.7327,15.8084
471.9904,241.3772,87.2016,15.7780
469.6848,240.7430,85.7283,15.5253
465.2044,240.7551,84.2196,15.5011
462.3510,240.7851,82.5552,15.4410
458.0917,240.8109,80.9240,15.3896
455.2300,240.8572,79.5162,15.2968
451.1080,240.2770,77.9259,15.0525
447.0406,240.3184,76.4148,14.9697
443.1584,240.3100,74.6916,14.9865
439.1101,240.3585,73.4662,14.8895
434.9814,240.3924,72.5343,14.8216
431.0718,240.4897,71.2644,14.6271
426.5549,240.5503,70.0823,14.5058
422.6259,240.4499,69.1331,14.7065
417.6296,240.4616,67.8862,14.6831
410.5254,240.4146,66.0921,14.7772
406.5733,240.3927,64.3343,14.8210
402.6478,240.3954,62.7133,14.8155
398.8076,240.4240,61.1039,14.7584
393.9415,240.4215,59.4604,14.7634
387.9106,240.3848,58.1465,14.8369
384.1654,240.8322,56.8562,15.0396
377.0887,241.1846,55.8438,15.4182
373.3011,241.2220,54.8098,15.3432
369.9226,241.2502,53.0854,15.2868
366.2662,241.7807,52.1199,15.2607
361.1214,241.8548,51.1824,15.1124
357.6724,241.8699,50.0433,15.0823
352.7513,241.8482,49.0181,15.1257
347.1905,241.8422,47.4743,15.1376
344.1408,242.3380,45.9531,15.0986
339.3784,242.2248,44.3150,15.3249
336.6494,243.0035,43.3956,15.5897
331.3538,242.9213,42.2515,15.7541
330.5319,242.9016,41.2272,15.7935
324.7003,243.2751,39.7601,15.9220
321.9335,243.1656,38.4414,16.1410
318.2305,243.1978,37.4329,16.0764
314.4921,243.5139,36.6525,16.2700
312.1756,243.8804,35.5608,16.3548
309.4736,243.8258,34.5370,16.4640
306.8549,243.8731,33.4508,16.3695
304.2920,244.2209,32.3930,16.4467
302.1602,244.6220,31.3450,16.4035
299.6085,244.4848,30.5069,16.6778
297.8965,246.3971,29.5206,17.2635
294.3680,245.5725,28.5430,17.4518
292.6862,245.1278,27.5925,17.6221
292.4199,245.0484,26.7095,17.7809
290.0522,244.9694,25.8683,17.9390
289.0375,244.4671,25.1493,18.2566
284.6052,244.3557,24.4744,18.4794
282.4882,244.6954,23.9849,18.4746
280.1259,244.7598,24.0389,18.3460
277.3630,244.8932,24.2367,18.0792
274.5531,245.3135,24.5395,17.9032
270.8703,247.0867,25.2418,17.6886
267.7396,246.8485,26.1157,17.4914
264.5530,246.7111,27.0219,17.0828
261.0447,248.4320,27.8273,16.4017
258.6100,248.7424,28.5526,15.7808
254.6552,248.6578,29.5532,15.2591
251.7419,248.5549,30.5032,14.7684
248.6815,249.0117,31.7093,14.5568
244.4387,248.7033,33.0353,14.4575
241.5135,248.7195,34.4847,14.4252
238.0646,248.6967,36.1056,14.4707
234.2596,248.6351,37.4911,14.5940
230.5278,248.6729,38.5533,14.5183
226.9723,249.2976,39.1518,14.0830
224.4179,249.6019,40.1868,13.4744
220.5880,249.4021,41.2988,13.0557
216.8589,249.7050,42.1444,12.4498
213.4509,249.4344,43.1690,12.1637
210.2561,248.9182,44.5396,12.3595
206.6462,248.6302,45.7431,12.9356
202.6965,247.8392,46.5447,13.6303
200.0183,247.6529,47.3436,14.0030
195.6415,247.0891,48.6592,14.2009
194.6462,247.0937,49.6979,14.1916
191.2377,247.5849,50.7159,14.1757
187.1786,247.0038,51.9699,14.3572
184.1914,246.9252,52.9361,14.5145
182.0783,246.3651,54.1076,14.6164
178.0957,246.3828,54.8164,14.5810
176.2855,246.3451,55.2990,14.6564
173.3948,246.3726,55.8096,14.6015
171.0330,246.3598,56.2921,14.6271
168.0673,246.3612,56.8856,14.6243
165.8705,246.3169,58.0515,14.7128
161.6296,245.8547,58.8760,14.5433
160.3695,245.9088,59.1918,14.4351
158.5119,245.9168,59.5932,14.4192
154.9599,245.4590,60.0374,14.2249
154.2982,245.4288,60.2483,14.2853
152.6085,245.4461,60.2781,14.2507
151.4713,245.0441,60.3199,13.9384
149.6502,244.5334,60.6292,13.8489
149.4540,244.4367,61.0215,14.0422
148.1909,244.3931,61.3023,14.1294
147.3969,243.9134,61.7621,13.9605
146.6768,243.8672,62.0707,14.0529
145.8967,243.3588,62.4933,13.9320
145.7658,242.8532,62.7551,13.8020
145.7082,242.7766,62.8702,13.9553
145.5703,242.1903,63.1460,13.9809
145.4125,241.5875,63.4617,14.0352
145.2919,240.4816,63.7029,13.9336
145.3403,239.9109,63.6060,13.9171
145.2643,239.3425,63.7582,13.8973
144.7846,238.8075,63.5592,13.8091
144.7351,237.6834,63.6582,13.7500
144.7059,236.5181,63.7167,13.7726
144.7054,235.8543,63.7177,13.9450
144.6173,235.2269,63.8939,14.0412
144.9688,232.9067,64.3538,14.0303
144.9646,232.8791,64.3621,14.0855
144.8954,231.6804,64.5006,14.1424
144.9516,231.0586,64.3881,14.2126
144.9381,227.4835,64.4152,14.3245
145.0199,227.4353,64.2514,14.4210
144.4684,226.7385,64.1794,14.6394
144.3876,223.6124,64.3409,14.9999
144.5139,222.8532,64.0884,15.3306
144.6095,222.1323,63.8972,15.5821
145.2075,220.8814,63.8935,15.6992
144.6860,217.7947,63.7419,15.8995
144.8046,215.9910,63.5048,15.9180
144.9568,215.3174,63.2005,16.0718
145.0450,212.3501,63.0240,16.0468
145.1002,211.6911,62.9136,16.1758
145.0935,210.5420,62.9271,16.0943
145.0497,207.5959,63.0146,16.0437
145.0328,206.9078,63.0485,16.2311
145.0399,203.2481,63.0343,16.3935
145.0863,203.0932,62.9413,16.7033
144.5822,202.3939,62.7493,16.9017
144.5784,198.5934,62.7570,17.2951
145.1710,197.7393,62.7806,17.7945
144.4878,194.5371,62.9285,18.1065
144.9592,193.7199,63.2121,18.5146
144.9793,191.8112,63.1719,18.6180
145.0540,188.0750,63.0225,18.6545
145.0118,187.4300,63.1069,18.7065
144.8991,186.1406,63.3322,18.8052
144.3321,182.4094,63.2212,18.7972
144.3578,181.7991,63.1697,18.7744
144.9701,178.6965,63.1874,18.7686
144.9704,177.9746,63.1868,18.9700
145.0092,176.6813,63.1091,19.0645
144.4593,172.8549,62.9623,19.2367
144.5445,172.1426,62.7919,19.4136
144.5663,168.2885,62.7482,19.6296
144.6820,167.4914,62.5169,19.9717
144.7566,164.8104,62.3676,20.3133
144.8649,163.4310,62.1509,20.5537
144.8385,160.7287,62.2038,20.9159
145.3912,159.3575,62.3663,21.1224
145.2602,158.0162,62.6284,21.2570
145.1673,154.7668,62.8141,21.3546
145.1092,154.0196,62.9304,21.5643
145.0698,152.7150,63.0092,21.5931
144.5422,148.8230,62.7726,21.6265
144.6029,148.1434,62.6511,21.6965
144.6768,146.7953,62.5034,21.8157
144.7544,144.1675,62.3482,21.9168
144.8532,141.5620,62.1506,21.9748
144.2399,140.9150,62.0908,21.9821
144.3419,139.5884,61.8868,22.0639
144.1343,136.2592,62.3019,22.3006
144.1423,135.3443,62.2858,22.8358
144.0423,133.1440,62.4860,23.3244
144.1858,131.6245,62.1989,23.7321
144.5203,129.4749,62.8488,24.0746
144.9773,127.9752,63.2692,24.4051
144.8701,125.8508,63.4836,24.6148
144.2967,125.0373,63.2772,24.8888
144.1424,124.2126,63.5859,25.1829
143.8400,122.0781,64.1905,25.3574
143.6714,121.2627,64.5278,25.6116
143.7298,119.8144,64.4110,25.7361
143.8417,117.6170,64.1873,25.9711
143.2721,116.1928,63.9388,26.0444
143.5634,115.3721,63.3562,26.3004
143.8005,113.9819,62.8821,26.3180
144.0606,113.2107,62.3618,26.4854
144.2996,112.5332,61.8838,26.4701
144.3811,111.1778,61.7208,26.4545
144.4746,110.3715,61.5339,26.7067
144.4877,108.9436,61.5075,26.8379
144.6105,107.5559,61.2621,26.8849
144.0687,107.4915,60.9841,27.0136
144.1180,106.8607,60.8855,26.9155
144.1985,106.2544,60.7247,26.7716
144.2445,105.6648,60.6325,26.5989
144.3239,105.6968,60.4738,26.5350
144.3573,105.1152,60.4070,26.3543
144.4744,104.4742,60.1728,26.2966
144.5263,104.4261,60.0690,26.3928
144.5933,103.8015,59.9349,26.3065
144.6439,103.7672,59.8339,26.3751
144.6641,103.7901,59.7933,26.3293
144.7169,103.7792,59.6878,26.3511
144.0056,103.1689,59.7812,26.2424
