1
267.6686,163.9027,277.6628,73.1945
267.8383,164.3967,277.3233,72.2066
268.0474,164.8854,276.9052,71.2292
270.8867,165.4048,276.4643,70.1904
273.7050,166.0112,276.0397,68.9777
273.9892,166.5854,275.4713,67.8292
274.2955,167.1424,274.8587,66.7152
274.5097,167.7332,274.4304,65.5336
274.6093,168.2809,274.2310,64.4381
274.6617,168.8322,274.1263,63.3356
274.6579,169.4319,274.1339,62.1362
274.7777,169.9796,273.8943,61.0408
274.8900,170.5393,273.6696,59.9214
275.2350,171.1803,272.9797,58.6393
275.5437,171.7772,272.3623,57.4456
276.0388,172.3649,271.3722,56.2701
274.4185,172.8639,269.7388,55.2722
272.5406,173.3533,268.6630,54.2935
273.3035,173.9583,267.1373,53.0835
273.9075,174.4635,265.9292,52.0730
272.2302,156.1940,264.5675,50.8816
270.7193,156.7778,262.9152,49.7138
271.6346,157.4375,261.0847,48.3945
272.5111,158.0287,259.3316,47.2121
273.2899,158.5978,257.7740,46.0739
274.0993,159.1945,256.1551,44.8804
274.6873,159.7560,254.9791,43.7574
275.1015,160.2885,254.1508,42.6925
275.4160,160.7913,253.5218,41.6869
275.5555,161.1854,253.2428,40.8987
278.1219,178.6672,252.4298,40.4941
278.1917,178.9260,252.2902,39.9765
278.2829,179.1572,252.1079,39.5141
278.2944,179.4756,252.0849,38.8771
278.4149,179.8706,251.8438,38.0872
278.2284,180.1278,252.2169,37.5728
273.8722,195.0244,252.4511,37.4533
278.0296,195.0855,252.6161,37.3312
278.0971,195.0255,252.4812,37.4513
278.2042,194.9474,252.2669,37.6074
278.4576,194.8614,251.7603,37.7794
278.7559,194.7820,251.1636,37.9383
279.2024,194.7049,250.2706,38.0925
279.5734,194.5607,249.5285,38.3809
279.9854,194.4044,248.7046,38.6935
280.4221,194.1620,247.8312,39.1783
280.9260,193.8598,246.8234,39.7827
281.4501,193.5851,245.7752,40.3321
281.8846,193.2728,244.9062,40.9566
282.4477,192.9246,243.7800,41.6531
283.0913,192.5600,242.4926,42.3823
283.7458,192.1646,241.1838,43.1730
284.2756,191.7019,240.1242,44.0984
284.9098,191.2213,238.8558,45.0596
285.5583,190.7146,237.5586,46.0730
286.2267,190.2514,236.2220,46.9994
286.8153,189.7384,235.0448,48.0254
287.3679,189.1852,233.9395,49.1318
287.8913,188.6342,232.8928,50.2338
288.3544,188.0953,231.9665,51.3116
288.8490,187.5217,230.9773,52.4587
289.2934,186.9320,230.0886,53.6382
289.6230,184.3066,229.4293,54.6424
290.1840,183.6145,228.3074,56.0267
290.7191,182.9420,227.2371,57.3716
293.3941,182.2685,226.1650,58.7186
293.9001,181.6276,225.1530,60.0004
294.5367,180.9583,223.8798,61.3391
295.2206,180.2840,222.5119,62.6875
296.0053,179.5919,220.9426,64.0719
296.8058,178.9173,219.3415,65.4209
297.6900,178.2870,217.5732,66.6815
298.6144,175.5293,215.7244,67.8812
299.4877,174.9979,213.9778,68.9438
300.4177,174.4826,212.1178,69.9746
301.5613,171.8840,209.8305,70.8725
302.6933,169.3167,207.5666,71.7242
303.7947,168.9383,205.3637,72.4810
304.8577,166.4847,203.2377,73.1396
305.7425,166.1539,201.4682,73.8012
306.6450,163.7521,199.6631,74.3881
307.3406,163.3655,198.2719,75.1612
308.0753,163.0276,196.8025,75.8372
308.9620,164.7617,195.0292,76.5555
309.8233,164.3096,193.3066,77.4597
310.7517,163.8766,191.4497,78.3256
311.6676,163.4503,189.6179,79.1782
312.5747,163.0370,187.8038,80.0049
313.6198,164.5890,185.7135,81.0320
314.4851,164.0325,183.9829,82.1450
315.3412,163.5758,182.2706,83.0585
316.2381,163.1608,180.4769,83.8885
317.1344,162.7730,178.6843,84.6639
317.9729,162.4366,177.0073,85.3369
318.9624,162.2014,175.0283,85.8072
319.9312,159.9599,173.0909,86.2431
320.7928,159.6867,171.3675,86.7895
321.6218,159.4037,169.7096,87.3555
322.4440,159.1304,168.0652,87.9020
323.1967,158.8569,166.5597,88.4491
323.9030,158.3780,165.1472,89.4069
326.4592,159.7086,163.9988,90.7097
327.1505,160.9979,162.6162,92.1007
327.9507,162.2958,161.0158,93.4775
326.7730,161.7257,159.3989,94.6176
325.6479,161.1913,157.6814,95.6865
326.5739,160.8286,155.8295,96.4119
325.5370,160.6279,153.9586,96.8132
324.4560,160.5434,152.1973,96.9822
323.4865,160.5209,150.2364,97.0274
320.8268,156.7829,147.8132,96.7606
319.9970,155.0304,145.6421,96.4352
319.5036,151.6323,142.8365,95.6464
318.8584,150.1364,140.3896,94.9011
316.3481,148.6894,138.0341,94.1069
315.6046,149.0334,135.8820,93.4190
314.8069,147.5335,133.8818,92.8232
313.9797,146.0253,131.9805,92.2840
314.8358,142.9022,130.2684,91.4946
315.5231,141.5303,128.8939,90.7593
316.0905,140.0762,127.7591,90.2216
316.6123,138.6851,126.7155,89.5839
317.1525,138.9581,125.6351,89.0378
315.8723,137.4806,124.8270,88.6245
316.2554,134.4754,124.0608,87.9362
316.4384,132.9662,123.6949,87.6282
316.5552,131.4951,123.4613,87.2545
316.5725,129.8944,123.4266,87.1499
316.4853,129.9186,123.6011,87.1015
316.2070,128.1853,124.1576,87.2623
315.9532,126.4532,124.6652,87.4098
315.6359,126.2862,125.2998,87.7438
315.2523,126.0798,126.0671,88.1566
314.8976,125.7281,126.7764,88.8599
314.6373,126.9515,127.2970,89.7959
314.3182,129.7590,127.9353,90.9930
314.0157,130.9391,128.5403,92.0682
313.7073,132.1454,129.1571,93.1177
313.4648,133.5234,129.6421,93.8507
313.1362,133.1786,130.2993,94.5402
314.4855,133.0053,131.1302,94.8868
315.7090,132.9876,132.2312,94.9223
316.9116,133.0866,133.3911,94.7243
319.6399,128.1024,135.0934,93.9544
320.6876,124.8676,136.5903,93.2390
323.3891,121.9645,138.3939,91.8388
324.1731,117.2425,140.4331,90.4614
326.8034,112.5659,142.4019,88.9703
327.6597,106.2051,144.3086,87.2147
326.7145,103.4388,146.1989,85.5109
327.6152,102.3501,148.0152,84.0706
328.5164,101.1957,149.8329,82.7594
327.7125,101.6041,151.4406,81.9426
326.9428,101.9456,152.9800,81.2596
326.2284,102.3540,154.4089,80.4428
325.5374,102.7110,155.7908,79.7288
324.7733,102.9510,157.3191,79.2488
323.8423,104.9903,159.1809,78.8446
322.9711,106.9871,160.9234,78.5457
322.1953,109.0540,162.4751,78.1269
321.4147,108.9836,164.0362,78.2676
318.6949,111.1062,165.7203,77.7780
317.8896,113.0245,167.3309,77.7130
315.2335,117.1450,168.8491,77.0599
314.4130,116.8197,170.4903,77.7105
311.6367,120.7788,172.2030,77.4717
310.6661,120.4620,174.1441,78.1054
309.6920,129.2331,176.0924,76.1624
308.7565,128.8705,177.9633,76.8876
307.8090,128.5122,179.8584,77.6042
304.8003,137.2130,181.9020,76.0977
303.6176,134.7279,184.2674,77.0912
302.4675,134.4051,186.5676,77.7368
301.3016,136.6288,188.8994,77.3626
300.1692,136.4204,191.1643,77.7794
299.0374,136.4373,193.4279,77.7456
298.0669,136.4292,195.3688,77.7618
297.0334,134.2946,197.4359,77.8305
296.0511,134.4038,199.4004,77.6121
297.0796,132.5434,201.5991,77.0772
298.2368,132.9762,203.5625,76.2117
297.2853,133.4852,205.4654,75.1937
298.5154,134.1081,207.3043,73.9479
297.6639,134.5747,209.0072,73.0146
296.7449,134.9140,210.8452,72.3361
295.8613,135.2766,212.6124,71.6109
297.2768,135.8846,214.1176,70.3949
296.3923,136.0453,215.8865,70.0735
295.4782,138.7605,217.7148,68.9975
294.6233,138.9076,219.4246,68.7034
293.7614,139.1911,221.1485,68.1364
292.9151,139.4550,222.8410,67.6086
292.1158,139.7572,224.4395,67.0040
291.1558,142.4020,226.3596,66.1336
290.3324,142.7456,228.0063,65.4464
289.5680,143.1646,229.5352,64.6083
288.8596,143.6898,230.9520,63.5580
288.1397,144.2154,232.3918,62.5069
287.4826,144.7835,233.7059,61.3705
286.8333,145.4117,235.0045,60.1143
286.1707,145.9902,236.3297,58.9571
285.5868,146.6612,237.4976,57.6152
284.9648,147.2551,238.7415,56.4275
284.3943,147.8743,239.8826,55.1889
283.7813,148.3880,241.1086,54.1617
283.2070,148.9697,242.2572,52.9983
284.8476,149.5466,243.3804,51.8443
284.2604,150.1274,244.5547,50.6828
285.8078,150.7303,245.8517,49.4771
285.0930,151.2166,247.2812,48.5044
