1
131.8344,237.9900,142.3313,53.0200
132.1488,238.3792,141.7025,52.2416
132.4966,238.6616,141.0067,51.6767
131.3529,239.0024,140.3426,50.9953
130.2541,239.2885,139.6101,50.4229
129.1653,239.5136,138.8787,49.9729
128.1256,238.3664,138.0676,49.3767
125.6670,238.6282,137.2487,48.8531
123.4424,238.8516,136.0041,48.4063
119.9678,239.1487,134.4902,47.8122
118.2132,238.0815,132.4223,47.1580
115.0574,238.4388,130.4923,46.4433
113.3435,238.8500,128.5068,45.6209
109.1054,239.3029,126.3296,44.7150
106.6828,238.6476,123.3272,43.4099
104.5189,239.2141,120.0072,42.2768
100.1968,238.7413,116.2450,40.7413
99.6188,238.3422,112.6017,39.1396
95.6246,238.9850,108.9973,37.8542
94.0674,238.6616,105.3804,36.2572
91.7762,238.3521,101.3104,34.7130
89.6552,238.1492,97.2448,33.0421
85.6093,238.8940,93.4056,31.5523
86.7992,238.6348,89.1190,30.1641
83.3644,238.4196,85.0674,28.7744
82.8073,238.1399,80.9702,27.5966
81.3832,238.5991,77.1894,26.6782
80.8972,238.9804,73.4016,25.9156
79.0671,238.5943,69.4683,25.1691
79.5472,238.1055,65.6101,24.6978
80.5485,238.2469,62.2223,24.4150
78.9501,237.5105,58.7617,24.5563
79.3337,237.2328,55.4261,25.1117
80.2076,236.8525,52.4327,25.8723
81.4645,236.4047,49.9190,26.7679
82.5321,236.5722,47.7837,27.6268
90.3240,236.0723,46.3228,27.4497
88.4056,236.1533,45.5508,27.2875
91.6093,236.9307,47.1094,25.7328
83.3026,236.8352,44.4327,27.0585
84.6016,236.8865,41.8348,28.0734
87.5358,237.4865,39.2532,29.0644
91.7311,237.6820,37.2998,29.7463
95.8801,237.8886,36.3810,30.3874
98.7448,238.1371,35.9036,30.9409
102.8676,241.0923,36.0735,31.3419
106.7199,240.8740,36.8571,31.7786
110.7421,241.8387,37.4537,32.0096
115.5589,242.7800,38.7509,32.3131
119.9069,245.4881,40.1166,32.4868
126.4942,246.0004,41.7851,32.6040
131.2488,248.2511,43.9683,32.7796
135.2006,248.8132,45.7080,32.8608
142.9082,250.6553,47.5571,32.8760
147.8686,251.3050,48.9886,32.8379
156.2067,252.6140,50.2649,32.7846
160.8768,253.2855,51.3295,32.7421
168.0394,255.4977,51.4787,32.2654
177.9184,256.2086,51.3721,32.1535
183.0536,257.8211,52.8615,31.5419
192.1941,258.0485,54.3587,31.0870
201.2706,258.9340,56.2017,30.6492
207.8833,259.8997,57.8575,30.0706
216.1020,260.9635,60.5624,29.3103
220.1556,262.0068,63.6052,28.6174
227.9736,263.9053,66.5067,27.6724
233.0996,265.1901,69.3161,26.5540
238.9847,266.4686,72.2633,25.4689
244.1660,271.5446,75.3497,24.2828
248.7173,271.9612,78.3801,23.4497
254.0355,272.2747,81.6413,22.8226
257.5603,276.2425,85.6416,21.2013
261.9400,278.3557,89.7162,20.1834
264.0343,283.7483,93.7368,19.2491
268.5574,283.9981,98.1293,18.7493
267.7751,290.4556,101.4253,17.9531
266.7993,291.6671,106.8995,17.2914
268.4554,298.1570,112.7075,17.0801
268.3372,298.9730,118.6442,17.3481
266.2013,304.5737,124.9037,18.0719
266.1321,308.2210,131.3077,19.1316
260.0607,312.1270,136.8556,20.1128
258.1064,318.4944,143.0590,21.1460
257.0227,320.1641,150.0285,22.6088
249.4077,327.9580,155.1515,24.7087
245.6805,331.1732,162.6057,26.1972
240.8875,336.1964,169.4194,27.2407
232.9496,344.3078,173.7447,28.3435
231.3131,343.7300,177.0177,29.4991
221.2876,351.1856,181.8802,29.7765
220.3677,351.2670,183.7198,29.6137
214.6624,356.5001,185.7321,28.5460
212.5889,358.3073,186.7397,28.0709
212.0808,358.5280,184.6123,27.6293
212.4937,360.4705,183.7865,26.8497
205.8607,365.4929,181.6608,26.0400
207.6047,365.5961,178.1729,25.8337
206.4864,366.2255,174.4488,24.5749
207.2863,366.8946,169.9453,23.2366
206.2448,367.1550,166.3996,22.7159
206.8698,367.2620,162.3947,22.5019
205.1126,367.2755,157.8230,22.4749
205.6468,356.7556,154.1228,22.4607
207.3398,356.6670,150.7369,22.6380
209.1531,356.4324,147.1102,23.1071
210.8448,356.1053,143.7269,23.7612
211.1439,345.9529,140.6659,24.3648
212.8288,345.6615,137.2962,24.9476
213.8468,343.1464,132.8632,25.1838
215.7984,340.6009,128.9600,25.5947
217.5527,335.8141,125.4514,25.9930
218.6719,334.3644,123.2129,26.6397
221.2037,331.9028,120.3835,27.0949
222.2574,330.5218,118.2760,27.6536
223.2682,328.1544,116.2544,28.0195
224.2820,325.8312,114.2268,28.3394
225.0477,324.5809,112.6953,28.6992
225.7011,323.4264,111.3885,28.8821
226.3340,322.2124,110.1227,29.1987
226.5860,321.9983,109.6188,29.6269
226.7225,321.8613,109.3457,29.9009
226.7084,321.7893,109.3740,30.0448
226.6601,321.7762,109.4706,30.0711
226.5869,321.8767,109.6171,29.8701
225.3823,321.9730,109.9212,29.6776
223.8547,323.1932,110.8708,29.3428
222.2899,323.3539,111.8876,29.0213
220.4259,326.9005,113.4946,28.2910
218.5887,327.0959,115.0395,27.9001
216.7136,329.5750,116.6457,27.2298
213.7977,329.8214,118.1704,26.7371
212.2288,332.4299,121.3081,25.8509
210.0499,333.8859,123.4737,25.1310
206.6019,336.5982,125.9530,24.1233
204.3436,337.0262,128.2462,23.2674
201.8117,339.8372,131.0719,22.1218
200.2420,340.2679,134.2113,21.2605
201.3710,347.4997,136.5154,20.4837
199.7832,347.7838,139.6910,19.9156
198.0914,347.9723,143.0747,19.5384
197.6986,347.9930,146.2291,19.4970
197.2009,347.7545,149.6362,19.9740
197.1552,347.2862,152.1958,20.9107
197.5533,346.6239,153.9221,22.2352
199.0400,345.7279,156.0948,24.0273
197.8411,344.7091,158.4925,26.0649
198.1570,343.6537,160.5737,28.1756
202.9871,339.7639,162.0480,30.3881
203.9614,337.2480,162.9470,32.5721
207.8999,333.2272,163.7786,34.8080
210.7074,326.0552,164.0792,37.3206
213.9317,323.3305,163.6516,39.7594
218.6393,314.6320,163.3901,41.9006
220.6865,312.0612,162.3838,43.9540
229.4526,301.7744,160.4153,45.8512
232.5988,297.7904,157.2434,47.5781
235.6388,289.5055,154.2712,48.6090
240.3582,282.9594,151.0019,49.3622
243.4800,274.7868,147.8103,50.4467
247.1906,269.7788,143.4158,51.3830
252.2037,260.7561,139.3513,51.5430
255.6749,256.5182,135.3345,51.2420
257.9442,249.2812,130.7959,51.4028
260.9729,240.9710,127.5390,51.2211
262.9090,235.9811,123.6666,50.2000
264.7921,230.9980,119.9005,49.4612
266.3075,223.9569,116.8696,47.8906
267.8113,217.2901,113.8620,46.0013
269.2559,213.0584,110.9730,44.6239
270.1747,210.5022,106.7413,42.5543
271.6719,203.3395,103.7470,40.8068
272.4726,200.2454,102.1455,38.1076
272.5206,197.1369,99.8991,35.7230
271.3055,193.1082,98.1790,33.4046
271.7189,190.4321,95.3437,30.7231
271.9006,185.8454,93.0614,28.3826
272.7393,185.2637,91.3841,25.8592
271.6284,180.7038,90.0601,24.3422
272.1971,180.5199,88.9228,22.9843
271.8694,176.3079,87.8940,21.3036
272.1935,176.1749,87.2459,19.9319
273.2651,171.0744,86.7052,18.9156
274.8278,171.4276,85.1551,18.2093
274.5387,168.0925,87.2734,17.1792
273.9648,167.6713,88.4212,16.4720
276.1646,165.6157,90.2283,15.9283
277.8019,161.4716,91.6518,16.3860
279.0424,159.5906,93.9554,16.9584
279.0269,155.3071,95.6243,17.3351
282.2310,153.8550,97.5595,18.5707
282.2712,151.3813,100.9188,20.0784
283.3154,147.8078,104.2182,21.8373
285.5673,142.1299,107.2191,23.8125
287.4676,140.2973,109.2872,25.5215
289.0180,136.5227,112.2401,27.0169
288.6689,133.6537,115.0260,28.5792
291.4862,130.6984,118.0180,30.1766
291.0163,126.4824,121.1866,31.9218
292.6595,123.3853,124.8196,33.5031
292.2057,119.1174,128.1146,34.8768
294.0759,117.0973,131.7529,36.4575
293.2525,112.6647,135.9402,37.7013
292.6674,110.7132,139.7331,38.9814
293.3037,107.6836,143.8611,39.6400
292.6851,104.5822,147.8691,40.3013
292.3989,102.8969,151.2812,40.8323
292.0898,101.2095,154.7970,41.3092
291.8934,99.8076,158.1461,41.1569
291.9750,99.9230,160.9833,40.9262
290.3080,98.6751,164.3174,40.3860
290.5199,98.9516,166.9660,39.8331
289.1254,97.9005,169.7549,38.8361
288.0050,98.3381,171.9957,37.9610
287.0074,98.9032,173.9908,36.8308
286.1221,99.5487,175.7615,35.5399
285.3454,100.3075,177.3150,34.0221
284.6815,101.1593,178.6428,32.3186
285.7919,101.8532,179.5381,30.9308
285.4484,102.5642,180.2251,29.5088
286.6015,103.1790,181.0011,28.2793
286.5198,103.9360,181.1645,26.7652
286.6416,104.4161,180.9208,25.8050
289.2517,116.9461,178.7185,24.8869
288.0651,117.4485,178.1228,23.8820
288.3469,117.9359,177.5594,22.9071
291.2437,118.0758,174.6782,22.6275
293.2315,117.9784,173.5699,22.8221
293.6985,119.2733,172.6360,23.0884
295.8344,124.7284,171.2127,23.5719
296.9136,124.1842,169.0542,24.6603
297.8876,125.0645,167.1062,25.7306
299.8376,130.0867,166.0317,26.9878
300.5690,129.5266,164.5688,28.1082
302.4599,130.3408,163.6248,29.3174
305.6577,129.7561,162.9261,30.4867
306.0844,131.9364,162.0727,31.8498
306.6498,131.5162,160.9419,32.6902
306.9987,132.4615,160.2441,33.6769
307.3432,132.1925,159.5550,34.2148
307.5175,131.9677,159.2064,34.6643
307.6006,131.7878,159.0402,35.0242
307.7250,131.7216,158.7914,35.1566
307.7286,131.7720,158.7843,35.0558
307.6455,131.8899,158.9504,34.8200
307.3352,132.0119,159.5711,34.5759
307.0790,132.2304,160.0834,34.1391
308.4796,132.4213,160.1755,33.7571
308.5631,132.6839,160.0086,33.2320
307.5154,132.9930,162.1042,32.6138
306.8979,133.1206,163.3389,32.3587
307.4839,133.4755,165.0712,31.6488
306.6536,134.0534,166.7318,30.4930
305.8741,134.6295,168.2909,29.3409
308.3681,143.9066,169.1301,28.2685
309.3976,144.4267,169.9752,27.2285
309.9025,144.8548,171.8604,26.3721
309.0276,145.2392,173.6103,25.6034
308.2902,145.6096,175.0851,24.8626
307.8268,145.9859,176.0117,24.1100
310.0214,155.1256,177.4542,23.3250
309.5197,155.2774,181.3771,23.0215
309.4537,155.4890,184.4768,22.5982
307.8461,157.1282,184.6904,22.3213
306.9226,167.6782,183.5384,22.2134
306.9973,167.7596,183.3890,22.0506
305.5167,167.8240,183.3749,21.9219
304.4772,178.3655,182.4812,21.6470
303.8555,178.2393,186.6794,21.8993
314.4518,182.7859,186.6098,21.8589
315.9102,184.4955,180.6772,21.4554
307.0982,196.2083,177.8200,21.4373
305.2833,195.9223,178.5635,22.0090
303.1301,200.5523,179.9617,21.4735
303.3563,206.5363,179.5093,21.1712
298.6479,206.3742,177.3102,21.4955
302.1354,216.5072,178.9763,21.3922
297.8340,216.7798,178.8754,20.8470
294.3496,218.2929,180.0670,20.7094
282.1581,228.2913,181.2324,21.0279
285.8057,228.4923,179.7868,20.6260
288.8231,233.0390,176.6487,20.2224
285.1782,241.4745,172.5578,20.4223
285.7895,241.7571,168.5422,19.8571
282.9263,241.9644,166.0901,19.4426
275.5768,241.9310,164.6857,19.5095
269.2130,244.7127,164.0833,19.2780
267.6595,246.1123,161.8844,19.1316
267.4178,255.1792,159.7481,19.3358
268.6071,255.1472,157.3695,19.3996
267.1797,254.9687,155.0983,19.7567
259.0074,254.7022,153.6697,20.2897
254.6789,254.5343,149.6754,20.6254
250.6665,258.1359,145.2905,20.8682
245.6154,257.8151,143.2611,21.5097
239.0751,257.4074,141.8744,22.3251
233.6261,258.4161,140.7304,22.7162
227.7596,259.4375,140.4615,23.0737
221.6919,260.3905,140.5780,23.5715
213.1901,260.1733,140.6747,24.0059
205.7405,259.9348,141.0225,24.4829
199.3369,259.7127,141.6321,24.9270
191.7390,260.8870,142.0874,25.0353
184.0775,260.7103,142.6195,25.3886
177.5028,260.5527,143.3711,25.7037
169.8891,260.6000,143.6213,25.6092
165.7026,260.8674,144.5009,25.0743
157.4239,262.3772,146.0616,24.5542
147.3346,262.7637,148.6650,23.7812
137.1363,263.1371,151.3418,23.0343
128.1690,263.4553,153.9556,22.3981
119.4230,263.8421,155.9866,21.6244
112.1391,264.3126,155.0191,20.6834
103.8582,264.6576,156.2401,19.9935
98.4933,264.8110,156.7316,19.6866
90.7586,264.6094,159.4005,20.0897
78.2341,263.9688,163.6087,21.3710
71.9425,263.5403,165.4352,22.2280
62.8537,262.4472,167.2223,24.4142
54.7473,257.0591,166.6317,26.7887
51.0046,254.2174,165.5971,29.6320
47.6420,250.8385,166.5581,33.5079
41.9458,245.6769,169.0364,37.8884
38.2742,242.0323,170.1983,42.0867
33.1671,234.7489,170.8507,47.0918
30.1982,232.6904,170.2067,51.2089
28.8136,228.4372,169.6173,56.3566
28.0349,222.1933,167.7296,61.9543
29.1014,219.7194,165.5966,66.9021
28.5137,215.4074,163.1940,71.9480
29.8368,213.0998,160.5478,76.5633
31.4718,211.0569,157.2777,80.6491
33.8514,209.3728,152.5187,84.0172
29.6984,208.1622,146.0818,86.4386
38.7533,209.8760,142.4979,90.2739
40.9066,209.8116,138.1912,94.0453
43.1869,209.9863,133.6308,97.3365
47.6442,210.4009,128.3421,100.1334
52.1671,212.7441,122.8875,102.6293
56.6861,215.1658,117.3974,104.8816
61.1361,219.4828,111.9966,106.7449
65.5309,220.3863,106.6514,108.3824
69.8351,226.4848,101.4292,109.7307
74.0732,227.5882,96.2777,110.8486
76.5855,233.6812,91.2532,111.7019
80.7970,234.8589,86.0222,112.5385
84.7602,240.7304,81.2159,113.2755
88.6182,243.5541,76.5523,113.7329
92.2527,246.4368,72.2656,113.9321
94.1458,250.7389,68.4793,114.0694
97.5669,253.5100,64.4895,114.2317
100.7958,256.1685,60.8188,114.4888
102.3731,257.3765,57.6642,114.8012
103.9494,261.2677,54.5115,115.0541
106.8771,262.4839,51.2836,115.2492
108.2289,262.4079,48.5799,115.4011
109.5133,262.2709,46.0113,115.6752
110.7244,263.4182,43.5891,115.8670
111.8910,263.3244,41.2559,116.0546
112.9496,261.9664,39.1386,116.3644
113.9152,259.3306,37.2075,116.8916
114.8414,256.9012,35.3550,117.0619
115.6954,254.2452,33.6470,117.7491
116.5414,247.1104,31.9551,118.2764
117.3361,245.5627,30.3656,119.1058
118.1070,239.5829,28.8238,119.8264
118.9058,235.8898,27.2263,120.5268
120.8939,231.2955,25.4578,120.8842
125.1829,227.9393,23.4158,121.0607
125.7607,223.5565,22.2602,121.2607
132.8743,216.7037,20.7619,122.2375
133.4422,213.2311,19.6262,122.8663
136.2774,206.8315,18.1388,123.1162
142.9362,202.9697,17.2126,124.6441
143.2798,198.9188,16.5254,124.4755
150.5501,192.1709,16.3443,125.6631
150.8400,188.8108,15.7643,126.1913
157.9048,185.1350,16.0512,127.3644
157.8557,178.1938,16.1494,128.7577
165.9033,173.0206,16.8758,130.6934
166.7608,170.3477,17.3049,131.7509
172.8376,164.1230,18.1562,133.3628
175.5678,162.5346,19.3167,134.3327
181.4579,159.5230,20.9993,135.8682
184.0275,155.2198,22.7566,137.5782
191.0714,152.4747,25.1714,138.3534
192.3040,150.2815,27.5385,140.3238
198.3264,149.5951,30.4328,141.6964
200.7745,147.3492,33.2323,143.6231
208.5994,146.9015,36.1045,144.5186
209.7773,145.0091,39.1754,145.5900
216.6194,144.4254,42.2099,146.7573
219.2584,143.9806,45.5111,147.6470
224.9630,143.5723,48.7699,148.4635
230.8003,143.2346,52.1214,149.1388
233.5691,144.6266,55.8118,149.4309
241.2753,146.1418,59.2813,149.5475
242.6310,147.7955,62.9917,149.4510
247.3428,151.2268,66.6705,149.1395
252.1901,153.1013,70.3196,148.7264
257.1996,156.8319,73.8761,148.0531
258.9122,158.7901,77.3425,147.5825
264.1356,162.7404,80.8904,146.6792
267.7863,166.7193,84.2275,145.8137
271.5624,170.8504,87.4455,144.7317
275.4963,175.0950,90.4628,143.4993
277.6613,177.5387,93.4542,142.2726
281.7706,183.8459,96.3125,140.7351
284.0786,186.4002,99.1298,139.3430
284.6918,190.9226,101.6454,137.7825
287.2050,193.5815,104.1387,136.2245
289.7994,198.1536,106.5035,134.6337
292.4578,200.8609,108.7686,133.0101
293.3150,205.4801,110.8568,131.3773
296.0742,208.1051,112.9610,129.9384
295.1343,210.6152,114.8409,128.7411
296.2530,213.1751,116.4378,127.4557
297.4941,215.6630,117.7954,126.3198
296.9079,216.1073,118.9678,125.4313
298.3770,216.4785,119.8781,124.6889
297.9847,216.7943,120.6628,124.0573
297.6765,216.9852,121.2791,123.6754
297.4285,217.1159,121.7752,123.4140
297.2451,217.1544,122.1420,123.3370
299.0712,217.0443,122.3556,123.5573
298.9765,216.9030,122.5449,123.8398
298.9142,216.6526,122.6695,124.3407
298.8117,216.2347,122.8746,125.1765
300.6495,217.6693,123.1052,126.2135
300.5685,217.0925,123.2671,127.3672
302.4513,216.3809,123.4486,128.7904
302.3764,215.5774,123.5983,130.3974
304.3933,214.6936,123.5642,132.1649
306.3987,213.6532,123.5800,134.2457
306.4978,212.5392,123.3818,136.4737
308.6252,211.3682,123.2178,138.8157
310.7851,210.1265,123.0228,141.2990
312.9602,206.6758,122.8326,144.0406
315.1046,203.1614,122.7432,146.8699
315.1880,201.6339,122.5764,149.9249
317.4434,197.9216,122.3516,153.0634
317.6530,196.3494,121.9324,156.2078
317.9794,192.5011,121.2796,159.5327
320.6890,188.6003,120.2724,162.9222
321.2417,184.6573,119.1670,166.3612
321.8533,180.6071,117.9438,169.9805
324.7851,176.4712,116.5958,173.7366
325.5417,174.6901,115.0826,177.2988
326.3217,170.5612,113.5227,180.9782
327.2182,166.4348,111.7297,184.6237
328.2923,160.0512,109.5813,188.1279
329.5238,156.0120,107.1185,191.5590
330.7998,152.1045,104.5664,194.7176
330.0707,148.1297,101.3653,198.0078
329.4139,142.0127,98.0261,200.9364
330.9641,138.4904,94.9256,203.3430
330.5670,134.9851,91.1009,205.7348
330.3410,129.3592,86.9663,207.8134
328.1939,126.2830,82.1733,209.4222
328.2036,123.3667,77.6726,210.7734
324.4242,120.6232,71.9717,211.8404
324.5720,120.0638,67.3444,212.9593
323.1036,115.5873,61.7556,213.3869
321.6803,113.5057,56.2720,213.3848
318.2512,113.4151,50.9429,213.5660
316.6118,111.4145,46.2941,213.6035
311.0680,111.4973,41.8815,213.4378
309.2217,111.0870,38.0000,214.2584
305.3821,110.6734,34.5124,215.0857
295.8891,109.3273,31.5114,214.1132
296.6469,111.0657,29.9958,214.2275
283.1360,112.9533,28.5219,210.4522
283.1480,115.1660,28.4979,209.5068
270.6677,117.8776,29.1926,207.5502
269.6255,121.8194,31.2771,206.5738
259.6141,124.3134,33.8894,205.0680
258.0412,126.8832,37.0352,203.4418
245.4322,129.5249,40.9343,201.7117
243.5489,134.1170,44.7010,199.7382
237.6143,138.9478,49.2688,197.3781
229.6107,143.9873,54.1609,194.7090
225.3694,147.2169,58.8837,192.0095
221.0275,152.4491,63.7581,189.1640
214.6081,157.9102,68.8796,185.9593
210.3037,165.4014,73.5824,182.6945
207.9185,169.0057,78.3529,179.4294
203.4845,178.7780,83.2400,175.8078
201.0824,182.6845,88.0444,172.0087
198.6708,186.7431,92.8675,167.9331
196.2628,194.9614,97.6835,163.6895
193.8869,199.2656,102.4353,159.1643
191.5556,205.7236,107.0978,154.4390
191.3403,212.3408,111.6303,149.4082
191.1710,219.0269,116.0689,144.2361
193.0742,225.7759,120.4492,138.9247
195.1270,230.4087,124.5076,133.7412
199.2418,237.2310,128.4767,128.2292
201.4328,242.0947,132.1799,122.5442
205.6967,246.9622,135.6842,116.8199
207.9751,252.0398,139.0747,110.6385
214.3194,257.0336,142.0906,104.5769
218.8537,259.9134,144.6419,98.8173
227.1749,264.9936,147.0845,92.4739
229.9554,267.8807,149.0195,86.6997
238.3680,270.8109,150.5919,80.8394
241.2971,273.7687,151.9396,74.9237
251.3127,275.2290,153.0332,68.4824
256.0707,278.0836,153.7901,62.7730
265.6480,279.4799,154.6413,56.6462
270.1830,276.2542,155.2812,50.1511
279.2755,278.6914,155.8611,45.2767
283.7894,270.3832,155.9698,40.5745
292.6408,272.5154,156.0197,36.3103
297.0124,274.3776,155.9118,32.5857
306.9496,264.8749,155.6734,29.1500
311.0868,266.3692,155.6034,26.1614
319.2368,256.5656,155.3525,24.3701
325.9342,257.2601,155.1359,22.9811
332.5451,251.1304,154.9383,22.2164
336.6704,248.2711,154.4479,22.7613
344.6386,238.3344,154.0569,24.4985
348.8629,235.9864,153.4691,26.5742
355.8389,225.3612,152.7844,29.2506
358.8151,221.2947,152.2253,31.9903
366.0607,211.5759,151.4450,34.9746
369.2393,205.8976,150.6656,37.9647
373.7589,198.6973,150.1311,41.0258
379.8018,192.8971,149.5860,43.9706
381.4492,187.0575,149.2235,46.8523
384.5460,179.6994,148.9915,49.6457
389.2787,173.8417,148.6123,52.2747
392.6578,169.5736,147.9967,54.6683
395.9781,163.8237,147.5677,56.8507
397.6967,159.5885,147.2695,59.0432
399.4788,155.4289,146.8791,61.0146
402.7427,152.9304,146.7580,62.8084
402.8577,149.0032,146.5280,64.1960
404.6200,146.7261,146.2580,65.4957
404.7296,144.5218,146.0388,66.6308
406.4766,144.0533,145.8351,67.5677
406.5450,142.0784,145.6982,68.2138
406.6332,141.8410,145.5218,68.6887
406.6090,141.7563,145.5703,68.8579
406.5663,143.4973,145.6556,68.6985
406.5027,145.3984,145.7829,68.2170
406.4410,147.5192,145.9063,67.2896
404.6460,151.4822,146.1964,65.9634
402.8999,155.5198,146.4079,64.4498
399.6615,159.6408,146.3701,62.7225
398.0262,167.2053,146.4144,60.4984
394.8412,171.3957,146.4095,58.4925
391.7255,177.3257,146.3375,56.0876
388.6068,181.6381,146.3598,53.6779
384.0507,192.1931,146.2784,50.9549
381.1116,194.9952,146.1287,48.3646
375.1106,205.5450,146.2723,45.0525
372.2535,208.4543,146.1752,42.1396
367.8912,220.0088,146.3492,38.9820
360.9304,221.5319,146.3034,35.9358
359.5661,234.0000,146.2970,32.8810
351.5352,235.5762,146.2986,29.7285
347.6621,247.4830,146.1977,26.8406
339.9922,248.6885,146.1906,24.4297
333.7792,259.7645,146.0664,22.3581
328.9867,260.3937,145.7834,21.0998
320.6282,270.2666,145.4355,20.8565
317.1146,272.4884,145.1785,21.2692
310.0594,279.1009,144.6917,22.6413
304.2750,279.1915,143.9920,24.9138
297.1262,284.0174,143.3544,27.7081
289.7455,283.6953,142.9039,30.8876
283.6385,285.6788,142.1635,34.6932
278.7617,286.3004,141.3032,38.7570
271.1519,286.8947,140.2136,43.0047
266.3174,288.9201,138.7549,47.2998
257.0479,288.3205,137.4130,51.3390
253.4711,287.6870,135.8840,55.5003
245.4423,287.0826,134.2613,59.6558
241.8577,286.4583,132.4402,63.9012
232.1918,284.3232,130.4603,68.1714
231.6993,283.7183,128.3559,72.4706
221.8655,281.6001,126.1006,76.7070
221.5474,281.0978,123.5667,80.8816
211.6189,279.0190,121.0093,85.0393
211.4184,276.9786,118.1777,89.1199
203.1126,274.9532,115.2504,93.1709
203.0488,272.9740,112.1004,97.1292
194.7206,269.4577,108.9996,100.8689
194.6007,265.9754,105.9350,104.5292
189.5523,264.2152,102.7743,108.0494
189.4478,260.8470,99.6636,111.4662
186.1647,257.3307,96.2590,115.1752
184.5291,253.9916,92.8775,118.5270
182.9752,249.0816,89.3392,121.7008
181.4246,245.9044,85.8131,124.7415
179.8759,242.8770,82.3072,127.4947
178.3276,240.0378,78.8342,129.8883
176.7276,237.3210,75.5097,132.0598
176.5867,234.8383,72.5532,133.7867
175.0041,230.9596,69.2915,135.1172
174.7432,228.6407,66.6362,136.5780
173.0175,226.3264,63.7825,138.0540
172.6424,222.4280,61.4086,139.6024
172.2342,218.5721,59.1199,141.1041
171.7280,213.1233,57.0459,142.7427
169.6539,208.9314,55.0479,144.9803
168.7894,203.2922,53.7076,147.0503
167.7937,196.1969,52.6240,148.9412
163.7955,188.9328,51.3735,151.1403
162.4698,184.6355,50.9339,153.5530
158.0346,175.5772,50.4526,156.0834
156.4293,169.7596,50.5188,158.2853
149.8975,163.8413,50.8749,160.5912
147.8066,157.9009,51.8404,162.8237
142.3381,151.8004,52.9807,165.2277
136.5214,147.2511,54.6518,167.6849
132.0928,139.4197,56.7362,169.8022
123.8846,134.7246,59.3340,172.2832
117.1411,130.0670,62.2087,174.5234
110.1088,125.5368,65.4084,176.3404
102.6664,122.9131,69.1767,177.8824
92.9283,120.5406,73.4713,178.8321
86.9145,120.4851,77.7275,178.9431
76.5570,120.6258,82.5918,178.6617
72.2551,121.2250,87.1514,177.4632
61.4998,122.0851,92.2379,175.7430
55.1629,124.2196,96.5745,171.4741
48.7786,128.7696,100.9834,166.5539
44.5539,139.7254,105.2512,161.3679
38.0322,144.7568,109.9439,155.4806
36.6027,156.8951,112.8029,147.8621
32.6911,160.9794,116.5305,139.6934
31.2463,172.9079,119.4200,127.9291
29.5824,182.5465,122.7479,116.4412
29.7969,191.9633,126.0853,105.1405
33.6834,201.1038,129.2251,94.1348
37.3469,209.8418,132.4180,83.6721
38.0117,214.1050,134.4697,75.1457
35.1723,218.0024,136.8806,67.3508
16.6167,213.3167,142.2988,60.8757
18.1460,224.4275,145.5095,54.3277
21.9137,220.0120,147.1663,47.8383
30.8328,217.7833,144.1765,43.3868
32.6743,206.1991,140.4936,43.7941
77.4837,217.0410,140.4909,38.9132
106.7686,207.3632,146.9534,36.5915
107.8466,197.6187,150.3110,36.7832
68.1937,200.3144,139.7771,37.0067
72.4723,197.6665,131.2199,36.9750
84.5723,189.1796,122.2759,38.6928
87.3334,183.4146,114.3058,40.4307
90.8813,179.1342,107.2100,41.8925
97.5505,172.9290,100.7448,42.8477
108.1969,169.0399,92.7412,43.9813
115.6137,164.4217,84.2633,44.7432
121.1188,162.2661,77.2684,45.0391
124.1455,157.3274,71.2149,45.3699
127.2468,156.5188,66.8371,45.1625
130.0666,154.1002,62.9529,44.7333
131.1981,154.0230,60.6900,44.8876
132.0583,153.9850,58.9695,44.9637
