1
200.9568,320.7823,290.0863,73.4355
201.3182,321.0300,289.3636,72.9400
201.5755,321.2192,288.8490,72.5615
201.7568,321.3802,288.4864,72.2397
201.8912,321.5200,288.2175,71.9601
201.9927,321.6193,288.0146,71.7614
202.0403,321.7776,287.9194,71.4447
202.0936,321.8498,287.8128,71.3003
202.1608,321.9316,287.6784,71.1367
202.1393,322.0520,287.7214,70.8960
202.0038,322.1303,287.9925,70.7394
201.8595,322.2188,288.2809,70.5625
201.7997,322.3776,288.4005,70.2448
201.7293,322.5190,288.5413,69.9620
201.6086,322.6345,288.7827,69.7311
201.4767,322.7787,289.0465,69.4427
201.3195,322.9162,289.3610,69.1676
201.2003,323.0772,289.5993,68.8455
201.0728,323.2416,289.8544,68.5168
200.8894,323.3483,290.2211,68.3034
200.7675,323.5095,290.4650,67.9811
200.5546,323.6628,290.8909,67.6744
200.3028,323.8427,291.3945,67.3147
200.1190,324.0199,291.7620,66.9602
199.8741,324.2401,292.2519,66.5199
199.6713,324.4424,292.6574,66.1152
199.5213,324.6682,292.9574,65.6636
199.2951,324.9268,293.4099,65.1464
198.9845,325.1593,294.0309,64.6815
198.7098,325.3875,294.5804,64.2249
198.4282,325.6126,295.1436,63.7747
198.1471,325.8257,295.7057,63.3486
197.8229,326.0535,296.3542,62.8930
197.5233,326.2956,296.9535,62.4089
197.2235,326.5346,297.5530,61.9307
196.9593,326.7723,298.0813,61.4554
196.6351,327.0201,298.7298,60.9598
196.3120,327.2367,299.3761,60.5267
195.9922,327.5118,300.0156,59.9763
198.3465,327.7595,300.6518,59.4810
198.0641,328.0191,301.2166,58.9617
197.8236,328.2617,301.6975,58.4766
197.5011,328.5623,302.3426,57.8753
197.1229,328.9289,303.0991,57.1421
196.8018,329.3916,303.7411,56.2169
196.4843,329.8618,304.3763,55.2764
196.1020,330.3378,305.1408,54.3244
195.6692,330.8361,306.0064,53.3278
195.3010,331.3251,306.7428,52.3497
194.8340,331.8262,307.6767,51.3475
194.3796,332.2890,308.5855,50.4221
193.9432,332.7288,309.4584,49.5424
196.1104,333.1992,310.3942,48.6016
195.5405,333.6537,311.5339,47.6927
194.9881,334.1279,312.6387,46.7443
194.3242,334.5741,313.9665,45.8517
193.7491,335.0422,315.1167,44.9156
193.2448,335.4881,316.1254,44.0237
192.8473,335.9567,316.9203,43.0867
192.4881,336.4042,317.6388,42.1916
192.1389,336.7990,318.3371,41.4021
191.8370,337.1379,318.9409,40.7242
191.3903,337.3787,319.8343,40.2426
190.9796,337.5960,320.6557,39.8080
190.7496,337.7349,321.1157,39.5302
190.3954,337.8331,321.8241,39.3338
192.4499,337.9053,322.9497,39.1894
192.0866,337.9769,323.6762,39.0462
191.7507,337.9802,324.3480,39.0395
188.8746,337.9176,324.8370,39.1647
188.5944,337.8808,325.3975,39.2384
188.2745,337.7817,326.0373,39.4366
188.0771,337.6554,326.4321,39.6893
187.9813,337.4991,326.6236,40.0019
187.8139,337.3625,326.9585,40.2750
187.4475,337.2087,327.6912,40.5826
187.1422,337.0136,328.3019,40.9727
186.7114,336.7213,329.1634,41.5575
186.2170,336.3716,330.1523,42.2567
185.7861,336.0445,331.0141,42.9111
185.4102,335.7167,331.7658,43.5667
184.8826,335.3182,332.8210,44.3636
184.3574,334.8906,333.8713,45.2188
183.8166,334.5042,334.9531,45.9916
183.3361,334.2169,335.9141,46.5663
182.8084,333.8507,336.9694,47.2986
182.3687,333.4366,337.8488,48.1268
181.7055,332.9675,339.1752,49.0650
181.1209,332.5179,340.3444,49.9641
180.6415,332.0941,341.3031,50.8118
177.6156,331.6357,341.6191,51.7286
178.0370,331.2041,340.7765,52.5918
178.4742,330.8311,339.9020,53.3379
176.3813,330.4802,338.3207,54.0397
174.4132,330.1250,336.4979,54.7500
172.4039,329.7609,334.7682,55.4783
173.2542,329.3107,333.0677,56.3786
171.0241,328.8128,331.7948,57.3744
171.5650,328.3231,330.7130,58.3539
172.1435,327.7433,329.5560,59.5135
169.7320,327.0775,328.6327,60.8450
170.1817,329.2989,327.7334,62.1619
167.8053,328.5346,326.7132,63.6904
168.2465,327.7192,325.8308,65.3213
165.9873,327.0177,324.5408,66.7242
166.5929,326.3804,323.3297,67.9989
167.1469,328.6659,322.2216,69.2534
164.9153,327.9568,320.8504,70.6714
162.6074,327.2255,319.6238,72.1343
160.3858,326.5518,318.2134,73.4815
161.1693,325.9926,316.6464,74.6000
161.8636,325.3704,315.2579,75.8444
159.5637,324.7526,313.9941,77.0799
160.2286,324.1214,312.6644,78.3424
158.0073,323.5046,311.2322,79.5759
155.8669,322.8957,309.6351,80.7938
156.6366,322.3472,308.0957,81.8908
154.5805,321.7694,306.3303,83.0463
155.3640,321.1703,304.7633,84.2445
153.3034,320.5458,303.0097,85.4936
151.2024,319.8684,301.3381,86.8483
152.1077,319.2641,299.5276,88.0570
150.1913,318.6118,297.4883,89.3616
148.3627,318.0564,295.2779,90.4723
149.6198,317.4503,292.7636,91.6845
148.0317,316.8581,290.0962,92.8689
146.5470,316.3752,287.2381,93.8348
145.0632,315.7984,284.4009,94.9884
146.5155,315.3610,281.4964,95.8632
145.0279,314.8997,278.7114,96.7857
146.4506,314.4155,275.8660,97.7541
147.9531,311.1780,272.8611,98.5149
146.3806,310.8058,270.3209,99.2594
147.4224,310.4622,268.2374,99.9465
145.7106,310.1985,266.0161,100.4740
146.9313,309.8664,263.5750,101.1383
148.1430,306.7335,261.1515,101.8047
146.6469,306.4932,258.5673,102.2853
147.8193,306.2254,256.2224,102.8209
148.8469,305.9406,254.1673,103.3906
147.5320,302.9910,251.2927,103.7854
148.7828,302.7807,248.7912,104.2061
149.9722,302.4329,246.4123,104.9016
148.9814,299.5958,242.9749,105.1568
150.4322,299.5135,240.0732,105.3214
152.1145,296.8792,236.7086,105.2552
151.1465,296.8240,233.3598,105.3654
152.9357,296.8719,229.7813,105.2697
152.0322,296.7136,226.4038,105.5863
153.8500,293.9176,222.7683,106.0374
155.4666,293.8387,219.5350,106.1953
157.2250,293.7313,216.0182,106.4100
156.5393,291.1527,212.3859,106.5634
158.3309,291.1493,208.8028,106.5704
160.0452,291.0170,205.3741,106.8348
159.3999,288.4601,201.8097,107.0936
161.1198,288.3905,198.3699,107.2327
162.8560,285.9138,194.8975,107.4273
164.3040,285.7995,192.0016,107.6560
165.7456,283.2951,189.1184,107.9927
167.1579,283.1124,186.2938,108.3582
168.6389,280.7603,183.3317,108.4629
170.1237,280.6731,180.3621,108.6373
171.5661,280.6257,177.4772,108.7320
172.8945,278.3827,174.8204,108.7435
174.0560,278.2676,172.4974,108.9736
175.0541,278.1617,170.5013,109.1854
176.0064,275.9332,168.5968,109.2645
176.9605,275.9101,166.6886,109.3107
177.7747,273.7111,165.0601,109.3858
178.5081,273.6658,163.5932,109.4765
179.1732,273.6305,162.2630,109.5471
179.8374,273.5263,160.9347,109.7555
182.6907,273.4962,159.4719,109.8155
183.4711,271.3513,157.9110,109.8828
184.1537,271.2548,156.5458,110.0757
186.9644,271.1302,155.1073,110.3248
187.6555,271.0396,153.7251,110.5060
190.4078,270.9977,152.3675,110.5900
193.1861,270.9433,150.9391,110.6988
193.8934,268.8456,149.5243,110.7860
194.4779,268.8450,148.3553,110.7873
197.1921,268.8137,146.9973,110.8499
199.8807,268.7899,145.6707,110.8975
202.5421,268.7804,144.3790,110.9164
203.0900,268.6845,143.2832,111.1083
205.7424,268.7361,141.9765,111.0051
208.2764,268.6675,140.8850,111.1422
208.7803,268.6273,139.8773,111.2227
211.2734,268.6347,138.8389,111.2078
213.7558,268.6081,137.8058,111.2610
216.1598,268.6407,136.9146,111.1959
218.5230,268.6045,136.0902,111.2682
218.9140,268.5084,135.3082,111.4605
221.2868,268.4304,134.4441,111.6164
223.5808,268.3458,133.7269,111.7857
225.7739,268.1557,133.2033,112.1658
227.9202,267.9460,132.7712,112.5854
230.0292,267.7556,132.4137,112.9660
230.1720,267.5198,132.1282,113.4377
232.3324,269.0764,131.6718,114.1888
234.4403,268.8427,131.3253,114.6563
236.5279,270.5382,131.0216,115.1367
236.6334,270.2933,130.8106,115.6266
238.6585,272.1328,130.6395,115.8267
240.6933,272.0588,130.4495,115.9746
240.7050,271.9626,130.4261,116.1670
242.6908,273.8532,130.3362,116.2676
244.6598,273.8659,130.2801,116.2421
244.6649,275.9143,130.2699,116.0260
246.5202,276.0461,130.4364,115.7624
248.3864,278.1764,130.5795,115.3773
248.3427,278.2171,130.6668,115.2959
248.2375,278.2633,130.8771,115.2034
250.0420,280.1784,131.1416,115.2464
249.9208,280.0469,131.3840,115.5095
249.7281,279.9432,131.7694,115.7168
249.6133,279.9554,131.9990,115.6925
251.3917,280.0320,132.3406,115.5393
251.2257,280.0266,132.6727,115.5502
252.9916,281.9570,133.0477,115.5960
252.8295,281.9611,133.3717,115.5878
252.6110,282.1139,133.8088,115.2822
252.3131,282.3598,134.4046,114.7905
254.0645,282.6272,134.8231,114.2557
253.6246,283.0007,135.7028,113.5086
253.2304,283.3650,136.4913,112.7801
252.8581,283.6757,137.2359,112.1585
252.5877,284.0907,137.7767,111.3285
252.2297,284.6298,138.4926,110.2505
252.0523,285.2693,138.8474,108.9714
252.0721,286.2158,138.8079,107.0785
252.0629,287.1134,138.8264,105.2832
252.1153,286.2910,138.7215,103.0928
252.0619,287.4217,138.8282,100.8314
252.0270,288.5125,138.8980,98.6498
251.9111,286.0287,139.1298,96.1626
251.7963,285.4864,139.3595,93.5573
251.8738,286.8289,139.2045,90.8722
251.9739,286.7542,139.0043,87.4183
252.0723,286.6727,138.8076,84.0389
251.6109,284.9539,139.7303,80.5109
251.2884,283.6561,140.3753,76.2328
251.2008,283.7805,140.5505,72.6104
251.4029,283.9529,140.1464,68.9515
249.8951,283.0232,139.9171,64.3214
248.3185,283.6168,139.9094,59.9734
247.9454,278.5990,140.6556,54.5880
248.0737,280.8983,140.3991,49.9894
247.1655,279.1985,142.2155,44.6515
243.1502,278.8136,141.7239,39.7398
242.0114,279.4432,141.2589,35.7381
241.8092,281.0263,141.6633,32.5719
242.1717,282.2346,140.9383,30.1554
241.1486,280.0916,140.4353,29.3427
239.6396,271.9392,138.4003,27.9618
239.1533,270.1541,136.9014,29.0607
240.4239,265.3036,134.3603,31.3464
239.8909,261.0420,132.9459,34.9090
239.2089,252.2197,131.7817,39.9129
238.3439,248.5036,130.9065,44.7397
239.0086,241.5943,129.5771,50.5135
238.5014,236.1552,127.8247,55.8581
237.8313,229.2677,126.3283,61.1231
236.9609,225.2629,125.1621,66.2258
236.0437,219.5413,124.0184,71.7129
234.9950,215.1121,123.0610,77.5165
233.9662,209.1752,121.9803,83.1138
234.5914,203.3082,120.7300,88.4172
233.4971,197.4118,119.6347,93.6423
232.3758,193.0573,118.5250,98.9990
231.2071,188.6753,117.4401,104.3408
230.0431,184.3536,116.2771,109.4932
230.6255,180.1591,115.1123,114.3271
229.4845,176.0282,113.7811,118.9757
230.1877,171.9597,112.3747,123.4474
230.8727,168.0105,111.0046,127.6331
229.6659,165.9774,109.6624,131.6992
230.3477,162.1072,108.2989,135.6426
230.9367,160.2168,107.1208,139.4235
229.5978,158.4151,105.9245,143.0270
230.1040,156.7320,104.9120,146.3931
228.7619,155.2441,103.6522,149.3690
229.2812,153.9420,102.6135,151.9732
227.9090,152.6923,101.3675,154.4725
228.5015,151.5695,100.1827,156.7180
229.0747,150.4266,99.0362,159.0040
227.6185,149.3967,97.9125,161.0638
228.1322,148.3566,96.8851,163.1440
228.6163,147.4383,95.9168,164.9805
229.0879,146.6259,94.9736,166.6054
229.5532,147.8430,94.0431,168.2516
227.9187,147.0368,93.2231,169.8640
228.3925,148.3607,92.2753,171.3153
228.8160,149.6749,91.4284,172.7909
229.2502,149.0909,90.5601,173.9589
229.6806,150.5397,89.6992,175.1749
228.0715,151.9925,88.8009,176.3858
228.4777,153.6293,87.9884,177.2311
228.8492,153.2220,87.2453,178.0457
229.1562,154.7784,86.6314,179.0491
229.4343,156.3133,86.0751,180.0994
229.6736,157.8651,85.5967,181.1218
229.9211,159.4322,85.1017,182.1199
230.1479,160.9661,84.6480,183.1904
230.4436,160.4442,84.0566,184.2343
230.7356,162.0210,83.4725,185.2314
230.9871,163.5535,82.9697,186.3214
231.3359,163.1619,82.2720,187.1045
231.6076,164.7508,81.7286,188.0878
231.8827,166.3368,81.1784,189.0815
232.1574,167.9396,80.6290,190.0464
232.4176,167.4531,80.1085,191.0193
232.6349,166.8415,79.6741,192.2425
234.9685,168.3856,79.1962,193.3437
235.1429,169.8905,78.8475,194.5308
235.3145,169.3123,78.5042,195.6872
235.4876,168.7819,78.1580,196.7479
235.6456,170.4284,77.8420,197.6823
238.0403,169.7248,77.2878,199.0894
238.2156,171.5747,76.9371,199.6351
238.4122,171.1529,76.5439,200.4787
238.6551,170.6055,76.0581,201.5735
238.9048,170.0292,75.5586,202.7262
241.3607,169.4374,74.9134,203.9096
241.6250,171.0079,74.3848,205.0405
241.9099,170.3818,73.8150,206.2927
244.3508,169.5769,73.2193,207.9025
244.6719,168.9899,72.5771,209.0766
244.9772,168.3776,71.9665,210.3011
245.2802,167.6915,71.3606,211.6733
245.6222,167.0556,70.6764,212.9451
248.1720,166.3408,69.9007,214.3746
248.4754,165.7248,69.2938,215.6068
248.8115,165.0885,68.6215,216.8793
249.1743,164.4775,67.8960,218.1013
251.8224,163.8874,66.9455,219.2815
252.1317,163.3924,66.3270,220.2716
252.5151,162.9249,65.5602,221.2065
252.9605,162.5034,64.6694,222.0496
253.4433,162.1184,63.7039,222.8195
256.2136,161.7627,62.4981,223.5309
256.6891,161.4592,61.5469,224.1378
257.1688,161.1063,60.5876,224.8437
259.8971,160.7267,59.4358,225.6028
260.3819,160.5269,58.4664,226.0025
260.9340,160.3062,57.3622,226.4439
261.5027,160.0051,56.2246,227.0461
262.1000,159.6640,55.0301,227.7283
262.7263,159.3952,53.7774,228.2660
263.3527,159.0945,52.5247,228.8673
263.9822,158.8150,51.2656,229.4262
264.5610,158.4656,50.1081,230.1251
265.1132,156.0255,49.0038,230.8261
265.6818,155.5596,47.8666,231.7577
266.2290,153.1430,46.7720,232.4324
266.7615,152.7528,45.7070,233.2128
267.3216,152.2090,44.5869,234.3004
267.8884,151.7025,43.4533,235.3133
268.4700,149.0652,42.2900,236.4661
269.0690,148.6207,41.0920,237.3550
269.6404,146.1469,39.9492,238.1990
270.2563,143.6726,38.7175,239.0549
270.8094,141.3139,37.6112,239.6922
271.4100,140.9204,36.4101,240.4793
272.0052,140.6010,35.2196,241.1181
272.5482,138.3857,34.1337,241.5101
273.0901,136.2419,33.0499,241.7758
273.5539,136.0423,32.1222,242.1749
273.9247,131.5438,31.3807,243.1911
274.1988,134.8646,30.8325,244.5283
274.3676,128.0248,30.4948,246.2179
272.6285,127.4880,29.9601,247.2915
272.7525,129.2356,29.7120,247.8131
270.8793,126.8469,29.4396,248.5716
271.0272,128.8506,29.1438,248.5879
271.0144,126.2476,29.1693,249.7760
269.0829,123.7768,28.9974,250.6829
266.9921,123.6476,29.1354,250.9412
266.8569,119.9563,29.4059,250.2235
266.6505,118.1754,29.8187,249.7395
266.4745,116.0836,30.1707,249.8756
264.2764,114.0735,30.5100,249.8391
262.0152,116.2549,30.9694,249.5393
261.5704,114.2001,31.8588,249.5806
259.1465,114.0634,32.6195,249.8540
256.5266,113.8912,33.7529,250.1983
255.7988,113.7250,35.2087,250.5308
254.9676,113.5044,36.8710,250.9720
252.1830,113.3978,38.2325,251.1852
249.3282,113.3670,39.7040,251.2468
248.3749,113.3472,41.6105,251.2864
245.3854,113.4446,43.2826,251.0915
244.4243,113.6248,45.2048,250.7312
241.2185,113.6755,47.2459,250.6298
237.9691,113.8865,49.3356,250.2077
234.6328,114.2172,51.5641,249.5464
233.4649,114.4364,53.8998,249.1080
230.0283,114.8331,56.2557,248.3146
226.5272,115.2164,58.7061,247.5479
223.0384,117.9534,61.0957,246.6620
221.8384,118.4290,63.4956,245.7108
218.2562,121.3386,66.0069,244.5447
214.6680,122.0516,68.4992,243.1186
210.9688,122.7059,71.1867,241.8101
207.1990,125.6833,73.9838,240.5977
205.7522,126.0475,76.8774,239.8693
201.9584,129.0460,79.6448,238.6925
198.1309,132.0201,82.4456,237.5987
196.8647,132.6462,84.9781,236.3464
193.1288,133.3249,87.5319,234.9891
191.8867,133.9546,90.0162,233.7297
188.2312,137.2254,92.3559,232.1592
184.5231,137.9745,94.7816,230.6609
183.2366,141.0854,97.3547,229.4515
179.3952,141.7164,99.9971,228.1895
175.4702,144.8695,102.7783,226.9520
174.0702,145.4676,105.5783,225.7558
172.6424,146.1431,108.4340,224.4047
168.6632,149.4205,111.2309,223.0112
167.2846,150.1134,113.9882,221.6256
163.2874,150.7261,116.7656,220.4002
161.9056,153.9614,119.5292,219.1762
157.8102,154.4623,122.4441,218.1744
156.3712,154.9476,125.3221,217.2039
152.2588,158.2426,128.2015,215.9591
150.8394,158.7137,131.0403,215.0170
146.6725,159.3212,133.9647,213.8020
145.2324,160.0283,136.8448,212.3878
141.0000,163.4122,139.8422,211.0873
139.6660,164.2145,142.5102,209.4828
138.4182,167.8881,145.0058,207.6537
137.1819,168.8331,147.4785,205.7636
135.9702,169.7523,149.9018,203.9252
132.0081,173.4743,152.2703,202.0372
130.8799,174.4085,154.5267,200.1686
129.7257,178.1590,156.8350,198.2419
128.5906,179.1360,159.1052,196.2878
127.4485,182.9314,161.3894,194.2863
126.2492,183.8617,163.7880,192.4255
125.1131,187.6427,166.0602,190.4686
123.9840,188.5430,168.3184,188.6680
122.8138,192.3251,170.6589,186.7233
121.6898,193.3202,172.9068,184.7333
120.5297,194.3599,175.2271,182.6538
119.3415,198.2460,177.6035,180.5172
118.2470,199.3472,179.7925,178.3149
117.2350,200.4984,181.8165,176.0125
116.1872,201.5802,183.9120,173.8489
115.1461,205.4919,185.9943,171.6590
114.1678,206.5684,187.9507,169.5059
113.2935,207.6682,189.6995,167.3064
112.3525,211.5793,191.5814,165.1036
111.5630,212.7585,193.1604,162.7451
113.5684,213.9384,194.7493,160.3852
112.7476,215.0482,196.3909,158.1656
114.7970,219.0019,197.8676,155.8336
114.1603,220.0676,199.1410,153.7023
113.5336,221.1349,200.3943,151.5677
115.7093,222.2990,201.5724,149.2396
115.2385,226.2843,202.5139,146.7782
117.4944,227.3671,203.4852,144.6125
116.9931,228.4126,204.4879,142.5216
119.3061,229.5348,205.3048,140.2771
119.0088,230.6325,205.8994,138.0818
121.3586,231.7086,206.5903,135.9295
123.7135,232.7266,207.2459,133.8936
123.4312,233.7298,207.8104,131.8871
125.8281,237.3971,208.3327,129.8685
125.6790,238.3881,208.6310,127.8867
128.2052,239.3563,208.8396,125.9502
130.7146,240.2645,209.0527,124.1338
130.5732,241.1688,209.3354,122.3251
133.0435,244.6963,209.5727,120.4482
133.0231,245.5647,209.6136,118.7113
135.4784,246.4372,209.8235,116.9662
137.8549,247.3011,210.1646,115.2385
140.2667,248.0902,210.4108,113.6602
140.1548,248.8759,210.6345,112.0888
142.5136,252.1884,210.9396,110.4865
142.5081,252.9645,210.9506,108.9344
145.0991,253.6932,210.7418,107.4770
145.1122,254.3977,210.7155,106.0679
147.6479,255.0359,210.5642,104.7916
147.7060,255.6835,210.4481,103.4963
150.2435,256.2158,210.2449,102.4318
150.3504,256.7570,210.0311,101.3494
152.9397,257.1971,209.6808,100.4691
153.0328,257.6431,209.4947,99.5772
155.6405,260.5219,209.0690,98.6093
155.7532,260.9075,208.8436,97.8380
155.8692,261.2430,208.6116,97.1670
158.3772,261.5723,208.3304,96.5084
160.9119,261.8542,207.9801,95.9447
160.9863,262.0986,207.8312,95.4559
161.0919,262.2917,207.6202,95.0697
161.2554,262.4644,207.2932,94.7243
163.7372,262.5779,207.0024,94.4972
163.8712,262.6464,206.7343,94.3602
163.9411,262.7093,206.5946,94.2345
166.4563,262.7050,206.2182,94.2430
166.5310,262.7019,206.0689,94.2493
166.6351,262.6322,205.8607,94.3886
166.7889,262.4882,205.5531,94.6767
166.9083,262.3443,205.3143,94.9644
166.9338,262.2389,205.2632,95.1752
167.0096,262.1118,205.1117,95.4295
169.4626,261.9291,204.8591,95.7949
169.5953,259.4206,204.5937,96.1558
169.7447,259.1313,204.2950,96.7343
169.8804,258.8384,204.0235,97.3200
172.3943,256.2051,203.6663,97.9161
172.4654,255.8250,203.5241,98.6763
172.6185,253.0311,203.2181,99.5772
172.7477,252.5399,202.9596,100.5596
175.2790,249.6386,202.6082,101.6509
175.4514,249.1082,202.2635,102.7117
175.6510,246.0993,201.8643,103.9911
175.8110,243.0698,201.5444,105.2955
175.9416,242.4422,201.2832,106.5508
178.5721,239.3893,200.8122,107.8664
178.7294,238.7588,200.4976,109.1275
179.0209,233.2487,199.9146,110.5024
179.2534,232.5602,199.4496,111.8793
181.9099,229.4402,198.9906,113.2653
182.1580,226.3055,198.4944,114.6638
184.8702,223.2154,197.9572,115.9568
185.0866,222.5823,197.5245,117.2230
185.2972,219.5498,197.1033,118.3719
187.9480,216.3085,196.7310,119.9252
188.1936,213.0166,196.2398,121.5592
188.5477,212.1715,195.5316,123.2493
191.4798,208.7922,194.6552,125.0201
191.9516,205.3657,193.7116,126.8688
192.5301,201.9094,192.5546,128.7604
195.6704,198.4775,191.3091,130.5891
196.2835,194.9906,190.0828,132.5162
199.3716,194.1497,188.9666,134.1980
200.0438,190.7022,187.6223,136.0222
203.2807,187.3795,186.2290,137.5869
203.9010,184.0882,184.9885,139.0846
207.0178,178.2861,183.8456,140.5073
210.0772,177.7052,182.8233,141.6691
213.1060,174.4040,181.8654,143.1718
213.5946,171.0230,180.8882,144.8241
216.7394,167.5781,179.7202,146.5923
219.9790,164.0422,178.3730,148.5320
220.5949,163.0603,177.1413,150.4959
223.8889,159.5478,175.7088,152.3654
227.2274,156.0332,174.1949,154.2314
228.0309,155.1913,172.5879,155.9152
231.4404,151.7552,170.9405,157.6159
234.9329,148.3862,169.1286,159.1808
238.4074,145.0148,167.3492,160.7540
241.8409,144.1690,165.6489,162.4455
245.1837,140.7582,164.1301,164.1004
248.4753,137.3515,162.7160,165.7448
249.3122,136.5084,161.0421,167.4310
252.8783,133.2121,159.0824,168.8510
256.5630,132.4908,156.8768,170.2936
260.2066,129.1836,154.7408,171.7567
263.9170,128.5746,152.4599,172.9747
267.6367,125.3884,150.1431,174.2248
271.3320,122.2960,147.8570,175.3050
275.0935,121.7438,145.4185,176.4093
278.8230,121.2189,143.0219,177.4591
282.4633,118.2037,140.7808,178.4498
286.0606,117.7206,138.6047,179.4162
289.5480,117.2384,136.6279,180.3805
290.6212,116.7354,134.4814,181.3865
294.1559,113.8490,132.3726,182.1987
297.6506,113.3349,130.3216,183.2270
301.1586,112.7734,128.2257,184.3499
304.7159,112.2811,126.0137,185.3346
308.1349,111.7884,124.0564,186.3200
309.0779,111.3496,122.1706,187.1974
312.4196,110.8698,120.3320,188.1572
315.7816,110.4377,118.4367,189.0214
319.1003,110.0812,116.6091,189.7344
322.3919,109.7421,114.8158,190.4125
323.2172,109.3887,113.1651,191.1192
326.4438,109.1053,111.4644,191.6861
329.6411,108.8304,109.8018,192.2359
330.4478,108.7294,108.1883,192.4379
333.6527,108.6974,106.4661,192.5020
336.7720,108.7763,104.8867,192.3441
337.4882,108.9287,103.4543,192.0392
340.5016,109.1316,102.0284,191.6335
343.4750,109.3525,100.6521,191.1916
346.3733,111.8468,99.3960,190.7435
346.9219,112.0798,98.2987,190.2774
347.4204,114.5780,97.3017,189.7675
350.1735,117.0811,96.2572,189.2230
350.6670,117.4060,95.2703,188.5732
353.3134,119.9053,94.3867,187.9839
353.6967,120.1849,93.6200,187.4247
356.2433,122.6258,92.8907,186.9066
356.5354,122.9279,92.3065,186.3025
356.7346,125.3831,91.9079,185.7167
359.0946,127.7899,91.4972,185.2124
359.3142,128.1618,91.0581,184.4686
359.4510,130.5844,90.7845,183.8996
359.5812,130.8507,90.5240,183.3669
361.8491,131.1195,90.2391,182.8293
361.8929,133.5017,90.1515,182.3030
361.9334,133.7393,90.0705,181.8278
361.9004,133.8764,90.1364,181.5535
363.9817,133.9557,90.1916,181.3950
363.9093,134.1199,90.3363,181.0667
363.8017,134.2654,90.5515,180.7757
363.6675,134.4395,90.8198,180.4273
363.5889,134.7471,90.9770,179.8123
363.5110,135.0367,91.1329,179.2330
363.4409,135.2896,91.2731,178.7272
365.4962,135.4675,91.3583,178.3715
365.3838,135.7249,91.5832,177.8566
365.1986,135.9521,91.9534,177.4021
364.9994,136.2458,92.3519,176.8148
364.8348,136.5601,92.6811,176.1863
366.7386,136.7618,93.0562,175.7827
366.4799,137.0642,93.5737,175.1780
366.2065,137.4056,94.1205,174.4951
365.9477,137.6936,94.6380,173.9191
367.7810,138.0688,95.1543,173.1689
367.4612,138.4602,95.7940,172.3859
367.2396,136.9762,96.2372,171.1740
367.0397,137.5953,96.6371,169.9357
366.7264,138.2571,97.2636,168.6122
368.5297,138.9018,97.8063,167.3228
368.1573,139.5090,98.5510,166.1083
367.7825,140.0294,99.3005,165.0676
367.3477,140.6653,100.1702,163.7958
366.9693,141.4892,100.9270,162.1479
368.8088,142.5804,101.3627,159.9655
368.4793,143.6003,102.0218,157.9256
368.0009,144.6885,102.9784,155.7494
369.6819,145.9274,103.6697,153.2716
369.3362,147.1837,104.3612,150.7590
368.9915,148.4648,105.0506,148.1967
368.6488,149.7531,105.7360,145.6201
370.2300,151.1142,106.5195,142.8980
369.8009,152.4872,107.3775,140.1519
369.4132,154.0101,108.1531,137.1060
370.8995,155.5895,109.0360,133.9473
370.3817,157.1586,110.0717,130.8091
369.8805,160.7594,111.0741,127.3974
371.3805,164.4509,111.8273,123.7676
371.0288,168.0513,112.5307,120.2759
370.6366,169.7400,113.3151,116.8984
370.2582,171.5310,114.0718,113.3165
370.0291,175.4212,114.5300,109.1170
371.6317,179.2784,114.8466,104.9244
371.4095,181.3691,115.2909,100.7429
371.2092,185.3199,115.6916,96.2415
371.0306,187.4027,116.0488,92.0759
372.4734,191.1947,116.4353,87.7641
372.3159,194.8453,116.7504,83.6706
372.0493,196.7581,117.2834,79.8450
373.3351,200.4042,117.8024,75.6432
373.1569,202.3763,118.1587,71.6990
372.8983,205.9216,118.6759,67.5758
372.7532,209.4600,118.9661,63.4044
372.6967,211.2777,119.0790,59.7690
372.6345,213.0907,119.2036,56.1431
372.5116,214.8775,119.4493,52.5694
373.7814,216.7409,119.5669,48.8425
373.6287,219.9832,119.8723,44.9509
374.7538,221.5653,120.1500,41.7867
374.3205,223.1304,121.0166,38.6566
375.2466,224.6264,121.5937,35.6644
374.9629,226.1025,122.1612,32.7124
374.7778,227.4900,122.5313,29.9374
374.5946,228.8388,122.8977,27.2398
374.7567,230.0637,122.5736,24.7899
374.7489,230.9947,122.5892,22.9280
374.9036,231.8861,122.2797,21.1452
374.6610,232.4839,122.7650,19.9495
372.8591,232.7358,124.2721,19.4458
372.4703,232.7108,125.0498,19.4958
374.0935,231.4430,126.0417,19.9123
374.8257,230.0662,126.7184,20.5246
375.9804,228.5728,126.5719,21.3487
377.4351,226.7853,125.8397,22.7466
377.7157,226.0781,125.2783,24.1609
379.1473,225.5325,124.6298,25.2521
379.1268,225.1258,124.6707,26.0655
379.2882,224.6822,124.3479,26.9527
379.3563,224.1108,124.2119,28.0954
377.9183,222.4104,124.8118,29.2203
377.8356,221.9250,124.9771,30.1911
378.9674,221.4655,125.0403,31.1100
378.9514,219.7397,125.0724,32.2164
378.9149,219.2704,125.1453,33.1551
378.9080,218.8492,125.1593,33.9976
379.1576,218.4571,124.6599,34.7816
379.0580,218.1647,124.8591,35.3664
379.1765,216.8031,124.6223,35.6669
379.1839,216.6829,124.6074,35.9072
379.2715,216.5450,124.4322,36.1830
