1
371.8061,179.8307,152.3878,159.3385
372.0733,180.0723,151.8535,158.8554
372.3311,180.2565,151.3377,158.4870
372.5032,180.4018,150.9937,158.1965
372.6687,180.5245,150.6625,157.9511
372.7050,180.6655,150.5899,157.6690
372.6723,180.7287,150.6555,157.5426
370.1593,180.7507,150.8282,157.4986
367.6082,180.7290,151.0751,157.5421
367.5516,180.7527,151.1883,157.4946
365.0719,180.7380,151.2868,157.5240
365.0544,180.7363,151.3219,157.5275
362.6770,180.7076,151.2131,157.5848
360.2622,180.6504,151.1799,157.6991
357.7755,180.6205,151.2894,157.7590
355.1918,180.5833,151.5901,157.8333
352.6411,180.5639,151.8190,157.8722
350.0420,180.5986,152.1405,157.8029
347.3923,178.1990,152.5591,157.7213
342.5585,178.1454,152.4544,157.8285
340.4081,178.0801,151.8690,157.9590
338.1739,175.6688,151.4585,157.9027
333.6277,175.4907,150.8077,158.2588
329.1292,175.4413,150.0711,158.3577
326.7418,175.1466,149.9892,158.9471
324.0292,174.9922,150.5497,159.2558
318.8516,172.5230,151.1483,159.3158
316.5034,172.5331,150.9559,159.2957
309.2393,172.7180,150.8278,158.9260
307.0763,170.3088,150.2763,158.8667
304.7623,170.3787,150.0363,158.7270
297.4540,170.5535,150.0671,158.3772
295.1627,168.2809,149.7928,158.0655
287.7793,168.5527,150.0164,157.5220
285.4723,168.6891,149.7877,157.2491
280.3811,166.2630,150.3002,157.2666
277.3373,166.0670,151.5446,157.6585
267.0299,163.3469,152.6830,158.2295
266.5337,163.0810,153.6754,158.7614
263.5877,163.2310,154.6473,158.4615
253.5455,161.1297,155.0086,157.7332
251.1746,161.1663,154.8255,157.6601
246.1324,158.7782,155.0678,157.5152
241.3832,156.4317,154.7212,157.2857
238.8834,156.5748,154.8074,156.9995
228.7195,156.7704,155.4941,156.6083
225.8520,154.3455,156.3139,156.5431
218.0051,154.3032,157.2272,156.6277
215.2747,154.2483,157.7452,156.7376
212.6458,151.7355,158.0506,156.8106
207.4197,151.7159,158.5860,156.8498
199.5895,151.6269,159.3439,157.0279
196.7163,149.0178,160.1081,157.2639
191.5513,148.8124,160.4423,157.6747
186.3618,145.9270,160.8020,158.4357
180.8418,145.7238,161.7873,158.8421
177.8148,143.0851,162.7921,159.0703
167.3407,142.8457,163.4657,159.5491
166.6724,140.1433,164.8024,159.8672
158.2250,137.4900,166.3589,160.0611
157.3997,137.4112,168.0096,160.2186
149.0151,137.2858,169.2729,160.4695
145.8692,137.2669,170.3725,160.5072
140.1420,137.1427,171.4065,160.7557
134.5798,132.0992,172.0704,160.3821
131.3357,132.2177,173.3242,160.1452
125.4780,132.2975,174.5385,159.9855
122.1801,129.7123,175.8675,159.8892
115.9569,129.7551,177.7419,159.8036
112.5205,126.9879,179.3009,160.0240
106.3421,126.9102,180.9747,160.1796
102.9872,124.2160,182.3143,160.1980
97.2793,124.2748,182.9480,160.0803
94.5634,121.6209,182.9808,159.9890
89.2590,121.7873,182.7936,159.6562
86.5128,121.6755,182.8961,159.8800
83.5411,118.9302,183.4445,159.9755
77.7508,118.9218,184.2150,159.9923
74.5094,118.7307,185.2806,160.3746
71.2036,116.0135,186.4524,160.3690
67.8726,113.3918,187.6564,160.1545
64.4187,113.5442,189.0911,159.8499
60.9102,110.8952,190.6178,159.6574
57.3148,108.1869,192.2980,159.5633
53.9472,108.2816,193.4979,159.3738
50.6511,108.2982,194.5396,159.3407
47.5759,105.4446,195.1240,159.4818
44.4536,105.5029,195.7914,159.3653
41.2488,102.7902,196.6152,159.2050
40.7377,100.1721,197.6375,158.8454
37.4765,100.3028,198.5542,158.5842
37.1001,97.5416,199.3071,158.4910
34.0317,94.6275,199.8183,158.6938
31.1036,94.4339,200.0380,159.0811
30.9165,94.2230,200.4122,159.5028
30.6706,91.1974,200.9041,159.8952
30.5619,91.0242,201.1214,160.2416
27.5525,87.9321,201.4587,160.7442
27.2980,87.8251,201.9676,160.9582
27.0138,87.7982,202.5359,161.0120
26.7850,84.9868,202.9935,160.9189
26.5210,84.8531,203.5216,161.1865
26.3101,81.8887,203.9433,161.3815
26.0592,81.9472,204.4453,161.2644
25.9280,81.9423,204.7076,161.2741
25.7981,81.8937,204.9673,161.3714
25.6071,79.0912,205.3494,161.2176
25.4812,79.2346,205.6011,160.9308
25.3076,76.7567,205.9483,160.1250
25.3558,77.1744,205.8519,159.2898
25.4895,77.5816,205.5847,158.4752
25.6190,75.0130,205.3256,157.8913
25.8854,74.9499,204.7928,158.0176
28.8467,75.0257,204.5719,157.8659
28.9655,75.1075,204.3342,157.7024
32.1429,75.4829,203.6690,156.9515
35.2637,73.3874,203.0946,155.4753
38.2598,74.0036,202.7366,154.2430
41.0447,72.1304,202.7755,152.3807
43.7313,72.9487,202.9813,150.7439
43.7028,73.5577,203.0383,149.5260
47.0120,74.0860,201.9562,148.4695
50.6124,74.7018,200.2578,147.2378
54.3105,75.4340,198.3179,145.7734
57.4646,76.2159,197.4126,144.2096
57.4132,76.7010,197.5154,143.2395
63.0143,74.5479,197.0116,142.1964
68.5389,68.5230,196.6112,138.2730
71.8099,69.6956,195.3229,135.9279
74.9096,70.8108,194.3192,133.6975
78.1070,74.4018,193.0678,131.6591
81.1975,75.6381,191.9778,129.1864
89.4805,77.0106,190.5121,126.4415
92.7344,78.4004,188.9702,123.6618
96.0472,79.0422,187.2409,122.3781
101.8125,80.6089,185.4086,119.2448
105.4232,81.8531,182.9564,116.7563
111.4834,83.1665,180.2181,114.1296
115.1803,88.2595,177.4303,113.1558
127.8358,88.6329,174.8597,112.4090
131.0953,89.4424,172.8378,110.7899
131.5980,89.9466,171.8325,109.7815
137.0685,91.1562,169.7073,107.3623
140.2750,92.0878,167.6297,105.4992
144.0235,92.8880,164.4061,103.8988
151.2966,95.9551,162.4549,101.9629
154.2260,96.6010,160.7330,100.6712
161.2014,99.3766,159.0501,99.2093
164.1115,101.6127,157.2695,98.7768
166.8050,103.7780,155.8885,98.4519
171.6289,106.3381,154.2002,97.3115
176.9741,108.8512,151.3805,96.2207
181.8157,109.3678,149.4473,95.1876
186.7410,112.4045,147.2541,92.9428
191.8363,115.2444,144.5803,91.0214
196.9626,119.5240,141.7001,89.8346
202.1323,121.9859,138.6073,88.5341
205.0860,124.5798,136.2551,86.9017
207.8699,126.7471,134.1801,86.0597
212.1714,129.1811,132.4722,84.6392
218.2255,133.1563,130.5588,83.4854
220.5859,135.1593,129.1885,82.8297
223.0375,138.8815,127.6040,82.0231
225.4108,145.6745,126.1391,81.5637
229.3378,147.5238,124.7892,81.1170
231.4657,149.6092,123.7576,80.1706
233.7652,153.4332,122.3518,78.9089
236.2750,158.4306,120.4830,78.3667
238.6922,159.7707,118.7626,78.8004
244.2028,165.0618,117.0273,77.5041
246.2021,166.9934,116.0762,76.6886
248.1152,172.1771,115.2697,75.3806
249.9937,175.7578,114.4988,74.1909
251.6372,179.0061,114.1661,73.6033
253.4498,183.4511,113.4808,73.5325
255.2634,185.1409,112.7818,73.0809
255.6281,188.3225,112.0523,72.5383
257.5667,192.9741,111.0655,71.9059
259.4331,194.5970,110.1975,71.5249
261.1928,199.3646,109.5235,70.5263
261.4035,201.0171,109.1022,70.0400
263.2952,204.0893,108.1232,69.5042
265.1270,208.3461,107.2403,69.3329
266.6657,209.7318,106.9275,69.3260
268.2935,212.7795,106.4316,68.7502
269.9086,214.4944,105.9442,68.0632
270.0498,217.5267,105.6618,67.4465
271.6098,221.8795,105.2512,66.8692
271.8160,223.3472,104.8388,66.6276
271.9519,224.7937,104.5671,66.4181
273.3351,227.5308,104.4766,66.2956
273.3565,228.8710,104.4336,66.2877
273.4196,230.2854,104.3075,66.1305
274.9748,233.0477,103.8643,65.9404
275.1042,234.4005,103.6054,65.8920
276.6124,235.7656,103.2418,65.8145
276.7857,235.8798,102.8952,65.5862
276.9984,238.7583,102.4698,65.1029
277.0899,238.7984,102.2868,65.0228
277.1381,238.9646,102.1904,64.6903
278.4176,240.4572,102.2429,64.3166
278.3069,240.5785,102.4641,64.0740
279.4044,242.0509,102.8744,63.7343
279.1429,242.0859,103.3975,63.6644
278.9189,242.2135,103.8454,63.4091
278.7029,242.2908,104.2773,63.2546
278.5280,243.7006,104.6271,63.0534
278.2538,243.7143,105.1755,63.0261
278.0917,245.1173,105.4998,62.8479
277.8734,245.0279,105.9365,63.0268
277.7110,245.0037,106.2612,63.0752
277.4225,244.9941,106.8381,63.0945
278.4848,246.3378,107.3675,63.0608
278.1467,246.2341,108.0437,63.2683
277.7284,246.1552,108.8802,63.4260
277.4387,246.1250,109.4597,63.4865
277.1265,247.4621,110.0841,63.5117
278.0385,247.2972,110.9691,63.8414
277.7325,247.1742,111.5811,64.0874
277.3328,247.0733,112.3805,64.2892
276.8118,246.9486,113.4225,64.5386
277.7072,246.8386,114.4078,64.7587
278.6733,246.6773,115.2697,65.0812
278.3858,246.5912,115.8448,65.2535
278.0691,246.4168,116.4782,65.6023
277.7376,246.2413,117.1413,65.9532
277.3316,246.0731,117.9532,66.2896
276.8902,245.9399,118.8359,66.5561
277.8521,245.7863,119.8026,66.8631
277.2614,245.6221,120.9840,67.1916
276.6819,245.3459,122.1429,67.7440
276.1527,245.1137,123.2014,68.2085
275.7581,244.7953,123.9906,68.8453
275.4348,244.5658,124.6373,69.3042
275.0742,244.2636,125.3584,69.9087
276.1271,244.0221,126.2964,70.3916
275.4822,242.2312,127.5862,70.9075
276.3738,241.8954,128.8969,71.5790
275.4281,241.5978,130.7883,72.1743
275.9149,239.7727,132.9776,72.6618
275.1021,239.4236,134.6031,73.3600
274.3112,239.0710,136.1850,74.0651
273.4471,237.1834,137.9132,74.5656
272.6680,236.7416,139.4714,75.4492
273.5215,236.2287,141.1112,76.4751
272.5185,234.1850,143.1172,77.1738
273.3068,231.9966,144.9706,78.1206
272.4062,231.4299,146.7717,79.2540
273.0882,230.7975,148.9273,80.5188
273.5542,228.4469,151.5683,81.6470
272.4919,227.6152,153.6928,83.3104
271.4166,224.9560,155.8435,84.9379
270.5096,224.0668,157.6575,86.7162
269.5489,221.3932,159.5790,88.2557
268.6175,220.6080,161.4417,89.8263
269.7164,218.0548,163.1605,91.0160
268.6784,215.3288,165.2365,92.5057
267.5834,214.6517,167.4265,93.8598
268.4466,211.7673,169.7738,95.5550
267.3792,210.8373,171.9085,97.4150
266.4989,207.7959,173.6693,99.2971
267.7908,206.9534,175.3441,100.9821
266.8562,204.0413,177.2133,102.4944
267.9509,203.2216,179.3892,104.1339
266.7645,200.1283,181.7620,105.8949
265.5513,196.8797,184.1885,107.9016
266.3192,195.9206,187.2132,109.8199
267.0430,192.6620,190.4034,111.6993
265.6356,189.2126,193.2181,113.8811
264.1744,188.1854,196.1405,115.9355
265.2751,184.8084,198.8131,117.8157
264.0012,184.0181,201.3607,119.3963
262.6983,180.6848,203.9665,121.0529
263.9370,179.9055,206.5658,122.6114
262.4003,176.4253,209.6391,124.4304
263.5079,175.6009,212.6420,126.0791
261.8756,171.9513,215.9065,128.0879
262.9743,170.9680,219.0820,130.0545
261.5960,167.2166,221.8386,132.1040
262.9731,166.2162,224.6134,134.1048
261.6701,162.4678,227.2193,135.9975
260.2606,161.4257,230.0383,138.0819
261.5676,157.4988,233.1763,140.1838
260.1740,156.4002,235.9634,142.3810
258.7931,152.4551,238.7252,144.3587
260.3297,151.4595,241.6389,146.3500
261.8315,147.5445,244.6990,148.1162
260.4660,146.7319,247.4301,149.7414
259.1440,142.8134,250.0742,151.3712
257.7442,141.8285,252.8736,153.3410
259.4606,140.9259,255.7898,155.1461
258.3403,140.1291,258.0304,156.7399
257.3330,136.1259,260.0449,158.2632
256.4471,135.4278,261.8168,159.6595
255.5946,134.7977,263.5217,160.9195
254.7842,130.9389,265.1425,162.0021
254.0766,130.4112,266.5578,163.0575
253.4014,129.9181,267.9081,164.0437
252.8687,129.5074,268.9735,164.8650
252.4397,129.1616,269.8316,165.5567
252.1255,128.8648,270.4600,166.1503
251.9362,128.6292,270.8386,166.6214
251.9078,128.4858,270.8954,166.9083
252.0386,128.4482,270.6338,166.9836
252.2239,128.4448,270.2632,166.9903
252.4902,128.5119,269.7305,166.8562
252.8419,128.6477,269.0273,166.5845
253.2778,128.8394,268.1553,166.2011
250.4910,129.0380,266.9359,165.8040
248.0672,129.3681,265.0155,165.1437
242.5234,129.6831,262.6464,164.5138
240.1016,126.8161,260.8075,163.5654
237.9191,127.3408,258.5334,162.5159
235.7755,124.6054,256.2332,161.3993
233.8150,125.2364,253.6199,160.1372
232.0844,125.8483,250.6069,158.9135
230.6486,126.6162,247.0700,157.3777
226.2112,124.3594,243.2847,155.5613
224.6716,125.2913,240.1210,153.6976
223.2404,123.2694,236.8191,151.5768
218.9826,124.1838,233.1755,149.7481
218.0072,125.1785,229.1320,147.7587
211.2374,123.3718,224.9698,145.4714
210.2548,124.2158,221.1349,143.7834
209.0067,125.0389,217.9168,142.1373
204.9578,125.8346,214.7373,140.5459
203.7462,123.9168,211.5960,138.8171
200.2997,124.5605,207.5121,137.5296
199.1903,122.7158,204.3252,135.8133
197.9740,123.6012,201.4284,134.0425
196.6957,121.9861,198.7287,132.0165
190.8138,122.8801,194.9464,130.2285
190.0775,121.3444,191.3235,128.2044
186.7927,122.2184,187.8785,126.4564
185.7608,120.7608,185.0158,124.4450
184.6449,121.5485,182.3978,122.8697
176.8066,122.4765,178.9365,121.0137
178.5171,121.2573,175.5154,118.7506
175.5749,122.1963,172.1749,116.8725
174.9382,120.8028,168.9171,115.1285
172.0556,121.6101,165.7762,113.5139
171.5169,122.4793,162.4747,111.7754
168.8627,121.2645,159.1823,109.9046
166.1445,122.1136,156.1791,108.2064
165.3642,120.8400,153.5934,106.6073
164.3454,121.5905,151.5500,105.1062
163.1832,122.3053,149.8490,103.6768
160.1566,121.0081,147.9503,102.2952
159.0952,119.7834,146.1487,100.8201
157.9684,120.4691,144.5295,99.4486
156.9191,119.2379,142.8023,98.0854
155.6374,119.8016,141.5886,96.9581
154.2826,120.3473,140.5580,95.8666
152.8210,120.8715,139.7747,94.8181
151.6465,119.4965,138.4464,93.8908
150.5682,120.0395,136.9609,92.8049
148.0799,120.5722,134.7344,91.7394
147.5835,119.3102,132.1767,90.7130
147.1081,119.8237,129.6326,89.6861
144.7727,118.5702,127.4245,88.7534
144.0497,119.0745,125.4797,87.7449
143.1954,119.6433,123.8437,86.6074
142.2557,118.5358,122.4219,85.5211
142.8250,119.0519,121.2832,84.4890
141.9263,117.9127,119.8532,83.5397
140.9182,118.3891,118.6792,82.5870
139.8760,118.8340,117.6067,81.6971
138.8654,117.7567,116.5021,80.7258
137.7223,118.1798,115.6951,79.8797
136.5911,118.5877,114.8905,79.0639
137.0441,117.4477,113.9846,78.3026
136.0410,117.7982,112.9755,77.6016
135.0363,118.1075,111.9967,76.9829
135.4731,118.4153,111.1230,76.3673
134.4951,117.2872,110.1393,75.6836
134.9529,117.5480,109.2237,75.1620
134.0174,117.7641,108.2034,74.7298
132.9988,118.0627,107.3718,74.1327
133.3084,118.3325,106.7525,73.5931
132.2506,118.6323,106.0402,72.9935
132.5358,117.5048,105.4697,72.4411
132.8069,117.6997,104.9276,72.0513
131.7393,117.8794,104.2877,71.6919
131.9965,118.1248,103.7734,71.2011
132.2504,118.3570,103.2656,70.7366
131.1368,118.5578,102.7646,70.3350
131.3538,117.4216,102.3305,69.8935
130.2179,117.5262,101.9022,69.6843
130.3862,117.6350,101.5656,69.4666
129.2149,117.7765,101.2267,69.1837
129.3467,117.9171,100.9630,68.9025
129.5037,118.0748,100.6491,68.5870
129.5851,118.1908,100.4862,68.3551
129.6553,118.2758,100.3458,68.1850
129.7534,118.3629,100.1496,68.0108
129.8327,117.1455,99.9911,67.8097
128.5497,117.1664,99.9267,67.7678
128.5861,117.1615,99.8539,67.7777
128.6156,117.1532,99.7948,67.7942
128.6545,117.1759,99.7172,67.7488
128.6953,117.2041,99.6355,67.6925
128.6945,117.2116,99.6370,67.6775
128.6621,117.2077,99.7019,67.6852
128.6599,117.2163,99.7064,67.6680
128.6379,117.2476,99.7503,67.6054
128.5753,115.9060,99.8756,67.6653
128.5501,115.8443,99.9258,67.7887
128.4481,115.7809,100.1299,67.9155
128.3365,115.7290,100.3530,68.0193
126.9123,114.3822,100.5622,68.0735
126.7484,114.2755,100.8901,68.2869
126.5247,114.2065,101.3373,68.4250
126.2518,114.0959,101.8833,68.6462
125.9655,114.0384,102.4558,68.7612
125.6970,112.6629,102.9928,68.8289
125.4191,112.5721,103.5486,69.0106
125.2577,111.1847,103.8715,69.0816
125.1067,111.0976,104.1734,69.2556
124.8854,110.9647,104.6161,69.5215
123.3036,109.4947,105.0513,69.7331
123.1524,109.2411,105.3536,70.2402
122.9508,107.6390,105.7569,70.6932
122.7102,107.3854,106.2381,71.2003
122.3742,105.7894,106.9100,71.6117
121.8880,104.1777,107.8825,72.0376
121.4868,103.9306,108.6848,72.5316
121.0084,103.7306,109.6416,72.9316
120.4695,103.5306,110.7194,73.3318
119.8596,101.9494,111.9392,73.6107
119.2349,100.3455,113.1886,73.9120
118.6610,100.1648,114.3365,74.2733
118.1017,99.9627,115.4550,74.6777
117.5150,98.1688,116.6284,75.2884
116.9355,97.8580,117.7875,75.9101
117.8945,97.6044,118.9019,76.4173
117.2489,97.3225,120.1931,76.9810
118.1612,95.5245,121.4549,77.4907
117.4841,95.1390,122.8091,78.2617
118.4235,94.8259,124.0773,78.8878
119.3700,94.6784,125.3606,79.1829
118.6301,93.0262,126.8406,79.2867
119.4805,92.8383,128.3641,79.6626
120.4828,92.6066,129.6131,80.1259
121.3237,92.2657,131.2113,80.8077
122.2864,91.9961,132.6010,81.3470
121.7734,91.7968,133.6270,81.7455
121.4978,90.0453,134.1782,81.8814
122.6927,89.8552,135.1659,82.2616
127.2850,89.5803,136.1772,82.8115
128.5888,89.4274,136.9926,83.1173
129.7449,89.4161,138.1206,83.1399
130.6932,89.5253,139.6814,82.9215
133.6295,89.2620,140.7628,83.4481
138.0845,89.0076,142.3584,83.9568
139.2049,88.8530,143.6518,84.2660
142.1801,88.5984,144.8187,84.7754
143.5622,88.2185,145.6392,85.5352
148.6698,89.7723,146.2530,86.0372
151.7238,91.2541,147.3994,86.7009
154.8792,91.1169,148.3996,86.9751
157.8759,90.9803,149.7562,87.2485
162.4614,90.7245,151.6845,87.7599
163.5110,92.6562,153.3224,87.6336
171.0509,94.6179,153.2793,87.4695
172.2952,94.3781,154.5464,87.9491
175.1515,94.3878,156.3990,87.9296
182.0370,94.2560,157.8671,88.1932
185.6019,94.3608,158.4092,87.9836
193.1326,96.4175,158.7092,87.7106
196.5103,98.4878,159.6340,87.4100
203.6988,100.6002,160.6517,87.0339
204.8383,100.6442,162.2301,86.9460
215.7241,104.4179,163.7324,87.1565
217.0847,106.2268,164.9159,87.4435
224.6724,106.1232,165.4488,87.6507
229.9136,108.1249,166.7817,87.5857
235.5362,109.4481,167.4075,88.8963
244.4550,111.0880,169.5132,89.6053
243.4207,111.0801,171.5818,89.6210
254.4884,112.7673,173.8212,90.3090
256.4389,118.0353,174.0275,92.0947
267.7578,117.4575,176.2353,93.2503
270.3854,116.9322,179.3666,94.3010
277.9865,118.5081,181.1940,95.4065
278.2821,127.0539,180.6027,95.5277
290.0743,127.1671,182.7979,95.3014
293.5428,126.7514,184.5109,96.1328
302.2754,125.8595,184.5035,97.9165
304.2574,126.3666,184.9346,96.9024
308.9965,128.5047,184.2242,97.0102
315.5865,128.2956,184.1702,97.4282
319.6251,127.9843,184.8565,98.0509
325.5760,131.5463,186.1621,99.7319
327.5571,132.8600,186.6504,101.5550
338.0634,132.0010,188.0823,103.2729
339.8965,133.4949,188.9556,104.8247
346.3024,135.0181,189.8803,106.3571
350.6555,136.6819,190.4113,107.6480
356.6580,136.3893,192.3514,108.2331
360.5835,136.1676,193.8744,108.6765
362.5042,135.3770,194.7501,110.2577
366.6686,134.5224,195.9353,111.9670
370.6354,136.1242,197.6088,113.5670
372.2853,137.8981,199.1646,114.8746
374.3364,139.7979,199.9632,115.9759
376.5124,139.2987,200.5423,116.9743
378.2562,141.2328,202.0116,118.0628
380.2843,143.3832,202.9524,118.7591
382.2307,145.3195,204.0824,119.9091
384.6123,147.1880,204.3781,121.2312
384.3182,151.8435,204.9663,122.0917
384.0929,151.2309,205.4169,123.3168
386.6155,153.1857,205.5082,124.5435
386.5151,155.1831,205.7088,125.7073
386.6908,157.3326,205.3576,126.5893
387.0047,156.9218,204.7298,127.4108
387.2755,159.3580,204.1882,127.7334
387.4071,161.6517,203.9250,128.3385
387.4248,166.5318,203.8895,128.9752
387.5266,168.6304,203.6860,129.9867
388.1446,170.6833,202.4500,131.1035
388.7037,172.8174,201.3317,132.0579
388.9972,175.1133,200.7446,132.6880
389.4014,177.3894,199.9362,133.3593
387.2473,179.3436,199.0219,134.6733
385.1509,181.3214,197.9843,135.9484
383.1675,183.4660,196.7149,136.8952
381.2230,185.9705,195.3715,137.1187
379.1624,188.3386,194.2767,137.5985
377.1675,193.0537,193.0592,138.5828
375.1714,195.2355,191.8463,139.4243
373.2927,197.4856,190.4032,140.1246
371.4103,199.7100,188.9780,140.8659
369.3652,204.5347,187.8875,141.5776
367.2386,207.1635,186.9653,141.4957
365.0562,209.8811,186.1698,141.2205
362.9851,212.4170,185.1684,141.2924
356.2799,212.3946,183.1903,141.3371
354.5984,217.4160,181.4532,141.4944
355.1654,220.1022,180.3194,141.1982
348.3836,222.6471,178.7212,141.1622
346.5246,225.3644,177.4104,140.7564
345.1432,225.5504,175.1709,140.3845
338.3845,227.8940,173.8029,140.6591
336.5935,229.9031,172.4397,141.5861
334.4741,232.2004,171.7391,141.9309
332.4355,234.4568,170.8823,142.3523
330.5675,239.7020,169.6905,141.7172
326.3836,240.5838,168.2602,139.9535
322.4999,245.8671,166.3303,139.0843
320.9342,246.1548,164.6568,138.5089
314.4538,248.6543,163.3080,138.2797
312.8430,248.5608,161.7844,138.4668
310.7046,251.1232,161.3364,138.0668
308.3974,251.5286,161.2394,137.2558
304.1580,254.0888,160.3244,136.8323
302.2052,256.7422,159.5540,136.2015
297.8944,257.1986,158.8676,135.2888
293.8798,259.6786,157.6394,134.9575
289.8082,261.8927,156.5739,135.1336
287.9337,261.8039,155.7323,135.3112
284.0019,264.0643,154.4347,135.3709
282.2893,266.3476,153.2986,135.3657
280.4809,266.3696,152.3716,135.3218
276.6974,268.6131,150.8815,135.3634
272.9757,268.8257,149.3126,134.9383
271.3654,271.3089,148.0582,134.4468
267.2701,271.6576,147.3536,133.7494
265.3319,274.0819,146.8045,133.3263
263.0713,274.2442,146.9155,133.0017
258.7944,274.3172,146.6558,132.8556
256.9576,274.1900,145.9288,133.1101
253.0971,276.1392,144.8635,133.6048
249.3638,275.7621,143.5613,134.3589
247.9056,277.8347,142.1017,134.5899
246.1536,277.9586,141.2486,134.3422
244.0618,278.0675,141.0927,134.1242
239.7643,278.1747,141.0201,133.9100
237.8578,278.4001,140.5037,133.4590
236.0019,278.7008,139.9015,132.8577
234.2054,278.9442,139.1995,132.3708
230.0676,278.9905,138.9223,132.2783
228.0254,278.7612,138.7362,132.7369
225.9650,278.5058,138.5822,133.2477
223.8238,278.3205,138.5840,133.6183
221.8077,278.3061,138.3297,133.6472
219.8520,278.2737,137.9581,133.7120
217.8075,278.2120,137.7691,133.8353
215.7880,276.0764,137.5308,133.8293
213.8215,276.0497,137.1905,133.8828
211.8453,273.9516,136.8743,133.8102
211.9225,271.8374,136.7198,133.7759
209.7841,271.9583,136.7368,133.5340
209.7939,270.0349,136.7174,133.1248
207.7558,268.0861,136.5441,132.7730
207.8493,268.2655,136.3571,132.4141
205.8261,266.2360,136.1709,132.2407
203.7878,264.1744,136.0208,132.1370
203.8432,262.0813,135.9100,132.1004
201.7408,260.0218,135.8943,131.9989
201.6941,260.0468,135.9877,131.9489
201.4969,257.9319,136.3819,131.9593
199.2086,255.7618,136.7329,132.0737
199.0453,253.5808,137.0595,132.2028
196.7539,251.4236,137.4022,132.2770
196.5810,249.1891,137.7480,132.4992
196.5024,246.9895,137.9051,132.6429
196.3937,244.7425,138.1226,132.8763
194.1576,240.4038,138.3272,133.0188
194.0421,237.9609,138.5583,133.6317
193.9393,235.6172,138.7639,134.0329
191.6108,233.3255,139.1249,134.3204
191.3380,230.8818,139.6706,134.9016
191.0568,228.3245,140.2330,135.6925
190.7737,225.6082,140.7993,136.7799
190.3658,222.9480,141.6151,137.7291
189.9681,220.4006,142.4104,138.4249
187.3853,217.8706,143.1535,139.0625
186.8682,215.3989,144.1878,139.5616
186.3253,210.7145,145.2734,139.9936
185.8716,208.0746,146.1808,140.7812
185.4576,205.4074,147.0088,141.5968
185.0012,202.7390,147.9218,142.3888
182.2433,197.8475,148.8659,143.0286
181.7400,195.0549,149.8724,144.0173
181.2976,192.1613,150.7573,145.1765
180.8501,189.1579,151.6522,146.5231
180.3136,186.0593,152.7252,148.0249
179.7468,183.0976,153.8588,149.2122
179.1931,180.1786,154.9664,150.2776
178.5181,177.1389,156.3163,151.5501
177.8953,174.1891,157.5619,152.6016
177.2491,171.1549,158.8543,153.7856
176.6180,167.9372,160.1165,155.2977
175.9392,164.7732,161.4741,156.6587
175.3062,161.5165,162.7400,158.1623
174.6640,157.9212,164.0244,160.2994
173.8623,156.8307,165.6279,162.4804
173.1241,153.5939,167.1042,163.7870
172.3297,150.3179,168.6931,165.1282
171.5259,146.9169,170.3006,166.6733
170.6438,143.4446,172.0649,168.3112
169.7879,139.8326,173.7767,170.1751
169.0441,138.8341,175.2643,172.1721
168.0977,135.0154,177.1570,174.3380
167.2935,131.0661,178.7655,176.7014
166.4886,129.9973,180.3753,178.8390
168.5249,125.9998,181.9596,181.1771
167.7446,124.8782,183.5202,183.4204
167.0839,120.9161,184.8415,185.5659
169.2217,120.0420,186.3991,187.3140
168.3219,118.9514,188.1987,189.4953
167.4068,117.7615,190.0290,191.8751
169.4367,113.5621,191.9833,194.2597
168.3287,112.5147,194.1993,196.3545
167.2411,111.3612,196.3746,198.6616
169.2650,110.2348,198.5479,200.9144
168.2273,106.0038,200.6232,203.0855
167.1848,104.7293,202.7082,205.6345
169.2851,103.2393,204.9382,208.6147
171.2973,101.7327,207.4263,211.6278
170.1204,100.3974,209.7801,214.2984
172.1408,99.1883,212.4176,216.7166
174.2137,98.0200,215.0299,219.0531
176.4261,97.0792,217.4409,220.9348
175.1187,92.7143,220.0557,222.7610
177.3547,91.7804,222.5571,224.6288
179.6957,90.7168,224.9175,226.7561
178.6791,89.6401,226.9507,228.9094
181.0192,88.4518,229.4494,231.2860
183.6233,87.2195,231.4967,233.7506
182.7776,86.0653,233.1882,236.0590
185.5853,84.6786,234.9625,238.8324
188.4019,83.4372,236.7906,241.3153
187.7898,82.2075,238.0146,243.7746
187.1163,81.1916,239.3618,245.8065
190.2085,80.3070,240.8177,247.5757
189.4126,79.6004,242.4095,248.9888
192.2936,79.0045,244.3858,250.1806
195.1537,78.2023,246.4539,251.7851
194.1613,77.3527,248.4387,253.4842
197.1041,76.7334,250.4572,254.7229
196.3237,76.1634,252.0180,255.8629
199.5833,75.5744,253.4969,257.0408
198.8096,79.0616,255.0443,258.1064
202.1914,78.7091,256.3619,258.8113
201.4485,78.6011,257.8476,259.0273
200.8206,78.5188,259.1033,259.1919
204.3389,78.3890,260.2290,259.4516
207.7849,78.2200,261.5210,259.7896
207.2139,78.0117,262.6629,260.2062
206.5415,77.7232,264.0077,260.7831
205.8979,77.4296,265.2949,261.3704
205.2332,77.1153,266.6242,261.9989
208.7449,76.9155,267.9256,262.3986
208.2049,76.7049,269.0056,262.8198
207.6637,76.5262,270.0880,263.1771
207.1585,76.3341,271.0985,263.5615
210.9285,76.2280,271.9780,263.7735
210.6614,76.0861,272.5122,264.0574
