1
369.5665,257.8220,180.8671,68.1929
369.6071,258.0953,180.7858,67.6463
369.6210,258.3074,180.7580,67.2222
369.6741,258.4932,180.6518,66.8505
369.8090,258.7166,180.3821,66.4038
370.0654,258.9103,179.8693,66.0164
369.9710,258.9720,180.0580,65.8930
370.2573,259.0435,179.4854,65.7499
370.4085,257.3576,179.1830,65.3651
370.2210,257.4576,179.5579,65.1651
371.6664,257.4714,180.4145,65.1374
372.9501,255.7415,181.6059,64.8384
372.9190,255.7621,181.6681,64.7971
373.1518,255.8632,181.2025,64.5949
373.4013,255.9531,180.7035,64.4152
373.2137,256.0204,181.0788,64.2806
374.9898,254.2267,181.2793,64.1151
374.6664,254.1796,181.9261,64.2093
374.5096,254.1932,182.2398,64.1820
374.4919,254.5249,182.2751,63.5186
374.5599,254.8355,182.1392,62.8974
374.4740,255.0476,182.3111,62.4733
374.3573,255.3424,182.5444,61.8837
376.1731,255.7892,182.6430,60.9901
375.8219,256.0710,183.3454,60.4265
375.1390,256.4556,184.7112,59.6573
374.7998,256.9418,185.3895,58.6849
374.4040,257.3650,186.1811,57.8384
374.4608,257.9647,186.0675,56.6390
375.0605,258.6693,184.8680,55.2298
375.3536,259.3076,184.2820,53.9534
375.1575,259.8682,184.6741,52.8320
373.9648,262.1837,183.4664,51.7944
374.4706,262.8550,182.4546,50.4517
374.6804,265.3915,182.0351,48.8961
374.5958,267.9275,182.2043,47.3066
373.1060,268.6844,181.7292,45.7928
373.8174,272.8351,180.3063,44.3303
373.9537,275.0537,176.6620,43.2645
374.1391,275.6417,172.9910,42.0887
373.6326,279.4236,170.7775,40.9777
373.7477,282.7872,167.3730,40.5990
372.1151,285.9068,164.3996,40.5984
367.4502,287.6107,161.4189,40.2682
368.5168,290.5702,159.2858,40.4084
367.9362,291.3961,157.4448,41.7588
366.3939,295.0156,154.5254,43.5256
365.7684,296.2440,152.7825,47.0566
365.1970,295.9656,150.8904,50.6484
363.3299,297.0507,148.4764,54.6264
358.4108,296.6187,145.8668,58.6022
358.3964,296.1778,142.7498,62.6300
355.8751,297.4193,138.2758,66.4913
355.0416,295.5525,133.5932,70.2249
354.5417,298.1779,128.2516,74.4864
347.6369,296.2007,123.0741,78.4407
348.9920,295.6611,117.2099,82.6739
345.8506,295.2295,110.9487,86.6731
344.5445,294.6702,104.2420,90.8980
343.2357,292.5052,97.6457,95.2280
342.0546,291.7686,90.8960,99.7384
338.2620,289.5258,83.4746,104.2240
340.0810,289.1353,76.8853,107.9563
335.0029,288.8622,69.6379,111.4034
334.7135,287.2284,61.7207,114.6708
334.1559,287.0851,54.5968,117.7038
328.7752,287.0360,49.3533,120.4695
326.8586,285.5504,45.3411,123.4407
320.2071,284.3070,43.1289,125.9275
317.1860,283.1605,41.4275,128.2206
310.9786,282.1565,40.9286,130.2284
306.6823,281.3511,41.7149,131.8393
298.9160,280.7502,44.0505,133.0410
295.9796,279.0499,47.2240,133.7424
288.3464,278.7710,51.4215,134.3000
283.3178,278.6505,55.7766,134.5411
276.6197,278.8182,60.3760,134.2057
273.0369,277.5522,64.5330,133.7290
264.4927,276.2171,69.3240,133.3250
260.8173,274.8387,73.5236,132.9304
255.4166,271.9622,77.8901,132.2486
249.9408,270.6933,82.2787,131.5050
246.2274,269.5535,86.3613,130.4403
240.7900,268.5101,90.4430,129.1306
237.1847,267.4327,94.2092,127.8409
233.6433,266.3958,97.8053,126.4280
228.3954,265.3636,101.2531,124.9682
224.9889,264.3572,104.5085,123.4234
221.6484,263.3681,107.6030,121.8154
218.3528,262.3933,110.5830,120.1538
215.0703,261.5161,113.5152,118.2753
211.8665,260.6746,116.2727,116.3082
208.6641,258.0160,119.0149,114.3000
205.4596,257.1640,121.7498,112.3299
204.2617,256.3651,124.1456,110.2422
201.2846,255.5359,126.4102,108.2111
200.3272,252.8820,128.3251,106.1347
199.3231,253.8171,130.3332,104.2646
196.5673,252.9608,132.1560,102.2884
195.6564,250.3291,133.9778,100.1827
192.9854,251.3155,135.6419,98.2099
192.2752,248.7921,137.0624,95.9149
191.6118,248.0619,138.3890,93.7207
190.9123,247.3244,139.7882,91.5575
188.4234,246.6878,141.1426,89.2072
187.8152,244.4298,142.3590,86.5144
187.3266,243.7826,143.3362,84.2315
186.8853,243.2231,144.2186,81.7970
184.6436,242.6444,145.1770,79.4292
184.1541,240.3523,146.1560,77.0153
183.8042,239.7875,146.8558,74.6729
183.3528,239.1785,147.7585,72.4489
182.9004,237.0094,148.6633,69.9536
182.4470,236.4304,149.5702,67.7251
182.0014,234.2867,150.4613,65.2910
181.7021,233.7260,151.0600,63.0815
181.4915,231.7045,151.4810,60.5237
181.1967,231.0974,152.0708,58.4770
181.0704,229.0197,152.3232,56.1670
180.8622,228.4401,152.7396,54.1313
182.3942,225.0208,152.8397,51.4781
182.2744,224.4736,153.0794,49.4553
182.2405,223.9564,153.1470,47.4064
183.6488,222.1117,153.3771,45.0027
185.0935,220.2268,153.4929,42.7618
185.0357,219.6729,153.6086,40.9046
185.0100,217.8790,153.6599,38.6287
186.4709,216.0082,153.6278,36.5912
186.5308,215.3832,153.5078,34.9908
188.0621,213.5845,153.2632,32.9524
188.1496,211.7725,153.0882,31.0257
188.1625,211.1140,153.0624,29.6073
189.6308,207.9411,152.8333,27.8307
189.7312,208.3599,152.6325,26.9930
191.3051,202.3846,152.1348,25.6931
192.7260,202.8023,151.9104,24.8577
192.9599,201.8500,151.4428,24.1646
193.4514,193.1577,150.4597,23.5067
194.8257,193.2529,150.2618,23.3163
196.3586,193.4249,149.7402,22.9724
198.2302,191.1395,148.5273,22.4829
199.8191,190.0134,147.8528,22.2316
201.4194,183.8655,147.1415,22.0815
206.4471,183.5643,151.9441,22.6840
206.8841,183.3693,158.7344,23.0739
205.5006,180.6662,164.1577,23.1674
206.1800,178.9987,168.2652,23.7693
206.8956,177.2102,169.6359,24.5442
207.2046,175.5217,166.1815,25.0847
205.5807,173.9218,161.0301,25.4848
206.5352,171.2152,156.3848,25.4250
207.3188,169.9283,152.1465,25.3279
208.8681,167.3989,149.0480,25.1659
209.9279,167.1652,146.9283,25.6332
210.9988,165.8075,144.7865,25.8046
213.0933,162.1065,143.1154,25.6531
213.6531,161.9138,141.9957,26.0384
214.1483,160.4823,141.0054,26.4178
215.8882,158.9488,140.0029,27.0073
217.4601,157.3590,139.3340,27.7120
217.7739,155.6810,138.7066,28.5884
219.4413,154.2890,137.8595,28.8847
220.8856,153.9871,137.4527,29.4886
221.1791,152.6444,136.8656,29.6862
222.4891,152.2298,136.7290,30.5153
224.9067,150.6814,136.8888,31.1146
225.1818,149.4175,136.3385,31.1313
226.5053,149.4294,136.1953,31.1074
226.8717,149.4757,135.4627,31.0148
228.3440,148.4357,135.0074,30.6054
228.5494,148.4278,134.5965,30.6213
228.6481,147.2858,134.3992,30.4356
230.1301,147.1602,133.8986,30.6869
230.4231,146.9067,133.3126,31.1938
230.7038,146.7494,132.7511,31.5085
231.1104,146.5764,131.9379,31.8545
232.6846,145.3322,131.2456,31.8868
232.7841,145.1388,131.0466,32.2734
234.1230,145.0173,130.8203,32.5164
234.2990,144.9717,130.4685,32.6077
235.7226,143.8632,130.0709,32.3749
235.7427,143.7271,130.0308,32.6471
237.2320,143.6331,129.4967,32.8350
237.4692,143.6344,129.0221,32.8325
237.8322,142.5315,128.2963,32.6045
238.1184,142.4196,127.7238,32.8284
238.3514,142.2827,127.2577,33.1021
239.8007,142.1228,126.7732,33.4219
240.0643,142.0451,126.2461,33.5775
240.1537,142.0241,126.0672,33.6193
240.3793,142.0796,125.6160,33.5084
240.8252,142.1435,124.7242,33.3805
241.1237,142.2418,124.1272,33.1840
241.2700,142.3212,123.8346,33.0252
241.3661,142.3414,123.6424,32.9848
241.4695,142.3360,123.4357,32.9956
241.6285,142.3177,123.1176,33.0322
241.7901,142.3048,122.7945,33.0580
241.8611,142.3084,122.6524,33.0508
241.9568,142.3154,122.4612,33.0368
242.0599,142.3318,122.2550,33.0040
242.1140,142.3153,122.1467,33.0370
241.9089,142.2952,122.5568,33.0772
241.7869,141.1783,122.8009,32.9635
241.8329,141.1741,122.7089,32.9719
240.6347,141.0960,122.7576,33.1281
240.6511,141.0534,122.7248,33.2133
239.3095,139.8027,123.0556,33.3622
238.8867,139.6147,123.9012,33.7383
236.3852,139.4168,124.1466,34.1341
236.0498,138.0439,124.8174,34.4901
234.6379,136.5665,125.2354,35.0392
232.9633,135.0892,126.1625,35.5716
230.0775,134.8149,127.0439,36.1204
227.3120,133.2977,127.6394,36.6869
225.9632,131.7959,127.8502,37.2037
223.4490,131.6691,127.8799,37.4574
221.8098,130.1071,128.6538,38.0769
215.6684,128.6305,128.3018,38.5030
215.8070,126.9031,128.0247,39.4281
213.2126,125.4014,128.1273,39.8883
209.5758,123.6950,127.7417,40.7480
208.4105,121.9406,127.5088,41.6934
206.7037,118.7237,128.3449,42.9722
204.4054,116.5477,130.3288,44.7114
199.8735,114.7380,131.3741,45.6579
199.0419,112.8334,133.0372,46.7623
199.1575,111.9605,135.5548,48.5079
198.9601,109.7154,138.7660,50.1818
196.5782,107.3420,140.6372,52.0359
194.3068,103.8124,142.2271,53.1893
190.5651,101.2944,143.7174,55.2287
186.6128,97.3864,145.5129,56.9356
184.8739,94.9841,145.8799,58.6294
182.7592,92.2747,146.9626,60.9016
181.9243,89.5720,148.6325,63.1045
181.1890,86.7347,150.1031,65.5133
180.5160,83.7497,151.4491,68.1537
178.7186,79.1409,151.6484,70.5803
178.3261,77.8296,152.4334,73.2029
177.5680,74.6746,153.9496,76.0149
177.4393,69.7269,154.2069,78.7719
177.2810,68.4165,154.5235,81.3928
175.2031,63.4571,155.0090,83.9709
175.3226,60.2292,154.7699,86.7050
175.7120,57.1821,153.9913,89.0344
177.2786,54.0870,154.6510,91.4317
177.3332,48.7900,154.5416,94.3394
181.1896,47.0454,154.6102,97.8286
181.7168,43.6074,153.5556,100.7543
182.3821,38.0285,152.2251,103.9456
185.1378,34.2657,150.7299,107.4550
187.5516,32.7323,149.9540,110.5218
189.9545,29.2082,149.2383,113.4798
198.8342,25.6863,147.9899,116.3959
201.9772,24.2635,145.8599,119.2416
205.4546,20.6080,143.0747,122.3830
209.5640,17.2402,139.0331,124.9413
215.2612,16.1515,135.9499,127.1187
223.1412,13.0529,132.6166,129.1736
233.2662,11.3390,128.8570,132.6015
239.2614,9.6667,125.1012,135.9460
253.9396,7.9432,120.4055,139.3931
255.6469,6.4164,116.9908,142.4467
266.1620,6.9289,112.2835,145.5025
272.6576,5.2760,107.3946,148.8083
281.6300,4.0892,101.5143,151.1817
290.6251,5.2551,95.4048,152.8102
301.5182,4.4901,89.1492,154.3402
308.6450,5.2682,82.4956,156.5840
318.0135,5.7064,74.9172,159.4271
328.5971,6.1591,68.2698,162.1517
336.4605,9.4628,63.2008,162.6494
348.8442,11.4148,59.2500,162.2150
360.7668,13.2545,55.7575,161.9276
367.6469,16.8048,51.9710,161.4762
376.1174,21.5707,48.0256,158.4422
385.6530,28.2593,44.6198,154.4643
391.4874,33.7218,41.9916,149.5663
399.0748,43.0165,41.2932,145.4533
401.2080,48.7077,42.6752,142.5436
406.8453,55.5523,45.4447,140.0898
408.0753,58.2887,48.6352,137.4421
410.6441,63.9604,52.0347,134.6357
412.9156,69.6243,56.0921,131.9086
413.7995,75.3785,60.1240,129.0995
414.8016,81.3046,63.9797,126.0373
417.2671,85.9124,67.9055,122.7262
417.1411,93.3025,71.1283,119.8295
418.6965,99.1090,73.9828,117.1644
418.9526,102.2722,76.4615,113.8291
419.2029,111.2259,78.9432,110.8328
419.1940,114.4913,81.9390,107.2801
419.3779,122.2001,84.5444,103.7549
419.4555,125.5534,87.3507,100.0098
418.5278,136.1209,89.2060,96.5681
417.6021,139.2202,91.0576,93.2943
418.5523,145.1846,92.0602,90.0750
420.3453,151.3816,91.3425,86.2857
420.9179,157.4284,90.1971,82.5831
421.2471,164.7743,89.5388,78.7724
420.4006,171.5806,88.5826,75.7567
419.6000,176.9099,87.5977,72.8563
419.6177,183.3730,87.5622,70.0268
419.3540,190.6812,88.0897,65.3219
418.6761,195.1991,87.0362,61.1047
418.1441,200.3888,85.7764,57.6971
415.7008,206.5164,83.9172,54.4362
414.7402,210.8820,83.6720,52.2043
413.5944,216.4290,83.8383,49.6118
413.0000,220.9314,82.9427,46.8597
411.5309,226.3903,81.8325,44.0390
410.8181,232.4617,81.2982,41.6950
410.2040,236.5138,80.6148,39.3258
407.9554,243.2409,79.5302,37.0354
407.1774,245.8816,77.4762,35.3638
405.5070,251.6425,75.5795,34.3169
404.5484,253.8153,74.0971,33.3709
403.5376,258.9711,72.7951,33.0300
401.8795,262.3497,71.2008,32.8202
400.9318,263.9492,69.8762,32.8411
398.3826,268.5394,68.6102,33.2073
396.7293,269.1649,67.1797,33.5352
395.9826,272.7989,65.5457,34.0862
393.7445,274.2210,63.8245,34.3406
392.2924,277.0150,62.1436,34.8661
391.5198,278.0589,60.6636,35.8033
389.9511,279.1247,59.2815,36.6848
386.9019,280.0851,57.8761,37.7656
386.2117,279.6440,56.2609,38.6478
383.3285,281.9865,54.5865,39.9155
382.6896,281.4161,52.8968,41.0563
379.9036,281.5991,51.0855,42.1669
380.0941,281.0580,49.2377,43.2491
376.7148,281.9242,47.2620,44.4281
376.1159,282.0692,45.5722,45.5819
374.0700,282.1880,43.9221,46.7797
372.7369,282.2991,42.3036,47.9857
371.4038,282.4798,40.7063,49.0457
370.7340,282.0251,39.2222,49.9551
368.7194,281.5696,37.6441,50.8659
365.9460,281.1392,36.2410,51.7267
365.2712,280.7518,34.8307,52.5017
364.5521,280.4336,33.5326,53.1381
362.5443,280.1657,32.1235,53.6738
360.4755,279.9063,30.8993,54.1926
359.0577,279.6784,29.7527,54.6484
358.3169,278.7493,28.6050,55.1920
355.5929,278.5606,27.5385,55.5694
354.1417,277.7504,26.5707,55.8998
353.9333,277.5710,25.7094,56.2584
350.5255,277.4131,24.9158,56.5742
349.6525,276.0439,24.1441,56.7951
347.5038,275.8532,23.4476,57.1764
345.9517,275.1075,22.8272,57.4262
344.9648,274.3244,22.3326,57.7582
342.0880,273.6191,21.9360,57.9389
340.4033,272.9842,21.6290,57.9831
338.7179,272.9510,21.3380,58.0495
338.2013,271.6781,21.1548,58.1627
334.5866,271.0284,21.0964,58.2474
334.0332,270.3393,20.9884,58.4108
330.3959,268.5504,20.9720,58.3432
329.8428,267.9816,20.8644,58.2669
326.8910,267.2932,20.7137,58.4328
326.3121,266.6313,20.6609,58.5461
323.8770,265.9586,20.6865,58.6805
322.6683,265.4312,20.6768,58.5218
319.7424,264.2085,20.4731,58.5448
319.7371,263.6177,20.4838,58.5187
318.0341,263.0578,20.2670,58.4310
315.7560,261.8482,20.0138,58.4454
314.0212,260.7137,19.8896,58.3186
313.3466,260.1245,20.0450,58.3032
311.0240,259.5625,19.9041,58.2306
310.2545,258.4022,20.2503,58.1654
307.8236,257.7753,20.3190,58.2210
306.5019,256.6193,20.5618,58.1324
304.5894,255.4380,20.7766,58.0880
303.8289,255.4376,21.0906,58.0888
302.5021,254.9122,21.3195,57.9273
300.4941,253.7642,21.6929,57.7948
299.0833,253.1545,22.0764,57.7952
296.3809,251.9539,22.5772,57.7443
295.5279,252.0227,23.0489,57.6068
294.0725,251.4439,23.4784,57.5236
292.5553,250.8781,24.0185,57.4081
291.6685,250.3302,24.5370,57.2490
289.5177,249.7825,25.0528,57.0822
287.3637,249.1776,25.5549,57.0235
286.4935,249.1875,26.0187,57.0036
284.9419,248.5799,26.5530,56.9343
284.0381,247.9920,27.0676,56.8174
281.7970,247.9934,27.6497,56.8146
280.1924,247.9558,28.2384,56.8898
278.5478,247.2971,28.8847,56.8856
277.6138,247.3528,29.4202,56.7744
275.9820,246.7412,30.0033,56.6572
275.0252,246.0906,30.5684,56.6099
272.6786,246.1491,31.1892,56.4930
270.3247,246.1510,31.7978,56.4893
269.3477,246.2174,32.3751,56.3564
267.6814,246.2963,32.9388,56.1986
267.3330,246.3358,33.6355,56.1196
265.5693,246.4051,34.3582,55.9809
264.5149,246.4735,35.0547,55.8443
262.7086,246.5329,35.8230,55.7254
260.8652,246.6019,36.6435,55.5874
259.6900,246.6875,37.5492,55.4161
259.2566,246.8024,38.4159,55.1865
258.0658,246.9151,39.3294,54.9611
256.0965,247.0930,40.3084,54.6052
254.8429,247.2727,41.3252,54.2458
253.5490,247.4716,42.4114,53.8480
252.3320,247.7254,43.3322,53.3404
251.8320,247.9966,44.3322,52.7980
250.4506,248.3027,45.5668,52.1858
249.0621,248.5765,46.8052,51.6381
247.6735,248.8896,48.0326,51.0119
246.2819,249.2385,49.2563,50.3142
245.6228,249.6095,50.5746,49.5723
244.0448,249.3324,52.1534,48.5494
241.7205,249.0101,53.6308,47.6082
240.1826,248.6799,55.1129,46.6751
239.4138,248.3510,56.6505,45.7312
237.8514,248.8270,58.1653,44.7793
236.9654,247.7889,59.9373,43.6199
235.3303,247.5806,61.5817,42.4109
233.6620,248.2495,63.2877,41.0730
231.8098,247.4272,65.3579,39.4495
230.8164,246.6796,67.3447,37.6688
229.0522,245.9817,69.2359,35.7903
227.1288,245.9412,71.4499,34.2386
224.3736,244.4642,73.6835,32.2772
222.4526,243.0774,75.8889,30.1413
219.7896,241.6630,77.9540,28.0788
217.7962,240.1104,80.3180,26.3151
215.8223,238.2326,82.6411,25.1971
213.9813,233.5964,84.6863,24.6482
211.9219,230.3546,87.1495,24.5093
210.0234,225.2930,89.2586,24.5056
205.5055,220.1663,91.4246,24.4540
204.4479,219.0466,93.5397,24.9464
202.2776,212.1680,96.0944,26.2012
199.9547,207.2570,98.8944,28.6408
196.6711,201.0291,101.6001,31.4430
194.3222,197.4308,104.2769,34.5974
193.0094,189.3284,106.9026,38.1000
190.6038,185.2675,109.4954,41.7851
186.2092,175.4408,111.3189,45.1849
183.8182,171.1862,113.6918,48.8761
181.3880,161.7818,116.0435,52.6324
178.8236,155.8656,118.5633,56.6381
173.2994,148.5279,121.4648,60.4507
172.0706,142.6114,123.9223,63.8111
169.2590,134.8497,126.6272,67.6612
168.3218,128.4214,128.5016,71.4452
165.6886,123.3939,130.6515,75.2671
161.8697,115.1884,131.8627,78.8247
159.3801,108.5624,133.5502,82.2021
156.9101,100.1185,135.1168,85.5957
156.4171,95.1105,136.1027,88.7041
155.8239,88.2584,137.2891,91.8467
153.2494,83.1343,138.8475,94.9135
150.5653,77.4837,140.5507,98.8848
145.9372,70.5758,142.2943,101.4316
143.3965,63.5924,143.5510,103.9243
141.3030,56.2647,143.8532,106.9255
141.1387,52.7888,144.1818,109.9387
140.7187,49.1145,145.0218,113.2945
138.1616,43.3814,146.0757,116.6401
135.1738,35.8332,147.9206,119.3443
134.7895,34.7054,148.6891,121.5998
134.2167,31.5974,149.8348,123.5647
133.3894,28.3139,151.4893,125.8312
132.7898,24.7515,152.6885,128.5934
130.1615,21.1116,153.5197,131.4476
129.6588,17.6575,154.5249,133.8715
126.5040,9.9102,156.2958,135.7499
126.2430,9.7340,156.8178,136.1021
126.1340,9.8244,157.0357,135.9213
125.7287,9.4421,157.8464,136.6861
123.2213,9.2205,158.2258,137.1293
123.2540,4.8403,158.1606,136.5930
123.6982,5.6165,157.2720,135.0406
123.8409,4.1817,156.9867,133.3102
123.7920,4.9088,157.0846,131.8559
123.9367,6.1245,156.7951,129.4246
124.4036,6.5860,155.8612,128.5016
124.9865,6.5660,154.6954,128.5416
125.4606,6.7006,153.7472,128.2724
126.1410,4.6573,152.3866,127.9223
126.7085,4.8956,151.2515,127.4458
127.2845,4.6785,150.0994,127.8799
127.6119,4.5498,149.4446,128.1373
128.2206,2.4705,148.2272,127.9277
128.6946,2.7366,147.2793,127.3954
129.3588,2.9739,145.9509,126.9209
130.0147,3.1536,144.6391,126.5615
130.5360,3.2582,143.5965,126.3523
130.9483,3.3157,142.7720,126.2374
131.2155,3.4019,142.2376,126.0649
131.4527,3.4871,141.7630,125.8944
133.8231,3.5267,141.2356,125.8154
133.8413,3.5583,141.1991,125.7521
136.0155,3.6032,141.0528,125.6622
136.2502,3.6309,140.5836,125.6069
136.5318,3.6640,140.0202,125.5407
136.6742,3.5311,139.7356,125.8065
136.6499,3.4096,139.7842,126.0495
138.6678,3.3355,139.9333,126.1978
138.8367,3.3308,139.5955,126.2072
141.0333,3.2962,139.3867,126.2763
143.2445,3.1571,139.1469,126.5545
145.1523,2.9033,139.5144,127.0620
147.6360,2.6597,138.7439,127.5493
147.5353,2.4951,138.9452,127.8786
149.8878,2.5811,138.4414,127.7065
152.5898,2.4716,137.2277,127.9255
153.4553,2.2627,135.4967,128.3433
156.4528,2.2391,133.6563,128.3905
159.2194,2.1848,132.2495,128.4992
162.1072,2.2636,130.5802,128.3416
165.0789,2.1490,128.7143,128.5708
167.2178,1.7832,128.4882,129.3023
171.2085,1.1763,128.6262,130.5161
173.6441,0.8788,127.8359,131.1111
173.8690,0.7318,127.3861,131.4051
176.3208,0.7262,126.5579,131.4162
181.1478,0.7606,125.0287,131.3476
184.3848,0.8142,122.5917,131.2403
185.5283,1.0639,120.3047,130.7409
190.1924,0.8685,118.8818,131.1317
194.5293,0.4982,118.0802,131.8723
196.4103,-0.0458,118.2529,132.9603
198.5586,-0.6948,117.9106,134.2583
203.0132,0.9035,116.9397,135.0308
205.2649,0.4259,116.4016,135.9860
209.3877,-0.0190,116.0994,136.8758
213.7164,1.4687,115.4029,137.8809
218.1790,0.8096,114.4473,139.1992
224.7796,2.1655,113.2151,140.4769
227.3593,1.5889,112.0450,141.6302
229.9243,0.9123,110.9031,142.9835
238.6753,2.4552,109.3622,143.8878
239.4076,1.7839,107.8976,145.2305
244.1723,1.1781,106.3189,146.4420
249.0253,0.5243,104.5487,147.7495
255.9787,1.7147,102.5178,149.3275
258.8710,1.0000,100.6822,150.7568
265.9049,0.2699,98.4343,152.2171
268.8662,-0.3998,96.4363,153.5564
278.1610,0.9349,93.4910,154.7982
281.1111,0.1670,91.4711,156.3338
288.2180,1.3747,88.8640,157.7875
295.3130,2.5117,86.2123,159.3596
300.1716,1.8004,84.1435,160.7822
305.2744,1.1821,81.5570,162.0188
310.6419,1.8915,78.3883,164.3832
318.0494,0.5781,74.8616,167.0099
321.5316,1.5915,71.6365,168.7225
328.8653,0.7209,68.0906,170.4636
334.1345,3.0338,64.8907,173.1763
339.9160,2.0755,60.6293,175.0928
350.9359,1.4882,56.5949,176.2675
354.2922,2.4837,53.4263,177.8205
359.5465,1.8661,49.9328,179.0557
361.9070,1.2020,48.6716,180.3840
374.0281,5.4084,45.1586,182.3357
378.6650,6.4383,42.7166,183.6917
386.0431,7.5412,41.5136,184.8743
393.4990,12.0318,40.1286,186.0383
395.3623,14.8751,39.7733,187.0942
407.3044,24.3022,39.5431,185.1358
409.6346,23.1710,38.2303,187.3983
418.0763,27.3125,38.1142,185.8222
419.6056,24.8898,38.3848,187.3384
420.9116,26.6713,39.1285,187.1310
429.7644,25.8854,41.6259,185.3356
428.2115,31.5300,44.7316,184.2173
431.5760,44.4953,48.3051,182.3258
431.3575,43.6409,52.2173,180.5592
434.7092,44.5143,56.0852,178.8124
434.4990,46.9440,60.0763,177.5238
436.0856,53.0535,64.1544,176.1818
436.0281,55.6871,67.9500,174.5951
435.9608,66.0755,71.8108,172.4491
437.5968,70.7553,76.0670,170.6178
437.6380,77.9874,79.7974,167.5918
435.7384,82.9384,83.5966,165.3582
435.7245,88.0402,87.4916,162.8892
433.8933,95.3204,91.1540,160.0229
432.3513,98.5307,94.2380,157.5205
432.8710,103.9958,97.1319,154.4568
431.8051,107.8002,99.2636,150.7843
430.8097,115.2287,101.2546,147.6777
429.8521,120.5468,103.1696,144.8477
426.7892,130.0046,105.4036,141.5000
423.8704,133.9722,107.3634,137.4426
421.0998,139.7257,109.0566,133.6316
420.0936,143.0878,111.0690,130.7243
415.4275,154.1968,112.7920,127.5293
414.5574,155.2717,114.5322,125.3797
411.9808,158.4329,115.9081,122.8344
407.4287,163.3041,117.4938,120.6106
403.1709,166.2476,118.5102,118.4732
400.7952,169.1814,119.5295,116.3375
396.6292,174.2905,120.4329,113.5482
394.2312,177.3586,121.5444,111.0963
386.6706,182.2148,122.0148,108.7093
384.6570,185.3572,122.4102,106.0564
378.9189,190.1635,123.0996,103.6350
376.9370,193.3439,123.4961,100.8415
369.7792,198.3251,123.6982,97.9358
366.5343,201.5948,123.2192,94.8809
361.6571,206.4260,122.6912,92.0733
355.0016,209.2355,122.5083,89.8278
353.5821,213.8443,122.0134,87.2782
345.7349,216.5452,121.2849,85.1609
344.2203,219.1202,121.0754,83.2495
336.2327,223.4481,121.0311,81.0015
334.7931,225.8468,120.7444,79.3700
325.4493,228.2970,120.6247,77.6041
323.8675,230.6536,120.6851,75.9942
316.0986,234.7957,120.8367,73.8646
314.6711,235.4824,120.6478,72.4913
305.6584,237.6945,120.5664,71.0848
304.1692,239.9743,120.5519,69.5181
295.3755,243.8138,120.3425,67.7714
292.1597,246.0300,120.9072,66.2724
284.8322,246.6582,120.9815,65.0160
281.9716,248.8617,120.9112,63.5047
273.0322,250.8661,121.5773,62.3647
271.6683,252.9603,121.4461,61.0353
262.9309,254.9613,121.9164,59.8673
259.9767,256.9109,122.1834,58.7888
250.0736,257.4271,122.3482,57.7565
248.6297,259.2935,122.4456,56.8139
240.3751,261.3270,122.3032,55.5223
234.7748,261.7859,122.5015,54.6045
230.6760,263.6847,122.4870,53.5442
222.3817,265.5473,122.7649,52.5375
219.5396,265.8762,123.0396,51.8797
209.8817,267.7559,123.4761,50.8174
208.1447,267.8362,124.2656,50.6567
198.5422,268.2022,124.6193,49.9246
194.3136,268.5054,125.0214,49.3183
187.1971,270.1081,125.8544,48.7929
180.2298,270.3189,126.3762,48.3713
177.3507,270.6215,126.7692,47.7662
167.6833,270.8473,127.3632,47.3146
165.9613,271.0653,128.1294,46.8785
156.3407,272.6639,128.6055,46.3621
153.3544,272.9883,129.2217,45.7133
144.7953,273.1520,130.2883,45.3858
142.9256,273.3259,131.3431,45.0380
133.1824,273.6357,131.9769,44.4184
129.9209,273.8851,133.1179,43.9197
120.1318,274.1342,133.8096,43.4215
118.3582,274.3459,134.6581,42.9982
108.1764,274.4726,136.1004,42.7446
106.3034,274.5413,137.1275,42.6074
96.1125,274.7711,138.3933,42.1478
92.6673,274.9608,139.8030,41.7682
83.2901,273.8238,142.0381,41.2891
81.5417,273.9916,142.7589,40.9534
72.1132,274.0957,144.9370,40.7453
70.1728,274.1722,146.0110,40.5922
60.8729,274.3356,147.6971,40.2655
57.1399,274.5641,149.4899,39.8085
49.2497,273.3707,151.0041,39.3420
47.0190,273.4568,152.5998,39.1698
37.7157,272.1947,153.8970,38.8090
34.1958,272.3633,155.1441,38.4719
27.8811,272.4177,156.1441,38.3632
25.8083,272.4108,157.3703,38.3769
19.4817,272.5381,158.2765,38.1223
14.6712,271.2061,159.0635,37.8417
13.2794,271.3787,158.8968,37.4965
8.8438,271.5958,158.9439,37.0622
5.9814,271.6638,158.8012,36.9263
6.8720,271.7565,157.0201,36.7410
4.9953,270.4701,154.9721,36.4130
4.8665,269.3845,152.3639,35.7186
5.0471,269.6094,149.1868,35.2687
5.0970,268.3708,146.3242,34.9830
5.1865,268.4651,143.4278,34.7944
3.3638,268.6176,141.7271,34.4894
3.3317,267.6024,139.1478,33.8765
2.6801,267.6867,137.8553,33.7078
2.0603,267.6687,136.5205,33.7439
2.7811,267.7483,135.0789,33.5847
2.5609,266.6986,132.9863,33.1510
3.4767,266.8171,131.1548,32.9139
2.9606,265.6758,129.7217,32.7314
3.9463,265.4775,127.7502,33.1279
4.6265,265.3923,126.3899,33.2984
3.7419,265.3458,125.7536,33.3913
4.2325,265.5069,124.7724,33.0690
4.6036,265.5168,124.0302,33.0494
