1
332.3584,140.5633,159.2832,141.8734
332.2121,140.5955,159.5758,141.8089
332.0885,140.7307,159.8230,141.5385
331.9781,140.8589,160.0438,141.2822
331.8262,140.9791,160.3476,141.0418
331.6456,141.1573,160.7089,140.6854
331.4492,141.3579,161.1015,140.2842
331.2674,141.5550,161.4652,139.8901
331.1588,141.7639,161.6825,139.4722
331.1791,142.0102,161.6417,138.9797
331.1139,142.2541,161.7723,138.4918
331.0511,142.5296,161.8977,137.9409
330.9487,142.8249,162.1026,137.3503
330.7713,143.1523,162.4575,136.6955
330.5634,143.5512,162.8733,135.8976
330.2880,143.9143,163.4240,135.1714
327.7125,144.3636,163.8781,134.2729
327.3143,147.2105,164.6744,133.2685
326.9174,147.6880,165.4682,132.3136
326.5475,148.2109,166.2080,131.2677
323.8520,151.1220,166.9224,130.1221
323.4866,151.6438,167.6532,129.0784
323.0465,152.1768,168.5334,128.0125
320.3154,152.7716,169.3366,126.8229
320.0263,155.6821,169.9147,125.6539
319.7022,156.3865,170.5629,124.2450
319.3644,157.1128,171.2385,122.7924
316.6543,157.8358,172.0441,121.3464
314.0667,158.6307,172.6162,119.7565
313.8512,161.7308,173.0472,118.1418
313.5555,162.5658,173.6387,116.4718
310.9607,165.7038,174.2818,114.7422
310.5936,166.5970,175.0159,112.9559
310.2671,167.5118,175.6689,111.1262
307.6648,168.4128,176.3858,109.3243
307.2228,171.5685,177.2698,107.4811
306.8674,172.4580,177.9806,105.7022
306.5405,175.6283,178.6344,103.7925
306.2045,176.4023,179.3064,102.2446
303.6952,179.5360,179.9328,100.3693
303.4654,180.4360,180.3924,98.5693
303.0670,183.5722,181.1893,96.6425
300.6432,184.4488,181.7125,94.8894
300.3199,187.6182,182.3591,92.8525
300.0391,188.5455,182.9206,90.9980
297.5448,189.5607,183.6568,88.9676
297.0141,192.8861,184.7181,86.5448
296.6862,194.0264,185.3740,84.2641
296.3900,197.3805,185.9664,81.7270
296.0859,200.6721,186.5744,79.2787
295.8267,201.8104,187.0930,77.0021
295.7203,203.0024,187.3056,74.6181
293.5625,204.1690,187.5931,72.2850
291.4185,207.5186,187.8905,69.5763
291.2469,208.7233,188.2336,67.1670
291.0291,209.9457,188.6694,64.7221
290.9027,213.1861,188.9221,62.1106
290.6245,214.3890,189.4786,59.7047
290.3696,215.5992,189.9883,57.2844
290.1603,216.7955,190.4069,54.8916
290.0620,219.9345,190.6036,52.3264
288.0232,221.0301,191.0137,50.1352
287.9586,223.8218,191.1429,48.1837
287.6270,224.8126,191.8060,46.2022
287.2951,225.8485,192.4698,44.1304
285.3221,226.8898,192.8778,42.0477
285.0823,227.8234,193.3572,40.1806
284.6859,230.4933,194.1501,38.3152
284.4472,231.3670,194.6274,36.5677
284.1508,232.1069,195.2204,35.0879
283.9372,232.8758,195.6475,33.5501
283.7932,233.5480,195.9356,32.2058
283.9636,234.0375,195.5946,31.2268
284.1814,234.4730,195.1591,30.3557
282.7322,234.9911,194.7516,29.3195
282.6073,235.4166,195.0014,28.4685
280.4243,235.8471,196.1017,27.6076
279.9897,236.1253,196.9709,27.0511
279.3593,236.2521,198.2317,26.7976
278.9605,236.1506,199.0291,27.0005
280.3879,237.6889,199.4662,27.2155
277.4055,237.6123,198.8267,27.3689
277.5030,239.2570,198.6318,27.3758
273.5446,239.2417,199.9609,27.4064
271.4212,239.3673,204.2078,27.1552
269.5555,239.3861,207.9391,27.1176
268.5798,240.8955,209.8905,27.5158
225.5276,240.6608,213.1495,27.9851
216.8736,240.2763,216.4320,28.7541
206.0425,239.5399,216.6909,30.2270
203.9772,238.5991,217.2209,32.1085
208.8682,237.2816,214.7307,34.7436
201.5056,235.5458,211.1348,38.2151
286.6942,247.3330,206.4997,40.4229
298.7046,244.2623,200.7892,42.9021
301.0003,243.6915,196.1979,44.0439
303.5086,243.5139,191.1812,44.3990
304.7654,244.0257,188.6676,43.3755
306.0295,244.6111,186.1394,42.2045
309.0413,242.0776,183.5286,40.4462
308.6331,242.3318,181.0025,39.9378
307.7603,242.5540,179.4508,39.4934
306.9361,242.8747,177.8321,38.8520
307.2785,242.9392,177.1473,38.7229
305.6723,244.3147,177.1396,39.1921
305.6524,244.0011,177.1794,39.8193
304.8630,243.4768,178.7584,40.8679
304.2530,243.0076,179.9784,41.8062
306.5223,242.6589,178.7586,42.5036
307.3435,243.8412,177.1162,43.4542
308.0240,243.3054,175.7551,44.5258
308.5827,242.7142,174.6378,45.7083
309.0059,243.3390,173.7914,47.7767
309.6434,244.1161,172.5163,49.5678
309.9743,244.9946,171.8545,51.1716
309.6922,244.0185,172.4187,53.1237
309.5756,243.4065,172.6520,54.3477
308.0849,244.3891,175.6334,55.8338
307.2209,244.1102,177.3615,56.3917
307.5549,244.0632,176.6933,56.4856
307.6601,244.0127,176.4829,56.5867
308.3286,243.9019,175.1461,56.8082
309.3053,245.4703,173.1925,57.2035
310.0442,245.1591,171.7147,57.8258
310.9509,244.7053,169.9015,58.7334
311.7196,245.6650,168.3640,60.3065
312.6109,244.9939,166.5814,61.6487
313.4833,245.7910,164.8365,63.5524
313.7162,244.9806,164.3709,65.1733
313.5443,246.0730,164.7146,66.5180
312.8568,247.4963,166.0896,67.2297
313.0404,247.3865,165.7224,67.4493
313.1517,247.0000,165.4997,68.2223
313.5910,248.0112,164.6212,69.8000
314.0526,247.7433,163.6981,70.3358
314.6753,247.2028,162.4526,71.4168
315.4110,246.8507,160.9812,72.1211
316.1349,248.0182,159.5334,73.3896
316.9361,247.3726,157.9310,74.6809
318.0447,246.7623,155.7137,75.9015
319.2675,246.1919,153.2683,77.0423
317.0099,247.5578,150.6296,77.8874
317.7423,247.2978,149.1646,78.4073
318.4900,246.7814,147.6693,79.4402
319.2009,246.2607,146.2475,80.4817
320.1699,245.6729,144.3095,81.6571
321.1051,245.0978,142.4391,82.8074
322.0446,244.5196,140.5602,83.9638
324.6017,243.9364,138.9536,85.1301
325.1588,243.2804,137.8393,86.4421
325.9136,244.4977,136.3297,87.5163
326.6097,243.8035,134.9375,88.9048
327.0726,243.2427,134.0117,90.0262
327.6944,242.9211,132.7682,90.6696
328.0959,244.2444,131.9651,91.5259
328.5071,243.6743,131.1428,92.6662
328.7160,242.9473,130.7249,94.1202
327.1601,242.3271,130.3077,95.3606
327.3957,241.7127,129.8364,96.5892
327.5898,242.9413,129.4482,97.6883
327.7616,242.1869,129.1046,99.1972
327.8792,241.4540,128.8695,100.6628
328.2283,242.5759,128.1713,102.0270
328.6038,242.0353,127.4202,103.1082
328.8511,241.5338,126.9255,104.1111
329.2797,241.0252,126.0685,105.1284
329.6648,240.3497,125.2982,106.4792
330.0706,239.6715,124.4867,107.8357
330.5912,239.2508,123.4454,108.6772
331.2985,239.0405,122.0308,109.0976
331.8838,238.7587,120.8602,109.6613
332.3648,238.4476,119.8982,110.2836
332.8961,238.0676,118.8356,111.0435
333.4668,237.6345,117.6942,111.9097
334.0495,237.1512,116.5287,112.8763
334.5477,236.7899,115.5325,113.5989
335.0859,236.5030,114.4561,114.1727
337.4835,236.1449,113.2613,114.8889
337.8650,235.6869,112.4982,115.8050
338.2868,235.2732,111.6546,116.6323
338.9757,234.9386,110.2769,117.3016
339.6552,232.8470,108.9179,117.9013
340.3514,232.4851,107.5254,118.6250
340.8947,232.1012,106.4388,119.3929
341.4167,231.7437,105.3948,120.1079
342.0524,229.5934,104.1234,120.8592
342.4432,229.2194,103.3418,121.6072
343.0103,228.8766,102.2076,122.2927
343.5927,228.6897,101.0429,122.6666
345.8722,228.6312,100.0027,122.7834
346.5260,226.6156,98.6952,123.3107
348.7843,226.4174,97.6693,123.7072
349.2524,224.6393,96.7331,123.7831
351.4762,222.9552,95.7516,123.6853
351.8792,221.0384,94.9457,124.0701
353.9638,219.0865,94.2179,124.5326
354.3864,218.9209,93.3727,124.8636
354.7803,216.9061,92.5850,125.4656
355.1863,214.9465,91.7729,125.9606
356.9774,212.9715,91.6091,126.4924
357.2113,212.8455,91.1412,126.7444
359.2330,211.1977,90.5177,126.6201
359.5582,211.1241,89.8673,126.7673
359.6475,209.0963,89.6886,127.4237
359.9904,207.4299,89.0029,127.3505
360.3087,207.3459,88.3663,127.5183
360.4806,203.5207,88.0224,128.3973
360.8505,203.3381,87.2825,128.7625
361.1532,201.3863,86.6772,129.2795
363.1288,199.2014,86.1104,130.2650
363.4308,198.8826,85.5063,130.9027
363.7533,196.6873,84.8614,131.9040
364.1004,196.3483,84.1671,132.5820
364.5080,195.8562,83.3519,133.5661
364.9856,193.7905,82.3967,134.3045
365.4428,193.5191,81.4822,134.8472
365.7990,193.1420,80.7699,135.6015
366.2144,192.9024,79.9391,136.0808
366.5852,191.0568,79.1976,136.3989
366.9413,190.9890,78.4854,136.5344
367.1848,190.9158,77.9984,136.6809
367.5242,190.9714,77.3195,136.5696
367.9135,190.7848,76.5408,136.9429
368.2500,189.1373,75.8679,136.9098
368.5431,188.9213,75.2817,137.3418
368.7856,188.4821,74.7968,138.2202
369.1870,188.5036,73.9938,138.1772
369.5701,187.9972,73.2276,139.1899
369.9013,187.3238,72.5652,140.5368
370.2955,186.7363,71.7768,141.7117
372.3319,186.4619,71.0206,142.2607
372.4724,184.5239,70.7397,142.8250
372.6665,184.1119,70.3516,143.6489
372.8420,183.6685,70.0006,144.5358
373.0515,183.3303,69.5815,145.2122
373.3068,182.5439,69.0709,146.7849
373.4046,181.6293,68.8754,148.6143
373.4888,180.8824,68.7069,150.1080
373.6504,180.2760,68.3838,151.3208
375.5412,179.7957,67.9998,152.2814
375.6804,179.4536,67.7215,152.9656
375.8362,179.0347,67.4098,153.8034
375.9663,178.6565,67.1497,154.5598
376.0323,178.1118,67.0177,155.6493
376.0829,177.5729,66.9164,156.7269
376.1960,176.7170,66.6903,158.4388
376.3148,173.9684,66.4527,160.4650
376.4164,172.6453,66.2496,163.1112
376.4808,171.7349,66.1207,164.9320
376.5883,171.1174,65.9058,166.1669
376.6793,170.6098,65.7237,167.1823
378.5403,169.5831,65.5814,169.2357
378.6368,169.5580,65.3883,169.2858
378.7537,169.4316,65.1547,169.5386
380.6907,170.8259,64.8841,170.3535
380.7185,169.9886,64.8285,172.0280
380.7786,169.0410,64.7083,173.9232
380.9231,168.0803,64.4193,175.8446
381.0725,167.5179,64.1204,176.9695
381.2556,166.7440,63.7542,178.5172
381.5014,166.0592,63.2625,179.8867
381.8056,165.3648,62.6542,181.2755
382.0496,164.3527,62.1662,183.2998
382.3049,163.4663,61.6557,185.0725
382.6164,162.6425,61.0325,186.7201
384.9028,161.5406,60.2338,188.9240
385.1659,160.6194,59.7076,190.7664
385.4212,159.6578,59.1970,192.6896
385.6288,158.3847,58.7818,195.2357
385.8415,156.9901,58.3564,198.0251
386.0733,155.8465,57.8928,200.3121
386.2885,154.6181,57.4625,202.7690
388.4844,153.1579,57.0057,205.6894
388.7636,152.0944,56.4474,207.8164
390.9834,150.8009,55.9951,210.4034
391.1728,152.1148,55.6163,211.7908
393.4799,153.9975,55.0297,212.0531
393.7008,153.6122,54.5879,212.8236
393.8900,153.0252,54.2095,213.9976
396.0727,151.9439,53.8761,216.1603
396.1693,151.1828,53.6828,217.6824
398.4311,150.2692,53.2330,219.5095
398.5380,149.4489,53.0192,221.1502
398.7207,148.4990,52.6538,223.0501
398.9365,147.4638,52.2221,225.1204
401.3533,146.6593,51.5386,226.7295
401.6458,145.7126,50.9537,228.6229
401.9808,145.0930,50.2835,229.8620
402.4877,146.8640,49.2697,230.4991
405.2598,146.3180,47.8938,231.5911
405.7441,145.8918,46.9253,232.4434
406.2443,145.5034,45.9249,233.2202
409.0429,145.3734,44.4689,233.4802
409.5899,145.1753,43.3748,233.8763
410.2143,144.8632,42.1261,234.5006
415.3118,144.8059,40.1000,234.6153
415.7505,145.0309,39.2226,234.1653
416.2325,144.8855,38.2587,234.4559
416.7516,144.9440,37.2206,234.3391
417.1975,145.0864,36.3287,234.0541
427.7928,145.2108,34.9540,233.8053
427.9226,144.8943,34.6943,234.4383
428.0780,144.7191,34.3834,234.7888
428.3771,142.7347,33.7854,234.8234
428.7633,142.6424,33.0129,235.0079
429.1552,142.6832,32.2292,234.9263
429.5302,142.7706,31.4792,234.7516
429.8178,142.8816,30.9038,234.5295
430.0083,141.2881,30.5228,233.8561
430.2172,141.6641,30.1050,233.1043
430.3011,141.6999,29.9373,233.0327
430.2214,141.9543,30.0966,232.5237
430.0724,142.2064,30.3948,232.0197
434.1555,140.2987,29.8593,232.0196
434.0200,138.6143,30.1303,231.5840
433.8477,138.8944,30.4748,231.0238
433.6202,139.0972,30.9298,230.6182
435.4886,139.1938,31.0000,230.4250
435.1735,137.5206,31.6302,229.9656
436.9431,137.5375,31.9033,229.9319
436.4514,135.6104,32.8864,229.9688
435.9260,135.7630,33.9374,229.6637
437.5341,135.9147,34.5756,229.3603
436.9650,136.1476,35.7138,228.8946
438.4631,136.3799,36.5971,228.4299
437.8609,134.6679,37.8015,227.9631
439.3078,134.8010,38.8161,227.6970
438.6642,134.9537,40.1033,227.3916
438.0777,133.3024,41.2763,226.7482
439.5116,133.5689,42.3685,226.2152
438.8689,131.9154,43.6539,225.5480
440.2809,132.3321,44.8201,224.7145
439.6697,132.6158,46.0425,224.1471
441.1456,133.0592,47.1080,223.2603
440.4840,131.4291,48.4311,222.4951
439.8928,131.8743,49.6136,221.6046
439.3163,132.1771,50.7665,220.9990
440.7804,132.6302,51.9028,220.0927
440.1210,131.0570,53.2216,219.1657
439.4716,131.5592,54.5203,218.1612
438.8354,132.1047,55.7928,217.0703
438.2113,132.7522,57.0410,215.7753
439.5914,133.2860,58.3912,214.7077
438.8434,133.7013,59.8873,213.8770
438.1241,131.9304,61.3260,213.2818
437.3832,132.1942,62.8076,212.7541
436.6266,132.5356,64.3209,212.0713
435.9138,133.0422,65.7464,211.0580
437.2599,133.5760,67.2606,209.9904
436.5587,134.1126,68.6629,208.9172
435.8009,132.4123,70.1786,208.0883
432.9366,132.9823,71.6617,206.9484
432.2145,133.5109,73.1059,205.8912
431.4928,134.0159,74.5492,204.8812
430.7708,134.7172,75.9933,203.4785
430.0358,135.3669,77.4633,202.1792
429.3329,135.8906,78.8690,201.1318
428.6728,134.2605,80.1894,200.0889
428.0549,134.8432,81.4251,198.9234
427.4386,135.3065,82.6577,197.9969
424.6554,135.7486,83.8987,197.1126
424.0648,136.1208,85.0797,196.3683
423.4859,134.4487,86.2377,195.3676
422.9510,134.8777,87.3075,194.5097
422.3907,135.4614,88.4281,193.3423
419.6598,136.0271,89.5300,192.2108
418.9199,136.6110,91.0099,191.0430
418.2614,137.2478,92.3269,189.7695
415.5082,137.9541,93.4576,188.3569
414.9542,138.5378,94.5656,187.1894
412.2762,136.9606,95.5449,185.9672
411.6268,137.4385,96.8436,185.0114
411.0422,137.9748,98.0127,183.9387
408.3470,138.4822,99.0150,182.9240
407.7917,139.1268,100.1254,181.6347
407.2184,139.6693,101.2720,180.5497
404.5218,140.1990,102.2713,179.4903
401.8806,140.8933,103.1583,178.1017
401.4829,141.5636,103.9538,176.7612
398.8765,142.2427,104.7832,175.4029
396.3192,142.8486,105.5207,174.1912
395.9559,143.3036,106.2471,173.2811
395.6162,144.0261,106.9266,171.8362
393.0636,144.6386,107.6716,170.6112
390.4988,145.1357,108.4470,169.6170
390.1863,145.5386,109.0720,168.8112
387.6162,145.9499,109.8614,167.9886
387.2915,146.3819,110.5107,167.1245
384.7613,146.8979,111.2218,166.0926
382.2412,147.3278,111.9162,165.2328
379.8107,147.7912,112.4329,164.3060
379.4994,148.1460,113.0556,163.5963
377.0988,148.6397,113.5184,162.6089
374.6894,149.0488,114.0057,161.7908
374.4400,149.4495,114.5046,160.9893
372.0187,149.8532,115.0241,160.1820
369.6101,150.1999,115.5221,159.4885
367.2414,150.4993,115.9424,158.8897
366.9810,152.9887,116.4632,158.2258
364.6093,153.3277,116.8932,157.5478
362.2583,153.7310,117.2852,156.7411
361.9929,154.1199,117.8162,155.9635
359.6407,154.5057,118.2195,155.1918
357.2860,154.8841,118.6330,154.4350
354.8914,155.1947,119.1312,153.8138
354.6256,155.4881,119.6628,153.2270
352.1769,155.6732,120.2709,152.8568
349.6855,158.0676,120.9601,152.3615
347.3284,158.3440,121.3772,151.8087
344.9794,158.6125,121.7796,151.2716
344.7643,158.7537,122.2099,150.9893
342.3806,158.9088,122.6809,150.6792
339.9757,159.0799,123.1914,150.3370
337.6454,161.4750,123.5498,149.8489
337.3870,161.6624,124.0667,149.4741
334.8792,161.8181,124.7791,149.1629
332.3821,161.9219,125.4635,148.9553
327.6539,162.0091,126.2847,148.7808
327.4909,162.1828,126.6107,148.4334
325.1825,162.4541,126.8996,147.8908
322.7355,164.8586,127.4693,147.4059
320.3622,164.9909,127.8901,147.1414
318.0146,165.1494,128.2567,146.8244
315.6103,165.3182,128.7357,146.4868
315.4631,165.4931,129.0301,146.1369
312.9594,165.6165,129.7063,145.8902
310.4646,165.7376,130.3577,145.6481
308.0375,165.9054,130.8670,145.3125
305.5482,166.0422,131.4979,145.0389
305.3708,166.2649,131.8527,144.5935
302.8641,166.3071,132.5137,144.5089
300.4769,168.6042,132.9265,144.2763
298.0106,168.6242,133.4947,144.2363
295.6092,168.7185,133.9247,144.0478
293.1439,168.7535,134.4783,143.9778
292.8578,168.7181,135.0505,144.0486
290.3639,168.8847,135.6438,143.7153
287.9316,169.0744,136.1093,143.3359
285.4743,169.2263,136.6236,143.0321
282.9723,171.5147,137.2239,142.8591
282.7225,171.4753,137.7235,142.9379
280.2191,171.6021,138.3105,142.6843
277.7244,171.7256,138.8750,142.4372
275.2237,171.7656,139.4465,142.3573
272.6414,174.0982,140.1731,142.1298
270.1507,174.1469,140.7089,142.0325
269.7993,174.2500,141.4117,141.8263
267.4618,174.3503,141.6263,141.6256
264.9670,174.4682,142.1552,141.3898
262.4389,174.5656,142.7462,141.1950
262.1310,174.7006,143.3619,140.9250
259.7072,174.7742,143.7327,140.7778
257.1571,177.1323,144.3524,140.5422
254.5424,177.0762,145.0955,140.6543
251.9261,177.0720,145.8282,140.6626
249.3510,177.2060,146.4668,140.3947
249.0659,177.3351,147.0371,140.1365
246.4776,177.4626,147.6915,139.8815
243.9375,177.5457,148.2434,139.7152
241.3492,177.6000,148.8858,139.6067
238.8802,177.6291,149.2811,139.5485
238.6276,177.7402,149.7865,139.3264
236.0721,177.7114,150.3452,139.3840
233.5742,177.7227,150.7791,139.3613
230.9467,177.7921,151.4658,139.2225
230.6188,177.8707,152.1216,139.0653
228.0994,177.8662,152.5760,139.0743
225.4627,180.1426,153.2576,139.1132
222.7536,180.1040,154.0731,139.1904
220.0840,180.0281,154.7953,139.3422
219.7125,180.0016,155.5384,139.3951
217.1164,179.9703,156.0876,139.4577
214.3999,179.9220,156.8683,139.5544
214.0558,179.9106,157.5565,139.5772
211.3919,179.8113,158.2071,139.7758
208.7089,179.7295,158.8828,139.9394
205.9787,179.6689,159.6397,140.0605
205.6639,179.6611,160.2693,140.0762
203.0041,179.6913,160.8617,140.0158
200.3179,179.7077,161.4986,139.9829
199.9871,179.8019,162.1604,139.7946
197.2782,179.8450,162.8262,139.7085
194.6094,179.9327,163.4029,139.5331
191.9376,180.0460,163.9795,139.3063
191.5791,180.1058,164.6966,139.1869
188.9035,180.2307,165.2664,138.9370
186.1855,180.2990,165.9164,138.8005
185.8989,180.3970,166.4894,138.6044
183.2467,180.5365,166.9944,138.3255
180.5235,180.6616,167.6378,138.0753
180.2190,180.7492,168.2468,137.9000
177.4620,180.8822,168.9456,137.6341
174.7504,181.0126,169.5469,137.3732
172.0057,181.0788,170.2097,137.2407
171.8132,181.1916,170.5946,137.0152
169.1210,181.2711,171.1419,136.8562
166.4483,181.3650,171.6447,136.6684
166.2392,181.4914,172.0628,136.4156
163.5092,181.6259,172.6731,136.1466
163.2058,181.7765,173.2798,135.8455
160.5143,181.9488,173.8035,135.5008
160.2168,182.1134,174.3986,135.1716
157.5027,182.3332,174.9614,134.7320
157.1891,182.5839,175.5886,134.2306
154.5186,182.8362,176.0614,133.7259
151.7287,183.0762,176.7741,133.2459
151.4690,183.2971,177.2936,132.8041
148.7146,183.5104,177.9315,132.3777
146.0384,183.6997,178.4103,131.9990
143.3911,183.9903,178.8302,131.4178
143.1290,184.2063,179.3545,130.9858
140.4993,182.0190,179.7416,130.4881
140.4035,182.2142,179.9332,130.0977
137.9125,182.4240,180.0485,129.6780
137.7884,182.6526,180.2968,129.2207
135.3144,182.8814,180.3870,128.7633
132.8227,183.1727,180.5189,128.1806
130.2796,181.0293,180.7613,127.6235
127.8789,181.2557,180.7242,127.1706
127.8245,181.4671,180.8329,126.7480
125.3638,181.7039,180.9294,126.2743
122.9579,181.9597,180.9226,125.7627
122.9187,182.2580,181.0009,125.1661
120.5556,182.5902,180.9257,124.5016
118.1301,180.5756,180.9874,123.7416
115.7907,180.9363,180.8884,123.0201
115.6579,181.2000,181.1542,122.4928
113.3377,181.5131,181.0350,121.8666
110.9218,181.8330,181.1195,121.2268
110.8269,182.1082,181.3093,120.6764
108.3620,182.4101,181.5075,120.0726
105.9515,180.3788,181.6039,119.4106
105.9357,180.6391,181.6355,118.8900
103.5586,180.9228,181.6828,118.3226
103.6127,181.2089,181.5747,117.7505
101.4002,179.1859,181.3128,117.1096
99.2477,179.4436,180.9453,116.5940
99.2802,179.7105,180.8804,116.0603
97.0093,180.0250,180.7739,115.4313
94.7264,180.2908,180.7035,114.8997
92.4825,180.5720,180.5650,114.3373
92.5510,178.5592,180.4280,113.7480
90.3491,178.8652,180.2291,113.1361
90.4969,179.0982,179.9334,112.6701
88.2563,179.4029,179.8373,112.0607
86.0826,179.7092,179.6190,111.4481
86.1698,179.9454,179.4445,110.9757
83.9156,180.2534,179.4112,110.3598
81.7706,178.2858,179.1705,109.7642
81.9005,178.4715,178.9106,109.3927
79.7375,178.6975,178.7296,108.9406
77.5514,178.9407,178.6049,108.4543
77.6792,179.1718,178.3493,107.9922
75.4471,179.4068,178.3385,107.5220
75.6049,177.4485,178.0228,106.9716
73.4189,177.6418,177.9418,106.5851
73.5724,177.8076,177.6346,106.2535
71.3298,177.9488,177.6848,105.9710
69.1918,178.1464,177.5295,105.5759
69.3247,178.3492,177.2637,105.1702
67.1296,178.5435,177.2426,104.7815
67.2317,178.8035,177.0383,104.2617
65.0710,179.0452,176.9671,103.7782
62.9556,177.0993,176.8143,103.2865
63.0172,177.4040,176.6913,102.6772
63.0087,177.6459,176.7081,102.1935
60.8641,177.8252,176.6446,101.8348
58.7486,178.0289,176.5298,101.4273
58.8914,178.1959,176.2442,101.0933
56.8017,178.3667,176.0964,100.7517
56.9499,176.4014,175.7999,100.3631
56.9363,176.6178,175.8271,99.9303
56.9170,176.8366,175.8659,99.4927
54.8091,177.0548,175.7871,99.0563
54.8506,177.2184,175.7042,98.7292
52.7759,177.3682,175.5745,98.4294
52.8030,177.4793,175.5203,98.2072
52.8384,177.6064,175.4495,97.9531
50.8103,175.5584,175.2436,97.7870
50.8591,175.8305,175.1460,97.2427
50.8664,176.0475,175.1313,96.8088
50.8493,176.1396,175.1655,96.6246
48.7713,176.2081,175.0864,96.4875
48.7733,176.3603,175.0823,96.1832
48.8301,176.5075,174.9688,95.8889
46.7396,176.5739,174.9300,95.7559
46.7308,176.6685,174.9476,95.5667
46.7066,176.7625,174.9959,95.3789
46.7076,176.8468,174.9940,95.2101
46.7066,176.9001,174.9960,95.1037
44.6057,176.9228,174.9909,95.0583
44.6006,176.9202,175.0012,95.0634
44.5812,176.9416,175.0400,95.0207
44.5574,176.9610,175.0876,94.9817
44.5728,174.8870,175.0568,94.9238
44.6880,175.0512,174.8264,94.5954
44.7580,175.1460,174.6863,94.4058
44.8299,175.2606,174.5426,94.1767
44.8793,175.3021,174.4437,94.0936
44.9047,175.3528,174.3930,93.9922
44.9585,175.3967,174.2853,93.9044
44.9557,175.4327,174.2909,93.8323
44.9385,175.4577,174.3253,93.7823
44.9417,175.4669,174.3190,93.7640
44.9483,175.4699,174.3057,93.7579
44.9336,175.4754,174.3352,93.7470
44.8682,175.4407,174.4659,93.8163
44.8304,175.3932,174.5416,93.9114
44.7965,175.3022,174.6093,94.0933
44.7111,175.2268,174.7802,94.2441
44.6561,175.1606,174.8901,94.3767
44.4875,177.1754,175.2273,94.5398
44.3930,177.0889,175.4164,94.7129
44.2968,176.9624,175.6088,94.9657
46.1636,178.9375,176.0887,95.2290
46.0223,178.7927,176.3712,95.5186
48.0546,180.7655,176.5407,95.8070
47.9381,180.5277,176.7737,96.2828
47.8388,182.4259,176.9724,96.7395
47.6938,182.2088,177.2623,97.1737
49.6411,184.1394,177.6433,97.5881
51.6382,183.8436,177.9374,98.1796
51.5598,185.7717,178.0942,98.6262
51.3732,185.5864,178.4674,98.9967
51.1463,187.4850,178.9212,99.5240
53.0140,189.4711,179.5259,99.8920
52.7472,189.2778,180.0595,100.2786
54.6208,191.2601,180.6823,100.6839
54.5207,190.9941,180.8823,101.2158
56.5269,190.6974,181.2680,101.8093
56.2835,192.6041,181.7548,102.4096
58.3659,194.4881,182.0211,103.0729
58.2317,194.1768,182.2896,103.6953
60.1932,196.1229,182.8275,104.2642
59.8098,198.0722,183.5944,104.8442
61.8944,197.7827,183.9251,105.4232
63.7983,199.7661,184.6317,105.9710
63.5257,201.7978,185.1770,106.4420
63.2330,201.6299,185.7623,106.7776
65.2155,203.7305,186.3621,107.1411
67.2196,205.7823,186.9338,107.6174
66.8923,207.8179,187.5883,108.1425
68.8620,209.7849,188.2638,108.8235
68.3570,209.4910,189.2738,109.4115
70.3045,211.5390,190.0404,109.9769
72.2576,211.1970,190.8166,110.6609
71.8678,213.2961,191.5961,111.1681
73.8888,215.3891,192.2798,111.7079
73.4803,214.9936,193.0968,112.4988
75.4844,216.9515,193.8592,113.3536
75.0110,218.9032,194.8060,114.2465
77.1802,218.3955,195.2930,115.2618
76.8644,220.4204,195.9247,116.0619
78.8992,222.5240,196.7278,116.7274
78.5350,222.2628,197.4562,117.2499
80.6972,224.4977,198.0475,117.6956
80.3179,226.8435,198.8059,117.9360
79.9534,226.5522,199.5349,118.5185
82.1130,228.8296,200.1837,118.9318
81.9154,228.5988,200.5790,119.3934
84.1271,230.8989,201.1538,119.7914
84.1330,230.6940,201.1420,120.2012
86.5122,233.0336,201.4039,120.5421
86.4939,235.3812,201.4403,120.8769
86.4816,235.0921,201.4649,121.4550
88.9241,237.3080,201.6261,122.0695
88.8810,236.9958,201.7124,122.6939
88.8948,239.2333,201.6847,123.2896
91.3162,238.8911,201.9223,123.9739
91.2691,241.1689,202.0164,124.5137
91.1479,240.8544,202.2588,125.1428
93.5702,243.1043,202.5343,125.7630
93.4238,242.8023,202.8272,126.3671
93.2513,245.0887,203.1722,126.9433
95.5716,244.8241,203.6955,127.4724
95.4758,247.1831,203.8870,127.9352
95.3926,246.9604,204.0535,128.3806
97.8117,249.3785,204.4165,128.7455
97.7686,249.1022,204.5026,129.2981
97.7234,251.4613,204.5929,129.8031
97.5483,251.2009,204.9431,130.3238
100.0685,250.9978,205.1498,130.7301
99.9855,250.8292,205.3158,131.0673
99.8914,253.2916,205.5039,131.4075
99.7388,253.0698,205.8091,131.8512
102.2694,255.6026,206.0334,132.0711
102.2300,255.5334,206.1122,132.2094
102.1410,255.4069,206.2904,132.4624
102.1230,255.2724,206.3264,132.7314
101.9846,255.1267,206.6031,133.0228
101.8896,254.9780,206.7931,133.3201
104.4360,254.8503,207.0252,133.5756
104.5373,257.4799,206.8224,133.6489
104.4837,257.4211,206.9297,133.7664
104.4374,257.3728,207.0223,133.8631
104.4544,257.3377,206.9883,133.9333
104.4684,257.3180,206.9602,133.9727
104.4909,257.3081,206.9153,133.9925
104.5114,257.3023,206.8742,134.0040
