1
323.3587,137.2924,153.2826,74.4153
323.6986,137.0846,152.6029,74.8309
323.9610,136.9112,152.0780,75.1776
324.2071,136.7296,151.5858,75.5408
324.4309,136.6393,151.1382,75.7214
324.8446,136.6092,150.3107,75.7817
325.2892,136.5650,149.4216,75.8700
325.6859,136.6349,148.6282,75.7301
326.3816,136.7874,147.2368,75.4253
326.7184,136.9361,146.5633,75.1278
326.9695,136.8919,146.0609,75.2162
328.6458,136.7208,146.1482,75.5583
328.7635,136.7280,145.9128,75.5440
328.5737,136.6719,146.2923,75.6562
328.7417,136.3364,145.9563,76.3272
328.8499,136.1284,145.7400,76.7431
328.7855,136.0625,145.8688,76.8751
330.7591,135.9807,145.3869,77.0387
330.8089,135.7364,145.2874,77.5273
330.9641,135.4905,144.9769,78.0191
332.9218,135.2616,144.5336,78.4768
333.2328,134.8890,143.9116,79.2220
336.2381,134.3017,144.8546,80.3966
335.9828,133.6549,145.3652,81.6902
335.7890,133.1622,145.7528,82.6755
337.3897,134.5007,146.1143,83.5614
338.9959,134.2227,146.4849,84.1174
339.1415,135.9036,146.1938,84.3539
339.7210,135.6743,145.0349,84.8124
340.0388,135.2507,144.3992,85.6597
340.6534,134.6504,143.1701,86.8602
341.1667,134.1826,142.1434,87.7958
343.2378,133.5768,141.5969,89.0075
343.3088,133.1722,141.4549,89.8165
344.6903,134.2061,142.3113,91.3682
344.6450,133.6048,142.4018,92.5708
346.1299,134.8848,143.1115,93.6903
347.4931,135.7805,144.0940,95.6077
347.1750,134.7455,144.7302,97.6777
348.6603,135.6666,145.5589,99.6348
348.6301,134.8762,145.6193,101.2157
350.5706,134.1729,145.6097,102.6224
351.2169,133.7256,144.3172,103.5167
353.2171,134.6147,144.2064,105.6283
354.0201,134.0563,142.6004,106.7451
356.0365,136.8926,142.4841,108.9056
356.3453,136.1145,141.8665,110.4618
356.9771,137.4895,140.6029,111.6778
357.1072,138.7362,140.3428,113.1507
357.4002,137.8171,139.7567,114.9889
360.2631,137.9578,138.0380,114.7076
362.5458,140.3782,137.4485,117.8188
362.8438,139.8590,136.8527,118.8572
364.2329,141.1857,134.0743,120.2282
365.4372,140.4816,131.6658,121.6364
364.9947,139.8687,128.5627,122.8621
366.2644,140.8893,126.0231,124.7802
367.1241,141.7095,124.3037,127.0894
368.0466,140.7293,122.4588,129.0499
368.8444,143.7912,120.8631,130.8469
369.5539,144.6263,119.4441,133.1398
370.1261,145.5711,118.2998,135.2264
370.7660,146.7661,117.0200,136.8269
371.2672,149.4877,116.0176,139.3726
372.0353,147.0860,114.4813,136.1406
372.8880,149.9808,112.7759,138.2374
373.3803,152.5427,111.7912,141.0093
372.3205,151.7367,109.9365,142.6212
371.5464,152.6901,107.5158,144.6835
370.8594,153.8295,104.9290,146.3654
371.9705,156.5427,102.7067,148.8270
372.9609,157.1491,100.7259,151.5587
373.7625,157.9780,99.1226,153.8536
372.7563,158.7627,97.1746,156.2447
371.8295,159.6773,95.0646,158.3792
372.9557,160.6984,92.8121,160.2969
372.3191,163.8374,90.1349,161.9196
369.5987,165.1607,87.7179,163.2020
368.5464,166.3503,85.9160,164.7294
367.6421,167.9172,83.8265,165.4935
366.8400,169.4872,81.5575,166.2269
366.0424,168.8244,79.3078,167.5526
365.7837,169.8955,76.0003,169.2353
365.1468,171.0412,73.4825,170.7354
364.2631,174.2272,71.4810,171.9013
363.4050,175.5699,69.4469,172.9662
362.4830,177.0598,67.5615,173.7160
361.6030,178.2788,65.6148,174.9845
360.9199,179.7423,63.2912,175.7473
358.6940,181.1631,60.4254,176.5645
358.1288,184.5081,57.9375,177.1113
356.0847,186.0777,54.8645,177.5526
353.9572,187.5198,52.0588,178.1988
353.3346,189.1999,49.8166,178.3260
351.2193,190.8438,47.1525,178.4856
350.5140,194.0703,45.1635,178.8316
348.2971,197.1550,42.8636,179.3958
346.1161,197.1322,40.5637,179.4414
346.9958,202.2155,38.8045,179.1376
338.3295,200.5625,36.6405,179.1940
338.8950,204.0668,35.5096,178.6019
339.2090,205.7519,34.8816,178.4097
339.3258,206.1900,34.6479,177.5336
330.2030,209.6254,34.0154,176.9555
329.6186,211.9023,35.1843,175.5276
328.9002,212.2051,36.6211,174.9221
328.1476,214.0928,38.1264,174.2951
325.8134,216.0976,39.6260,173.4542
323.4149,218.0563,41.2371,172.7225
321.1123,220.1023,42.6359,171.8371
318.4234,220.4816,44.7931,171.0784
314.2646,222.3750,46.6088,170.5425
311.5604,224.5780,48.7397,169.4140
306.8959,225.0056,51.4657,168.5588
302.6319,225.4668,53.3137,167.6364
298.2549,225.9171,55.3456,166.7358
295.7419,226.5243,56.9860,165.5215
292.7827,228.6182,59.5061,164.7318
288.1406,230.8710,61.9250,163.6591
283.2242,231.4537,64.8356,162.4935
279.7658,232.2403,68.2560,160.9204
276.3602,232.9308,71.5327,159.5394
272.8215,233.6426,75.0377,158.1158
268.2244,234.4240,77.0061,156.5529
265.2176,235.1522,79.3952,155.0965
262.0802,235.8032,82.0257,153.7946
255.1954,236.4373,84.7839,152.5264
253.8688,237.3938,87.4370,150.6134
249.0492,238.2332,89.6449,148.9346
246.0891,239.0194,91.8372,147.3621
241.0661,239.6965,94.4002,146.0080
237.8255,240.4707,97.1174,144.4595
234.8047,241.4609,99.3729,142.4793
231.8674,242.4055,101.4538,140.5900
228.9121,241.5908,103.5653,138.4202
223.9317,242.7579,105.9243,136.0859
222.7673,242.0072,108.2531,133.7835
219.5167,241.4534,110.9480,131.0849
218.4997,242.7657,112.9820,128.4602
213.8913,242.0451,114.5983,126.1011
210.7816,243.1539,117.0283,123.8836
207.6841,242.2547,119.4297,121.8885
204.8068,243.2532,121.3840,119.8915
201.9882,238.7579,123.2217,117.4832
199.5585,239.9480,124.2908,115.1031
197.3163,241.1243,125.0057,112.7506
194.6536,242.2420,126.5882,110.5150
192.3735,241.3841,127.4167,108.4991
190.2190,240.5132,128.0135,106.5288
188.0321,239.7194,128.6976,104.4266
187.5566,240.7697,129.6486,102.3259
185.4020,239.9359,130.3109,100.3468
183.1967,239.0302,131.0969,98.5335
182.4692,238.1248,132.5518,96.7372
182.0036,238.9988,133.4830,94.9892
179.5205,238.1747,134.8640,93.0521
178.7803,235.7642,136.3444,90.7249
176.7139,234.8226,136.9194,89.0504
176.1364,233.9921,138.0744,87.1727
175.1969,231.5308,139.9533,85.0463
174.9426,232.5196,140.4620,83.0688
174.7043,231.6943,140.9387,81.2284
172.7191,229.2411,141.4421,79.2009
173.0791,230.1520,140.7221,77.3791
172.4431,229.5818,141.9941,75.1212
172.2162,229.0395,142.4479,72.8274
172.1749,228.5295,142.5304,70.5018
172.2837,227.7551,142.3128,68.7442
172.3319,226.9442,142.2164,67.0931
172.1448,227.5996,142.5906,65.7822
171.9471,226.7560,142.9860,64.2443
171.9159,225.8876,143.0484,62.7769
171.6337,224.9856,143.6129,61.4019
171.4529,224.1198,143.9745,59.9706
171.4382,224.6753,144.0038,58.8595
171.4339,223.7413,144.0124,57.6038
172.8062,222.7808,144.3692,56.4235
172.9805,223.3066,144.0205,55.3719
172.9793,222.4062,144.0229,54.1113
173.0164,222.9861,143.9487,52.9516
172.9787,222.0904,144.0242,51.7261
174.3721,222.6048,144.2332,50.6973
175.8527,221.6203,144.2520,49.6861
176.0109,222.0113,143.9356,48.9042
176.2906,221.0492,143.3763,47.8851
177.7152,221.4707,143.4437,47.0421
177.9056,221.8691,143.0628,46.2453
180.8753,220.9045,142.8877,45.2924
182.7252,219.8609,142.0500,44.5175
184.5086,220.0405,141.3190,44.1584
184.5760,220.2762,141.1844,43.6869
186.0415,220.6628,141.0618,42.9138
187.5364,220.9945,140.8642,42.2503
189.0542,221.3243,140.6058,41.5906
190.5399,221.6194,140.3956,41.0004
191.9699,221.9093,140.2830,40.4206
193.4984,222.1870,139.9608,39.8654
195.1310,222.3947,139.4156,39.4499
195.1467,222.5616,139.3844,39.1162
196.5991,222.7326,139.1774,38.7741
198.0194,222.8059,139.0253,38.6275
198.0261,222.8262,139.0119,38.5870
199.3786,222.8070,138.9895,38.6253
200.9442,222.8013,138.5416,38.6367
202.4326,222.6915,138.2417,38.8563
202.3878,223.9179,138.3313,39.0804
203.7736,223.9454,138.2421,39.0253
205.1797,223.9361,138.1100,39.0440
205.0368,225.2782,138.3958,39.0384
204.8354,225.2454,138.7986,39.1041
205.8181,225.2267,139.5226,39.1414
206.6497,227.8248,140.5596,39.3458
206.3224,227.8456,141.2142,39.3042
207.2658,227.6638,142.0547,39.6679
207.0730,227.5196,142.4404,39.9563
208.0020,228.8356,143.3390,40.0809
207.6673,228.5807,144.0085,40.5908
207.2057,228.5073,144.9316,40.7375
208.0463,228.3735,146.0569,41.0051
207.4199,228.1950,147.3098,41.3621
208.2045,228.1462,148.5922,41.4596
208.6429,228.1050,150.5869,41.5421
208.0298,228.0786,151.8131,41.5948
207.5071,227.8612,152.8586,42.0298
206.9070,227.6861,154.0588,42.3799
207.3777,226.0695,156.0833,42.6472
206.5663,224.5562,157.7061,42.6744
207.3199,222.9253,159.2217,42.9134
206.6299,221.2757,160.6016,43.1639
205.8387,219.5932,162.1840,43.4562
204.9482,217.9701,163.9651,43.6017
205.3589,211.6877,166.2721,43.6531
206.0165,211.6679,168.1186,43.6928
204.9145,208.3375,170.3226,43.9766
204.1645,206.7149,171.8227,43.9969
203.3278,201.7468,173.4961,44.1943
204.0889,198.3827,175.2474,44.3755
203.3716,193.3723,176.6820,44.4915
204.5116,191.9282,177.7259,44.0558
204.1558,185.3739,178.4375,43.8435
203.7105,183.8504,179.3280,43.5542
203.1791,177.3615,180.3908,43.1594
202.9380,175.9260,180.8730,42.6799
204.2207,167.7559,181.6558,42.2794
203.9855,167.7715,182.1262,42.2481
203.8587,156.5540,182.3799,41.1812
204.1959,156.9005,181.7054,40.4883
203.8420,149.7943,182.4131,38.1119
204.0994,150.2925,181.8985,37.1156
203.9663,141.2332,182.1646,35.7031
202.0016,141.6415,182.8627,34.8865
204.0840,142.3742,181.9229,33.4211
204.7651,129.7962,180.5607,33.1109
205.5293,130.1664,179.0323,32.3704
206.1886,130.6207,177.7138,31.4618
208.3580,131.0813,176.4611,30.5406
208.9831,119.2019,175.2109,29.8940
209.7592,119.3981,173.6587,29.5017
210.6210,119.7247,171.9352,28.8485
211.3543,119.9275,170.4685,28.4428
212.3127,120.1169,168.5517,28.0642
212.9647,118.9191,167.2478,27.5678
213.8479,117.6959,165.4813,27.1501
215.3145,117.8802,162.5482,26.7814
216.0226,115.3178,161.1319,26.3396
217.4715,115.2956,158.2343,26.3841
219.9911,115.2581,155.9106,26.4591
220.5630,110.9394,154.7668,27.0414
221.5551,110.7127,152.7827,27.4948
222.5726,110.4880,150.7476,27.9442
223.6416,110.2718,148.6096,28.3767
224.6637,109.9524,146.5654,29.0153
225.7062,109.6400,144.4804,29.6401
226.8331,109.3640,142.2267,30.1922
227.7555,108.9077,140.3818,31.1049
228.5652,108.6175,138.7624,31.6853
229.3636,108.4578,137.1657,32.0045
230.2902,110.9587,135.3125,32.0671
231.2193,110.6973,133.4542,32.5899
232.1918,113.0874,131.5092,32.7924
231.7731,112.8286,129.8788,33.3099
232.6083,115.1864,128.2084,33.5042
233.3074,114.9769,126.8102,33.9231
232.8064,116.0191,125.3889,34.2620
233.4949,118.2912,124.0120,34.5370
234.0995,118.0617,122.8026,34.9959
234.7369,120.4042,121.5278,35.0848
235.3249,122.7344,120.3519,35.1655
235.8955,122.4924,119.2106,35.6495
235.2664,124.8695,118.1205,35.5919
235.7214,125.8678,117.2105,35.9271
234.9853,126.9687,116.3576,36.0504
235.3787,127.9619,115.5708,36.3794
235.7535,128.9553,114.8213,36.7028
236.1308,129.9675,114.0666,36.9839
236.4483,130.9870,113.4316,37.2449
236.7513,132.0240,112.8256,37.4668
235.9159,133.0432,112.2052,37.7196
236.1363,134.0925,111.7644,37.9081
236.3191,133.9686,111.3988,38.1557
236.4193,135.0029,111.1985,38.3707
235.3545,136.0358,111.0434,38.5894
235.4890,135.9627,110.7745,38.7357
235.5671,136.9728,110.6182,39.0005
235.6869,138.0100,110.3787,39.2140
235.7543,139.0359,110.2438,39.4502
235.7882,140.0538,110.1761,39.7050
234.6774,139.8783,110.1035,40.0560
234.6825,140.8761,110.0933,40.3599
234.7435,140.7225,109.9713,40.6672
234.7054,141.7546,110.0476,40.9115
233.5862,142.8018,109.9718,41.1312
233.5744,143.8157,109.9954,41.4205
233.6427,144.8253,109.8588,41.7238
233.7292,144.6934,109.6857,41.9877
233.7581,145.7088,109.6279,42.2852
233.6962,146.7124,109.7518,42.6108
233.7018,146.5427,109.7405,42.9502
232.4980,147.5558,109.8017,43.2704
232.4756,148.5912,109.8465,43.5526
232.4872,149.6403,109.8234,43.8131
232.4478,149.4688,109.9021,44.1560
232.4372,150.5065,109.9234,44.4508
232.4666,151.5696,109.8647,44.7004
232.4299,152.6021,109.9380,45.0148
232.4015,152.4760,109.9948,45.2670
232.4369,153.5623,109.9239,45.4858
232.3663,154.6174,110.0653,45.7698
232.2945,155.6581,110.2087,46.0898
232.2438,155.5250,110.3102,46.3560
232.1799,156.5784,110.4380,46.6643
232.0732,157.6638,110.6515,46.9161
232.0264,157.4987,110.7450,47.2463
231.9512,158.5710,110.8953,47.5391
231.8449,159.6416,111.1079,47.8425
231.7357,160.6761,111.3263,48.2266
231.6465,161.7076,111.5048,48.6266
231.5804,162.7470,111.6369,49.0204
231.5314,162.5533,111.7350,49.4078
232.6706,163.6042,111.9464,49.7959
232.6638,164.7126,111.9600,50.0788
232.5619,164.5371,112.1637,50.4297
232.4662,165.6620,112.3552,50.6939
232.3457,166.7607,112.5961,51.0179
233.5702,167.8644,112.6777,51.3411
234.8242,168.9663,112.7072,51.6747
234.6945,170.0388,112.9665,52.0733
234.6026,169.9178,113.1503,52.3153
234.5563,171.0016,113.2429,52.7092
234.4840,172.0786,113.3875,53.1247
235.7128,171.8741,113.5089,53.5338
235.6580,173.0136,113.6185,53.8425
236.8714,174.1575,113.7866,54.1496
236.7730,175.3600,113.9833,54.3472
236.7759,175.2349,113.9776,54.5974
238.0327,176.3643,114.0772,54.9519
237.9728,177.5207,114.1969,55.2599
239.2484,178.6654,114.2738,55.5984
239.2250,178.5186,114.3206,55.8921
240.4617,179.6534,114.4880,56.2632
240.3784,180.8082,114.6545,56.6032
240.4104,180.6904,114.5904,56.8387
240.3290,181.8601,114.7533,57.1605
241.5329,183.0256,115.0146,57.4986
241.5833,182.8904,114.9136,57.7690
241.5587,184.0184,114.9628,58.1948
242.7953,185.2249,115.1796,58.4718
242.8150,185.0788,115.1402,58.7640
244.1118,186.2434,115.2492,59.1372
244.1486,186.1137,115.1755,59.3967
245.4450,187.3056,115.2966,59.7268
245.4666,187.1665,115.2534,60.0050
245.3866,188.3673,115.4133,60.3288
245.3796,188.2562,115.4274,60.5511
246.6775,188.0759,115.5689,60.9117
246.6268,189.2840,115.6703,61.2411
247.9037,189.1155,115.8695,61.5782
247.8667,190.3369,115.9434,61.8969
247.8232,190.1769,116.0304,62.2169
249.1274,190.0018,116.1969,62.5671
249.1266,191.2040,116.1986,62.9461
249.1736,191.0477,116.1044,63.2586
249.2086,190.8726,116.0345,63.6088
249.1872,190.7274,116.0774,63.8992
249.1744,191.9469,116.1029,64.2647
249.2379,191.8056,115.9759,64.5471
249.2459,191.6243,115.9600,64.9098
249.3208,191.4693,115.8102,65.2197
249.3504,191.2510,115.7510,65.6563
250.6964,191.0722,115.8883,66.0139
250.7188,190.8447,115.8436,66.4690
250.7046,190.6295,115.8720,66.8994
250.6380,190.4075,116.0051,67.3435
250.5728,190.1732,116.1355,67.8120
250.4485,189.9795,116.3841,68.1995
250.3339,189.7747,116.6134,68.6090
250.2644,189.6108,116.7523,68.9369
250.2224,187.9731,116.8363,69.3122
250.1887,187.7411,116.9038,69.7764
250.1066,187.5069,117.0679,70.2448
248.5450,184.3279,117.2644,70.7494
248.4940,184.0990,117.3665,71.2072
248.4348,183.8587,117.4848,71.6878
248.3882,182.1376,117.5782,72.1727
248.3346,180.3668,117.6853,72.7477
246.8626,180.1429,117.6513,73.1954
246.8355,178.4055,117.7055,73.6853
246.8236,178.1478,117.7294,74.2006
245.2898,176.4096,117.7939,74.6740
245.2842,174.6345,117.8052,75.2123
245.2733,174.3445,117.8269,75.7923
243.6335,172.4999,118.0753,76.4503
243.6526,170.6862,118.0371,77.0319
243.6485,168.8569,118.0455,77.6355
243.6310,167.0201,118.0804,78.2441
243.6362,166.6847,118.0699,78.9149
242.0882,164.8186,118.0791,79.5603
242.0907,162.9682,118.0742,80.1635
242.0788,161.1206,118.0980,80.7512
242.1704,160.7973,117.9148,81.3978
242.2147,158.9528,117.8262,81.9613
240.7150,158.6324,117.6921,82.6020
240.8170,156.8214,117.4880,83.0819
240.8339,154.9436,117.4542,83.6906
240.8583,153.0415,117.4055,84.3383
240.9245,151.1790,117.2731,84.8968
239.4516,150.9179,117.0453,85.4191
239.5125,149.0527,116.9235,85.9709
239.5933,147.1607,116.7620,86.5689
239.5869,146.8588,116.7748,87.1727
239.6954,144.9384,116.5577,87.8103
238.2096,143.0614,116.3190,88.3538
238.2878,142.7874,116.1625,88.9017
238.3565,140.9059,116.0252,89.4426
238.4900,140.6362,115.7582,89.9821
236.9460,138.7208,115.6124,90.5791
237.0156,138.4538,115.4732,91.1132
237.1864,136.5684,115.1316,91.6362
237.2801,136.2934,114.9443,92.1864
237.3410,134.3883,114.8224,92.7395
237.4516,134.1489,114.6013,93.2183
237.5841,132.2779,114.3362,93.6919
237.6396,132.0341,114.2253,94.1794
237.7331,130.1219,114.0383,94.7257
237.8134,129.9114,113.8777,95.1466
236.2128,129.6740,113.7904,95.6214
236.3415,129.3884,113.5330,96.1927
236.4779,129.1120,113.2602,96.7456
236.5303,128.8495,113.1555,97.2704
236.6236,126.9345,112.9688,97.7890
236.7362,126.6924,112.7436,98.2732
236.8260,126.4293,112.5641,98.7994
236.8862,126.1656,112.4436,99.3269
236.9977,125.9424,112.2207,99.7733
237.1001,125.7016,112.0158,100.2549
237.2475,125.4957,111.7210,100.6667
237.4199,125.2461,111.3762,101.1659
237.5591,125.0586,111.0979,101.5408
237.7238,124.8277,110.7685,102.0027
237.8599,124.5810,110.4962,102.4962
237.9810,124.3407,110.2541,102.9767
238.0668,124.0969,110.0824,103.4643
238.1420,123.8852,109.9320,103.8878
238.2418,123.6621,109.7325,104.3338
238.3486,123.4532,109.5189,104.7517
238.4402,124.9224,109.3357,105.1875
238.5833,124.7132,109.0495,105.6058
238.6469,124.4883,108.9222,106.0555
238.7362,125.9517,108.7436,106.5143
238.8291,127.4194,108.5579,106.9686
238.9057,128.8904,108.4046,107.4207
238.9620,128.6399,108.2921,107.9218
239.0545,130.0832,108.1071,108.4401
239.1330,131.5269,107.9500,108.9629
239.2265,133.0088,107.7630,109.4150
239.3003,134.4706,107.6155,109.9115
239.4085,135.9366,107.3991,110.4051
239.4519,137.3455,107.3123,111.0173
239.5541,138.7841,107.1077,111.5782
239.6527,140.2269,106.9107,112.1363
239.7381,141.6478,106.7398,112.7437
239.8591,143.1405,106.4979,113.2143
239.9626,144.6210,106.2908,113.7131
240.0339,146.0472,106.1482,114.3248
241.8187,149.2249,106.0501,114.9123
241.8844,150.6612,105.9186,115.5187
241.8491,153.8067,105.9892,116.2004
243.5641,155.1727,106.0573,116.9667
243.5490,158.3017,106.0875,117.7309
243.4936,159.6547,106.1984,118.5484
243.4664,162.7656,106.2529,119.4025
243.4196,164.1013,106.3465,120.2833
245.1647,168.9878,106.4235,121.2120
245.0713,170.3571,106.6103,122.0564
246.8502,173.4258,106.6515,123.1170
246.7338,174.6641,106.8843,124.2564
246.6674,177.7571,107.0171,125.3454
246.5489,180.8119,107.2540,126.5485
248.2444,183.9216,107.5419,127.6868
248.1223,185.1254,107.7861,128.9801
247.9748,188.2255,108.0811,130.2296
249.7030,193.1784,108.3735,131.5705
249.4476,194.4108,108.8844,132.8799
249.2601,197.5345,109.2593,134.2378
250.9558,200.6089,109.6974,135.7480
250.7171,203.6762,110.1748,137.3331
250.4487,206.7119,110.7116,139.0456
250.1675,207.8011,111.2741,140.7941
251.8465,212.8184,111.8789,142.6476
251.5259,213.8054,112.5200,144.6747
251.1706,216.8090,113.2306,146.7523
250.8517,217.7990,113.8683,148.8579
250.4298,220.8425,114.7122,151.0275
250.0315,221.7986,115.5088,153.2903
251.7369,224.8403,116.3206,155.6522
251.4409,225.7866,116.9126,158.0313
251.1069,228.9270,117.5806,160.3859
250.7154,229.8495,118.3635,162.9053
250.3195,232.9909,119.1555,165.4536
249.8734,234.0215,120.0477,167.8596
249.4063,235.0013,120.9818,170.4182
248.9451,235.9913,121.9043,173.0107
248.5050,237.0160,122.7844,175.5882
248.0539,238.0487,123.6867,178.2031
247.6304,239.0796,124.5335,180.8762
247.2159,240.1338,125.3625,183.5569
246.8370,243.6490,126.1205,186.2129
246.3843,244.7054,127.0258,188.9959
245.9081,245.8060,127.9782,191.7475
245.4760,244.5394,128.8424,194.2806
244.9979,245.7466,129.7985,196.9287
244.5807,247.0897,130.6331,199.3605
244.1231,248.4716,131.5481,201.7651
243.7396,247.2513,132.3152,204.2059
243.3564,248.6691,133.0816,206.6394
242.9636,247.6344,133.8672,208.7088
242.6378,249.3839,134.5189,210.5726
242.3798,248.6904,135.0349,211.9594
242.1110,247.9683,135.5724,213.4037
241.8811,250.1191,136.0321,214.5635
241.7635,249.6832,136.2673,215.4353
241.6748,249.2948,136.4448,216.2121
241.6483,249.0088,136.4978,216.7841
238.8641,251.5856,136.5388,217.1580
238.8723,251.5127,136.5224,217.3037
238.9444,251.5207,136.3782,217.2877
239.0303,251.5890,136.2063,217.1512
239.2586,251.7479,135.7499,216.8334
239.4884,251.9813,135.2901,216.3666
237.0573,252.3154,134.6514,215.6983
237.1241,252.6686,134.5179,214.9919
237.1960,253.0480,134.3741,214.2332
237.3391,253.5484,134.0877,213.2324
237.5500,254.1633,133.6661,212.0026
237.7453,254.7762,133.2754,210.7766
237.9495,255.4761,132.8670,209.3769
238.1808,256.2761,132.4043,207.7770
238.4673,257.1261,131.8313,206.0770
238.8228,257.9370,131.1205,204.4551
239.2539,258.8560,130.2582,202.6170
239.7260,259.9098,129.3140,200.5096
240.2123,261.1014,128.3413,198.1263
240.6999,262.4109,127.3663,195.5074
241.1700,263.7702,126.4260,192.7888
241.5874,265.2036,125.5911,189.9218
241.9984,266.6964,124.7693,186.9363
242.4702,268.2710,123.8256,183.7871
242.9878,269.8597,122.7905,180.6096
243.4825,271.4137,121.8010,177.5017
244.0532,272.9748,120.6596,174.3796
242.3381,274.5689,119.4627,171.1913
242.8935,276.0960,118.3520,168.1370
243.4792,277.6125,117.1806,165.1042
244.0292,279.1196,116.0806,162.0899
244.6500,280.5782,114.8391,159.1728
245.2115,282.0277,113.7159,156.2737
245.6228,283.4160,112.8933,153.4972
245.9516,284.7375,112.2359,150.8542
248.3400,286.1228,111.5910,148.0835
248.7121,287.4383,110.8468,145.4525
249.0550,288.7637,110.1609,142.8017
251.2564,290.1094,109.7335,140.1103
251.5434,289.5027,109.1595,137.3964
251.7726,290.8250,108.7011,134.7519
253.9735,290.1980,108.1277,132.1775
254.2333,291.4933,107.6081,129.5868
256.4191,290.9142,106.9679,127.0137
258.4157,292.0863,106.6560,124.6695
258.6599,289.6186,106.1677,122.3247
260.6723,290.7063,105.7389,120.1492
260.8910,288.2827,105.3015,117.8853
262.9256,289.2875,104.7457,115.8759
264.9163,288.6026,104.2376,113.7724
265.1378,286.1422,103.7946,111.8283
268.7518,285.4837,103.3567,109.7503
268.9728,283.0554,102.9145,107.8956
270.8256,282.3800,102.5286,105.9267
272.6727,281.6849,102.1172,104.0344
274.5134,277.8185,101.6822,102.0278
276.2563,275.5883,101.4044,100.0723
277.9642,273.3488,101.1613,98.2054
279.5685,271.1132,101.0924,96.3975
281.1696,268.8368,101.0000,94.7306
282.7716,266.5354,100.8780,93.1694
284.3784,262.7610,100.7196,91.5524
285.9121,261.8824,100.6794,90.2827
288.8229,258.1032,100.8701,88.8226
290.3376,257.2715,100.8263,87.5003
291.7462,253.5930,100.9731,85.9655
293.1701,252.7163,101.0668,84.7772
294.5538,250.4262,101.2233,83.5098
295.8991,248.0687,101.4385,82.4132
298.7134,245.7105,101.5929,81.3467
300.1757,244.7718,101.5448,80.3475
302.9289,241.0640,101.7576,79.1844
304.2639,238.5493,101.9314,78.5260
305.6734,237.5405,101.9482,77.7076
308.4001,233.9138,102.1405,76.4927
309.7473,233.0117,102.2520,75.4910
312.4728,230.6097,102.3832,74.7127
314.8112,229.5189,103.2672,74.1140
317.0191,224.5456,104.4194,72.9247
318.0966,225.0036,105.0461,72.0087
320.6163,221.4957,105.5590,70.6963
321.7825,221.8782,105.9887,69.9312
323.0825,218.2765,106.1444,68.8671
324.3724,217.1464,106.3049,68.3871
325.6416,214.8109,106.5013,67.5885
328.1748,212.4998,106.8837,66.7619
330.7100,211.4472,107.2460,66.1507
333.2040,210.3570,107.6807,65.6198
334.3941,206.6687,108.0095,64.8693
336.6701,204.8068,108.8599,63.1908
337.4738,202.8269,109.9380,61.7795
342.1135,201.1737,111.3686,59.7310
344.8682,199.1758,113.8501,58.3995
343.9358,199.1915,115.7150,58.3682
347.0962,197.7873,117.5063,58.4724
347.1086,196.1935,117.4814,58.9280
348.3880,194.6346,117.6621,59.3063
349.5832,191.9091,118.0207,59.2597
350.9412,190.5660,118.0578,59.1927
353.6365,189.2983,118.1723,58.9755
355.0409,187.0310,118.1141,58.0091
356.2769,184.7400,118.3749,57.1253
360.0839,183.6770,118.9251,56.5298
359.7286,182.5547,119.6357,56.0555
362.1286,181.4627,120.2779,55.5184
364.4684,180.0511,121.0406,55.6205
365.5028,178.5481,121.7057,55.8924
367.8793,177.0040,122.4495,56.2323
368.9016,175.7647,123.1701,55.9457
371.3615,173.2134,123.7915,55.5072
372.3170,172.1779,124.6525,54.8062
373.3533,171.1361,125.3520,54.1177
376.0014,170.0990,125.5957,53.4219
378.2893,169.0350,126.5426,52.7884
380.4752,166.5485,127.6984,52.2340
381.6439,165.3248,128.1315,51.9108
382.8079,164.0618,128.5747,51.6658
384.0424,162.7986,128.8786,51.4190
386.5645,161.3887,129.3807,51.4657
387.7287,160.0917,129.8332,51.2788
390.2332,158.6484,130.3928,51.3810
392.3441,157.1584,131.7592,51.5669
395.6119,155.6447,133.6751,51.7771
396.2589,154.3288,135.2296,51.5605
397.1536,152.9979,136.3070,51.3555
398.0741,151.7115,137.3446,51.0496
398.9779,150.4273,138.4250,50.7301
399.9523,149.3677,139.3739,49.9516
401.0640,148.4016,140.0476,48.9867
402.2741,148.6961,140.5168,48.3976
403.2968,147.5150,141.3565,47.8745
405.7879,146.3092,142.1497,47.3984
406.9371,144.9574,142.7415,47.2119
408.0402,143.5712,143.4308,47.0890
409.1122,143.5424,144.1894,47.1466
409.9967,142.1079,145.3352,47.1008
411.1104,142.0740,146.0378,47.1686
412.1307,140.7239,146.9386,46.9276
413.3255,139.2336,147.4987,46.9584
414.5914,139.2573,147.9251,46.9110
415.8377,139.2313,148.3959,46.9630
417.0698,137.7912,148.9028,46.8721
418.3675,136.3046,149.2840,46.8688
418.2854,136.3676,149.4481,46.7429
418.1300,136.5298,149.7589,46.4184
419.5183,136.6436,149.9627,46.1908
420.7167,135.3134,150.5448,45.8723
421.9111,133.9025,151.1375,45.7127
421.7253,133.8146,151.5090,45.8885
421.4646,133.8056,152.0305,45.9065
421.1892,133.8272,152.5812,45.8633
420.9140,133.8950,153.1317,45.7278
422.0837,133.9371,153.8074,45.6434
421.6878,132.5541,154.5993,45.3862
421.5826,132.5599,154.8098,45.3747
421.5839,132.5266,154.8072,45.4413
421.6083,132.4966,154.7583,45.5013
