1
241.7049,339.7278,71.3188,38.2731
242.0481,338.0244,75.7507,36.5613
243.2859,347.6772,73.2753,36.4130
244.0341,348.5357,71.7788,36.3990
245.4623,350.9911,70.6031,36.5300
247.4784,350.5774,69.9021,37.3574
250.3919,352.5269,69.0839,38.4672
251.5536,352.7774,68.4370,39.6427
253.6276,352.7956,67.6627,41.2931
258.2576,355.1689,66.9189,43.3594
259.3682,355.4048,66.4244,44.6145
261.3809,358.0577,65.8794,46.2694
263.3880,358.2559,65.3838,47.6324
265.4776,359.2761,64.7533,49.1406
270.2565,363.8741,64.1424,50.6808
271.3264,363.0001,63.8078,52.4288
274.4212,366.0021,63.1031,53.7381
276.5321,366.2209,62.5583,55.1390
278.6304,368.9976,62.0669,56.9958
279.9031,369.9180,61.3960,58.9042
283.1239,369.8659,60.6376,60.9027
284.4969,371.9442,59.8056,62.4882
286.9058,371.9568,58.8394,64.3888
289.2881,372.9921,57.9550,66.1985
290.7614,373.0821,56.9624,67.9726
292.2952,374.4681,55.8605,69.1317
293.8404,374.8447,54.7358,70.3442
295.2728,375.1109,53.8369,71.7776
296.7889,375.4386,52.7777,73.0953
297.2834,374.9888,51.7888,73.9950
298.9300,374.5227,50.4687,74.9272
300.6086,374.0559,49.0768,75.8608
302.3417,372.5021,47.5668,77.0121
304.0857,371.2890,46.0268,77.4902
304.7834,370.3835,44.6316,77.3719
307.5845,368.4714,42.8372,77.3882
309.2131,367.6592,41.4537,77.1389
310.8132,365.1012,40.0997,76.7160
312.4168,362.6643,38.7095,76.1391
313.9268,361.4149,37.4740,75.0691
315.4404,358.3193,36.1942,74.2704
316.8862,356.1273,35.0161,73.5137
318.2944,353.9668,33.8817,72.7886
321.4076,351.2082,32.6104,71.6992
322.5531,348.4485,31.9329,70.7642
323.6142,347.3419,31.3989,69.8012
324.4641,343.3437,31.2639,68.4091
325.2807,341.6746,31.1729,67.1208
326.8497,339.0438,31.0784,66.2950
327.5239,337.3544,31.2383,65.1493
328.1613,335.0211,31.4577,63.8390
328.7839,333.4129,31.6914,62.6186
329.4113,330.2856,31.9016,61.5477
330.7517,329.3654,32.1269,60.4820
331.2748,326.9279,32.5219,59.5922
331.0534,324.5229,32.9647,58.6628
331.6091,324.1438,33.2820,57.9923
331.5148,319.4703,33.4706,57.3702
331.4833,319.7134,33.5336,56.8839
331.3835,317.0860,33.7333,56.4908
331.3608,316.5572,33.7785,56.1390
331.3397,313.8905,33.8208,55.8522
331.3386,313.2913,33.8231,55.6491
331.3092,309.8926,33.8818,55.4540
331.2855,309.3263,33.9292,55.1901
330.6045,308.7669,33.8979,54.9155
329.8243,305.2919,34.0694,54.9214
329.7866,304.6727,34.1449,54.7680
329.7802,302.6268,34.1576,54.6876
329.7742,302.0072,34.1696,54.5370
329.7424,298.5280,34.2331,54.5569
329.0232,297.8285,34.2825,54.5667
329.0653,297.0892,34.1983,54.6552
329.0340,295.0780,34.2609,54.5078
329.0720,293.7681,34.1849,54.3500
329.0237,291.8456,34.2815,54.0395
328.3111,291.0982,34.3245,54.1521
328.3594,289.0193,34.2279,54.1563
328.3462,287.6327,34.2544,54.1634
328.3313,286.9320,34.2842,54.1812
328.2951,284.9834,34.3564,53.9256
328.2775,284.2537,34.3918,54.0032
328.2238,281.4474,34.4992,54.0819
328.2332,281.4840,34.4804,54.0088
328.2267,280.0719,34.4934,54.0630
328.2253,278.6736,34.4960,54.0875
328.2010,277.2740,34.5448,54.1136
328.1627,276.6220,34.6213,54.0300
328.1614,273.7418,34.6240,54.2397
328.1199,272.9075,34.7070,54.5174
327.3768,272.1501,34.7967,54.6359
327.3145,271.3813,34.9213,54.7736
327.2686,269.9516,35.0131,54.8254
327.1964,269.1626,35.1574,54.9972
327.1511,268.3816,35.2482,55.1481
327.1441,266.9510,35.2620,55.1794
327.1079,265.4958,35.3344,55.2585
326.3834,264.7229,35.3655,55.3864
326.3514,264.5732,35.4294,55.6859
326.3009,261.5932,35.5306,55.9418
326.2391,261.5591,35.6540,56.0101
326.0956,260.0791,35.9412,56.1008
326.0340,259.2278,36.0643,56.3627
325.9809,258.3236,36.1706,56.7244
325.9211,257.5033,36.2901,56.9110
325.8985,257.4925,36.3354,56.9326
325.7962,256.6299,36.5398,57.1981
325.7359,255.0077,36.6605,57.5079
325.6429,254.1024,36.8464,57.8447
325.5495,253.2037,37.0334,58.1601
324.7404,252.3176,37.1617,58.4424
324.6272,251.5244,37.3881,58.5326
324.5453,251.4093,37.5519,58.7629
324.4789,250.4562,37.6847,59.1616
324.4156,249.4545,37.8112,59.6492
324.3457,248.5061,37.9511,60.0208
324.2056,247.4767,38.2312,60.5465
324.1288,247.2456,38.3848,61.0087
324.0328,246.9772,38.5769,61.5456
323.9282,246.0728,38.7860,61.7881
323.8938,245.0117,38.8549,62.3367
323.1145,243.8770,38.8307,63.0233
323.0227,243.6419,39.0143,63.4936
322.9952,242.5566,39.0693,64.0615
322.9135,242.3395,39.2326,64.4957
322.0716,241.2809,39.2952,64.9914
321.9267,241.0857,39.5849,65.3819
321.0161,239.8546,39.7655,66.2037
320.8853,239.4660,40.0273,66.9807
320.7804,238.2591,40.2370,67.7229
319.7592,237.9358,40.5931,68.3694
318.7987,236.7256,40.8120,69.0878
318.6104,236.4192,41.1888,69.7006
317.6349,236.0796,41.4079,70.3799
317.4756,235.7465,41.7265,71.0461
316.5008,234.2977,41.9154,72.1829
315.4533,233.8486,42.2294,73.0809
314.3924,233.3431,42.5515,74.0919
313.3396,231.9952,42.8372,74.9678
313.1397,231.5742,43.2369,75.8098
311.1258,231.0402,43.5504,76.8778
309.9903,230.6962,43.9431,77.5659
309.8065,230.3583,44.3107,78.2415
308.7957,229.8283,44.4210,79.3015
306.7468,229.1325,44.6610,80.6932
306.6207,228.7010,44.9131,81.5561
305.4956,228.1848,45.1927,82.5885
304.4557,226.5626,45.2818,83.8423
303.2810,226.0917,45.6206,84.7841
303.0982,225.6831,45.9861,85.6013
301.9305,225.0477,46.2729,86.8721
300.6372,223.3353,46.7873,88.2247
299.3415,221.6181,47.2778,89.5582
299.0602,221.0343,47.8404,90.7256
297.6795,220.4728,48.4458,91.8488
296.3510,219.8779,48.9202,93.0386
296.0765,218.1833,49.4691,94.2193
293.4268,217.6398,50.2980,95.3064
293.1659,217.1394,50.8199,96.3071
291.7476,215.3579,51.3674,97.5810
291.3643,214.6331,52.1339,99.0306
289.7690,212.8613,52.9730,100.2224
289.4805,212.4600,53.5498,101.0251
287.9134,210.6320,54.2787,102.2757
287.5089,210.2097,55.0876,103.1202
285.9803,209.6320,55.6822,104.2756
285.4946,207.8942,56.6536,105.2616
283.8093,206.0432,57.5033,106.4426
283.3257,205.5569,58.4705,107.4151
281.6102,203.6853,59.3177,108.5745
281.0669,201.7201,60.4044,109.8896
280.6180,201.4167,61.3022,110.4964
280.1111,199.7060,62.3160,111.2401
278.2015,199.3049,63.4292,112.0423
277.4931,197.5661,64.8461,112.7833
276.7901,195.6338,66.2521,113.8762
276.2023,193.9321,67.4277,114.4677
275.5897,193.5996,68.6529,115.1328
275.0193,191.9334,69.7936,115.5940
274.4558,191.7198,70.9206,116.0214
273.8257,189.9278,72.1810,116.6829
273.1824,189.6047,73.4675,117.3291
272.5316,187.9089,74.7690,117.7359
271.8515,186.0998,76.1292,118.3415
271.2701,184.3266,77.2921,118.8435
272.2109,184.2177,78.4818,119.0612
273.1808,182.6031,79.6365,119.1960
272.4796,182.5197,81.0388,119.3627
273.5665,180.8029,82.0065,119.6548
274.5298,180.8231,83.2419,119.6145
275.5219,179.2633,84.4394,119.5523
276.5195,179.5021,85.6448,119.0747
277.5311,178.0721,86.8347,118.7216
278.5341,178.2152,88.0561,118.4355
279.5843,178.4133,89.1988,118.0393
282.2956,178.6154,90.2875,117.6350
283.4065,178.9772,91.3330,116.9114
284.4979,177.6368,92.4234,116.3190
285.5912,177.9382,93.5187,115.7162
288.2997,178.2492,94.6826,115.0941
289.4272,176.8401,95.7271,114.6128
290.5296,177.1757,96.8314,113.9416
291.6204,177.6100,97.9664,113.0729
292.6618,178.0149,99.2049,112.2631
293.6916,178.2202,100.4739,111.8524
296.3978,178.4689,101.7465,111.3551
297.5427,178.8183,102.8119,110.6563
298.5945,179.0459,104.0692,110.2012
299.5509,179.3752,105.5304,109.5426
300.5386,179.7219,106.9420,108.8491
301.5637,181.6929,108.2900,108.3052
302.6731,181.9597,109.4822,107.7717
303.7074,182.2027,110.8348,107.2857
304.8197,184.1458,112.0451,106.8345
305.8458,184.3837,113.4395,106.3585
305.1823,184.4918,114.7666,106.1423
306.2430,186.3307,116.1234,105.9429
307.3011,188.1245,117.5034,105.8513
306.6072,188.2352,118.8912,105.6299
307.6854,190.1360,120.2690,105.3625
306.9497,191.9950,121.7405,105.1960
306.2191,191.9921,123.2015,105.2017
307.4181,193.8359,124.3978,105.1083
306.6649,195.6397,125.9042,105.1116
305.9847,197.5586,127.2644,104.9083
305.4187,197.6756,128.3965,104.6742
304.7890,199.5624,129.6559,104.5663
304.1139,201.4719,131.0062,104.4306
303.3622,203.2835,132.5095,104.5091
302.5739,205.0762,134.0862,104.6498
301.6193,206.8729,135.9953,104.8088
300.6456,208.7574,137.9427,104.8241
299.6527,210.6544,139.9285,104.8443
298.6035,212.4622,142.0269,105.0734
297.5170,214.1979,144.2000,105.4825
296.3633,216.0412,146.5073,105.7162
295.1981,217.8475,148.8378,106.0626
293.9434,219.7890,151.3471,106.1795
292.4556,221.6656,154.3227,106.4663
290.8938,223.6581,157.4464,106.5709
289.1006,227.6155,161.0327,106.9328
287.3092,229.4748,164.6155,107.4127
285.4648,231.4350,168.3044,107.7524
283.6101,233.3477,172.0137,108.2482
281.6151,235.4643,176.0038,108.3999
279.6276,235.2573,179.9788,108.8139
277.3033,239.7761,184.6273,108.8027
275.0559,241.9421,189.1221,109.0530
272.7220,244.0103,193.7899,109.5697
270.3379,244.0098,198.5581,109.5707
267.9285,237.3319,203.3769,108.5219
265.3867,246.7554,208.4606,109.0935
268.0029,244.7878,213.1067,108.0895
268.2142,242.6347,217.6741,107.4056
265.8757,250.5640,222.3513,106.6824
266.1172,248.5712,226.9693,105.5671
266.4626,246.6184,231.4272,104.3239
267.0128,250.2211,235.5187,102.3103
267.8054,251.4553,239.1491,99.8419
268.6735,252.5245,242.6374,97.7036
269.5529,253.6445,246.1155,95.4635
268.0273,255.0433,249.1666,92.6660
269.1865,256.4410,252.0885,89.8705
270.5618,257.8021,254.5694,87.1484
269.4459,256.6965,256.8012,84.1421
271.1614,255.3747,258.5645,81.5915
270.1721,256.4845,260.5431,79.3719
272.1140,255.1022,261.8188,76.9770
271.4513,256.1114,263.1440,74.9588
271.1810,254.6930,263.6846,72.6814
273.5606,255.4824,264.0046,71.1026
271.1000,253.7653,263.8718,69.4827
273.8665,251.9409,263.3604,68.1101
274.3728,250.0063,262.3478,66.9908
275.2121,247.9319,260.6692,66.1866
273.8820,245.7739,258.4151,65.5882
274.9620,243.4103,256.2551,65.4441
275.9498,243.0991,254.2795,66.0666
274.5978,242.7703,252.1612,66.7241
275.9009,240.5366,249.5551,66.3867
277.1820,238.2689,246.9928,66.1602
276.0992,238.0816,244.4370,66.5349
277.9091,235.7484,240.8172,66.5088
277.3385,233.5240,237.3172,66.3164
276.5392,233.5607,234.3278,66.2431
278.2476,231.4857,230.9109,65.8485
277.3452,231.6675,228.2268,65.4848
278.8728,229.8702,225.1716,64.6351
280.2388,227.9362,222.4396,64.1177
281.3575,226.1987,220.2022,63.2556
280.2990,224.3607,218.0298,62.6422
279.2485,222.6291,215.8835,61.8580
278.3384,220.5730,213.5012,61.7679
277.4619,220.4408,211.0872,62.0323
276.4951,218.5136,208.8829,61.7488
277.1798,220.5927,207.5134,61.6920
280.0929,218.8726,205.7682,61.0513
278.5797,218.7430,204.7502,61.3104
279.0177,218.7820,203.8743,61.2325
279.4598,218.7698,202.9900,61.2568
279.6155,218.7021,202.6787,61.3922
279.7451,218.6551,202.4194,61.4863
279.9571,218.6124,201.9955,61.5716
280.1232,218.6885,201.6634,61.4194
280.2430,218.6899,201.4238,61.4166
280.3994,218.7039,201.1110,61.3887
282.3456,218.8913,201.2033,61.0138
280.4268,218.8379,201.0617,61.1206
280.4971,218.8646,200.9210,61.0673
280.3050,220.6190,201.3054,61.5345
282.2666,219.0159,201.3723,60.7506
282.0717,220.7931,201.7621,61.1728
282.0558,219.2021,201.7940,60.3649
281.4816,222.9413,202.9424,60.8374
283.2847,221.3512,203.3366,60.0171
283.0644,221.2701,203.7773,60.1793
284.7045,221.5329,204.4971,59.6537
284.5484,221.5334,204.8092,59.6527
284.4618,221.5002,204.9824,59.7191
284.3535,221.5499,205.1990,59.6197
284.0974,221.6765,205.7114,59.3665
285.8051,221.8740,206.3081,58.9716
285.4857,223.7498,206.9469,59.2332
287.0851,223.7806,207.7754,59.1717
286.9565,223.8417,208.0326,59.0495
286.7640,223.9767,208.4175,58.7793
286.5559,224.0521,208.8337,58.6285
286.3769,224.1279,209.1918,58.4769
288.1960,224.1008,209.5983,58.5312
286.1989,224.2050,209.5411,58.3227
287.9338,224.3589,210.1179,58.0150
287.6135,224.4546,210.7586,57.8236
287.4201,224.5568,211.1454,57.6191
289.2216,224.7187,211.5985,57.2954
288.9772,224.8455,212.0874,57.0418
288.7244,224.8328,212.5930,57.0671
288.3733,224.7749,213.2952,57.1830
288.1195,224.8208,213.8029,57.0912
289.9488,224.6763,214.2280,57.3802
289.5435,224.6777,215.0385,57.3773
291.4041,224.6358,215.4237,57.4611
291.2666,224.6030,215.6987,57.5268
291.2872,224.4230,215.6576,57.8869
291.2208,224.3550,215.7903,58.0228
290.9991,224.3026,216.2337,58.1276
290.8699,222.4568,216.4921,57.6818
292.3001,226.2164,217.7644,58.4278
290.0345,224.3975,218.1310,57.9011
291.6622,224.2223,219.0355,58.2515
291.1656,226.0794,220.0287,58.7165
289.1771,224.3489,219.8038,57.9755
291.0639,224.3025,220.2149,58.0684
290.9090,224.3616,220.5247,57.9501
288.6313,226.2606,220.8856,58.3465
286.4888,224.3504,220.9637,57.9599
288.6048,224.5088,220.9324,57.6433
288.2466,230.2823,221.6489,58.6794
286.0103,228.3590,221.8974,58.3019
285.9461,226.3191,222.0258,58.1614
283.9265,226.2485,221.8456,58.3025
283.8841,228.1006,221.9303,58.8180
283.8351,227.9208,222.0284,59.1776
281.4140,229.7709,222.6318,59.7161
279.2275,229.4055,222.7475,60.4469
277.1442,229.2252,222.6414,60.8075
275.0029,228.9234,222.6460,61.4112
270.7858,228.4768,222.5013,62.3044
266.6628,228.0417,222.1391,63.1744
262.5133,227.6444,221.8076,63.9691
258.1158,225.5847,221.9519,63.7631
255.8368,223.8827,222.1862,62.8435
251.2429,226.0318,222.7546,62.8551
246.9848,228.1215,222.6348,62.9936
244.9812,227.9409,222.3231,63.3549
240.7782,229.4806,222.0867,64.5967
238.7140,226.6849,221.8739,65.8470
234.4995,227.9370,221.5803,67.7042
230.5119,228.8680,220.7723,70.2337
228.8069,225.3761,219.7556,72.7906
224.9772,223.8040,218.4963,75.9348
221.2121,222.1387,217.0290,79.2654
219.9953,220.5326,214.9244,82.4777
218.6791,219.0128,212.9908,85.5172
215.2656,219.7698,210.6329,88.5959
214.2374,218.3211,208.0759,91.4932
213.4479,214.5654,205.0275,94.3771
212.6891,210.8497,201.9113,97.1747
212.0364,209.4140,198.5794,100.0461
213.9275,205.7126,194.7972,102.8106
213.7162,202.1217,190.5895,105.3619
215.8379,198.6353,186.3461,107.7226
217.9275,195.1911,182.1669,110.0216
220.2406,189.4208,177.5406,112.4298
220.3697,186.2428,172.7448,114.2484
222.7505,183.0583,167.9832,116.1213
225.1326,177.7884,163.2191,117.7502
227.6243,172.7267,158.2357,119.0533
230.1815,167.8685,153.1212,120.0579
232.6160,165.3049,148.2523,120.8910
234.9614,160.7428,143.5614,121.5491
239.2672,154.2459,139.1211,122.0289
241.3725,147.8446,134.9106,122.5003
243.4633,145.5242,130.7289,123.0885
245.6489,137.4710,126.3577,123.2082
247.7199,135.3901,122.2158,123.4399
249.7367,127.5058,118.1822,123.7342
253.6034,125.5154,114.2583,123.9055
255.2940,119.7544,110.8770,124.1781
256.9377,117.8197,107.5896,124.3472
260.3229,110.4729,104.4694,124.4402
261.7403,108.4981,101.6347,124.7883
262.9902,106.6002,99.1347,125.0232
264.1347,101.2344,96.8458,125.1823
265.1611,99.2997,94.7931,125.5622
267.7267,97.3993,93.1234,125.9014
268.5919,95.4881,91.3931,126.2843
269.3314,93.5655,89.9141,126.7124
269.9321,91.6452,88.7128,127.1540
270.4039,91.5242,87.7692,127.3960
270.7367,91.3146,87.1035,127.8151
271.0480,91.1510,86.4809,128.1424
271.1505,91.1239,86.2760,128.1966
272.8008,92.8500,86.3367,128.1057
272.7001,94.6149,86.5381,127.9369
272.3907,94.6950,87.1569,127.7767
273.5786,98.3732,88.1508,127.1596
274.7046,101.8481,89.2755,126.9633
275.7667,105.3881,90.5436,126.6680
274.9657,107.1702,92.1457,126.5126
275.7729,110.7696,93.9641,126.1795
276.4764,114.3615,96.0146,125.9108
277.1397,119.7165,98.1750,125.6616
275.9039,121.5491,100.6466,125.5148
276.3213,128.6225,103.3680,125.5928
274.8651,130.4846,106.2804,125.4701
275.0405,134.0952,109.5761,125.5417
275.1649,139.5823,113.0278,125.6691
273.3796,141.5035,116.5983,125.5843
271.4956,147.2528,120.3664,125.5256
271.5089,149.2079,124.2119,125.4873
269.4356,157.1949,128.3584,125.2425
267.2570,159.2881,132.7156,125.0496
266.9373,163.5218,137.4140,124.6999
264.5229,167.7932,142.2426,124.4102
262.1670,170.0378,146.9544,124.1180
259.6964,174.5069,151.8957,123.7098
257.2415,178.9704,156.8055,123.4520
254.7227,181.3277,161.8431,123.1432
252.1335,183.8166,167.0214,122.6429
249.5997,186.4143,172.0891,121.9958
247.1070,189.1315,177.0744,121.1759
244.6057,191.8607,182.0770,120.3935
242.1816,192.3764,186.9252,119.3622
239.7811,193.0773,191.7263,117.9604
237.5195,196.2984,196.2495,116.3605
235.3355,197.2057,200.6176,114.5459
233.2444,198.1137,204.7996,112.7298
231.2522,199.0619,208.7840,110.8335
229.3601,200.1240,212.5683,108.7092
227.6233,201.3560,216.0419,106.2452
225.9584,200.3006,219.3718,103.3548
224.4746,201.7092,222.3393,100.5378
223.1001,200.8617,225.0882,97.2393
224.1732,199.8740,227.9173,94.2394
222.8006,198.8257,230.6624,91.3732
224.2496,197.4736,232.7160,89.1258
223.5026,191.0390,234.2099,87.1732
225.3859,188.9853,235.3702,86.3536
224.9816,186.4867,236.1789,86.4219
227.2590,183.5391,236.5656,87.3755
227.0491,177.9254,236.9854,88.6744
229.6582,174.5663,236.7610,90.3987
232.4273,166.1250,236.2444,92.2167
232.7364,162.7923,235.6263,93.8353
235.6717,156.8917,234.8223,95.5029
236.1329,153.7055,233.9000,96.7903
236.6517,145.4975,232.8623,97.9225
237.2726,142.7115,231.6206,98.3949
237.8685,137.5465,230.4288,98.5446
238.5545,135.1396,229.0568,98.2827
239.1850,130.4467,227.7959,97.5665
239.9506,128.1975,226.2645,97.0448
240.7546,126.1292,224.6566,96.1926
241.5404,121.6869,223.0849,95.1763
240.0109,119.7744,221.2342,94.0915
240.9382,117.9087,219.3796,92.9590
241.8506,115.9770,217.5549,92.0056
242.8222,114.1007,215.6116,90.9844
241.5586,112.2884,213.4113,89.8815
242.4317,110.4875,211.6651,88.8073
243.3555,108.7001,209.8174,87.7502
244.3898,106.9523,207.7490,86.6591
243.1988,107.3012,205.5936,85.9613
244.1351,107.6974,203.7211,85.1690
244.9714,103.7908,202.0484,84.0768
246.0495,104.1981,199.8923,83.2622
247.0882,104.6510,197.8148,82.3565
247.8741,102.9436,196.2431,81.4537
246.6215,103.3789,194.4695,80.5831
247.4528,103.7807,192.8069,79.7796
248.2103,102.1337,191.2919,78.8742
247.0475,102.4951,189.4561,78.1513
247.8932,102.9059,187.7646,77.3297
248.6349,101.2571,186.2812,76.5443
249.4971,101.6331,184.5567,75.7922
248.3196,101.9305,182.9024,75.1975
249.1926,102.3023,181.1562,74.4539
250.0508,102.6514,179.4400,73.7556
250.8513,102.9592,177.8390,73.1401
249.6528,103.2350,176.3703,72.5885
250.4787,103.5349,174.7186,71.9887
251.3290,103.8157,173.0180,71.4271
252.1528,104.0070,171.3704,71.0444
252.9629,104.2586,169.7503,70.5412
253.6987,104.5166,168.2787,70.0252
254.4828,106.5232,166.7103,69.6843
253.4322,106.8991,165.1680,68.9324
254.1809,107.2202,163.6706,68.2903
254.8147,107.4575,162.4031,67.8156
255.4016,107.6911,161.2292,67.3485
256.0125,109.6591,160.0076,66.9353
254.8770,109.9224,158.7805,66.4089
255.3706,110.1023,157.7934,66.0490
255.9326,112.0214,156.6693,65.6611
256.5158,112.2466,155.5029,65.2107
257.0622,114.1305,154.4101,64.8451
257.5828,114.3743,153.3690,64.3575
258.1628,116.2088,152.2090,64.0450
258.7263,118.0806,151.0818,63.6353
259.3350,119.9074,149.8646,63.2923
259.9633,120.1594,148.6080,62.7882
258.9322,121.9416,147.4105,62.4837
259.4708,122.1484,146.3331,62.0702
260.0322,123.9031,145.2103,61.7750
260.6148,125.6272,144.0452,61.5194
261.0810,125.8061,143.1128,61.1616
261.6553,127.5506,141.9642,60.8242
262.1884,129.2703,140.8979,60.5137
262.6451,130.9900,139.9846,60.1824
263.1204,131.1905,139.0339,59.7813
263.6263,132.8201,138.0221,59.5902
264.1594,134.4755,136.9560,59.3295
264.6376,136.1204,135.9995,59.0699
265.1329,137.7681,135.0089,58.7861
265.6838,139.4945,133.9072,58.3255
266.1278,141.1401,133.0192,58.0026
265.1246,141.3913,132.0759,57.5003
265.5371,143.0080,131.2508,57.1938
265.8837,143.1990,130.5577,56.8120
266.3083,144.7518,129.7086,56.5992
266.7498,146.2528,128.8254,56.4743
267.1227,147.7677,128.0796,56.3063
267.4664,147.9272,127.3923,55.9873
267.8216,149.3088,126.6819,56.0569
268.1112,150.8084,126.1027,55.8812
268.3828,152.3329,125.5594,55.6443
268.6989,153.8150,124.9273,55.4799
268.9749,154.0107,124.3752,55.0887
269.2980,156.8515,123.7291,54.9531
269.5991,157.0565,123.1269,54.5431
269.8562,158.4667,122.6126,54.4681
270.1760,159.9478,121.9732,54.2424
270.4538,161.4365,121.4175,53.9883
270.7521,161.6554,120.8210,53.5505
271.0463,163.0781,120.2325,53.3995
271.3252,164.5057,119.6747,53.2277
271.6262,166.0334,119.0728,52.8444
271.8831,167.4951,118.5589,52.5775
272.1039,167.6534,118.1174,52.2610
272.3676,169.0717,117.5899,52.0569
272.5351,169.1866,117.2550,51.8272
272.7649,170.4196,116.7953,51.9735
273.0222,171.7011,116.2807,52.0187
273.2492,171.7969,115.8266,51.8272
273.4026,173.0089,115.5200,51.9949
273.6484,173.1483,115.0283,51.7161
273.9054,174.3985,114.5143,51.7938
274.1276,174.4185,114.0699,51.7538
274.2867,175.6650,113.7518,51.8257
274.4493,175.7821,113.4265,51.5915
274.5573,177.0427,113.2106,51.6230
274.6915,178.3826,112.9421,51.4933
274.8391,178.5103,112.6469,51.2380
274.9322,179.8054,112.4607,51.1829
275.0255,181.1513,112.2741,51.0226
275.1309,181.2127,112.0633,50.8998
276.5154,181.2826,111.8151,50.7600
276.5967,181.3434,111.6525,50.6384
276.7563,182.6354,111.3332,50.5646
276.8091,182.6814,111.2276,50.4726
276.9199,182.7408,111.0061,50.3538
276.9923,183.9971,110.8612,50.3370
277.0431,184.0013,110.7597,50.3285
277.0990,184.0295,110.6478,50.2722
278.3709,184.0499,110.5933,50.2315
278.4847,184.0611,110.3656,50.2091
278.5868,184.0705,110.1614,50.1902
278.5703,184.1149,110.1944,50.1013
278.5945,184.1286,110.1460,50.0739
279.8741,184.1793,110.0653,49.9726
279.8969,184.2137,110.0198,49.9037
279.8312,185.4382,110.1510,49.9285
279.7642,185.4951,110.2851,49.8146
280.8418,186.8026,110.6057,49.6755
280.6339,188.1321,111.0215,49.4946
280.2957,189.4651,111.6978,49.3096
279.9308,190.8856,112.4278,48.9560
279.5641,193.6168,113.1612,48.4773
279.0616,195.1144,114.1661,47.9761
278.6442,198.0307,115.0009,47.1428
278.0726,200.9186,116.1442,46.3610
278.8348,203.9479,117.1193,45.3013
278.2274,205.6728,118.3339,44.3460
277.4483,208.7462,119.8921,43.1886
276.7393,211.7594,121.3102,42.1546
275.9357,214.7377,122.9174,41.1934
275.1179,217.5662,124.5529,40.5424
274.3173,218.9844,126.1542,40.2204
273.5312,221.5411,127.7264,40.1694
272.6468,222.5662,129.4952,40.6716
271.9045,226.3506,130.9798,40.8636
271.1436,226.1036,132.5017,41.3576
270.3783,226.8550,134.0322,42.4971
269.5740,227.6780,135.6407,43.5360
268.8759,229.8690,137.0370,44.6078
268.3672,230.8618,138.0545,45.3885
267.8318,231.8403,139.1253,46.2268
267.3436,232.8474,140.1016,47.0385
265.4801,232.3884,140.9740,47.9564
265.0750,233.3887,141.7843,48.8396
263.2870,232.8145,142.4488,49.9879
261.6248,232.4337,142.8315,50.7495
260.1172,233.8144,142.8857,50.9491
258.5624,233.5261,143.0298,51.5257
257.1621,233.3751,142.8525,51.8278
255.8223,233.3481,142.5513,51.8818
253.0901,234.7858,142.0605,51.9838
251.8292,234.6827,141.6101,52.1901
249.0812,236.0536,141.1668,52.4180
248.1504,231.9968,140.0608,51.6292
245.6552,233.4550,139.1766,51.6502
243.0239,233.6161,138.5891,51.3280
240.7783,237.6472,137.2587,51.9982
238.4099,229.2368,136.1877,51.3962
235.9920,230.8179,135.2683,51.1117
233.8993,235.0213,133.7350,51.2829
231.3773,226.9324,133.0983,50.4182
230.5188,230.0998,131.9995,49.7149
226.9730,235.3392,130.7290,50.3852
226.2295,228.8505,129.4350,49.4570
222.7021,235.4465,128.2520,49.9946
221.5865,229.2750,127.7446,48.6447
221.8679,237.0097,127.1819,49.4176
219.5585,233.1705,126.3750,48.9575
217.2695,228.1940,125.5670,48.1385
217.3535,235.9032,125.3989,48.7204
216.2287,232.0203,124.9737,48.4619
216.1008,237.0413,125.2296,49.0759
216.2641,234.3532,124.9029,49.0947
215.1189,231.8839,124.5192,48.6847
