1
298.6815,212.6586,43.6370,54.6828
298.8053,213.5969,43.3894,54.3522
299.6429,214.4612,43.2509,54.1604
300.3533,214.5224,43.3618,54.0379
300.2435,215.3700,43.5814,53.8742
300.8377,216.9420,43.9256,53.7954
302.1406,218.5515,44.3938,53.6504
302.6621,220.1443,44.8931,53.5492
303.0585,220.9282,45.6491,53.5302
303.4481,222.5594,46.4304,53.3891
304.5171,225.7735,47.4345,53.2450
304.7911,226.5952,48.4712,53.1864
304.9696,229.8705,49.7148,53.0377
308.3004,231.5552,51.1428,52.9042
307.6369,234.1140,52.4699,52.7021
308.5134,236.7061,54.0294,52.4866
310.2458,238.5331,55.5968,52.1873
311.0324,240.3790,57.4178,51.8900
312.6644,243.1285,59.3162,51.5533
313.3689,245.0424,61.3971,51.2155
314.1115,246.1208,63.4551,50.8302
316.7020,248.2400,65.4623,50.1859
317.4003,250.3848,67.7001,49.5307
319.8933,252.5780,70.0765,48.8256
320.6469,253.8499,72.2993,48.1467
321.3579,255.2315,74.6518,47.2707
322.9550,256.5747,77.1812,46.4923
324.6091,257.9600,79.6709,45.6542
326.3523,258.4438,82.0504,44.6866
326.0605,259.9554,84.6081,43.6375
328.8858,260.4918,86.9322,42.5647
328.6632,261.1161,89.3867,41.3161
329.4878,261.7396,91.7839,40.0692
330.3134,261.4814,94.2049,38.5493
332.2395,261.1755,96.4851,37.1170
332.1097,260.8583,98.7961,35.7000
332.0376,260.6096,100.9994,34.1385
331.9148,260.3083,103.3069,32.6791
331.8333,260.0583,105.5380,31.1109
331.7545,258.8531,107.7661,29.3802
330.8261,258.5432,109.6229,27.9303
330.0599,257.3998,111.1554,26.0801
329.2266,256.1768,112.8220,24.4167
327.5930,255.7117,114.0432,23.3007
326.0677,249.1635,115.0522,22.1070
322.4193,249.6446,116.2523,21.1446
319.9537,250.1065,117.1236,20.2209
316.5162,250.5416,117.9271,19.3507
314.0970,242.9419,118.7299,18.4083
308.7616,243.4267,119.3507,17.4388
305.6247,243.8549,119.6272,16.5825
300.4760,244.2502,119.9964,15.7918
295.3962,244.3195,120.2823,15.6531
289.2040,236.6447,120.8117,15.1960
284.0649,236.9680,121.2209,14.5494
277.1005,237.1864,121.3860,14.1128
273.1201,237.3433,121.5087,13.7989
266.1249,237.4224,121.8157,13.6406
259.1455,237.4756,122.0843,13.5342
252.2800,237.4759,122.1147,13.5338
246.4462,237.4406,122.0364,13.6044
239.6631,237.3287,121.8965,13.8281
232.7741,237.2145,121.9495,14.0565
225.7963,237.0307,122.1422,14.4240
219.9037,236.8452,122.0693,14.7951
212.9534,236.5993,122.0895,15.2870
206.9867,236.3683,122.0633,15.7490
199.9057,236.0666,122.2090,16.3524
193.8595,235.7093,122.2017,17.0669
187.7075,235.3235,122.3198,17.8386
182.6110,234.9369,122.2721,18.6118
176.3910,234.5152,122.3338,19.4552
171.1831,235.1288,122.3456,20.3087
169.2138,235.7163,122.0885,21.2316
163.1566,236.2719,121.5267,22.2331
160.1309,236.8023,121.2042,23.2971
155.9012,237.2411,121.0994,24.5604
153.9266,237.6326,120.7202,25.9417
151.9578,237.9818,120.2862,27.4291
149.0413,238.3485,119.4943,28.9039
148.4476,239.8423,118.4561,30.3671
146.6974,240.0999,117.4791,32.0908
147.1620,240.3831,116.5500,33.7818
146.5445,240.6161,115.5090,35.5916
147.1627,243.0544,114.2726,37.5997
147.8932,243.2144,112.8116,39.5939
148.7312,243.3388,111.1357,41.6749
149.6795,243.4772,109.2391,43.7415
151.7621,243.6230,107.4272,45.8033
156.3111,242.6105,105.4206,47.8282
158.6741,242.7531,103.0650,49.9135
162.2610,242.9445,100.6361,51.9031
167.1229,241.9055,98.0263,53.9811
170.8605,242.0533,95.2881,56.0540
178.2269,240.9913,92.3716,58.1781
181.9092,239.9435,89.7181,60.2738
190.4785,238.9464,86.6834,62.2678
193.1515,237.9402,83.6753,64.2802
201.8117,236.9361,80.3049,66.2885
207.0916,234.8566,76.6627,68.1415
213.5777,233.8991,72.8083,70.0566
220.0332,231.8662,68.8961,71.8725
228.3594,229.9915,65.5440,73.4053
232.4291,228.1366,61.7791,74.9279
239.7163,226.4044,57.9566,76.2417
245.8730,222.7024,54.0771,77.3205
252.8344,222.2565,50.4599,78.2122
259.6981,219.8475,46.8051,79.0013
264.4515,217.5573,43.1930,79.6517
270.9235,215.2015,39.8148,80.5371
277.2379,212.9880,36.5259,81.2281
280.6375,210.8750,33.3681,81.8129
287.4790,208.9211,30.3249,82.1740
290.6726,206.2041,27.3856,82.4360
297.0624,205.2401,24.6517,82.6897
298.2060,204.2781,22.3644,82.9864
305.6265,202.5744,20.2348,83.2160
306.6519,201.7141,18.1840,83.3847
307.5043,201.7379,16.4792,83.3370
313.9598,201.0047,15.4173,83.3224
314.3454,201.0424,14.6461,83.2469
314.3705,200.3148,14.5958,83.2582
314.8370,200.3160,15.1059,83.2559
315.7607,201.0447,16.1648,83.2516
316.4609,201.0658,17.7120,83.2093
315.5724,201.9825,19.4890,82.8793
315.2957,203.6195,21.5752,82.6710
314.2654,204.5604,23.6357,82.3589
313.1730,205.5443,25.8206,81.9949
312.1008,206.5424,27.9649,81.6379
310.9595,210.1213,30.2476,81.1742
309.8623,211.3064,32.4420,80.5121
308.6966,213.4422,34.7735,79.7166
307.5310,216.4373,37.1047,79.0304
305.4465,217.6581,39.4747,78.3874
303.3642,219.8643,41.8087,77.6364
302.2677,222.1189,44.0017,76.8466
299.2395,224.4590,46.2871,75.9375
297.2249,225.9276,48.4058,74.9108
295.2061,229.3391,50.5127,73.8801
294.0806,231.8501,52.7636,72.7587
291.9893,233.4152,54.9758,71.5989
288.9365,234.9935,57.1034,70.4313
286.8507,236.6588,59.2693,69.1063
284.7866,239.2912,61.3773,67.8819
282.6606,241.9769,63.5943,66.5804
280.5784,242.6570,65.7090,65.2202
278.4938,244.3951,67.8163,63.8059
275.4023,245.0877,69.8543,62.4206
273.3351,246.9156,71.9064,60.8471
271.2809,247.7222,73.9259,59.2339
269.1178,248.5651,76.1583,57.5481
267.0806,249.4333,78.1321,55.8117
265.0202,250.3305,80.1510,54.0173
264.0316,251.3116,82.1282,52.0551
261.9499,251.3285,84.1917,49.9215
260.7901,251.3097,86.5114,47.8643
258.7018,251.2244,88.5938,45.9408
257.7064,251.1082,90.5847,44.0812
256.6859,250.0251,92.6255,42.0698
255.8060,248.9186,94.3855,40.1159
254.0091,248.8125,95.9046,38.2535
253.0991,247.7728,97.7246,36.2061
252.3770,247.5892,99.1689,34.5204
252.4082,246.4336,101.1493,32.7458
251.4968,244.2425,102.9720,31.0122
250.6138,242.9059,104.7380,29.6205
250.8268,241.5470,106.3436,28.2753
250.1089,241.0332,107.7794,27.2740
250.4458,238.5823,109.1357,26.0853
249.8227,237.9440,110.3820,25.3352
251.2623,236.3874,111.5621,24.3891
251.6762,235.6955,112.7623,23.7449
252.9728,234.0202,114.2335,23.0310
253.5462,234.1110,115.1257,22.8496
255.8719,232.4745,116.6176,22.0269
256.5080,232.4843,117.3977,22.0073
258.1341,232.4642,118.2713,22.0476
260.8803,232.4668,119.0062,22.0424
261.6031,232.4615,119.6465,22.0529
265.3894,232.4023,120.4538,22.1713
266.2749,232.3323,120.7915,22.3113
269.2224,232.2291,121.2444,22.5179
273.2227,233.1915,121.7492,22.7194
274.9778,235.1475,122.5134,23.0819
277.9352,240.2999,123.0637,23.5523
282.0316,241.8682,123.5586,24.7593
284.0062,247.8896,124.0140,25.9307
287.3767,248.1125,123.9674,27.7165
292.9179,255.2207,124.2115,29.3571
295.1665,256.3871,124.3148,31.6247
297.7402,263.3991,123.8569,34.0141
302.6222,266.6906,123.6264,36.9646
304.0995,272.4603,123.1071,40.0364
309.4528,276.9073,122.3386,43.5650
312.3802,281.3826,121.5596,47.3044
315.4585,285.9644,120.5915,51.1118
318.6523,289.2230,119.5000,55.1867
320.7120,292.5740,118.0845,59.3006
322.8724,297.4222,116.5187,63.3784
326.4968,299.6805,114.8736,67.2678
328.9298,302.0992,112.8515,70.9618
331.3439,301.8489,110.8991,74.3381
332.5118,303.0899,108.5633,77.6618
335.2969,302.9873,105.9156,80.7896
336.6445,303.0132,103.2205,83.6715
338.0272,301.6999,100.4550,86.2980
339.4988,300.4573,97.5119,88.7831
341.0040,299.3379,94.5016,91.0220
342.4752,294.0093,91.5591,92.9148
344.0278,288.8336,88.4539,94.5509
345.6010,282.3919,85.3074,95.9080
347.1714,274.7539,82.1668,96.9213
347.3079,268.6299,79.0759,97.8976
347.4593,260.0646,75.9900,98.3300
348.9382,251.6654,73.0321,98.6910
349.1042,242.1810,70.0035,98.7826
349.3327,232.9439,66.8981,98.7182
349.4586,223.9376,64.0502,98.5584
349.5321,213.9332,61.3568,98.1967
349.5995,204.0816,58.7262,97.9332
349.6557,193.2930,56.1662,97.4811
349.6916,182.7299,53.6966,97.0282
349.6641,172.3781,51.4028,96.5911
349.5735,162.3390,49.2805,95.9397
349.3869,150.1360,47.3966,95.5161
349.1128,140.3935,45.7264,95.0350
348.7323,130.7726,44.3048,94.6347
348.3725,120.2561,42.8726,94.1494
348.9488,111.9958,41.7201,93.7122
348.6203,103.8494,40.2839,93.2601
348.2025,95.8156,39.0582,92.8374
347.6519,87.8520,38.1258,92.4969
348.0345,81.0691,37.3607,91.9786
348.4291,74.2856,36.5715,91.6092
347.8329,70.3916,35.7924,91.5111
348.0742,66.5756,35.3098,91.3183
348.3238,64.6971,34.8107,91.1859
347.5823,63.8312,34.3597,90.9837
347.6953,62.9530,34.1337,90.8171
348.7537,63.0018,33.9333,90.7195
348.7623,63.0342,33.9161,90.6548
349.7450,63.0479,33.8609,90.6274
349.6141,63.9491,34.1227,90.7338
350.4741,65.9044,34.3177,90.6534
352.2487,68.7491,34.6033,90.7160
352.9747,70.6784,35.0749,90.7045
354.6328,74.5448,35.6222,90.6985
357.2964,78.4732,36.1194,90.6077
358.8894,80.5636,36.8313,90.3249
360.4298,86.4385,37.6658,90.3209
363.9732,87.5646,38.4688,90.0411
365.4204,92.5190,39.5397,90.0455
367.8564,96.6201,40.6724,89.8496
370.2944,100.8203,41.8524,89.5239
372.7253,105.0326,43.0943,89.2376
375.2163,110.3159,44.2685,88.9313
377.6583,113.5736,45.5883,88.6197
381.1309,118.9490,46.9879,88.2998
383.5445,121.2555,48.4773,87.8979
385.9737,127.8281,49.9941,87.5031
389.4744,129.0864,51.5731,87.1316
390.9406,135.8923,52.9732,86.5178
394.4078,137.2281,54.7620,86.0269
396.8940,142.0001,56.3999,85.2966
399.3479,143.4951,58.1514,84.5265
401.7847,148.3854,59.9897,83.6950
403.1439,150.0004,61.7814,82.7201
404.4762,153.8640,63.6560,81.8018
407.0029,155.4978,65.4612,80.8203
407.2532,157.2386,67.2611,79.6393
408.6865,160.1774,69.0173,78.3842
408.9197,162.0066,70.8710,77.0460
410.3501,162.6802,72.6679,75.6988
409.4362,164.5948,74.4957,74.2059
408.5555,165.3674,76.2571,72.6608
408.8255,166.1703,78.0622,71.0549
407.9193,167.0195,79.8745,69.3566
407.0022,167.9721,81.7087,67.4514
406.2237,169.0018,83.2658,65.3919
405.4739,169.9834,84.7653,63.4287
401.2820,169.9035,86.1660,61.2608
399.4607,169.8798,87.4952,58.9949
395.3855,170.9683,88.7577,56.8178
390.0903,170.9743,90.2332,54.5271
384.9788,169.9276,91.4071,52.0960
381.0522,169.8755,92.5445,49.9616
375.0670,169.8823,93.4198,47.7290
369.3177,169.9309,93.9511,45.4382
362.5556,169.9407,94.5055,43.2571
357.0032,169.9304,94.9522,41.1461
349.4205,169.8983,95.4106,39.1092
342.0411,169.8180,95.6688,37.1984
335.8406,169.7396,95.8231,35.3141
328.7003,169.6688,96.0376,33.4461
321.7068,169.5643,96.1740,31.6765
314.8168,170.2738,96.3160,30.2575
307.1614,170.9986,96.2331,28.8080
298.7127,170.9009,96.0643,27.1071
290.4844,171.5123,95.7615,25.8843
281.5248,171.3353,95.3311,24.4033
274.3350,171.8891,95.3030,23.2958
266.6104,171.6168,94.7361,22.0607
259.6096,172.0633,94.7534,21.1679
252.6218,172.5010,94.8798,20.2924
245.8351,172.8802,94.7251,19.5339
239.0810,173.2635,94.6401,18.7675
232.3881,173.6745,94.5613,17.9454
226.6705,174.0006,94.3353,17.2931
220.9139,174.3086,94.2989,16.6772
215.2380,174.6017,94.1897,16.0909
210.3574,175.7085,94.2058,15.5014
206.2275,177.6394,94.4020,14.8652
201.4643,177.8428,94.3121,14.4583
197.2891,179.6545,94.6957,14.0216
193.2846,179.8470,94.7553,13.6366
190.8578,180.7995,94.8600,13.3145
188.3839,184.8851,95.0742,13.0329
183.6695,185.0132,95.0521,12.7768
181.3288,185.1142,95.0246,12.5746
180.5509,185.2250,95.0151,12.3530
176.6870,185.2948,94.9402,12.2135
175.1234,185.3749,94.9542,12.0532
174.2942,185.4202,95.0589,11.9627
173.4930,190.1114,95.1082,11.8995
170.4078,190.1520,95.0682,11.8183
170.4190,190.2129,95.0458,11.6965
169.2082,190.3198,95.9200,11.4825
168.1974,190.3805,96.3864,11.3612
168.0913,190.4481,96.5985,11.2259
167.3648,190.4976,96.4921,11.1270
167.2497,190.5676,96.7224,10.9871
167.1998,190.6230,96.8222,10.8762
167.1657,190.6373,96.8904,10.8475
167.0113,190.6568,97.1991,10.8087
167.8211,191.4507,97.1386,10.7797
167.8277,191.4794,97.1252,10.7224
170.1162,192.2718,97.2168,10.6937
169.9442,192.2709,97.5609,10.6956
170.6577,192.2985,97.6954,10.6404
171.3939,192.3223,97.7854,10.5927
172.9721,192.3311,97.7541,10.5751
173.7711,192.3186,97.7179,10.6001
174.5815,192.3273,97.6588,10.5828
176.8627,192.3418,97.7782,10.5537
177.7358,192.3147,97.5937,10.6078
178.5761,192.3062,97.4734,10.6250
180.1432,192.3340,97.4571,10.5692
180.9263,192.3496,97.4485,10.5382
182.5795,192.3387,97.2557,10.5600
183.5161,192.3307,96.9370,10.5758
186.5854,192.3204,97.0008,10.5966
186.7376,192.3254,96.6964,10.5865
187.3549,192.2834,97.0092,10.6705
188.0658,192.2638,97.1409,10.7097
188.7481,192.2503,97.3324,10.7366
189.5423,192.2590,97.3033,10.7193
189.5950,192.2325,97.1978,10.7722
190.3995,192.1872,97.1471,10.8629
190.5413,192.1958,96.8636,10.8457
190.5903,192.1914,96.7655,10.8544
190.6356,192.1897,96.6749,10.8579
190.6779,192.1898,96.5902,10.8577
190.7186,192.1912,96.5090,10.8550
190.7579,192.1934,96.4303,10.8505
190.7962,192.1962,96.3537,10.8450
190.8069,192.1714,96.3323,10.8944
190.8072,192.1537,96.3317,10.9300
190.8275,192.1685,96.2911,10.9003
190.8263,192.1522,96.2935,10.9328
190.8449,192.1680,96.2564,10.9013
190.8426,192.1524,96.2610,10.9326
190.8335,192.1408,96.2790,10.9557
190.8473,192.1598,96.2515,10.9177
190.8411,192.1464,96.2639,10.9446
190.8302,192.1364,96.2857,10.9645
190.8425,192.1565,96.2612,10.9243
190.8356,192.1439,96.2749,10.9496
190.8507,192.1621,96.2447,10.9130
190.8453,192.1482,96.2556,10.9410
190.8344,192.1378,96.2773,10.9617
190.8468,192.1577,96.2526,10.9219
190.8397,192.1449,96.2667,10.9476
190.8278,192.1352,96.2906,10.9669
190.8394,192.1556,96.2673,10.9261
190.8319,192.1431,96.2824,10.9512
190.8466,192.1615,96.2529,10.9144
190.8411,192.1476,96.2639,10.9422
190.8303,192.1372,96.2855,10.9629
190.8427,192.1571,96.2606,10.9231
190.8362,192.1443,96.2738,10.9487
190.8513,192.1624,96.2436,10.9124
190.8464,192.1485,96.2533,10.9403
190.8357,192.1380,96.2748,10.9612
190.8483,192.1579,96.2494,10.9216
190.8413,192.1450,96.2636,10.9473
190.8294,192.1353,96.2873,10.9666
190.8412,192.1557,96.2636,10.9260
190.8336,192.1432,96.2789,10.9510
190.8485,192.1616,96.2492,10.9141
190.8430,192.1477,96.2602,10.9419
190.8325,192.1375,96.2810,10.9624
190.8452,192.1573,96.2558,10.9226
190.8380,192.1445,96.2701,10.9483
190.8533,192.1627,96.2396,10.9119
190.8479,192.1487,96.2502,10.9399
190.8372,192.1382,96.2717,10.9609
190.8500,192.1581,96.2461,10.9212
190.8430,192.1452,96.2601,10.9470
190.8316,192.1356,96.2830,10.9661
190.8434,192.1559,96.2594,10.9254
190.8363,192.1435,96.2734,10.9503
190.8511,192.1619,96.2440,10.9135
190.8458,192.1481,96.2545,10.9412
190.8349,192.1377,96.2763,10.9619
190.8474,192.1576,96.2513,10.9221
190.8403,192.1447,96.2654,10.9478
190.8286,192.1352,96.2889,10.9669
190.8406,192.1556,96.2649,10.9262
190.8330,192.1431,96.2801,10.9512
190.8476,192.1615,96.2508,10.9144
190.8421,192.1476,96.2619,10.9422
190.8313,192.1373,96.2836,10.9628
190.8437,192.1572,96.2588,10.9230
190.8365,192.1443,96.2730,10.9487
190.8516,192.1625,96.2430,10.9123
190.8463,192.1485,96.2536,10.9404
190.8355,192.1380,96.2751,10.9613
190.8481,192.1578,96.2500,10.9216
190.8413,192.1450,96.2636,10.9473
190.8294,192.1353,96.2874,10.9666
190.8412,192.1557,96.2637,10.9260
190.8337,192.1431,96.2788,10.9510
190.8483,192.1616,96.2495,10.9142
190.8428,192.1477,96.2606,10.9420
190.8323,192.1375,96.2816,10.9624
190.8448,192.1573,96.2566,10.9227
190.8381,192.1446,96.2698,10.9482
190.8531,192.1627,96.2398,10.9119
190.8483,192.1488,96.2494,10.9398
190.8376,192.1383,96.2709,10.9607
190.8502,192.1581,96.2457,10.9211
190.8432,192.1452,96.2597,10.9469
190.8318,192.1356,96.2826,10.9661
190.8438,192.1560,96.2586,10.9253
190.8362,192.1435,96.2738,10.9504
190.8509,192.1619,96.2443,10.9136
190.8453,192.1480,96.2555,10.9413
190.8344,192.1377,96.2773,10.9620
190.8470,192.1575,96.2522,10.9223
190.8403,192.1447,96.2654,10.9478
190.8284,192.1351,96.2893,10.9671
190.8401,192.1555,96.2659,10.9263
190.8330,192.1431,96.2802,10.9512
190.8478,192.1615,96.2505,10.9144
190.8425,192.1477,96.2611,10.9420
190.8316,192.1373,96.2829,10.9627
190.8441,192.1572,96.2579,10.9230
190.8370,192.1444,96.2722,10.9486
190.8522,192.1626,96.2418,10.9122
190.8469,192.1485,96.2524,10.9403
190.8363,192.1381,96.2734,10.9611
190.8489,192.1580,96.2483,10.9214
190.8419,192.1451,96.2623,10.9472
190.8300,192.1354,96.2861,10.9665
190.8417,192.1558,96.2627,10.9258
190.8344,192.1433,96.2774,10.9508
190.8490,192.1617,96.2481,10.9140
190.8435,192.1478,96.2591,10.9418
190.8326,192.1375,96.2809,10.9624
190.8451,192.1573,96.2560,10.9226
190.8379,192.1445,96.2702,10.9483
190.8532,192.1627,96.2398,10.9119
190.8479,192.1487,96.2504,10.9399
190.8371,192.1383,96.2719,10.9608
190.8497,192.1581,96.2468,10.9212
190.8427,192.1452,96.2608,10.9470
190.8307,192.1355,96.2847,10.9663
190.8426,192.1558,96.2609,10.9256
190.8350,192.1433,96.2761,10.9507
190.8497,192.1617,96.2467,10.9139
190.8442,192.1478,96.2578,10.9417
190.8333,192.1375,96.2795,10.9623
190.8459,192.1574,96.2542,10.9226
190.8389,192.1445,96.2684,10.9482
190.8539,192.1627,96.2382,10.9119
190.8486,192.1487,96.2490,10.9399
190.8378,192.1383,96.2705,10.9607
190.8506,192.1581,96.2448,10.9211
190.8436,192.1453,96.2590,10.9468
190.8321,192.1357,96.2819,10.9659
190.8439,192.1561,96.2583,10.9252
190.8366,192.1436,96.2729,10.9502
190.8515,192.1620,96.2430,10.9134
190.8460,192.1481,96.2542,10.9411
190.8354,192.1378,96.2754,10.9617
190.8479,192.1577,96.2503,10.9220
190.8409,192.1448,96.2644,10.9477
190.8291,192.1353,96.2879,10.9668
190.8410,192.1556,96.2642,10.9261
190.8333,192.1431,96.2794,10.9512
190.8481,192.1615,96.2500,10.9143
190.8425,192.1477,96.2612,10.9420
190.8316,192.1373,96.2830,10.9627
190.8442,192.1572,96.2578,10.9229
190.8373,192.1444,96.2715,10.9485
190.8525,192.1626,96.2411,10.9122
190.8472,192.1485,96.2518,10.9402
190.8369,192.1382,96.2723,10.9609
190.8495,192.1580,96.2471,10.9213
190.8424,192.1452,96.2613,10.9470
190.8310,192.1356,96.2841,10.9662
190.8428,192.1559,96.2605,10.9255
190.8355,192.1434,96.2752,10.9505
190.8503,192.1618,96.2456,10.9137
190.8447,192.1479,96.2567,10.9415
190.8338,192.1376,96.2785,10.9622
190.8463,192.1575,96.2535,10.9224
190.8392,192.1446,96.2678,10.9481
190.8544,192.1629,96.2374,10.9116
190.8490,192.1488,96.2481,10.9396
190.8383,192.1384,96.2694,10.9606
190.8508,192.1582,96.2444,10.9210
190.8444,192.1454,96.2573,10.9466
190.8325,192.1357,96.2812,10.9659
190.8445,192.1561,96.2571,10.9252
190.8369,192.1436,96.2724,10.9502
190.8516,192.1620,96.2430,10.9134
190.8460,192.1481,96.2541,10.9411
190.8356,192.1378,96.2749,10.9616
190.8480,192.1577,96.2500,10.9219
190.8410,192.1448,96.2641,10.9476
190.8293,192.1353,96.2876,10.9668
190.8410,192.1557,96.2640,10.9260
190.8339,192.1432,96.2783,10.9509
190.8488,192.1616,96.2485,10.9141
190.8437,192.1478,96.2586,10.9417
190.8329,192.1375,96.2804,10.9623
190.8455,192.1574,96.2551,10.9226
190.8389,192.1446,96.2684,10.9481
190.8540,192.1628,96.2382,10.9118
190.8487,192.1487,96.2487,10.9399
190.8380,192.1383,96.2702,10.9608
190.8505,192.1581,96.2451,10.9211
190.8440,192.1453,96.2582,10.9467
190.8323,192.1357,96.2815,10.9659
190.8441,192.1561,96.2580,10.9252
190.8365,192.1435,96.2731,10.9503
190.8512,192.1619,96.2436,10.9135
190.8457,192.1480,96.2547,10.9413
190.8349,192.1377,96.2764,10.9620
190.8473,192.1576,96.2516,10.9222
190.8402,192.1447,96.2658,10.9478
190.8281,192.1351,96.2898,10.9670
190.8401,192.1555,96.2659,10.9263
190.8325,192.1430,96.2812,10.9513
190.8471,192.1614,96.2519,10.9145
190.8416,192.1475,96.2629,10.9423
190.8309,192.1372,96.2842,10.9628
190.8436,192.1572,96.2589,10.9230
190.8365,192.1443,96.2731,10.9487
190.8515,192.1625,96.2430,10.9123
190.8467,192.1485,96.2527,10.9402
190.8365,192.1382,96.2731,10.9610
190.8491,192.1579,96.2478,10.9214
190.8421,192.1451,96.2619,10.9472
190.8302,192.1354,96.2857,10.9665
190.8422,192.1558,96.2617,10.9258
190.8346,192.1432,96.2769,10.9508
190.8493,192.1617,96.2476,10.9140
190.8442,192.1479,96.2577,10.9416
190.8335,192.1376,96.2791,10.9622
190.8460,192.1575,96.2541,10.9224
190.8394,192.1447,96.2672,10.9479
190.8545,192.1629,96.2371,10.9116
190.8492,192.1488,96.2477,10.9397
190.8389,192.1385,96.2683,10.9604
190.8516,192.1582,96.2429,10.9208
190.8446,192.1454,96.2570,10.9466
190.8331,192.1358,96.2799,10.9658
190.8450,192.1561,96.2560,10.9251
190.8374,192.1436,96.2712,10.9501
190.8522,192.1620,96.2418,10.9133
190.8466,192.1481,96.2528,10.9411
190.8362,192.1379,96.2737,10.9616
190.8487,192.1578,96.2487,10.9218
190.8421,192.1450,96.2620,10.9473
190.8307,192.1355,96.2848,10.9664
190.8424,192.1558,96.2613,10.9257
190.8350,192.1433,96.2762,10.9506
190.8497,192.1617,96.2468,10.9138
190.8444,192.1479,96.2573,10.9415
190.8338,192.1376,96.2786,10.9621
190.8464,192.1575,96.2532,10.9223
190.8399,192.1448,96.2663,10.9478
190.8279,192.1352,96.2903,10.9670
190.8397,192.1555,96.2667,10.9263
190.8326,192.1431,96.2809,10.9512
190.8475,192.1615,96.2511,10.9144
190.8420,192.1476,96.2622,10.9422
