1
284.5438,155.0101,253.9124,46.9798
284.4178,155.6660,254.1644,45.6680
284.2948,156.3188,254.4103,44.3625
284.0774,156.9894,254.8452,43.0212
283.6874,157.6743,255.6251,41.6515
283.2418,158.2807,256.5164,40.4387
280.6143,158.8415,257.4155,39.3171
280.4234,159.3888,257.7973,38.2225
280.1801,159.7699,258.2838,37.4603
279.9414,160.0959,258.7612,36.8082
281.8274,160.4568,259.3033,36.0864
285.8948,160.6758,259.7825,35.6484
242.2871,143.7081,260.9034,35.1460
278.7401,144.1648,261.2674,34.2325
280.5677,144.5765,261.9086,33.4092
280.1054,144.3131,262.8332,33.9359
279.8352,144.3660,263.3735,33.8303
279.6208,144.3921,263.8023,33.7779
290.3201,144.3854,264.0145,33.7914
320.3718,127.2200,264.4659,33.5194
277.1525,127.4140,264.3841,33.1314
276.8815,127.7244,264.9262,32.5107
276.6641,127.9823,265.3610,31.9948
276.4178,128.1658,265.8535,31.6279
276.1983,128.2599,266.2926,31.4396
275.9140,128.2896,266.8611,31.3802
273.3723,128.3706,267.6295,31.2182
273.1445,128.3430,268.0850,31.2734
272.8935,128.1538,268.5870,31.6518
272.5836,127.9152,269.2068,32.1291
270.0275,127.6385,269.9561,32.6823
269.6732,127.4535,270.6647,33.0524
267.1324,127.1551,271.3444,33.6492
266.9108,126.9714,271.7878,34.0166
266.7353,126.8521,272.1387,34.2552
277.7307,126.8237,272.3815,34.3120
264.2203,126.7890,272.6950,34.3814
221.2043,111.0674,274.0453,34.6262
259.0294,111.1289,274.5639,34.5032
261.0504,111.2362,275.0071,34.2885
260.9623,111.2930,275.1833,34.1749
260.8922,111.1948,275.3236,34.3714
260.6983,110.9303,275.7112,34.9004
258.2397,110.7723,276.1193,35.2164
257.9577,110.6394,276.6835,35.4822
259.9783,110.4760,277.1765,35.8088
259.7703,110.3058,277.5925,36.1493
262.0625,128.2561,277.5686,36.7321
261.8289,128.0728,278.0357,37.0986
261.6206,127.9324,278.4523,37.3794
261.3063,127.8374,279.0810,37.5695
261.0579,127.7441,279.5778,37.7559
260.7733,127.6231,280.1469,37.9979
260.4158,127.5139,280.8619,38.2165
260.1549,127.4044,281.3838,38.4354
259.8326,127.2732,282.0284,38.6978
259.5683,127.0688,282.5569,39.1067
259.3752,126.9254,282.9432,39.3934
259.1542,126.8657,283.3851,39.5128
258.8165,126.7866,284.0605,39.6710
258.4804,126.6472,284.7328,39.9498
257.8201,126.3227,286.0534,40.5988
257.1346,126.0323,287.4244,41.1796
256.4750,125.7857,288.7435,41.6728
255.8530,125.5519,289.9875,42.1405
252.7707,125.2840,291.2995,42.6763
249.3661,125.0824,293.2272,43.0793
248.4461,124.8570,295.0673,43.5302
247.6584,124.6206,296.6426,44.0030
246.7343,141.9594,298.4907,44.1996
246.1072,141.7111,299.7451,44.6962
245.7108,141.3977,300.5379,45.3229
245.2625,141.1674,301.4343,45.7836
244.8900,140.9669,302.1795,46.1847
244.7329,140.7490,302.4936,46.6203
244.4420,140.5290,303.0753,47.0603
244.1919,140.3245,303.5756,47.4694
244.0482,140.1577,303.8630,47.8030
243.8878,139.9335,304.1837,48.2514
243.5702,139.7092,304.8189,48.6999
243.5006,139.4946,304.9581,49.1291
243.3913,139.1412,305.1768,49.8361
243.2833,138.8488,305.3929,50.4208
243.1331,138.6141,305.6931,50.8902
242.9478,138.2845,306.0638,51.5494
242.7846,138.0608,306.3902,51.9969
242.5724,137.8425,306.8146,52.4334
242.3719,137.6369,307.2156,52.8445
239.5543,137.4680,307.5460,53.1823
239.4630,137.2624,307.7286,53.5936
239.5260,137.1715,307.6027,53.7754
236.9355,136.9195,307.4551,54.2794
237.0039,136.5671,307.3184,54.9842
236.5638,141.7968,308.1985,55.2216
236.7686,141.3407,307.7889,56.1339
236.7489,143.6692,307.8283,56.8545
234.2266,143.2061,307.4806,57.7806
233.6913,156.4635,308.5513,58.2943
233.7547,156.0945,308.4244,59.0322
233.7751,155.7315,308.3836,59.7583
233.7353,155.3163,308.4633,60.5886
233.7818,154.8260,308.3703,61.5693
236.5736,154.4086,308.2788,62.4041
236.5567,156.7538,308.3125,63.2208
236.4647,156.2356,308.4966,64.2572
235.9700,164.2514,309.4859,64.8641
235.7919,163.7153,309.8423,65.9363
235.5298,163.1929,310.3663,66.9811
235.2252,162.6040,310.9756,68.1589
234.7816,161.9531,311.8628,69.4607
237.1708,164.1288,312.7781,70.8031
236.7896,163.4249,313.5404,72.2109
236.2599,165.6249,314.6000,73.5808
235.7670,167.8145,315.5857,75.0126
238.3685,166.9951,316.2349,76.6514
237.7703,169.1180,317.4312,78.2983
240.4414,168.2972,318.0299,79.9397
240.1316,170.4970,318.6493,81.5204
240.0339,169.6626,318.8448,83.1892
239.9436,168.8663,319.0254,84.7819
239.9537,168.0820,319.0052,86.3504
239.9609,167.2443,318.9908,88.0259
240.0141,166.3933,318.8844,89.7278
240.0511,165.4266,318.8103,91.6612
240.0901,164.3506,318.7323,93.8133
240.0510,160.2292,318.8106,95.8053
240.0834,156.0497,318.7458,97.8755
240.1811,155.0106,318.5505,99.9537
240.2537,154.0107,318.4052,101.9536
240.2457,153.0396,318.4212,103.8957
240.2753,152.0690,318.3619,105.8370
243.5773,151.0943,318.2253,107.7863
243.5307,150.0097,318.3185,109.9556
246.7270,148.9708,318.4677,112.0334
249.9246,147.8855,318.6544,114.2040
249.8332,146.6951,318.8371,116.5847
253.1829,145.6004,318.8073,118.7741
253.2417,147.7315,318.6896,121.2205
256.7803,146.6532,318.3635,123.3772
257.0754,145.5473,317.7733,125.5890
257.4986,144.4469,316.9269,127.7898
257.9971,139.8442,315.9299,130.1519
258.4984,135.2336,314.9273,132.5021
259.2913,130.6168,313.3415,134.8377
260.2145,126.0182,311.4951,137.1182
261.1469,125.0219,309.6303,139.1108
262.0899,120.4529,307.7444,141.3107
263.0130,119.4233,305.8980,143.3701
260.4269,118.4104,304.1118,145.3958
261.4697,113.8493,302.0263,147.5503
262.3766,112.8754,300.2125,149.4981
259.9467,111.9239,298.0905,151.4012
261.1922,110.9610,295.5993,153.3269
258.9812,110.0037,293.0410,155.2415
260.2800,105.5380,290.4434,157.1972
258.0750,104.7041,287.8825,158.8649
259.2386,100.3687,285.5554,160.5743
260.5764,99.5115,282.8797,162.2887
261.9708,98.8012,280.0909,163.7091
263.4901,98.0995,277.0522,165.1125
261.6340,97.4415,273.8572,166.4286
263.0267,96.7824,271.0719,167.7467
264.5899,96.1546,267.9454,169.0023
266.1571,95.5738,264.8110,170.1639
267.6780,94.9615,261.7691,171.3885
265.8486,94.4913,258.6439,172.3290
267.2582,93.8600,255.8247,173.5915
268.7896,93.3339,252.7620,174.6438
266.8213,92.8507,249.9958,175.6103
268.2004,92.3466,247.2377,176.6183
269.5266,91.7533,244.5854,177.8050
270.9726,91.2792,241.6932,178.7531
272.3360,90.6826,238.9665,179.9465
273.6702,90.1445,236.2981,181.0227
275.1701,89.6848,233.2982,181.9420
276.5917,89.2172,230.4550,182.8772
277.9075,88.7969,227.8235,183.7177
279.3258,88.3927,224.9868,184.5261
280.5956,88.0917,222.4473,185.1282
285.3647,87.8312,219.3208,185.6491
286.9162,87.6686,216.2178,185.9744
288.3716,87.5447,213.3071,186.2222
289.9862,87.4674,210.0779,186.3767
291.6360,87.3059,206.7781,186.6997
293.2208,87.2351,203.6087,186.8413
294.9033,90.3244,200.2437,186.8103
296.3602,90.2475,197.3299,186.9639
300.8930,93.3474,194.3156,186.8156
302.2883,93.4211,191.5249,186.6682
303.6851,96.3434,188.7314,186.7791
304.9416,99.2391,186.2183,186.9013
306.0694,98.9464,183.9627,187.4866
307.3109,98.8028,181.4798,187.7739
311.4042,101.5781,179.1080,188.0381
312.6321,101.4412,176.6521,188.3120
313.7617,101.3107,174.3929,188.5730
317.7615,101.1838,172.1083,188.8268
318.6545,100.9754,170.3223,189.2435
322.5563,100.6782,168.1792,189.8379
323.4732,100.4978,166.3454,190.1987
324.2127,100.0203,164.8664,191.1537
327.8105,99.5518,163.2736,192.0907
328.4289,98.9597,162.0367,193.2749
329.0105,98.2406,160.8736,194.7131
329.3595,97.4162,160.1756,196.3620
329.6770,96.6674,159.5406,197.8595
330.1431,95.7828,158.6083,199.6288
330.6322,94.8567,157.6302,201.4809
331.2064,93.9494,156.4817,203.2955
331.8665,90.1518,155.1616,205.2370
332.4513,86.4150,153.9921,207.0486
333.0569,82.6637,152.7807,208.8809
333.5598,81.7309,151.7749,210.7466
334.0195,77.8696,150.8556,212.7791
334.3961,73.9990,150.1024,214.8145
334.8102,73.0989,149.2741,216.6147
335.2743,69.3051,148.3460,218.4647
335.7808,65.5650,147.3329,220.1949
336.2195,64.4575,146.4556,222.4098
336.6573,63.4711,145.5800,224.3826
334.2409,62.5437,144.6197,226.2374
334.7129,61.7586,143.6758,227.8076
335.2387,61.0809,142.6241,229.1630
335.8021,60.4459,141.4973,230.4330
336.2813,59.7480,140.5390,231.8288
336.7712,62.1479,139.5591,232.8490
334.3826,64.5590,138.5179,233.8452
334.8006,64.0151,137.6818,234.9331
335.2012,66.3405,136.8806,236.1001
335.5742,65.6740,136.1347,237.4330
332.9618,68.0754,135.5308,238.4589
333.1503,67.4672,135.1537,239.6752
333.3830,69.6833,134.6883,241.0881
330.7793,71.9484,134.0376,242.4161
331.1115,71.5148,133.3734,243.2832
328.5077,71.0963,132.7128,244.1203
328.6756,70.7778,132.3769,244.7572
328.9261,70.4351,131.8760,245.4427
329.2419,70.0337,131.2444,246.2454
326.7397,72.4994,130.3734,247.1894
327.0480,72.1604,129.7567,247.8674
327.3598,71.8202,129.1331,248.5479
