1
753.9731,239.5273,153.7321,91.9004
750.2217,244.3609,157.3975,89.9080
750.8520,245.1316,159.9950,88.3667
751.4149,247.3605,162.7397,87.7793
752.3629,247.5856,164.7444,87.3291
753.2529,247.8887,166.8871,86.7228
754.7118,247.6822,167.9128,87.1358
754.7728,247.6071,167.7909,87.2860
758.0278,247.8243,169.2141,86.8517
759.6827,247.5780,169.8843,87.3442
764.7548,246.8351,167.7370,88.8300
765.2867,246.5086,166.6729,89.4831
767.9606,243.9972,165.3131,90.5180
773.1114,243.1324,162.9827,92.2476
774.0229,242.4372,161.1595,93.6380
774.8208,240.0021,159.5638,94.5310
779.6837,239.5501,157.7752,95.4350
782.2280,237.2431,156.6439,96.0917
786.3118,232.8343,156.3790,97.0065
788.8323,232.4249,155.3010,97.8252
791.3907,230.4568,154.1446,97.8009
793.7209,228.3448,153.4268,98.0822
796.1023,226.3716,152.6009,98.0920
798.5468,224.5742,151.6365,97.7622
800.9913,223.0670,150.6519,96.8720
805.5113,221.3692,149.3618,96.3927
808.1752,221.5892,147.8817,95.9527
808.7651,219.8566,146.7019,95.5998
811.4806,219.5416,145.0654,96.2299
814.6813,220.5861,142.4444,97.9213
822.2470,220.1046,138.6200,102.6532
825.8376,221.3316,135.2279,107.7773
829.2142,218.6613,132.2953,113.1178
830.4789,216.4232,129.7659,117.5940
831.4882,217.0930,127.7474,120.1486
832.0768,217.3539,126.5703,119.6270
832.4226,216.1322,125.8786,118.1935
832.9471,214.8501,124.8297,116.9146
835.7004,215.4447,123.1295,115.7254
836.3768,215.8825,121.7767,114.8498
839.2014,218.2464,119.8535,113.8479
842.3197,218.6111,117.2970,113.1187
845.4450,218.8301,114.6747,112.6806
845.9329,216.0710,113.6991,111.0382
846.4440,215.0352,112.6769,109.5707
854.8308,211.1389,109.9026,110.3635
856.1195,210.4154,107.3253,111.8104
857.7365,209.0974,104.0914,114.4463
863.0977,207.6341,100.2500,117.3730
868.3046,206.2791,96.6852,120.0831
871.1523,203.7127,94.3984,121.8072
873.4626,201.4129,93.1757,123.0088
875.9081,200.7622,91.6812,124.3102
876.3701,198.5015,90.7573,125.4398
876.8180,198.0319,89.8615,126.3790
879.0115,194.8150,88.8677,126.0264
881.4205,194.6672,87.4212,126.3221
884.0037,195.9034,85.6067,127.2018
884.7766,194.1064,84.0610,127.4605
885.5290,195.6443,82.5562,127.6982
886.4837,195.4134,80.6467,128.1599
887.2375,196.5793,79.1391,129.0951
887.7504,196.0499,78.1134,130.1540
888.4570,196.9041,76.7003,131.6996
890.8961,198.9943,75.0753,134.0255
893.0959,198.2656,73.9357,135.4828
893.5009,197.6462,73.1255,136.7218
893.5703,197.2881,72.9868,137.4380
893.3150,192.7371,73.4974,136.7158
893.2208,196.2727,73.6860,136.1904
893.0706,196.6489,73.9863,135.4379
893.1089,194.9616,73.9096,135.5501
893.0372,194.9558,74.0530,135.5617
893.0741,199.9519,73.9792,135.3656
892.9876,200.2802,74.1522,134.7088
892.9575,198.8402,74.2124,134.3344
892.9578,199.0366,74.2118,133.9417
892.9551,199.2282,74.2173,133.5584
893.1334,200.8339,73.8607,133.5856
893.2793,200.6701,73.5688,133.9131
889.4448,199.7106,74.7725,132.5996
888.9396,200.0906,75.7829,131.8395
888.6971,200.1479,76.2677,131.7249
888.5098,200.0887,76.6424,131.8432
888.3041,200.0732,77.0537,131.8743
886.0843,200.2260,78.2317,131.5688
881.8871,200.2106,80.0717,131.5994
878.9903,203.1884,82.5568,132.2612
876.0669,203.0794,85.0433,132.4791
868.9698,206.1145,89.0221,133.2192
862.0080,207.3481,92.4982,134.2345
863.7908,208.8556,96.0434,134.7750
872.2715,206.3656,97.1926,136.1329
870.0944,205.8107,97.8853,137.2426
867.7867,205.0659,98.8108,138.7322
871.9727,203.8857,97.8941,141.0926
872.4921,203.0375,96.8551,142.7891
872.3657,202.4707,97.1081,143.9226
872.1591,201.8606,97.5212,145.1429
872.2418,202.9334,97.3559,146.8002
871.4871,202.6322,98.8652,147.4025
846.5009,212.4941,102.5254,146.9757
844.5316,213.4603,106.4641,145.0432
840.7283,216.5085,110.1215,142.8958
839.3615,214.8805,112.8550,142.1758
838.2176,214.8586,115.1430,142.2194
837.1688,216.9872,117.2406,142.0097
836.2740,216.9775,119.0302,142.0290
835.5468,216.9367,120.4846,142.1107
835.0580,216.4961,121.4621,142.9919
834.7836,215.8199,122.0110,144.3442
834.2196,215.8485,123.1389,144.2870
833.8406,215.7909,123.8968,144.4023
831.4315,213.8331,124.4930,144.0958
831.3872,213.5826,124.5816,144.5967
831.3927,215.4789,124.5706,145.0403
828.8716,213.9544,125.3699,143.8465
826.1345,214.4506,126.6072,142.8540
825.8470,215.0198,127.1821,141.7156
825.6494,215.3914,127.5774,140.9726
825.4875,215.6452,127.9010,140.4650
825.5730,215.8974,127.7301,139.9605
828.1197,215.6666,126.8512,140.4220
828.4539,215.6952,126.1829,140.3649
826.4519,213.5147,125.9906,140.5298
828.6080,209.4042,125.8741,140.3595
826.1911,201.2382,126.5168,139.9272
826.2029,199.0581,126.4931,140.0927
825.5995,197.3698,127.7000,139.2725
822.8629,194.0089,128.9699,137.5878
824.3741,193.2253,130.1446,134.9577
824.3091,199.7409,130.2747,134.4505
824.1251,199.8410,130.6427,134.2503
823.8739,200.0817,131.1451,133.7689
823.8710,200.1911,131.1510,133.5501
826.3408,200.0763,130.3798,133.7797
821.6940,198.7173,131.3535,132.3377
821.1113,199.1657,132.5190,131.4409
820.7036,199.6185,133.3343,130.5353
820.5886,199.7969,133.5643,130.1785
818.2216,199.9402,134.1450,129.8920
815.2614,196.8389,135.9074,127.7788
814.6127,199.4052,137.2049,126.7981
817.0581,201.1827,136.4708,127.3998
817.2305,199.2969,136.1259,127.0167
819.5569,199.5540,135.6165,126.5024
822.3073,199.4071,134.2431,126.7962
823.0144,198.8422,132.8288,127.9260
822.7533,195.0836,133.3510,127.2307
822.4439,191.7457,133.9698,125.6999
824.3284,190.2146,134.2897,124.6734
819.3531,182.1185,136.0853,120.4782
818.9056,183.7001,136.9803,117.3150
819.1333,184.7072,136.5249,115.3008
818.7578,182.6232,137.2760,111.5443
818.7046,184.0333,137.3822,108.7241
819.0300,185.0326,136.7316,106.7256
819.7833,185.7069,135.2250,105.3771
819.9837,184.9928,134.8240,103.0234
820.0939,184.3429,134.6038,100.5860
820.5483,185.1025,133.6948,99.0669
819.1610,185.8423,132.8141,97.5873
819.1204,185.3206,132.8953,95.0129
819.7449,185.9549,131.6463,93.7443
820.2437,186.4236,130.6488,92.8069
820.7159,186.8329,129.7044,91.9882
821.4439,188.9862,128.2483,91.1603
822.3142,189.6820,126.5076,89.7687
826.8157,200.2451,124.2919,89.0041
829.4064,205.8192,122.4580,87.8984
826.3234,210.3999,122.0209,85.3399
822.5273,216.7933,123.1077,82.3115
820.7617,219.7426,123.4199,79.6317
819.1871,220.8471,123.3901,77.4227
819.3973,221.9216,122.9698,75.2737
818.1103,222.9674,122.4445,73.1822
820.0264,223.7227,121.6686,71.6714
820.4675,224.6510,120.7862,69.8149
819.3242,225.5975,120.0983,67.9219
818.3221,226.2905,119.1701,66.5359
811.4943,226.8586,118.3509,65.3997
805.4602,227.5214,118.9649,64.0741
803.5967,228.0615,119.8421,62.9940
799.8446,228.6464,121.6576,61.8241
795.5204,230.4749,124.6044,61.0179
793.0388,230.6499,126.6877,60.6680
789.3240,232.1086,128.3086,60.6549
788.8518,232.2565,129.2529,60.3590
786.8671,232.3549,130.2859,60.1623
785.3518,232.1825,130.3687,60.5070
783.7217,233.3499,130.6738,61.1273
771.0309,236.0182,132.2917,61.7316
755.6168,241.6131,133.0746,62.5602
749.6395,242.5324,132.9074,63.7518
734.9079,250.4607,128.8345,66.1877
736.4488,247.9240,125.7527,68.2299
738.5664,244.1361,124.5386,69.7636
737.8090,244.6287,123.0241,71.8076
737.9624,242.8417,122.7172,72.3400
737.8625,242.9304,122.9169,72.1626
737.5579,244.7265,123.5264,71.6165
734.7261,243.1698,123.0982,71.6840
730.6191,242.8174,122.1904,72.3887
727.9108,242.3234,121.5289,73.3768
729.0790,240.7380,122.2385,73.5017
762.9932,246.6139,124.7563,73.9842
826.3530,216.4736,125.3065,72.1820
829.7781,217.2128,124.6197,70.7037
826.2219,217.7177,125.6391,69.6939
825.9731,217.9612,126.1366,69.2068
824.0582,218.2518,126.9232,68.6257
822.0200,218.3356,127.9544,68.4581
821.5540,218.4252,128.8864,68.2788
819.3383,218.6385,130.2497,67.8522
820.7355,220.0346,130.5360,68.1407
819.0980,219.7232,130.7212,68.7637
821.4160,220.5528,129.1887,70.2078
821.6149,222.0290,128.7906,70.3611
821.8609,223.3495,128.2988,70.8223
822.1249,226.1724,127.7707,71.3824
822.7559,230.2090,126.5086,72.6232
820.0836,238.6217,125.6392,74.4404
820.1831,237.8150,125.4401,76.0538
818.1601,237.5624,126.3369,76.5589
816.3510,235.5150,126.7840,77.4827
814.6603,234.9813,126.9722,78.5501
808.6161,234.9721,126.2042,81.7825
803.6179,232.1721,126.4308,84.1259
799.6807,233.0071,127.7071,85.7549
793.6821,230.9106,129.6683,86.6026
790.3610,230.5100,132.9216,87.4039
784.0485,230.0402,135.1931,88.3433
780.6207,240.5148,138.5479,88.3996
776.4153,236.4333,139.8545,89.4583
766.3084,232.8824,142.1215,89.3814
754.3148,233.2482,144.3769,88.6497
731.9869,220.1862,148.9555,85.6267
728.7985,225.9030,151.6719,85.1744
716.2413,222.7495,154.6286,84.0955
718.8385,229.6153,153.1525,85.2365
715.3812,228.1490,148.9194,88.1693
707.8188,227.4124,149.2325,89.6425
701.8798,227.1697,149.9132,90.1278
675.9490,154.9339,141.7628,95.8218
2
0
0
0
0
1
462.8148,205.8456,109.2557,92.1689
451.6050,205.6173,115.8295,92.6253
435.9675,203.3332,120.8831,93.9158
427.2022,200.9791,124.9099,95.2481
429.3273,199.6575,127.5780,97.8914
427.8299,200.4567,130.5728,99.8359
426.7209,199.5420,132.7906,101.6654
423.8012,197.4431,134.9461,102.1791
424.7292,195.6032,136.8155,102.1336
422.1653,195.5222,138.1902,102.2954
421.6245,195.1699,139.2717,103.0001
422.8606,196.5852,140.6043,103.9741
421.9589,198.0878,142.4076,104.8098
423.1599,198.0372,143.8874,104.9109
422.3767,199.9064,145.4539,105.0786
419.4711,200.0478,147.3325,104.7958
416.4316,200.1821,149.4551,104.5273
410.9310,202.1105,152.4883,104.6544
409.6469,202.0347,155.0566,104.8061
408.8945,201.8683,156.5612,105.1388
408.3130,200.0684,157.7242,104.6374
407.9414,198.5065,158.4674,103.6506
405.5800,197.3806,159.0851,101.7972
405.5984,197.9847,159.0482,100.5891
403.3806,196.8904,159.4212,98.7149
398.9801,197.5386,160.1481,97.4184
394.5140,197.9758,161.0284,96.5440
388.0500,197.9255,161.8834,96.6446
388.0234,197.7124,161.9366,97.0708
388.0864,197.4106,161.8105,97.6745
386.1167,196.9533,161.6949,98.5890
386.4205,196.4913,161.0873,99.5130
387.3155,197.4530,159.2974,101.6649
388.1691,200.5965,157.5901,103.5468
391.2807,200.1057,155.4571,104.5284
392.3188,201.4261,153.3811,105.9622
393.6473,202.1643,150.7239,108.5529
394.8639,200.8678,148.2908,111.1459
397.6537,199.9513,146.7864,112.9788
398.3728,199.3660,145.3483,114.1496
398.9261,199.0286,144.2416,114.8243
397.5426,200.6795,142.9354,115.5956
397.7763,199.3026,142.4680,114.2838
397.6521,200.2271,142.7164,112.4349
397.9407,202.5016,142.1392,111.8969
396.6101,204.7650,140.8069,111.3635
395.8123,210.2848,138.4380,112.2172
393.3653,211.7916,135.4482,113.1455
392.9733,213.0635,132.3213,114.5127
390.4284,214.2159,129.6418,116.0925
389.4660,217.5231,127.6982,117.2148
386.6657,216.7911,125.5868,118.6788
385.4611,210.2089,124.1498,120.3042
385.3875,210.7528,124.2970,119.2163
385.0996,211.5506,124.8728,117.6207
384.8139,212.6076,125.4441,115.5067
384.7682,213.7857,125.5356,113.1506
384.9562,214.6436,125.1596,111.4349
384.9707,217.4468,125.1305,109.5528
383.2720,219.9274,124.8342,108.2852
383.6841,220.3158,124.0101,107.5085
382.1557,220.6829,123.4231,106.7743
382.4415,220.8409,122.8516,106.4583
380.9035,220.6550,122.3187,106.8300
379.4728,220.8077,121.5734,106.5248
379.7892,220.6808,120.9408,106.7785
380.1079,220.3754,120.3033,107.3893
379.9976,219.8547,120.5239,108.4308
379.8683,219.1399,120.7825,109.8603
378.1133,218.5085,120.6613,111.1231
378.3090,218.1013,120.2700,111.9376
378.4311,217.6351,120.0258,112.8700
376.8828,216.1761,119.4552,115.7879
376.8577,215.6579,119.5054,116.8242
376.6386,215.5625,119.9435,117.0151
376.5072,214.8329,120.2064,118.4744
376.2794,214.3703,120.6619,119.3994
370.3701,209.4943,124.9196,117.8102
365.9571,210.8234,129.9234,115.1519
363.5188,211.9793,134.8000,112.8400
359.5406,212.6403,138.8605,111.5181
358.2329,212.7378,141.4759,111.3231
355.5480,212.4779,142.8717,111.8429
355.1148,210.3219,143.7381,112.1511
355.0436,210.3040,143.8804,112.1869
354.8498,210.6965,144.2680,111.4019
354.6108,211.0781,144.7460,110.6387
346.8546,211.8831,148.2199,109.0288
362.0196,212.5248,146.1658,107.7452
362.9106,213.2399,144.3836,106.3151
363.5240,212.3930,143.1570,104.0723
362.2585,211.2227,141.8066,102.5316
354.6344,210.1247,141.7133,100.8923
358.5275,209.0099,141.5412,99.3148
353.9410,208.1427,143.1572,97.2709
351.4601,207.1989,144.3501,95.3894
352.8179,205.8444,145.3902,94.3428
348.7038,202.9669,146.1107,92.5899
354.4393,201.9365,145.8458,90.9155
354.6069,202.5537,145.5105,89.6810
356.7203,203.2035,144.9614,88.3814
356.6345,203.6549,145.1330,87.4786
353.7065,202.7024,147.3540,85.7487
345.5283,201.3772,149.1556,84.7604
344.8665,201.5295,150.4792,84.4559
343.5437,201.9072,153.1247,83.7005
335.0262,202.3124,155.4028,82.8900
330.4352,202.3966,157.1669,82.7216
330.2135,202.4009,157.6103,82.7130
330.0464,200.6996,157.9444,82.3771
331.5881,200.6539,158.5987,82.4686
335.0452,200.6495,159.1818,82.4775
334.3809,201.1872,160.5104,81.4021
333.6144,201.7712,162.0434,80.2341
332.4568,204.4429,164.3586,78.6513
326.0344,210.4328,165.9025,77.9723
321.4979,211.4973,163.6428,79.6208
314.9341,211.7651,165.4502,79.0853
312.6560,212.0250,166.2160,78.5656
310.5742,211.9031,166.5872,78.8093
308.3713,211.8038,167.1906,79.0079
300.2158,211.7368,168.2439,79.1420
292.2017,213.4894,168.9435,79.4688
289.0044,211.3735,171.4900,79.8527
286.3524,211.0887,172.9021,80.4222
285.9460,210.7532,173.7149,81.0933
276.1522,210.5192,173.5731,81.5613
268.5258,208.2546,173.0178,82.1384
264.7273,206.0957,172.7070,82.5023
263.2487,204.2054,171.7082,82.3270
264.1151,202.0653,169.9755,82.6692
266.6311,204.2574,168.8623,82.2037
265.4212,204.1006,167.3876,82.5173
264.3551,202.5161,169.5198,81.8080
257.4588,207.0875,171.6208,80.4595
251.1517,209.1614,172.5220,80.2161
248.4262,209.4637,174.0600,79.6115
255.6994,209.4879,175.2135,79.5631
255.5599,207.0551,175.4924,80.4877
253.9849,206.3540,174.6813,81.8900
245.9816,203.8491,174.7924,82.9260
243.5879,207.7635,175.5862,83.0843
239.1364,208.0112,176.4733,82.5889
224.7714,210.2031,177.1180,82.2173
219.2340,212.8003,180.1628,81.0380
211.8979,213.1282,182.7190,80.3820
195.1853,212.3070,187.6947,77.9603
184.8210,224.6161,187.9566,77.9022
178.4557,223.4114,188.3988,76.2155
173.2656,223.9610,190.6341,75.1162
165.6551,224.4386,193.6001,74.1610
170.0329,223.0922,197.1761,72.7433
172.1901,221.5112,196.9978,71.7690
170.6714,217.8743,195.9192,70.8107
167.2565,214.4740,194.5823,69.4448
166.0216,222.9398,193.0127,68.6710
166.3586,221.4245,192.3387,67.6987
166.9775,221.9477,191.1008,66.6523
167.6926,222.4268,189.6707,65.6939
167.6787,222.7770,189.6985,64.9936
167.4041,223.0632,190.2477,64.4212
165.0084,223.4832,191.1528,63.5812
163.2782,223.5791,190.7295,63.3894
161.7115,223.4499,189.9886,63.6477
160.2579,223.2925,189.0274,63.9626
160.7184,223.2563,188.1065,64.0349
159.5450,222.9917,186.6045,64.5642
160.5174,222.7959,184.6597,64.9558
160.8114,222.9072,184.0718,64.7331
161.0921,223.1812,183.5104,64.1851
159.9603,223.2456,181.9880,64.0564
161.3226,223.0966,179.2635,64.3544
162.2937,223.1608,177.3212,64.2259
162.4458,223.3605,177.0170,63.8265
158.6820,223.2530,177.1715,64.0416
156.0040,223.2340,178.8347,64.0796
158.0236,223.0499,178.5127,64.4477
158.4723,223.0715,177.6153,64.4045
158.9698,223.2097,176.6204,64.1282
163.7365,223.3462,174.4598,63.8551
162.0966,223.5483,174.0890,63.4510
161.8466,222.4013,174.5889,62.1070
170.0055,222.5503,172.7541,61.8090
168.5768,222.6479,175.6116,61.6139
167.6665,222.7123,177.4321,61.4850
172.1067,222.9035,179.5019,61.1026
166.6051,223.1193,183.1599,60.6710
147.4344,226.6131,188.0506,61.1170
142.1134,227.9769,191.1034,62.1837
141.1783,229.3332,192.9738,63.3286
142.9613,230.5103,193.3129,64.8796
143.1745,231.4574,192.8865,66.9236
106.5214,235.4146,186.8034,70.9176
107.3544,235.3429,181.1827,75.0157
107.6506,233.6990,176.6431,78.3034
107.1956,232.4101,173.6138,80.8813
106.1679,233.3872,171.7283,82.8677
104.7906,232.5864,170.5352,84.4693
100.1145,232.0509,171.9709,85.5404
95.0581,233.6001,174.0880,86.4398
74.5597,235.1646,178.6859,87.3551
77.4017,236.5412,181.2568,88.7292
74.2095,237.7356,183.4523,90.5294
74.6447,238.3647,182.5818,93.5234
73.0013,239.0507,181.5775,96.4425
73.6230,239.7423,180.3342,99.3860
76.0919,238.6820,179.7549,101.5065
76.6503,237.6902,178.6382,103.4902
79.9974,238.8221,176.3474,105.6299
80.8265,238.2699,174.6891,106.7342
79.7919,237.2979,172.3589,108.6781
77.6538,235.7063,167.8405,111.8615
79.5099,232.5907,164.1283,113.7099
79.9677,233.0500,163.2128,112.7913
80.2771,233.5558,162.5939,111.7798
80.6850,234.0555,161.7781,110.7804
79.4382,234.3031,159.9982,110.2850
80.0393,234.8015,158.7962,109.2884
80.6411,233.3712,157.5925,107.9452
79.2416,233.6737,156.2281,107.3402
79.5043,234.1696,155.7028,106.3484
75.3675,232.9657,155.7595,104.6477
68.2199,233.8950,157.8112,102.7891
52.7508,229.2245,164.2634,99.8871
45.4744,229.9891,170.5585,98.3579
36.5140,230.6300,175.8895,97.0761
34.4080,231.1154,180.1016,96.1053
32.6384,231.5420,183.6408,95.2521
31.0527,232.0798,186.8123,94.1765
29.7003,230.5726,189.5170,92.8264
26.7051,230.7937,191.1268,92.3842
25.9355,231.0138,192.6659,91.9439
23.1046,231.1527,193.9164,91.6662
22.5451,231.3552,195.0355,91.2611
22.4020,229.3818,195.3217,90.7741
22.3474,229.3651,195.4308,90.8075
19.9384,229.4212,195.8171,90.6953
15.1116,229.3205,196.5997,90.8966
12.6382,226.9995,197.0962,91.0884
12.0857,224.5473,198.2012,91.5319
11.8148,223.8206,198.7430,92.9852
12.0135,223.1109,198.3457,94.4047
9.7487,222.4412,198.3382,95.7440
9.4124,221.8405,199.0109,96.9453
9.0917,221.3611,199.6523,97.9041
8.9373,220.9142,199.9611,98.7980
8.8267,220.4785,200.1821,99.6694
8.6853,220.3079,200.4651,100.0106
8.4308,220.0661,200.9739,100.4943
8.1388,219.9364,201.5580,100.7535
7.7307,219.6845,202.3743,101.2574
7.1752,219.0349,203.4852,102.5566
6.7117,218.0883,204.4122,104.4498
6.3767,217.1191,205.0823,106.3883
5.7974,216.3836,206.2409,107.8591
2.5130,213.5625,207.9242,108.6160
1.6495,213.4068,209.6512,108.9274
0.5726,213.3262,211.8049,109.0885
-0.2911,213.3084,213.5325,109.1242
-1.0868,213.2961,215.1238,109.1488
-4.1921,213.1229,216.2965,109.4952
-2.4219,213.1183,217.8172,109.5043
-5.5838,213.0527,219.0573,109.6356
-3.5885,212.8512,220.1708,110.0387
-6.0491,212.1511,219.9648,111.4388
-5.7415,208.5496,219.3495,113.4933
-5.0344,204.4868,217.9353,116.4439
-6.7728,200.4335,216.2072,119.3457
-8.8456,199.1292,215.1238,121.9543
-5.8502,195.3251,214.3906,124.3052
-5.6316,194.4574,213.9534,126.0406
-2.8733,193.6689,213.7460,127.6176
-3.0452,193.0122,214.0897,128.9309
-3.2619,192.4734,214.5231,130.0084
-3.4726,191.9636,214.9446,131.0282
-3.6712,191.4756,215.3418,132.0042
-3.9852,191.0728,215.9697,132.8098
-1.7603,190.7169,216.9734,133.5216
-4.5956,190.3470,217.1637,134.2613
-4.7900,189.9815,217.5524,134.9923
-4.9651,189.6498,217.9026,135.6558
-5.0874,189.2761,218.1473,136.4032
-5.1915,188.8612,218.3554,137.2329
-5.3396,188.5595,218.6517,137.8363
-5.4106,188.2601,218.7937,138.4352
-2.6881,188.0376,218.9385,138.8802
-2.7347,187.8044,219.0318,139.3466
-0.0964,187.5643,219.3640,139.8267
-2.8034,189.9623,219.1562,140.6526
0.1674,189.5295,218.8470,141.5180
0.4509,189.1005,218.2801,142.3761
0.7423,188.6622,217.6972,143.2528
1.0920,188.2446,216.9979,144.0879
-1.3816,187.8254,216.2878,144.9263
1.4854,187.4554,216.2144,145.6664
1.6318,187.1396,215.9214,146.2978
1.6649,186.9015,215.8553,146.7741
4.5258,186.6506,215.8182,147.2760
-0.9502,186.4751,215.3853,147.6269
2.0111,186.2463,215.1544,148.0845
-0.6571,186.0690,214.7950,148.4390
2.2278,183.0968,214.7214,148.6873
2.2767,182.9930,214.6237,148.8947
5.1032,182.9287,214.6719,149.0233
5.2603,182.8137,214.3578,149.2533
5.3418,182.7240,214.1947,149.4327
8.2526,182.6563,214.0768,149.5682
10.7824,185.6356,214.7213,149.3136
27.0731,206.1789,216.3979,148.1947
35.5047,220.5211,216.6839,148.0926
94.3223,234.6802,219.1491,148.3697
115.8538,237.3609,222.1726,148.7690
108.1034,237.0540,226.0475,149.3829
97.2595,236.8724,230.0911,149.7460
101.1390,236.3761,234.2283,150.7386
99.2458,235.8673,238.0148,151.7562
94.6983,235.0167,241.0094,153.4574
94.0173,233.7458,242.3715,155.9992
88.3189,232.3058,241.2950,158.8793
94.2052,231.1423,242.0594,161.2062
90.3967,233.1827,243.3577,163.4441
89.9077,232.1154,244.3357,165.5787
89.2040,231.1530,245.7431,167.5036
88.5024,230.0634,247.1463,169.6827
90.6196,229.2378,249.4478,171.3339
92.7036,231.5590,251.8777,173.2895
91.8609,230.3608,253.5630,175.6858
91.1216,232.2520,255.0415,178.6354
89.9890,237.6351,257.3069,181.4752
86.3846,232.5182,257.6314,184.8249
86.1795,228.0919,258.0416,186.7332
88.9433,227.6615,259.4958,187.5940
91.8305,227.6518,260.7394,187.6135
91.8962,224.1241,260.6080,187.6317
95.0475,217.3038,261.3409,187.2014
95.3902,216.9880,260.6555,187.8329
95.6172,216.8158,260.2015,188.1774
92.3995,216.7294,259.5987,188.3502
95.7761,220.0299,259.8775,188.7811
92.1891,220.1223,260.0081,188.5964
92.0467,220.2491,260.2930,188.3427
91.9578,220.3289,260.4707,188.1830
91.8321,220.4830,260.7221,187.8750
91.1731,221.0700,262.0402,186.7010
86.9029,221.8637,263.5386,185.1134
82.5531,222.2824,265.2000,184.2761
85.3432,222.7145,266.6694,183.4120
84.6531,222.9394,268.0495,182.9622
84.0849,226.5307,269.1860,182.8504
87.7581,226.7757,268.9257,182.3604
87.8344,227.1522,268.7730,181.6073
88.0949,227.3625,268.2520,181.1869
88.2653,227.4408,267.9114,181.0302
88.7375,227.5528,266.9669,180.8062
89.2340,227.7712,265.9739,180.3695
89.6295,227.8843,265.1829,180.1432
90.0389,227.9544,264.3640,180.0030
94.2419,224.2170,262.9245,180.5115
94.9560,224.2816,261.4962,180.3823
95.2970,228.0681,260.8142,179.7387
95.5569,228.3111,260.2945,179.2526
95.7318,225.2418,259.9446,178.4987
96.1571,225.3948,259.0940,178.1928
96.7908,225.3353,257.8266,178.3117
93.7048,225.5357,257.1589,177.9109
90.7194,225.6436,256.3066,177.6950
88.0819,222.4128,254.7751,177.3502
88.7233,225.9655,253.4923,177.0224
89.1749,226.2020,252.5892,176.5496
89.5541,226.4095,251.8307,176.1345
89.9629,226.5643,251.0131,175.8248
90.3199,226.8274,250.2991,175.2987
90.9848,227.1394,248.9693,174.6747
91.9249,221.0320,247.0891,173.5977
92.8495,221.6826,245.2399,172.2965
90.3733,222.2086,243.6421,171.2445
91.0492,222.5247,242.2903,170.6124
91.7359,222.7751,240.9168,170.1115
92.4944,222.8923,239.3998,169.8772
93.3427,222.9114,237.7033,169.8389
91.1181,223.0894,235.7567,169.4830
95.0213,223.4794,234.3107,168.7029
95.5573,223.8595,233.2387,167.9427
95.7532,224.5550,232.8469,166.5517
99.1913,225.1345,232.2387,165.3928
99.8276,225.3728,230.9662,164.9161
100.7049,221.9339,229.2116,165.5813
94.9600,218.5517,228.3073,166.1486
98.5239,222.0419,227.3722,165.3608
101.1005,222.2897,228.3845,164.8654
100.3577,222.4343,229.8701,164.5761
96.4864,225.6974,231.4222,164.2403
95.8336,225.4245,232.7279,164.7861
98.3825,222.0963,233.8672,165.2053
91.1386,221.9428,235.8324,165.5125
89.9296,221.8181,238.2504,165.7617
91.6999,225.3933,241.0464,164.9482
87.2356,228.5552,243.6096,164.9898
89.3055,228.6004,245.8745,164.8993
91.5137,228.5543,247.8956,164.9916
87.4941,231.7933,249.4654,164.9830
92.9057,232.0999,251.6278,164.3697
88.4553,232.8139,254.0136,162.9417
87.6762,233.3710,255.5718,161.8274
87.0417,234.0242,256.8407,160.5211
86.5351,234.5133,257.8539,159.5429
85.9460,238.1837,259.0322,158.7295
85.2690,238.7076,260.3861,157.6817
81.2696,239.3159,261.8511,156.4652
80.3956,239.8872,263.5990,155.3226
79.7477,240.2119,264.8949,154.6731
79.1811,240.3857,266.0281,154.3255
78.7460,240.4818,266.8983,154.1334
81.7560,240.4389,267.4490,154.2191
78.5434,236.9417,267.2938,154.6333
74.8707,236.8528,268.0542,154.8111
77.9937,239.9365,268.4076,155.2430
80.9387,236.3608,269.1295,155.7825
77.4020,236.0328,269.5711,156.4385
80.6467,235.1035,269.7310,158.2970
73.8237,231.3076,270.0107,159.2057
73.8522,230.8686,269.9536,160.0836
73.8147,226.9680,270.0286,161.1681
73.5711,226.5536,270.5159,161.9969
73.3869,222.8520,270.8842,162.6426
73.1402,222.4662,271.3776,163.4143
72.9696,221.9553,271.7188,164.4360
72.6575,221.6424,272.3429,165.0618
75.9100,221.2072,272.6743,165.9322
72.1963,220.9109,273.2458,166.5249
75.5744,220.3438,273.3639,167.6590
78.4771,220.1208,274.4539,168.1050
74.1029,220.3551,276.2832,167.6364
69.7606,220.4013,278.0295,167.5441
72.8397,216.6198,278.8340,168.1443
79.2991,216.6891,279.8850,168.0056
82.8739,216.9384,279.7336,167.5071
86.5552,220.2845,279.3586,167.8023
86.3972,220.0394,279.6743,168.2927
90.0992,219.9714,279.2704,168.4286
94.5025,219.9875,277.4599,168.3964
95.0519,220.4364,276.3611,167.4986
98.8371,221.1296,275.7278,166.1123
109.6678,218.4238,274.7796,164.6195
123.5436,218.8088,274.4884,163.8494
127.5952,218.7513,273.2329,163.9644
128.2271,215.3828,271.9691,163.8704
128.7715,211.7490,270.8803,164.3274
132.6324,211.7482,269.9607,164.3289
136.6055,211.9290,268.8028,163.9673
140.5048,208.8508,267.7694,163.3586
141.2251,208.7240,266.3287,163.6124
145.0661,208.7966,265.3690,163.4671
145.2769,209.1923,264.9473,162.6757
147.8571,206.8160,266.4730,160.7424
147.4392,207.4955,267.3087,159.3833
150.4211,208.1844,268.0104,158.0055
150.3215,208.7154,268.2097,156.9435
150.4637,209.0119,267.9254,156.3505
153.9715,209.4303,267.5331,155.5137
154.3710,206.3368,266.7341,155.0973
154.6147,203.3110,266.2469,154.5642
158.2658,203.3617,265.5129,154.4628
158.7931,203.3725,264.4583,154.4412
159.5583,203.5191,262.9280,154.1480
160.2938,203.8445,261.4569,153.4974
164.1096,204.1041,260.3046,152.9781
168.0563,204.2843,258.8645,152.6177
171.9866,204.1887,257.4297,152.8089
172.3679,204.5939,256.6671,151.9985
175.8874,205.3947,256.0107,150.3968
176.3031,206.1572,255.1792,148.8719
176.0971,207.0221,255.5912,147.1421
179.0859,204.6385,255.8983,145.6247
179.4029,205.0122,255.2643,144.8774
179.7974,205.1654,254.4751,144.5710
183.9521,205.1047,252.3901,144.6924
188.3473,205.0707,249.7953,144.7603
189.4992,205.0766,247.4914,144.7486
193.9516,205.0750,244.7104,144.7518
198.3035,205.3115,242.0891,144.2788
199.4914,205.4472,239.7134,144.0074
200.4612,205.6552,237.7738,143.5914
204.3751,203.1063,235.9058,142.7294
206.9764,204.0172,236.6205,140.9075
209.4547,204.7794,237.5614,139.3831
212.1756,205.3661,238.0051,138.2097
211.9917,205.7982,238.3729,137.3456
215.3019,203.2071,237.6156,136.6647
215.7891,203.5724,236.6413,135.9340
216.2652,201.0814,235.6890,135.1026
216.8953,204.1385,234.4288,134.7737
217.2462,204.6362,233.7271,133.7782
217.6487,202.2094,232.9220,132.8981
220.9855,205.3385,231.9553,132.3468
221.5093,202.7779,230.9076,131.7848
222.1043,203.0316,229.7177,131.2774
222.3932,203.2950,229.1399,130.7506
222.8025,206.3990,228.3213,130.1569
223.0997,204.3714,227.7269,128.6199
223.4152,205.0306,227.0959,127.3016
226.5224,205.5615,226.4070,126.2398
223.9118,203.6554,226.1309,124.5548
224.2455,203.9801,225.4636,123.9053
227.1143,204.2053,225.1694,123.4549
227.3270,204.2194,224.7442,123.4267
227.4904,206.5829,224.4173,124.1244
227.7089,203.9120,223.9802,124.0345
227.5443,203.8321,224.3095,124.1943
230.0199,203.4921,224.7895,124.8743
232.5734,203.0086,225.1325,125.8414
232.5338,202.4986,225.2117,126.8613
229.6389,202.2794,225.5116,127.2998
232.1211,202.0340,226.0490,127.7906
231.7538,201.8978,226.7838,128.0630
231.8095,201.6811,226.6723,128.4964
231.7905,201.3750,226.7103,129.1086
231.8610,200.9695,226.5694,129.9194
231.7623,200.5746,226.7667,130.7094
231.6141,200.2358,227.0630,131.3870
231.5560,199.7370,227.1793,132.3845
231.3835,199.3978,227.5242,133.0630
231.0721,198.9525,228.1472,133.9536
230.9079,198.5510,228.4755,134.7565
230.9914,198.1707,228.3085,135.5172
231.1456,197.6833,228.0001,136.4920
230.9131,199.8425,228.4652,137.8681
230.5716,199.0939,229.1481,139.3654
230.2598,198.1864,229.7717,141.1803
227.0435,194.6467,230.4043,142.4598
229.3955,194.0495,231.5312,143.6542
225.9540,193.8002,232.5464,144.1527
225.6382,193.3016,233.1781,145.1500
225.4289,193.0095,233.5966,145.7342
225.1649,192.8841,234.1246,145.9849
224.7327,192.6742,234.9891,146.4049
227.3719,192.3852,235.6763,146.9827
226.9989,191.8530,236.4221,148.0473
226.5531,191.3400,237.3139,149.0732
226.1691,190.5963,238.0818,150.5605
225.6008,190.1698,239.2184,151.4136
225.1849,189.8096,240.0502,152.1341
224.9762,189.3226,240.4677,153.1079
227.2818,189.1463,242.0163,153.4605
226.1247,188.9544,244.3304,153.8445
225.3873,188.9579,245.8052,153.8374
227.8493,189.0346,247.1328,153.6839
234.0780,188.4233,247.2137,154.9066
236.4822,185.2307,248.6961,155.0010
242.3423,184.3385,249.6047,156.7855
245.9387,183.4561,248.7700,158.5502
235.5450,183.4811,250.4322,158.5003
238.4323,186.2723,251.0567,159.3168
227.6246,186.3996,253.4059,159.0623
230.4311,186.4449,254.2459,158.9717
229.4676,186.8206,256.1729,158.2203
232.2800,186.6994,257.0282,158.4627
231.1325,180.6719,259.3231,157.5238
230.3560,180.3226,260.8761,158.2224
233.5432,179.7239,261.0521,159.4198
220.9417,178.1558,259.9629,162.5559
218.5932,176.3866,258.0504,166.0944
219.8840,174.5907,255.4688,169.6862
220.9369,172.9909,253.3629,172.8857
221.8824,171.5471,251.4719,175.7735
226.2427,170.1730,249.4531,178.5215
227.4406,168.8959,247.0574,181.0758
228.5744,167.7392,244.7897,183.3891
233.1627,166.7177,242.3387,185.4322
234.1690,165.8886,240.3260,187.0904
232.4272,168.4875,237.0919,188.6104
230.2444,167.8002,234.7644,189.9850
228.1359,167.2114,232.3017,191.1627
225.3128,166.6885,231.2869,192.2085
225.8275,166.1295,230.2576,193.3265
226.0542,165.8296,229.8042,193.9263
226.5229,165.5936,228.8667,194.3983
226.8540,165.4424,228.2045,194.7007
227.0157,165.3701,227.8813,194.8452
227.4474,165.1329,227.0178,195.3197
227.7471,164.8909,226.4183,195.8036
228.0191,164.6299,225.8744,196.3257
231.5459,164.4288,225.4656,196.7279
231.4074,164.2448,225.7426,197.0958
231.3347,163.9506,225.8880,197.6842
231.3673,163.7318,225.8228,198.1218
231.1328,163.6953,226.2917,198.1949
231.0499,163.6151,226.4575,198.3552
230.8295,163.6091,226.8984,198.3672
230.9004,163.5786,226.7566,198.4283
230.9795,163.4893,226.5984,198.6069
230.9795,163.3388,226.5984,198.9079
231.0403,163.1693,226.4767,199.2468
231.2125,162.9569,226.1324,199.6717
231.0806,162.8804,226.3962,199.8247
230.9744,162.7518,226.6085,200.0818
230.8398,162.7397,226.8778,200.1061
227.0786,162.8580,227.6793,199.8695
227.0967,162.8879,227.6432,199.8097
227.1877,162.8128,227.4611,199.9599
227.3324,162.6626,227.1717,200.2604
227.4207,162.4296,226.9951,200.7263
227.4665,165.6884,226.9036,200.9412
227.6540,165.4496,226.5285,201.4187
227.7080,165.3909,226.4204,201.5362
227.9038,165.2742,226.0289,201.7696
228.0433,165.1689,225.7499,201.9801
228.1621,165.1227,225.5123,202.0727
228.1714,165.1404,225.4938,202.0372
228.3720,165.1483,225.0925,202.0214
228.4231,165.0930,224.9904,202.1321
228.2787,165.0730,225.2790,202.1721
228.4007,164.9476,225.0350,202.4229
228.5505,164.8684,224.7354,202.5813
228.7641,164.8209,224.3083,202.6763
228.8173,164.7786,224.2019,202.7609
232.5196,164.7177,223.5191,202.8826
232.4674,164.8124,223.6234,202.6932
232.4575,164.9513,223.6432,202.4154
232.4172,165.0423,223.7239,202.2335
232.5357,164.9980,223.4868,202.3221
232.8482,164.8408,222.8618,202.6364
233.1300,164.7320,222.2982,202.8540
233.1201,164.8479,222.3181,202.6223
233.1276,164.8894,222.3031,202.5393
233.3819,164.8100,221.7944,202.6982
233.7550,164.7297,221.0482,202.8587
234.1554,164.6302,220.2473,203.0576
234.3362,164.6949,219.8858,202.9283
234.3545,164.8550,219.8493,202.6081
234.0047,165.1384,220.5489,202.0412
234.2386,165.2966,220.0810,201.7249
234.1655,165.5364,220.2271,201.2453
234.0957,165.7062,220.3669,200.9057
234.0920,165.9109,220.3741,200.4962
234.2651,165.9926,220.0280,200.3328
234.6389,165.9320,219.2804,200.4541
234.6454,165.9393,219.2674,200.4394
237.9676,165.9003,219.2309,200.5175
238.0531,165.9995,219.0600,200.3191
240.6893,167.2523,220.3902,197.8134
243.5008,171.9213,221.3508,195.0589
243.0683,173.2059,222.2157,192.4897
242.7560,174.5325,222.8403,189.8366
242.3449,175.8142,223.6625,187.2732
241.9796,177.0962,224.3931,184.7090
245.0746,178.0016,224.6380,182.8984
245.1422,178.7718,224.5029,181.3580
248.7886,179.1175,223.5925,180.6666
252.4722,179.4872,222.5827,179.9272
252.9957,179.6761,221.5358,179.5493
253.5046,180.1980,220.5179,178.5055
254.0718,183.9810,219.3835,177.2146
257.6047,184.6019,218.5544,175.9729
260.8685,185.8061,218.2309,173.5645
272.0310,187.7887,220.5457,169.5993
273.8126,192.7599,223.1135,165.7877
275.2916,194.7109,226.2632,161.8858
273.7531,196.6407,229.3402,158.0262
272.3151,195.6261,232.2162,153.9810
271.1009,194.4592,234.6446,150.2643
270.4817,195.9445,235.8831,147.2937
269.9552,197.2250,236.9361,144.7327
269.5821,198.2753,237.6823,142.6320
272.2001,198.9993,238.3885,141.1840
272.1617,195.1047,238.4653,143.0448
271.8760,197.8400,239.0367,143.5352
272.1206,201.1652,238.5475,142.8624
272.2575,204.5035,238.2737,142.1448
275.8471,205.1562,237.0374,140.8395
276.4617,205.8361,235.8082,139.4797
277.1821,206.5419,234.3672,138.0680
283.0409,207.6313,234.2815,135.8892
296.5146,203.2272,236.2228,133.1420
312.7944,201.6936,238.2225,130.4492
317.0511,199.6976,241.1960,128.6977
323.8191,197.8630,244.9321,126.6096
328.4645,198.5070,247.1940,125.3215
330.3322,198.9084,249.2461,124.5188
332.6116,198.9634,250.4908,124.4088
338.0199,198.6785,251.3139,124.9787
343.9818,198.2236,251.0736,125.8884
349.9834,194.9686,250.7785,126.5445
347.0638,194.5925,250.7566,127.2965
353.1366,194.3216,250.3584,127.8385
350.2357,194.0732,250.2830,128.3351
338.6617,193.8972,249.8924,128.6872
344.5103,193.8111,249.9652,128.8593
347.5790,193.7126,249.7169,129.0564
356.2380,193.7945,250.0651,128.8926
359.2666,193.6103,249.8991,129.2610
365.3879,196.5691,249.4464,129.2384
371.7501,199.3096,248.4980,129.6453
378.3830,201.8002,246.9941,130.5451
385.0107,203.9490,245.4875,132.1220
392.0165,205.0622,243.2342,135.7747
399.6802,207.9680,239.7237,141.7799
407.1516,198.9101,236.6972,147.9793
414.0587,195.9332,234.9180,153.9330
422.9451,190.5089,235.4163,158.6912
454.2730,178.7469,234.5300,163.6844
461.5103,176.0800,232.5477,169.0182
472.0665,173.4281,230.3476,174.3221
479.0167,171.0299,229.1622,179.1184
483.0121,168.7847,227.5888,183.6089
499.8020,169.5836,226.3405,188.4774
532.4717,170.7273,226.2587,192.7158
535.3641,165.8452,227.0666,195.8872
535.1357,167.0985,227.5235,200.0367
537.7131,165.1849,229.0984,203.8640
537.2424,166.6236,230.0397,207.8019
539.6784,165.4462,232.0607,210.1568
541.9598,164.6796,234.4597,211.6901
544.4213,167.1439,236.5606,213.7850
546.7457,169.9751,239.0016,215.2125
545.4857,169.4296,241.5215,216.3034
547.7664,168.9130,244.1671,217.3366
556.7656,168.8059,247.9629,217.5508
552.3854,168.2070,249.3964,218.7487
551.5187,171.4314,251.1296,219.6682
550.2823,171.1624,253.6023,220.2063
535.0781,174.2623,254.1833,221.4634
535.2487,173.5674,253.8420,222.8531
535.0217,172.9083,254.2960,224.1714
538.2134,172.3849,255.4437,225.2181
537.9967,171.8116,255.8772,226.3648
538.0611,171.4298,255.7484,227.1284
537.8176,171.3747,256.2355,227.2386
538.5494,170.7602,254.7718,228.4677
535.6020,170.0008,253.0594,229.9865
536.5969,169.2780,251.0695,231.4321
537.6073,168.7988,249.0487,232.3904
538.2479,168.3446,247.7675,233.2988
538.9617,167.9909,246.3399,234.0063
539.5352,167.7158,245.1930,234.5564
540.0369,167.5173,244.1895,234.9533
540.5703,167.4568,243.1227,235.0743
537.2164,167.4732,242.3003,235.0416
537.5447,167.4809,241.6434,235.0261
537.7679,167.1952,241.1971,235.5976
537.9451,166.9631,240.8427,236.0617
538.3215,166.8475,240.0900,236.2930
538.6598,166.8316,239.4134,236.3247
539.1494,166.7301,238.4342,236.5277
539.5360,166.8120,237.6610,236.3640
539.9022,166.8146,236.9287,236.3588
540.2637,166.8501,236.2056,236.2878
540.6146,166.9081,235.5038,236.1718
