1
233.7391,235.8892,160.5218,41.2217
233.7659,236.2031,160.4682,40.5938
233.7411,236.3707,160.5177,40.2587
233.6679,236.4503,160.6641,40.0994
233.5489,236.4249,160.9022,40.1503
233.4107,234.9260,161.1786,40.1279
233.1414,234.7675,161.7172,40.4449
232.7076,233.1687,162.5849,40.6054
230.7835,231.5349,163.3807,40.8209
228.9010,229.8175,164.0781,41.1881
226.9393,228.1232,164.9173,41.4924
226.6324,226.4723,165.5311,41.6923
224.6030,224.7559,166.4756,42.0107
222.6550,222.9869,167.2381,42.4151
220.7291,221.2132,167.9379,42.8107
218.6420,219.4208,168.9428,43.2263
216.4742,216.1565,170.0872,43.3723
212.5903,214.3499,171.4347,43.7755
211.9507,212.5414,172.7140,44.1558
207.9297,209.2267,174.2323,44.2615
205.4384,207.3921,175.9298,44.6457
202.8365,205.5414,177.8174,45.0308
200.2462,203.5451,179.6479,45.6733
197.4020,199.8730,181.9484,46.2417
194.5969,197.6975,184.1276,47.1618
191.7552,195.4998,186.3320,48.0782
187.0380,193.3112,188.7117,48.9279
182.2603,191.1722,191.1135,49.6291
179.2465,189.1220,193.5172,50.1057
174.4201,186.9119,195.8367,50.8592
173.2567,186.3770,198.1636,51.9290
166.3174,184.0056,200.7430,52.9053
163.2007,183.3571,203.1554,54.2025
158.0135,180.9502,205.7708,55.1368
154.6184,178.6547,208.6272,55.7940
151.4367,178.3384,211.0041,56.4264
148.1768,177.9848,213.4922,57.1338
144.7684,177.5875,216.2287,57.9283
139.1063,177.2607,219.2859,58.5818
135.4282,177.1691,222.4532,58.7651
131.9349,176.8738,225.2027,59.3557
124.3585,176.4132,227.4954,60.2769
121.1497,176.0193,229.5765,61.0647
117.5737,177.8678,232.3481,61.7482
113.9729,179.7413,235.1172,62.4335
113.0086,181.3783,237.0459,63.6438
109.8463,180.8488,238.8364,64.7028
106.6642,182.6094,240.6214,65.7608
105.8137,184.3979,242.3224,66.8081
102.7078,186.0309,243.8661,68.2101
99.7720,187.6756,245.0219,69.6367
99.5486,189.5138,245.4687,70.7192
97.0751,191.2331,245.6302,72.0660
96.8788,193.1033,246.0228,73.1384
96.8658,194.8734,246.0488,74.4365
96.9498,196.5195,245.8809,76.0070
97.0683,198.0372,245.6438,77.8610
97.3683,199.6179,245.0437,79.6200
97.8870,201.2655,244.0064,81.2689
98.6153,203.0953,242.5498,82.5688
99.5912,202.5374,240.5980,83.6847
103.0721,204.5742,238.5913,84.5662
106.5672,204.2479,236.5435,85.2187
110.1390,206.3117,234.3251,86.0162
111.4230,208.0698,231.7570,87.4077
115.1239,207.6711,229.2512,88.2052
116.5340,207.4308,226.4311,88.6857
120.4570,207.1901,223.4274,89.1672
126.5918,209.3242,220.7737,89.7067
130.1053,209.1080,218.5259,90.1393
133.6463,206.4992,216.1985,90.6022
137.2593,206.6378,213.7018,90.3251
140.8638,206.8212,211.1809,89.9582
144.5194,206.9018,208.5152,89.7970
150.5867,204.8248,205.5882,89.3472
154.4082,205.1105,202.4989,88.7757
158.2052,203.3089,199.4037,87.8803
161.8436,201.3157,196.5648,87.4285
164.9449,199.2302,194.7513,87.2105
166.0025,199.2450,192.6361,87.1809
169.6701,197.2869,189.6286,86.7694
173.0159,195.3895,187.2137,86.2876
176.0179,193.5599,185.4427,85.7135
181.0083,191.7210,183.8567,85.1940
183.9660,189.7442,182.1065,84.9825
186.8495,187.7324,180.4756,84.8700
189.6552,185.7501,178.9745,84.7242
192.3686,183.8178,177.6335,84.5030
195.0514,181.9348,176.3304,84.2066
197.7252,180.1070,175.0211,83.8239
200.4119,178.3434,173.6603,83.3385
200.9926,176.6175,172.4988,82.8060
203.6036,176.8065,171.2349,82.4279
206.0214,175.0241,170.3323,82.0598
208.4019,173.1595,169.4847,81.8757
210.7000,171.2874,168.7864,81.7220
212.9290,169.4042,168.2134,81.6034
215.0972,169.3470,167.7515,81.7177
217.1326,167.3057,167.5506,81.9305
217.2622,167.1207,167.2913,82.3006
219.4109,164.9953,166.8671,82.6781
221.4951,162.8457,166.5722,83.1038
221.6124,162.5115,166.3378,83.7723
223.5654,162.1496,166.3164,84.4960
225.5194,159.9516,166.3053,84.9950
225.5986,157.6656,166.1469,85.6618
227.6691,157.3415,165.9204,86.3099
229.6593,155.0992,165.8624,86.8723
229.7902,154.8234,165.6005,87.4238
231.8084,154.4706,165.5010,88.1294
233.7655,152.1790,165.5341,88.7651
233.7325,149.8021,165.6002,89.5601
235.8667,149.4850,165.3052,90.1943
237.9061,149.0356,165.2063,91.0932
238.0035,148.6331,165.0116,91.8980
240.1091,146.2668,164.8051,92.6260
242.1959,145.8542,164.6454,93.4514
244.1512,143.3449,164.7604,94.4442
244.2052,142.9400,164.6524,95.2540
246.2230,142.4336,164.6733,96.2668
248.2564,141.9369,164.6803,97.2602
250.3508,141.4859,164.5822,98.1623
250.3589,138.9976,164.5660,99.0343
252.3890,138.5272,164.6248,99.9751
254.5271,138.0725,164.4844,100.8844
254.5607,137.6831,164.4170,101.6632
256.6597,135.2388,164.3802,102.3908
258.6970,134.8469,164.4783,103.1746
260.7965,134.4642,164.4665,103.9401
260.7805,134.1265,164.4985,104.6155
262.8614,133.6923,164.5484,105.4839
264.9210,133.2623,164.6562,106.3440
266.9736,132.8428,164.7940,107.1829
269.1248,130.2375,164.7506,108.1344
268.9971,129.8843,165.0058,108.8408
271.0476,129.4620,165.1948,109.6855
273.1707,128.9593,165.2552,110.6908
273.1276,128.4812,165.3415,111.6470
275.2813,125.8665,165.3755,112.5351
277.3232,125.3758,165.6484,113.5164
277.2218,124.9057,165.8512,114.4566
279.3509,124.4284,165.9887,115.4111
281.4842,123.9627,166.1357,116.3426
283.5223,123.4984,166.4907,117.2713
285.5846,122.9818,166.8179,118.3044
287.6580,122.4385,167.1450,119.3910
287.5399,121.9488,167.3812,120.3705
289.7326,121.3366,167.5121,121.5948
291.9324,120.7654,167.6510,122.7372
294.0240,120.1722,168.0273,123.9236
293.8547,119.6211,168.3657,125.0259
296.0708,119.0621,168.5412,126.1437
298.2497,118.4720,168.8123,127.3240
300.4307,117.8399,169.1023,128.5881
302.7141,117.2741,169.2126,129.7198
302.6142,116.7398,169.4124,130.7883
304.8718,116.2350,169.6151,131.7979
307.1224,115.7583,169.8512,132.7515
309.3034,115.2915,170.2456,133.6849
311.4856,114.8000,170.6588,134.6680
313.6763,114.3064,171.0774,135.6552
313.4832,113.8085,171.4635,136.6509
315.6791,113.3006,171.9162,137.6667
315.4898,112.7570,172.2948,138.7541
317.6245,112.1559,172.9166,139.9563
319.7841,111.5809,173.5177,141.1061
319.6532,111.0135,173.7797,142.2409
321.9352,110.4501,174.1862,143.3678
324.2165,109.8576,174.6185,144.5528
326.5249,109.3050,175.0224,145.6580
328.8065,108.7508,175.5040,146.7663
328.6438,108.2017,175.8294,147.8645
330.9754,107.5895,176.2589,149.0890
333.4081,106.9985,176.5128,150.2710
333.3221,106.4550,176.6846,151.3581
335.7219,105.9097,177.0473,152.4486
338.1544,105.3357,177.3677,153.5966
338.1193,104.7539,177.4377,154.7601
340.6475,104.2590,177.6097,155.7499
343.1815,103.7359,177.7887,156.7962
343.1035,103.1507,177.9446,157.9665
345.6067,102.6492,178.2259,158.9697
345.5069,102.0934,178.4256,160.0812
347.9417,101.6043,178.8847,161.0594
350.3890,101.0931,179.3417,162.0819
352.8962,100.4740,179.7025,163.3200
352.8273,99.8269,179.8403,164.6142
355.4104,99.2585,180.0972,165.7510
355.3102,98.6861,180.2976,166.8958
357.9350,98.1622,180.5145,167.9436
360.6276,97.5807,180.6160,169.1065
360.5649,96.9760,180.7414,170.3159
363.2724,96.3798,180.8542,171.5083
363.2296,95.7227,180.9399,172.8225
365.9236,92.2651,181.1225,174.1672
368.7064,91.6063,181.1517,175.4846
368.7305,91.0188,181.1036,176.6598
368.7344,90.4081,181.0957,177.8810
371.5586,89.8048,181.1004,179.0877
371.5554,89.1999,181.1069,180.2975
374.3687,88.5574,181.1717,181.5824
377.1638,87.9762,181.2943,182.7449
377.1694,87.5204,181.2830,183.6565
377.1619,87.0650,181.2980,184.5672
380.1356,86.5845,181.1123,185.5283
380.1510,83.2455,181.0814,186.4325
380.2353,82.8085,180.9128,187.3065
380.3236,82.4079,180.7362,188.1078
380.4326,82.0422,180.5182,188.8392
383.6088,78.7734,179.9821,189.5604
383.7968,78.4139,179.6060,190.2795
383.9582,78.0962,179.2832,190.9148
384.1477,77.8422,178.9043,191.4228
384.4475,74.6880,178.3047,191.9001
384.7647,74.2953,177.6703,192.6856
385.1217,73.9093,176.9562,193.4575
385.4965,73.6015,176.2066,194.0731
382.9456,73.3012,175.4789,194.6738
383.3635,72.8888,174.6432,195.4985
380.9024,69.7235,173.7387,196.0025
381.3239,69.3409,172.8958,196.7677
378.8364,68.9636,172.0522,197.5224
379.4006,68.6549,170.9238,198.1397
377.0044,68.4420,169.9082,198.5654
374.5428,65.2706,169.0330,199.1099
375.1130,64.9531,167.8927,199.7450
372.7757,64.6823,166.7830,200.2865
370.4211,64.3843,165.7176,200.8824
371.0235,64.2029,164.5130,201.2452
368.7517,64.0836,163.3038,201.4840
366.4063,61.0951,162.2578,201.7241
363.9347,60.7201,161.4774,202.4742
361.4620,60.2754,160.7003,203.3634
359.0627,59.8610,159.7755,204.1924
356.7230,59.5702,158.7338,204.7739
354.4292,59.0986,157.6084,205.7171
352.2173,58.5848,156.3232,206.7447
350.1118,57.9968,154.8303,207.9207
347.9951,57.3852,153.3665,209.1438
343.1807,56.9399,151.6113,210.0344
341.2199,56.8938,149.8564,210.1268
339.2262,56.9294,148.1947,210.0555
337.2380,57.0051,146.5504,209.9041
335.2315,56.9533,144.9721,210.0077
333.2375,56.8866,143.3934,210.1410
331.2479,56.8795,141.8301,210.1554
326.6956,56.7967,139.9007,210.3210
324.9699,56.8214,137.8649,210.2714
323.4388,56.9103,135.4742,210.0938
316.8629,57.1007,132.3956,209.7129
315.3696,57.3003,130.0290,209.3137
313.9512,54.9214,127.5585,208.7640
310.0772,55.3293,124.7911,207.9482
306.1783,55.7117,122.1911,207.1835
304.8307,56.0408,119.7425,206.5253
300.9208,56.1450,117.3775,206.3169
299.5134,56.0828,115.1432,206.4413
295.8477,55.9383,112.4484,206.7303
292.3342,55.8934,109.5328,206.8201
291.1294,56.2570,107.0198,206.0929
287.5399,56.5066,104.4610,205.5938
286.0608,56.8721,102.6020,204.8626
284.2895,57.0694,101.3700,204.4681
279.9907,57.2531,100.4727,204.1006
275.7608,57.4805,99.4794,203.6459
273.8514,57.7037,98.5957,203.1996
271.8507,57.7241,97.9163,203.1586
267.6910,58.0532,96.8990,202.5005
263.7391,60.8373,95.5206,201.5733
261.8316,61.3081,94.7322,200.6317
257.9293,63.9205,93.3847,199.9831
255.9339,63.9373,92.8323,199.9494
251.8499,63.9522,91.9346,199.9196
250.0103,64.1834,91.0969,199.4572
246.0558,66.7677,90.0151,198.7841
244.2270,67.1241,89.2060,198.0712
242.4498,67.5654,88.3184,197.1885
240.7278,68.0729,87.3487,196.1737
238.9926,68.3470,86.4372,195.6254
235.1111,68.5046,85.4844,195.3102
233.3909,68.6236,84.5881,195.0721
231.6663,68.8035,83.7201,194.7124
230.0260,69.0054,82.7038,194.3086
228.4325,69.3238,81.6179,193.6718
226.7431,69.5604,80.7520,193.1987
224.9427,69.7150,80.1305,192.8893
223.0949,69.8945,79.6193,192.5303
223.2014,70.1352,79.4062,192.0490
221.3486,70.3983,78.9301,191.5228
221.4888,70.6365,78.6496,191.0464
219.6261,70.8974,78.2211,190.5247
219.6868,71.2798,78.0998,189.7599
219.7957,71.5650,77.8818,189.1895
217.9735,71.7800,77.4128,188.7594
218.0479,72.1295,77.2639,188.0605
218.1101,72.4693,77.1396,187.3809
218.1698,72.7394,77.0201,186.8407
218.2208,73.0167,76.9181,186.2860
218.2581,73.2933,76.8436,185.7329
218.3184,73.5653,76.7230,185.1889
218.3678,73.8328,76.6243,184.6538
218.4045,74.0794,76.5507,184.1606
218.3613,74.3755,76.6371,183.5684
218.2000,74.6195,76.9598,183.0804
218.0601,74.9008,77.2395,182.5178
219.9675,75.2316,77.4306,181.8562
221.7689,73.4792,77.8274,181.3615
223.5165,73.7856,78.3316,180.7486
225.1777,74.0186,79.0087,180.2825
226.7656,74.0947,79.8376,180.1303
228.3068,72.1903,80.7724,179.9221
229.8966,72.3441,81.6232,179.6145
231.5363,72.5014,82.3848,179.2998
233.2246,72.7289,83.0579,178.8450
234.7389,72.8423,84.0844,178.6181
236.2960,70.8357,85.0396,178.5617
239.9780,71.1040,85.8463,178.0251
241.6080,71.4529,86.6780,177.3274
245.2130,71.8236,87.6595,176.5860
246.7078,72.0651,88.7721,176.1030
250.1555,72.4151,90.1051,175.4029
253.6048,72.8342,91.4602,174.5647
254.9259,73.4213,92.9560,173.3905
259.9356,74.1481,95.3755,171.9370
259.0845,77.0128,97.0779,170.3739
262.3330,77.6157,98.9250,169.1681
267.3947,78.2608,101.3582,167.8779
268.3732,80.9535,103.6088,166.6998
271.3797,83.6458,106.0513,165.5431
272.2200,84.2282,108.6220,164.3783
273.1307,87.1801,111.0774,162.7513
276.0623,90.3175,113.8002,160.7694
276.7339,91.0193,116.7651,159.3659
279.4678,94.2406,119.9684,157.2588
280.3246,99.7827,122.6107,154.8863
281.0966,100.9614,125.4294,152.5290
284.1277,104.7006,128.1113,149.4227
286.9950,108.2982,131.1115,146.5949
287.4900,109.6381,134.4932,143.9150
290.2693,113.2628,137.7020,141.0494
290.9763,116.8370,140.6778,138.2908
293.8832,122.6944,143.6503,135.3622
294.7289,124.1010,146.3523,132.5491
295.6279,127.6976,148.9450,129.7467
298.6274,131.3847,151.7186,126.7586
299.5323,135.0991,154.2897,123.7110
300.5386,138.8643,156.6486,120.5520
301.6792,144.8366,158.7235,117.3194
302.8597,148.5626,160.6974,114.2024
304.1146,152.2959,162.5013,111.0494
305.4998,156.1008,164.0195,107.7284
304.7251,159.8760,165.5689,104.4344
306.2361,163.6129,166.7716,101.1853
305.5862,165.1506,168.0714,98.1100
307.1739,168.9343,169.0516,94.6980
306.6977,172.7130,170.0040,91.2526
306.3665,176.4471,170.6663,87.8518
308.0442,180.0433,171.3295,84.6779
307.8438,183.6280,171.7304,81.4820
307.6398,187.0532,172.1384,78.5554
307.5927,190.4951,172.2325,75.5501
307.5480,193.9504,172.3219,72.4666
307.5547,197.2961,172.3086,69.5492
307.6948,198.5673,172.0283,67.0067
307.8936,201.6532,171.6308,64.5072
308.1585,204.6075,171.1010,62.2204
308.4751,205.7395,170.4678,59.9565
307.1122,206.8670,169.6706,57.7014
307.4285,209.7401,169.0381,55.4257
306.1085,210.8497,168.2583,53.2066
304.9101,213.5378,167.2871,51.1982
303.7899,214.4686,166.2105,49.3366
304.3027,215.2774,165.1848,47.7192
303.1743,216.0315,164.2190,46.2109
302.0502,216.7255,163.2862,44.8229
302.4968,217.3668,162.3931,43.5403
301.3725,218.0224,161.5366,42.2291
300.3460,220.3120,160.5212,40.7181
299.3636,220.8111,159.4606,39.7201
298.3561,221.2870,158.4838,38.7681
297.4380,221.7153,157.3603,37.9115
296.4843,222.1006,156.3399,37.1410
295.6275,222.5311,155.1547,36.2799
294.7537,222.8615,154.0366,35.6191
293.7610,223.1259,153.1845,35.0903
292.7083,223.3121,152.4746,34.7179
290.3079,223.4790,151.6788,34.3841
289.3128,223.6554,150.8882,34.0313
288.2723,223.8177,150.2064,33.7067
287.2445,223.9524,149.5148,33.4374
284.8046,224.0834,148.9299,33.1754
283.9016,224.2790,148.0169,32.7842
282.8765,224.4280,147.3681,32.4862
281.7888,224.5321,146.8596,32.2780
280.7712,224.6175,146.2218,32.1071
279.6501,224.6850,145.8035,31.9722
278.5394,224.7750,145.3725,31.7921
277.4211,224.8307,144.9664,31.6808
276.2159,224.9194,144.7418,31.5034
273.7225,224.9348,144.4718,31.4725
272.5828,224.9762,144.1272,31.3897
271.3431,225.0261,143.9890,31.2900
270.1224,225.0325,143.8165,31.2772
268.9272,225.0626,143.5960,31.2169
268.9468,225.0848,143.5566,31.1726
267.6524,225.1174,143.5401,31.1074
266.3776,225.1374,143.4856,31.0674
265.1397,225.1629,143.3590,31.0164
263.8604,225.1879,143.3180,30.9663
262.6173,225.2103,143.2059,30.9215
262.6672,225.2512,143.1060,30.8397
261.4021,225.2568,143.0436,30.8286
261.3843,225.2742,143.0791,30.7937
260.0304,225.2838,143.1955,30.7747
258.7945,225.3158,143.0745,30.7107
257.4833,225.3267,143.1071,30.6888
257.4514,225.3377,143.1710,30.6667
256.1364,225.3292,143.2106,30.6838
256.0609,225.3478,143.3616,30.6465
254.8356,225.3722,143.2196,30.5979
254.7725,225.3734,143.3458,30.5955
253.4460,225.3869,143.4075,30.5684
253.4053,225.3776,143.4889,30.5870
253.4681,225.4247,143.3632,30.4928
252.1510,225.4259,143.4078,30.4904
252.0709,225.4329,143.5681,30.4764
250.7891,225.4534,143.5395,30.4354
250.6749,225.4354,143.7679,30.4715
250.6325,225.4561,143.8527,30.4299
249.2669,225.4599,143.9886,30.4223
249.1750,225.4898,144.1725,30.3625
249.0706,225.4912,144.3812,30.3597
248.9059,225.4871,144.7106,30.3679
248.7134,225.4626,145.0956,30.4169
248.6378,225.4683,145.2469,30.4056
248.5193,225.4651,145.4838,30.4120
248.4262,225.4473,145.6701,30.4475
248.2849,225.4203,145.9526,30.5015
248.1455,225.4116,146.2314,30.5190
247.9926,225.3938,146.5373,30.5546
247.8448,225.3496,146.8329,30.6430
247.7615,225.3169,146.9994,30.7084
247.6818,225.2843,147.1588,30.7735
247.6004,225.2814,147.3216,30.7793
247.4760,225.3260,147.5705,30.6902
247.3135,225.3378,147.8954,30.6666
247.2131,225.2897,148.0962,30.7628
247.0902,225.2525,148.3420,30.8372
246.9876,225.2625,148.5473,30.8171
246.8271,225.2339,148.8682,30.8743
246.6657,225.1890,149.1911,30.9642
246.5844,225.1789,149.3536,30.9844
247.7646,225.1526,149.6759,31.0370
247.6613,225.1086,149.8825,31.1250
247.5311,225.0563,150.1429,31.2296
248.7158,225.0237,150.4720,31.2948
248.5915,224.9894,150.7206,31.3633
248.4230,224.9721,151.0575,31.3979
249.6337,224.8983,151.3506,31.5457
249.4315,224.8452,151.7549,31.6517
250.5707,224.7647,152.2057,31.8127
250.4650,224.7513,152.4170,31.8396
251.6842,224.6804,152.7206,31.9814
251.4446,226.0042,153.1997,32.0827
251.3831,225.8936,153.3229,32.3039
251.2316,225.7734,153.6258,32.5443
252.5056,225.7151,153.8503,32.6610
252.4026,225.6296,154.0562,32.8320
253.7092,225.6044,154.2270,32.8822
253.5544,225.5732,154.5368,32.9448
254.8298,225.4572,154.7789,33.1767
256.0734,225.4091,155.0924,33.2729
255.8571,225.3616,155.5249,33.3679
257.0378,225.3023,155.9784,33.4864
258.2521,225.2420,156.3735,33.6071
259.4776,225.2177,156.7538,33.6558
260.7343,225.2138,157.0780,33.6635
260.5898,225.2067,157.3669,33.6777
261.8407,225.1772,157.7117,33.7367
263.2120,225.2125,157.8217,33.6661
263.1605,225.2062,157.9247,33.6787
264.4745,225.2018,158.1511,33.6875
265.7362,225.1316,158.4854,33.8280
266.9781,225.1293,158.8668,33.8325
266.8345,225.1632,159.1538,33.7647
268.1309,225.1369,159.4342,33.8174
269.3292,225.1472,159.9158,33.7968
270.6891,225.1395,160.0804,33.8120
271.9879,225.1270,160.3698,33.8372
273.1766,225.1114,160.8839,33.8684
273.0072,225.0480,161.2228,33.9952
274.1486,225.0010,161.8465,34.0891
273.9425,224.9429,162.2585,34.2052
276.5008,224.9419,162.9920,34.2074
277.6940,224.9054,163.5409,34.2803
278.8546,224.8639,164.1641,34.3633
280.0465,224.8357,164.7349,34.4198
281.3724,224.7941,165.0467,34.5029
282.6668,224.7434,165.4276,34.6043
283.9744,224.6882,165.7893,34.7147
285.2227,224.6612,166.2769,34.7687
286.4065,224.6216,166.9013,34.8480
286.0906,224.6055,167.5330,34.8800
287.3532,224.5643,168.0195,34.9626
288.6333,224.5588,168.4792,34.9736
289.9514,224.4921,168.8695,35.1069
291.2675,224.4240,169.2722,35.2431
292.6153,224.3303,169.6193,35.4305
294.0010,224.2731,169.8994,35.5450
295.3443,224.2049,170.2702,35.6814
296.6279,224.1316,170.7684,35.8279
297.9751,224.1072,171.1491,35.8768
299.3311,224.0045,171.5183,36.0821
300.7780,223.9434,171.7151,36.2044
302.1589,223.8617,172.0489,36.3677
303.4931,223.7594,172.4838,36.5723
304.7803,223.5911,173.0228,36.9089
306.1269,223.4408,173.4573,37.2096
307.4419,223.3131,173.9665,37.4649
308.7838,223.2493,174.4340,37.5924
310.1110,223.2019,174.9401,37.6873
311.4846,223.0925,175.3620,37.9061
312.7952,223.0149,175.9204,38.0612
314.2033,222.9261,176.2942,38.2389
315.5043,222.8468,176.8910,38.3974
316.7959,222.7520,177.5181,38.5871
318.0685,222.6386,178.1955,38.8139
319.3437,222.5031,178.8816,39.0849
320.5469,222.3799,179.7265,39.3314
321.7643,222.2581,180.5594,39.5749
323.0946,222.1227,181.1829,39.8458
324.4853,222.0114,181.6996,40.0682
325.8690,221.8910,182.2417,40.3092
327.3480,221.8369,182.6056,40.4173
328.8153,221.6934,182.9999,40.7042
330.3034,221.5730,183.3638,40.9451
331.8764,221.4346,183.5674,41.2219
333.3179,221.2523,184.0423,41.5866
334.7350,221.0755,184.5796,41.9402
336.1548,220.8834,185.1258,42.3242
337.4958,220.6317,185.8447,42.8278
337.0999,220.3947,186.6363,43.3016
338.4975,220.1721,187.2819,43.7469
339.8493,219.9147,188.0366,44.2617
341.2993,219.7392,188.6151,44.6126
342.7348,219.5124,189.2377,45.0663
344.2544,219.3563,189.7093,45.3785
345.6681,219.1757,190.4053,45.7397
347.2120,218.9490,190.8577,46.1932
347.0066,218.7587,191.2685,46.5738
348.4870,218.6232,191.8758,46.8448
350.1334,218.5194,192.1647,47.0524
351.7578,216.6847,192.5056,47.1320
351.5497,216.5255,192.9217,47.4504
353.1405,216.3564,193.3481,47.7885
354.6608,216.1510,193.9278,48.1993
356.2169,215.9565,194.4518,48.5884
357.7049,214.0355,195.1269,48.7794
357.1772,213.8352,196.1824,49.1800
358.6966,213.6438,196.8301,49.5628
358.3568,213.4780,197.5096,49.8945
359.8729,213.2950,198.1961,50.2603
361.3108,211.3385,199.0556,50.4381
360.9220,211.1853,199.8333,50.7444
362.4752,210.9593,200.4943,51.1964
362.2160,210.7982,201.0126,51.5186
363.8249,210.6055,201.5935,51.9040
365.4139,210.4825,202.2297,52.1500
365.0626,208.4692,202.9324,52.3490
364.7547,208.2449,203.5481,52.7975
366.3110,208.0069,204.2940,53.2735
365.9298,207.7602,205.0564,53.7670
367.6754,205.7281,205.4633,53.9333
367.3407,205.5391,206.1326,54.3112
366.9413,205.3747,206.9313,54.6400
368.5500,205.1943,207.6547,55.0008
368.3167,204.9481,208.1214,55.4931
370.1724,202.8768,208.3837,55.6621
369.7972,202.7241,209.1340,55.9674
369.4773,202.5561,209.7739,56.3036
369.1641,202.3467,210.4003,56.7223
370.8047,200.1925,211.1478,57.0018
370.3159,200.0172,212.1254,57.3525
369.7478,199.7654,213.2617,57.8561
369.3281,199.5139,214.1011,58.3591
369.0323,197.2923,214.6927,58.6906
368.9206,197.0912,214.9162,59.0928
368.6973,196.8311,215.3627,59.6128
368.5976,196.5736,215.5620,60.1280
368.4461,194.3193,215.8650,60.4710
368.4476,194.0515,215.8620,61.0067
368.3503,193.7381,216.0566,61.6333
368.2312,191.3823,216.2949,62.1444
368.0853,191.1370,216.5868,62.6349
367.9045,190.8959,216.9482,63.1172
367.7770,190.6856,217.2032,63.5377
367.4628,190.4444,217.8317,64.0201
367.1771,188.0721,218.4032,64.4947
366.9188,187.8132,218.9196,65.0123
366.5471,187.4963,219.6631,65.6463
364.0475,187.2604,220.3360,66.1180
363.7158,184.9308,220.9995,66.4326
361.3329,184.7269,221.4054,66.8404
358.9915,184.5069,221.7151,67.2804
358.9657,184.2216,221.7667,67.8510
356.7477,183.9436,221.8056,68.4071
354.5551,183.6351,221.7831,69.0241
354.5243,183.3104,221.8448,69.6735
352.3181,182.9559,221.8254,70.3825
347.9495,180.4371,221.6737,70.9755
347.9788,180.0820,221.6150,71.6858
345.6732,179.7573,221.7608,72.3352
341.1713,179.5034,221.8055,72.8430
339.0235,179.2818,221.6117,73.2860
336.8505,179.1154,221.4628,73.6190
334.6999,178.9637,221.2653,73.9224
328.1109,178.7964,220.9388,74.2569
325.9522,178.5936,220.7531,74.6626
323.7307,178.3830,220.6885,75.0836
319.4497,178.1607,220.2213,75.5284
317.3615,177.9838,219.8819,75.8821
313.0799,177.8432,219.4098,76.1633
311.0464,177.6892,218.9608,76.4714
306.8206,177.5847,218.3820,76.6803
302.5006,177.4637,218.0007,76.9223
300.3840,177.2831,217.7243,77.2836
295.9956,177.0965,217.4766,77.6568
293.8578,179.1513,217.2365,78.0626
289.4952,178.9964,216.9230,78.3724
285.1498,178.8107,216.5727,78.7438
280.8129,178.6208,216.2019,79.1236
276.4434,178.4232,215.8935,79.5188
274.2552,180.4538,215.7432,79.9842
269.8813,180.3588,215.4255,80.1741
265.5175,180.2816,215.0899,80.3286
261.1601,180.1911,214.7454,80.5095
256.6967,182.2962,214.6162,80.8274
254.6438,182.1431,214.1902,81.1336
250.2852,182.1035,213.8448,81.2127
245.9177,182.0474,213.5246,81.3249
239.3071,181.9622,213.1704,81.4952
237.2381,181.8431,212.7854,81.7335
232.9748,184.0684,212.2682,81.8048
228.6387,183.9770,211.9091,81.9875
226.5541,186.1464,211.5643,82.1626
222.2440,185.9943,211.1606,82.4667
217.8489,185.8801,210.9275,82.6953
213.4030,185.7995,210.7945,82.8564
209.0295,187.9999,210.5148,82.9689
206.8953,187.8729,210.2718,83.2229
200.2807,187.6866,209.9637,83.5955
198.1675,187.5957,209.6755,83.7775
193.8491,187.5078,209.2849,83.9532
189.7923,189.6439,208.3760,84.1921
187.6159,189.5031,208.2265,84.4739
183.2544,189.3376,207.9388,84.8048
178.9211,189.2232,207.5914,85.0337
174.6719,191.4162,207.0777,85.1537
172.5855,191.3513,206.7495,85.2835
168.2271,191.3008,206.4697,85.3844
163.7777,191.2744,206.3760,85.4373
161.5980,193.4811,206.2397,85.5197
156.9946,193.3618,206.4562,85.7583
152.5292,193.4055,206.3817,85.6709
150.5112,195.8254,205.9178,85.3310
148.3128,195.7612,205.8274,85.4594
141.6190,195.7825,205.7503,85.4169
141.9261,198.1873,205.1362,85.0936
137.5123,198.2453,205.0201,84.9775
133.2237,198.3005,204.6614,84.8671
131.2820,198.3764,204.0838,84.7154
129.2318,200.7090,203.7345,84.5001
124.9955,200.6943,203.3251,84.5294
125.2128,200.7358,202.8904,84.4464
120.8651,200.7282,202.7303,84.4616
118.7002,202.9944,202.6342,84.3549
116.5792,202.9311,202.4538,84.4816
114.5064,202.9299,202.1772,84.4840
110.0594,202.9735,202.2349,84.3967
107.8197,205.1524,202.2966,84.4565
105.7218,205.0564,202.0731,84.6485
103.6171,204.9603,201.8628,84.8407
101.4444,204.9309,201.7882,84.8994
99.2376,204.9270,201.7818,84.9073
96.9993,204.9234,201.8385,84.9144
97.0189,204.9211,201.7993,84.9191
94.9434,207.1844,201.5298,84.8130
92.9476,207.0964,201.1067,84.9889
93.0142,207.0450,200.9736,85.0917
90.8415,207.0623,200.9073,85.0571
90.9045,207.0703,200.7813,85.0412
88.7860,207.1188,200.6103,84.9442
88.8065,207.1869,200.5694,84.8080
88.8725,207.2400,200.4375,84.7017
86.7548,207.3291,200.2759,84.5235
86.7449,209.6044,200.2956,84.3643
86.8904,209.6709,200.0048,84.2313
87.0027,209.7321,199.7802,84.1090
87.0053,209.7823,199.7749,84.0085
87.0230,209.8188,199.7394,83.9356
