1
134.8029,231.6421,136.3943,101.7157
135.0281,231.7763,135.9439,101.4474
135.2566,231.9063,135.4868,101.1875
133.6782,232.0204,134.9263,100.9592
132.1179,232.1376,134.3417,100.7247
130.6275,232.2624,133.6301,100.4753
129.2105,232.4083,132.7868,100.1834
124.1920,232.6012,131.8443,99.7975
121.1359,232.8660,130.6781,99.2681
120.0949,233.2090,129.1474,98.5819
111.8602,233.4970,127.7258,98.0060
111.0277,233.8169,125.8437,97.3662
106.8787,234.2827,123.6178,96.4346
101.2797,234.8685,120.9807,95.2631
99.1913,235.4434,118.3587,94.1132
90.7297,236.0635,115.2385,92.8730
90.7092,235.0655,112.0070,91.5964
84.6897,235.8657,108.0344,89.9959
81.9677,235.1915,104.1322,88.2290
75.0466,234.7785,99.8141,86.0283
75.8535,236.1055,95.2757,83.3743
70.0227,234.8383,90.0664,80.2851
68.5054,234.9820,85.0562,77.3161
63.4033,233.9090,79.9224,74.3495
62.5448,233.1189,74.3522,71.0716
59.4077,233.4261,69.1764,68.1670
58.6958,232.4876,64.1115,65.7183
53.3372,232.6959,60.5172,63.2572
53.7557,233.2742,57.7311,60.1515
51.9580,233.9030,55.7574,57.0375
49.7663,232.9618,54.8121,53.5912
50.1166,230.6837,55.8187,49.6118
44.1539,225.6091,54.4671,46.4843
57.8573,227.6602,57.2427,42.3820
57.1786,231.0528,60.1646,38.7258
48.7203,240.9698,61.5997,37.4698
48.9393,238.6740,64.2587,34.3186
53.1866,238.4803,64.9705,31.6373
56.4844,235.1775,67.3663,29.2513
57.1517,237.3533,67.5234,27.8830
47.8851,236.7320,65.4811,27.6560
49.5097,236.7918,62.2319,27.5365
56.1147,236.8663,58.7311,27.3874
62.2173,236.9284,55.8606,27.2632
67.8327,238.1130,53.6566,27.4730
73.3689,238.5240,52.6711,27.9118
80.4816,240.1618,52.2393,28.3982
86.1895,241.0999,52.1269,29.0338
93.8622,242.0012,51.9630,29.7615
99.3769,243.5588,52.4091,30.4715
106.8613,244.6006,52.9651,30.9753
115.6609,246.9932,53.7130,31.4322
120.6057,247.4449,54.4581,31.8581
130.3624,250.0146,55.1589,32.1093
138.9499,250.6255,55.6934,32.2497
146.7394,252.0411,56.5852,32.1637
155.3452,254.2539,57.3700,31.8910
164.7259,255.0213,58.0865,31.7474
174.2610,256.6175,58.6083,31.3540
183.0798,257.4829,59.1756,31.0235
192.4826,258.4100,60.0128,30.5724
201.8260,259.3755,61.0322,30.0490
209.6621,261.0934,62.3214,29.4400
218.8139,262.0455,63.9212,28.9575
226.0275,263.0588,65.2957,28.3675
235.0335,264.0980,67.5286,27.7351
240.4644,265.9406,69.8710,26.9842
248.8685,267.8704,72.3993,26.0995
253.3347,272.2255,75.5287,24.9278
258.0291,272.5465,78.3878,24.2858
263.7713,277.0176,82.5012,23.1424
267.9929,279.2240,86.8314,21.9231
271.2718,284.7325,91.7161,20.7138
276.0556,289.7046,97.2681,19.1695
278.2969,296.1480,103.1503,18.3748
279.3682,301.7604,109.9757,17.9117
280.2610,307.2589,117.5851,18.1887
276.1495,312.5112,125.8080,19.6227
267.3218,318.9271,132.8026,21.7161
270.3713,325.5879,140.3279,24.2895
265.4487,332.4300,147.7471,27.5876
259.2315,340.9953,154.9934,31.2093
252.8593,350.1590,162.2066,35.0067
242.4861,360.0203,171.1939,38.8023
222.0113,370.6892,180.7592,42.5719
205.5805,382.3625,190.2095,45.9810
186.3615,393.2693,200.3122,48.9609
169.7279,403.3775,211.1375,51.1864
153.5291,414.4152,219.9286,52.7174
141.9901,416.0675,226.6596,53.4996
128.7691,429.1740,232.1216,52.4626
120.9702,430.0345,234.9619,50.7415
105.1744,431.3027,236.7402,48.2051
96.9370,447.5039,236.2765,45.4452
95.6124,449.2062,234.7513,42.0408
82.6572,450.8039,232.0576,38.8453
82.7883,452.2947,227.8097,35.8637
79.8711,453.6341,222.0417,33.1850
79.5608,454.5907,215.1941,31.2717
77.9073,454.9945,207.6979,30.4640
80.1566,441.5012,199.7180,29.6004
82.4339,441.6764,191.8097,29.2501
85.0158,434.0393,183.4085,28.3373
87.4019,433.9424,175.5333,28.5311
91.2939,421.6652,167.7494,29.1021
93.8232,420.0177,159.7893,29.4957
97.1451,408.4580,153.1455,30.2250
100.6967,406.7686,146.0423,30.8833
103.8675,397.1593,139.7008,31.6599
108.2708,395.5083,133.4550,32.4009
110.8015,386.4395,128.3936,33.1242
114.4716,384.9235,123.4840,33.7258
117.9731,377.5601,118.8537,34.2163
120.9408,376.2539,115.2348,34.5120
123.9090,371.5936,111.5694,34.7489
126.3931,369.3175,108.8245,34.8543
128.7261,366.0446,106.3451,34.8410
130.6000,364.8871,104.7482,35.0049
132.3690,363.8484,103.3413,34.9511
133.9133,362.7491,102.3630,35.0395
135.2833,361.6901,101.7208,35.0596
135.5199,360.6938,101.2476,34.9631
136.6304,359.6864,101.1072,34.8973
137.6360,359.6963,101.1735,34.8775
138.5095,359.7650,101.5044,34.7403
139.2514,359.8428,102.1007,34.5845
139.9061,358.9550,102.8773,34.2744
141.5608,359.1690,103.7503,33.8463
142.0363,359.4011,104.8950,33.3821
143.4849,359.6346,106.2048,32.9152
144.9124,359.9228,107.5770,32.3387
146.3293,361.3227,108.9876,31.6611
147.7815,361.6419,110.3425,31.0227
151.1439,361.9503,112.1649,30.4060
151.3012,362.3110,114.0013,29.6845
152.6152,362.7182,115.6995,28.8702
158.2245,363.0552,117.5106,28.1961
158.1372,363.4150,119.8694,27.4766
162.5807,363.8500,121.9994,26.6066
163.7113,364.3440,124.1711,25.6186
168.2485,364.8009,126.2347,24.7047
171.5607,365.2140,128.5645,23.8786
176.1099,365.5788,130.7397,23.1489
178.4382,365.9050,132.8946,22.4966
184.3049,358.3824,134.8864,21.5293
190.1430,358.7888,136.9852,20.7163
193.7585,359.0987,138.9885,20.0966
198.7564,359.2223,140.6116,19.8494
203.7967,350.1125,142.2372,19.3394
208.9198,350.3378,143.7575,18.8886
215.4433,349.2544,144.9014,18.6904
220.7675,339.7445,146.1372,18.6953
226.1125,339.7081,147.4170,18.7682
231.6802,329.8586,148.3472,19.1624
238.6978,329.6469,148.9156,19.5858
243.3779,319.5388,149.3570,20.1989
249.3820,319.2374,149.6934,20.8017
256.8955,309.0189,149.5808,21.3527
259.4883,307.5583,149.3860,21.7786
267.2025,297.2548,148.9649,22.3756
270.0631,293.4217,148.2587,22.5196
276.7293,283.0857,147.4289,23.1871
280.9274,281.6516,146.5400,23.5529
286.4659,271.4236,145.4529,24.0294
290.7362,268.9332,144.3880,24.0264
296.3402,258.7614,143.0883,24.5533
299.3042,257.4155,142.0993,24.7756
301.1875,247.2923,140.7930,25.3402
305.6517,243.6066,139.2243,25.3519
308.7285,233.8657,137.9342,25.3799
314.0948,233.8677,136.8589,25.3760
314.6475,224.3218,135.7535,25.2730
318.8925,219.8575,134.4094,24.6738
320.3869,210.5348,133.7722,24.5069
321.6788,210.7051,133.5278,24.1664
324.4639,201.5714,132.6161,23.7993
325.7361,200.7518,132.3811,23.1291
327.1301,191.7582,131.8861,22.7730
328.3218,192.0322,131.7816,22.2251
328.3581,183.1873,131.7091,21.7813
329.1254,181.3829,132.4313,20.8763
328.9055,173.6864,132.8712,20.5274
329.9131,173.8457,133.1039,20.2088
329.6592,174.0428,133.6117,19.8145
328.1296,165.3176,134.4270,19.3141
327.5303,165.4505,135.6256,19.0483
325.7701,165.5944,136.8898,18.7604
326.2480,156.7198,138.2019,18.3669
323.0235,157.0144,140.0949,17.7778
321.1299,157.2940,141.5901,17.2186
320.3900,157.5173,143.0698,16.7719
318.4056,157.6497,144.7262,16.5071
315.1880,157.6870,146.5020,16.4324
312.9526,157.7041,148.6202,16.3983
309.5792,157.7436,150.6048,16.3194
306.1553,157.8140,152.6392,16.1784
303.9455,157.8592,154.6270,16.0881
300.7843,157.8049,156.0351,16.1968
298.6920,157.6980,157.7410,16.4105
294.9581,157.5301,160.1955,16.7464
293.1169,157.3477,161.3306,17.1111
284.7245,157.2502,162.6927,17.3061
283.3792,157.1972,165.3836,17.4121
274.9753,157.1325,169.0295,17.5416
267.2211,156.9770,171.1124,17.8524
264.1403,156.7481,171.8337,18.3102
262.7154,166.1505,171.9440,18.6823
257.0132,166.0039,172.3534,18.9754
254.0576,165.8021,172.7437,19.3791
251.5230,165.6825,172.2647,19.6184
244.3932,165.6261,172.6621,19.7310
245.3750,175.3354,173.4787,19.7742
236.4714,175.5088,174.5318,19.4273
233.3434,175.7376,175.1884,18.9697
228.8945,175.7801,175.6883,18.8848
227.8540,186.8697,174.9651,19.1405
219.8013,187.0173,174.2720,18.8453
216.8140,187.1142,174.6784,18.6515
212.2578,187.0572,172.6482,18.7656
209.2631,197.8739,170.3570,19.2133
210.0906,197.9637,168.7021,19.0337
206.7782,197.9759,167.1927,19.0094
206.4764,207.3101,165.1060,19.1722
203.4544,207.2908,163.1555,19.2108
201.8062,207.0620,161.1744,19.6684
201.3318,217.3107,159.5023,20.1384
197.9176,217.2330,158.5081,20.2936
197.5120,217.0722,156.7223,20.6153
196.8812,225.9627,155.4051,20.8865
194.4537,225.8188,152.5614,21.1743
195.6193,225.6543,150.2301,21.5034
194.1832,226.8729,148.0878,21.5735
193.8115,234.3631,146.3520,21.4681
194.3918,234.1451,145.1913,21.9042
193.5859,233.9297,144.3573,22.3350
192.6571,233.7068,143.7720,22.7807
191.5291,233.5319,143.5842,23.1306
190.5174,233.3712,143.1595,23.4519
189.3887,233.2554,142.9682,23.6835
189.3029,233.1939,143.1400,23.8065
189.1642,233.1391,143.4172,23.9162
189.0789,233.0610,143.5879,24.0723
189.0296,233.0306,143.6864,24.1331
188.8297,233.0200,144.0863,24.1543
189.8990,233.0408,144.4230,24.1128
190.7880,233.0564,145.1245,24.0815
191.5365,233.0659,146.1159,24.0624
193.4634,233.1099,147.2655,23.9745
195.2549,233.1453,148.7142,23.9037
196.8153,233.1398,150.6625,23.9148
199.4106,233.1351,153.1571,23.9242
201.7842,233.1260,156.1990,23.9424
205.3443,233.1331,159.6341,23.9282
206.4698,233.3147,162.7551,23.5649
207.6164,233.4652,165.9054,23.2640
210.5545,233.5371,168.3069,23.1201
214.3299,233.5085,171.9137,23.1774
218.3840,233.5381,175.1668,23.1181
221.3597,233.7575,177.8673,22.6794
233.6842,234.0503,182.3407,22.0938
237.8244,234.2748,185.9078,21.6448
238.2514,234.4464,191.0574,21.3014
247.5536,234.4890,193.9114,21.2163
252.5511,236.0725,196.3283,21.1524
259.9970,246.9432,200.2456,21.3548
265.8348,246.9637,204.5343,21.3138
268.9650,246.7599,208.0268,21.7215
285.2661,246.4986,208.4980,22.2440
290.8754,259.5904,210.5779,22.6576
299.1827,259.5718,214.1338,22.6947
306.9974,259.5119,218.9727,22.8145
318.5220,271.6508,220.2858,22.8990
325.7500,271.7777,223.3305,22.6453
332.7767,271.8061,223.4237,22.5885
347.5167,285.7114,222.2380,23.0720
356.9394,285.7304,224.5757,23.0340
358.0462,285.7326,225.9238,23.0297
372.2415,298.1761,226.1754,23.2046
374.8242,298.1917,224.5972,23.1733
380.7471,298.2654,223.4464,23.0260
392.1067,310.2387,222.0043,23.9024
395.3391,309.9858,219.0839,24.4082
407.4789,310.0062,215.8932,24.3674
410.5588,310.0278,213.2035,24.3242
413.6578,310.0862,210.4377,24.2073
418.0034,321.9168,208.5301,24.2886
420.5651,321.9535,203.4067,24.2153
423.0567,321.8850,198.4235,24.3523
425.5511,321.7612,193.4346,24.5999
426.4799,321.7443,188.4113,24.6337
425.9386,321.6647,183.2992,24.7928
426.7903,321.5843,178.5657,24.9537
423.1380,321.4619,173.9982,25.1984
422.5956,321.3438,169.2632,25.4348
420.5045,321.2267,164.8975,25.6689
416.8782,321.0956,160.9755,25.9310
411.8835,320.9871,157.2417,26.1480
406.9005,320.8747,153.7214,26.3730
400.4788,320.7524,150.6473,26.6174
394.0346,320.6841,147.8447,26.7541
387.4944,320.6273,145.4512,26.8676
380.9016,320.5898,143.3489,26.9426
372.8765,320.5493,141.7573,27.0237
366.1953,320.6058,140.1213,26.9107
358.1466,320.7371,138.8953,26.6481
351.3252,320.9338,137.8226,26.2546
344.3345,320.1402,137.2241,25.4119
336.0384,320.5200,136.9806,24.6523
327.6328,319.8772,137.0841,23.5512
319.3853,320.2400,137.0139,22.8255
311.1996,318.4759,136.9277,21.6515
301.9855,318.9969,136.7438,20.6095
293.7072,311.2864,137.1785,19.9087
285.2901,311.6436,137.9476,19.1944
277.1399,311.3459,138.2096,19.7898
267.6694,311.0494,138.6957,20.3828
256.9713,308.3764,139.1623,21.0778
248.4095,305.2035,139.8644,22.7317
239.5477,300.4910,140.8670,24.9907
229.6765,297.8794,141.0304,27.7664
221.0381,291.3022,140.7783,30.9043
212.3758,288.4666,140.1723,34.0140
203.0881,285.4817,140.4593,37.3711
193.6942,279.5675,140.4852,41.1587
185.7082,276.2038,139.9479,45.1346
178.9218,271.0663,139.4336,49.7748
172.0861,267.4481,138.6309,54.1164
165.1699,263.8469,137.6555,58.3571
159.6977,260.2419,136.5079,62.5442
154.2485,256.5929,135.0860,66.7621
148.7889,254.5329,133.4737,70.8820
143.4435,252.5475,131.4436,74.8529
141.4066,250.6568,129.0812,78.6342
137.9675,248.8438,126.2186,82.2602
134.6083,247.1103,123.1427,85.7273
133.0144,245.4996,119.7782,88.9486
129.9470,244.0105,116.0789,91.9268
128.6035,244.2991,112.2256,94.6197
125.7005,244.8559,108.2682,96.7607
126.1020,245.4870,104.2377,98.7259
124.9289,247.6889,100.1918,100.7142
125.3379,248.3687,96.2100,102.5184
124.2835,250.6660,92.0606,104.1822
123.1816,252.8701,88.0864,105.9518
123.4493,255.2156,84.4985,107.3659
122.4653,256.1459,80.4343,108.5214
122.6267,258.6721,77.1439,109.4039
121.6840,259.8866,73.1758,109.9017
120.8740,262.6093,69.0588,110.1933
121.2314,263.7247,65.5398,110.7668
121.5560,264.6366,62.1370,111.6966
120.6502,265.4587,58.5293,112.7619
120.9090,266.4750,55.3484,113.3929
121.2101,266.1891,52.1283,113.9647
120.3640,266.0929,48.6807,114.1571
120.4372,265.8232,46.0222,114.6963
119.4391,265.6535,43.0734,115.0359
117.3038,264.2582,40.0703,115.4019
117.1655,262.8846,37.9715,115.7737
115.9760,258.2205,35.6657,115.7323
112.5427,255.8559,33.3349,115.8627
113.2213,253.3035,31.9776,116.4516
112.1149,247.5272,29.7087,116.8000
112.7809,244.8052,28.3767,117.8381
113.5004,238.0289,26.9376,118.2376
111.3861,234.4058,24.6556,118.9731
112.0358,230.9519,23.3562,119.4714
112.6444,225.3829,22.1389,120.0188
113.2489,219.7528,20.9300,120.7698
113.8421,214.2369,19.7435,121.3594
114.4660,211.9634,18.4958,121.7603
114.9485,205.3389,17.5308,122.6875
115.2568,198.7561,16.9142,123.5707
120.7225,195.7395,16.2166,123.4636
120.8497,190.2518,15.9621,124.2835
121.9610,185.9684,15.7769,124.7011
128.9279,183.6102,16.1176,125.3392
128.7539,176.8362,16.4656,126.5574
128.5206,174.9934,16.9323,128.1640
134.6150,171.4817,17.4062,128.8562
134.0934,166.6893,18.4494,129.9225
136.8861,162.7026,19.3602,131.3996
138.4525,158.8811,20.6359,132.4301
144.4666,156.1725,22.0717,133.3592
143.7558,151.3319,23.4934,133.8985
146.5966,148.9028,24.7752,134.1143
149.2966,146.3508,26.4235,134.5195
150.7956,143.7178,28.2001,135.0108
156.0738,141.0194,29.7876,135.5501
156.2817,139.8161,31.8388,135.4896
159.0532,137.1032,33.8123,135.9044
160.4598,135.7393,36.0969,136.0833
163.2874,134.4006,38.2259,136.1660
164.8375,134.4139,40.3972,136.1395
169.1361,134.4427,42.5039,136.0817
169.4043,134.6239,44.6815,135.7195
172.4607,134.8761,46.8158,135.2151
174.0788,135.2759,49.1413,134.4154
178.5553,135.7763,51.4348,133.4147
178.9510,136.3522,53.4819,132.2628
180.6742,136.8542,55.7525,131.2588
182.4622,137.3900,57.9454,130.1873
184.3208,139.2931,60.0435,129.2886
186.3184,139.8089,61.9110,128.2570
186.8998,141.8350,63.6970,127.1536
188.9603,143.7915,65.5035,126.2044
191.1211,145.8168,67.1437,125.1348
191.9410,147.7893,68.4972,124.1831
194.1534,148.1637,70.0774,123.4343
195.0293,150.1754,71.3441,122.4292
195.8981,152.1537,72.6313,121.4975
196.8120,154.2153,73.8364,120.4072
197.7477,154.6721,75.0017,119.4935
198.8268,156.6267,75.8864,118.6272
199.9504,158.4867,76.6838,117.9519
199.5518,158.8196,77.4810,117.2860
200.7419,159.1175,78.1520,116.6903
200.4897,159.3443,78.6563,116.2367
200.1937,161.0176,79.2484,115.9449
200.0226,161.1223,79.5907,115.7355
199.9489,161.2521,79.7380,115.4759
201.3887,161.2751,79.9198,115.4300
201.3531,161.3233,79.9910,115.3336
202.7844,161.2966,80.1917,115.3869
202.7619,161.1763,80.2367,115.6275
205.8296,162.5424,80.2450,115.9671
205.6895,162.2944,80.5252,116.4631
208.6629,163.4510,80.7569,117.2392
208.5671,163.1182,80.9485,117.9048
211.6175,164.3236,81.0837,118.6120
212.9884,163.7745,81.4728,119.7103
216.1646,164.7054,81.4282,121.0024
217.6952,165.6814,81.5396,122.2230
220.7772,164.8978,81.7613,123.7901
222.3744,164.1361,81.7869,125.3135
225.5822,164.7846,81.8580,127.2599
227.1901,165.5225,81.9161,129.0579
230.4641,166.0578,81.9712,131.2888
233.8358,164.8863,81.8998,133.6319
237.2693,165.5694,81.7720,135.6353
239.1215,164.5554,81.4650,137.6633
244.3884,165.0040,81.1981,140.1885
246.1883,163.7312,81.0538,142.7342
249.8875,162.4165,80.6367,145.3635
253.7096,162.8565,80.0371,148.0059
255.8063,161.6131,79.3949,150.4927
261.7169,161.9042,78.3039,153.4872
263.9580,160.4024,77.4235,156.4909
266.3471,158.8591,76.2761,159.5774
270.5655,157.2584,75.1510,162.7788
273.0583,156.0704,73.8481,165.1548
275.5834,154.9406,72.4925,167.4144
278.2587,153.9087,70.8454,169.4781
280.9727,152.7340,69.1214,171.8276
283.9569,151.7318,66.8603,173.8320
286.9673,148.2186,64.5351,177.1628
288.1314,147.0722,62.2070,179.4555
289.4922,144.5403,59.4853,180.8272
290.9126,142.2393,56.6446,181.7675
292.4495,139.8238,53.5708,182.9755
293.9764,139.2550,50.5169,184.1132
295.6519,136.9746,47.1659,185.1319
297.2648,134.5300,43.9401,186.5278
298.9189,131.8888,40.6320,188.3589
300.5095,129.3629,37.4507,189.9972
290.2940,128.5432,34.2605,191.6367
291.8066,128.2413,31.2353,192.2404
293.0708,127.8749,28.7070,192.9732
293.8291,127.4068,27.1903,193.9094
281.5834,129.4682,25.8823,193.0115
282.1050,129.2074,24.8390,193.5331
281.8495,129.4472,25.3500,193.0536
268.6789,129.5227,26.2846,192.9026
267.6750,131.2797,28.2925,192.5813
264.8052,132.9763,30.8032,192.4169
253.1106,133.2416,34.5312,191.8864
249.5185,135.2097,38.3719,191.2936
245.6286,139.0167,42.7413,190.5005
237.8455,142.9997,47.8556,189.5024
229.8354,145.2203,53.1728,188.6289
223.3637,149.5287,58.8053,187.3229
216.7152,155.9949,64.6191,185.6154
212.1433,158.8776,69.9391,183.6739
205.3512,165.8787,75.7389,181.3483
200.7946,168.9401,80.8899,179.1877
196.2332,176.3482,85.9907,176.4372
191.5914,179.7813,91.2033,173.6419
186.9534,189.5753,96.3595,170.5338
182.2771,193.3606,101.5498,167.1255
179.7636,201.5476,106.5767,163.3499
177.2120,207.8110,111.6799,159.2776
172.5100,216.4097,116.8334,154.8320
169.9826,223.0064,121.8882,150.1739
169.6315,229.7191,126.8690,145.3057
167.1904,238.7114,131.7512,140.1724
166.8977,247.7822,136.6184,134.8762
169.0501,252.5173,140.8645,129.6814
171.1750,262.1595,145.1340,123.1760
171.4787,267.0185,148.7486,117.6799
173.9016,274.4496,152.2799,111.1947
178.4094,281.8272,155.6740,104.7126
179.0362,286.9242,158.5012,98.5996
187.8897,292.0535,160.9007,92.3623
188.7825,297.1977,163.0668,86.0256
197.6528,302.3402,164.7038,79.6161
200.7861,309.5604,166.0146,72.7534
209.5352,312.3758,166.9551,67.1225
214.6571,315.1130,167.5158,61.6482
225.0520,317.8109,167.7937,56.2523
231.9035,320.3952,167.7595,51.0838
240.1749,322.9223,167.8250,46.0294
244.9159,325.2129,168.0280,41.4482
254.5056,327.3505,167.7165,37.1732
262.4535,329.2869,167.1134,33.3004
267.1915,330.9098,166.5625,30.0545
274.7206,332.2184,166.0231,27.4374
282.3951,331.5791,164.8967,25.8714
289.9321,322.1700,163.8110,25.1059
297.4509,322.0031,162.6102,25.4398
306.3691,321.4358,161.3184,26.5743
310.8465,313.7597,160.6502,28.1155
319.6876,311.3604,159.6688,30.1306
325.9646,304.5747,158.3530,32.4639
330.7198,301.8616,157.3530,35.0533
338.3833,296.1107,156.3906,37.9364
341.9545,290.2927,155.0775,40.8283
348.4626,287.5475,153.8657,43.3677
351.8827,280.3162,152.9888,45.9035
358.3750,277.5289,152.0703,48.4616
360.3627,273.4650,151.1457,50.4878
365.5249,269.3383,150.0458,52.5916
367.3842,265.3234,149.4246,54.4263
370.9503,261.3092,148.5361,56.2109
372.8954,258.8957,147.7874,57.8966
374.9015,255.0156,146.9359,59.3351
378.5009,252.8625,146.0857,60.4670
378.8440,250.7600,145.3996,61.4898
380.8194,248.7504,144.6392,62.3187
381.0652,248.3951,144.1475,63.0293
381.3332,248.0861,143.6116,63.6472
381.4963,246.3507,143.2854,63.9154
381.6772,246.2953,142.9236,64.0262
381.8358,246.4291,142.6064,63.7586
380.3677,248.4326,142.3526,62.9417
378.7018,248.9187,142.5125,61.9694
375.5700,251.1440,142.4617,60.6760
372.4264,253.4605,142.4819,59.1765
367.7197,257.3954,142.5736,57.5213
363.2083,261.4960,142.3591,55.4782
360.2813,264.0960,142.1340,53.3177
355.7595,268.3375,142.1852,50.8297
349.8008,272.6283,142.2895,48.1545
345.4631,277.0871,142.2466,45.0491
338.1194,283.1743,142.6915,41.4204
333.9364,287.6285,142.6948,38.0871
327.0892,292.0622,142.7632,34.6701
321.7422,301.6761,142.8114,31.4109
312.5212,303.0725,143.0557,28.6181
306.1886,305.7712,142.9762,25.7697
299.9574,315.5229,142.9786,23.7105
292.6852,316.5587,142.8152,21.6387
285.3850,317.2237,142.9698,20.3088
278.2682,317.3515,142.9052,20.0532
271.0646,323.0177,143.0505,20.6057
264.2018,322.1641,142.4353,22.3130
258.4413,320.8652,141.8768,24.9108
251.4353,320.4976,141.1299,28.1057
244.1015,319.8812,140.7247,31.8507
240.5307,319.1703,140.1294,35.8513
231.7049,318.2966,139.2524,40.2458
223.9816,316.1573,138.3963,44.5244
220.2802,313.9189,137.4467,49.0011
210.9156,311.6616,136.2090,53.5158
208.7738,309.2928,134.6606,58.2532
200.7554,306.9097,132.8302,63.0196
198.6398,304.5366,130.9918,67.7658
190.4126,302.0704,128.9050,72.6982
190.0400,298.0948,126.5064,77.5054
183.2350,294.1874,124.1687,82.1307
181.3837,290.3315,121.4076,86.6107
176.2689,286.6298,118.5796,90.7496
176.1312,282.9909,115.5657,94.7383
174.3962,277.7328,112.4201,98.6389
170.9447,274.1606,109.3570,102.4613
167.6250,270.5103,105.9907,106.4265
167.5724,265.3543,102.7507,110.0482
167.4919,262.0415,99.5611,113.3232
165.8200,258.7748,96.2033,116.5058
165.7550,255.6776,92.9874,119.3542
165.6762,250.9901,89.8075,122.0543
165.6208,248.1434,86.5915,124.4208
167.0945,245.4276,83.6441,126.5428
166.9998,242.6741,80.5407,128.7570
166.8535,240.0554,77.5593,130.7205
168.1992,237.5398,74.8680,132.4984
169.4381,235.1482,72.3902,134.0477
170.5964,232.8298,70.0734,135.4700
170.1333,228.8598,67.8040,137.0185
171.0060,228.4412,66.0585,137.8558
173.4610,228.0810,64.3098,138.5761
174.0135,226.0994,63.2048,139.3983
176.1597,224.2859,62.0460,139.8916
176.3972,222.2457,61.5710,140.8517
178.0994,218.5452,61.2927,142.0006
178.1074,214.9392,61.2766,142.9369
178.0446,211.3898,61.4022,143.7336
179.4858,206.1135,61.6846,144.7919
179.2738,202.4955,62.1086,145.6579
178.8971,198.8378,62.8620,146.5630
178.4212,190.0591,63.8137,147.9630
177.8410,187.5481,64.9742,149.7163
177.0580,181.5260,66.5401,151.8172
176.1741,175.7467,68.3080,153.2582
176.8431,173.2578,70.3944,154.8116
175.6761,168.6260,72.7285,157.1078
174.4229,164.0267,75.2349,159.1903
173.0685,161.5909,77.9437,160.4301
171.7309,159.3932,80.6189,161.1281
170.3368,157.0530,83.4071,162.0545
168.8036,154.7565,86.4735,162.8320
169.3185,154.5750,89.3235,163.1950
167.9211,154.6722,92.1182,163.0006
168.4211,155.2134,95.0970,161.9181
169.0412,158.2687,97.8698,159.8207
169.7130,163.8062,100.5550,156.8030
172.5792,170.1322,102.8798,152.2083
173.7504,179.0015,104.5358,146.4646
176.9532,188.6798,106.0080,138.9249
180.2916,201.2315,107.0281,129.2155
185.7939,212.2999,107.1723,118.2275
189.2502,223.2564,107.3569,106.9601
195.8006,235.6622,107.7563,95.6487
198.5762,244.2799,108.6088,84.8169
205.4365,252.3951,110.0896,74.6672
208.2585,256.5341,110.2380,66.3892
209.6356,257.1315,110.2438,59.6744
212.2691,253.3628,107.6229,56.6274
210.5564,247.8724,105.9378,54.8320
210.3688,243.3452,106.3129,53.8878
239.7310,258.3734,104.8320,48.7199
244.8348,260.5532,101.7567,44.3602
248.1748,261.6346,97.3329,42.1975
252.5510,256.9068,90.7346,40.8831
259.7330,252.8051,82.4762,40.9456
264.8022,245.7569,76.1697,41.6302
270.8319,240.8370,69.6156,42.2947
274.1082,234.4929,64.8120,42.7386
279.5844,229.1668,60.5988,43.2822
283.7629,223.1024,57.1325,43.9994
286.0696,217.1598,54.1083,44.7597
288.0860,211.2737,51.6308,45.6453
291.4221,205.4728,49.5522,46.5288
293.0718,199.7346,47.7657,47.4149
294.5974,197.8606,46.2132,48.1651
295.9760,192.2980,44.9424,48.8870
297.2500,190.5455,43.8716,49.4374
298.4406,186.6857,42.9593,49.8130
299.5270,185.8232,42.2463,50.0780
299.7635,184.2453,41.7733,50.3286
299.9464,184.1805,41.4075,50.4583
