1
279.5936,220.7270,143.8128,51.5461
279.6642,220.8738,143.6715,51.2524
279.7329,220.9221,143.5342,51.1557
279.8143,220.9316,143.3714,51.1368
279.8065,220.9623,143.3870,51.0753
279.7947,220.9457,143.4106,51.1085
279.7898,220.8762,143.4203,51.2476
279.8015,220.7760,143.3969,51.4479
279.8035,220.6632,143.3930,51.6737
279.9363,219.0692,143.1274,51.8757
279.9242,220.4012,143.1517,52.1975
279.9456,220.2074,143.1088,52.5851
280.0331,218.5225,142.9339,52.9566
280.0291,218.2832,142.9419,53.4351
278.5304,218.0348,142.9279,53.9320
278.4593,217.7910,143.0702,54.4197
278.3366,217.4502,143.3156,55.1011
278.2638,217.1423,143.4612,55.7170
276.7210,215.3286,143.4872,56.2849
276.7441,216.5970,143.4409,56.8182
276.8145,214.7992,143.3002,57.3347
276.8297,214.4564,143.2699,58.0203
275.3202,214.1529,143.1908,58.6273
275.3967,213.7886,143.0378,59.3560
273.9532,213.4999,142.8063,59.9333
273.9734,213.0858,142.7660,60.7616
272.3423,212.6372,142.8886,61.6587
272.4022,212.1346,142.7688,62.6639
270.8139,211.6996,142.7724,63.5339
270.9122,211.3359,142.5759,64.2613
269.5102,209.2957,142.1814,65.1432
269.5502,208.8625,142.1013,66.0097
269.6536,208.4570,141.8947,66.8208
269.7353,207.9614,141.7313,67.8119
268.2334,207.4055,141.4868,68.9237
268.3756,206.7713,141.2025,70.1922
268.4321,206.1817,141.0894,71.3714
266.8960,205.6340,140.8613,72.4667
267.0674,203.4590,140.5183,73.5006
265.5106,202.8526,140.3031,74.7135
265.7189,202.3320,139.8865,75.7547
265.8748,201.7260,139.5747,76.9667
264.4528,201.1219,139.0445,78.1748
264.6695,198.8620,138.6110,79.3076
264.8983,198.2951,138.1536,80.4415
263.5635,197.7888,137.4108,81.4540
263.8397,197.3728,136.8584,82.2860
264.0362,195.1880,136.4653,83.2315
264.3307,194.7075,135.8763,84.1924
264.5427,192.4225,135.4524,85.3208
264.7420,191.8553,135.0537,86.4551
263.2150,191.3622,134.6405,87.4414
263.4517,190.7879,134.1671,88.5899
263.7135,188.3854,133.6435,89.9054
264.0102,187.8116,133.0501,91.0530
264.3180,187.1717,132.4345,92.3328
264.6356,184.7943,131.7993,93.5621
264.9921,184.1977,131.0863,94.7553
265.3698,183.5714,130.3309,96.0079
265.8082,181.1949,129.4542,97.2067
266.1867,180.5478,128.6971,98.5008
266.6461,179.9791,127.7783,99.6383
267.1158,179.3963,126.8389,100.8038
267.5261,176.9640,126.0183,102.0896
267.8687,176.3972,125.3330,103.2231
268.2774,173.9934,124.5157,104.4356
268.7646,173.4234,123.5414,105.5756
269.2014,171.0860,122.6677,106.6450
269.6008,170.4410,121.8689,107.9349
270.0361,168.0372,120.9982,109.1253
270.5020,167.5178,120.0665,110.1641
270.9451,165.1436,119.1803,111.2876
271.3719,164.6358,118.3267,112.3032
271.7491,164.1820,117.5722,113.2108
272.1867,161.8343,116.6972,114.2721
272.7115,161.3447,115.6474,115.2513
273.1881,160.8057,114.6942,116.3292
273.6598,158.4449,113.7509,117.4127
274.1935,156.0972,112.6836,118.4679
274.7048,155.5029,111.6608,119.6565
277.1674,152.9911,110.3778,121.0378
277.7486,150.5192,109.2155,122.3382
278.3092,149.9164,108.0942,123.5438
279.0270,147.5533,106.6586,124.6242
279.7065,147.1757,105.2996,125.3794
282.1037,144.9397,104.1347,126.2222
282.7085,142.7027,102.9250,127.0727
283.2766,142.2468,101.7888,127.9844
285.8004,139.9367,100.3538,128.9921
286.4247,137.6712,99.1053,129.9183
287.2222,135.5335,97.5102,130.5952
287.8867,135.1289,96.1813,131.4044
288.5801,133.0570,94.7944,131.9750
289.2672,130.9950,93.4201,132.5398
289.9454,130.6302,92.0638,133.2694
290.6788,128.6405,90.5970,133.7150
291.3398,126.5905,89.2750,134.2989
291.9864,126.2567,87.9819,134.9666
292.6952,124.1063,86.5642,135.7760
293.4531,123.6900,85.0484,136.6085
294.2038,121.6923,83.5470,137.1370
294.9873,119.7290,81.9800,137.6140
295.7234,117.7436,80.5078,138.1545
296.4127,117.4190,79.1293,138.8036
297.0923,115.3919,77.7701,139.4582
297.8123,113.3511,76.3301,140.1535
298.4637,113.0631,75.0272,140.7294
299.0977,111.0826,73.7591,141.3323
298.1089,109.1972,72.3915,141.7580
298.6920,108.9284,71.2254,142.2956
299.2740,107.0522,70.0614,142.7324
299.8221,106.8601,68.9651,143.1164
300.3581,106.7126,67.8933,143.4115
300.9041,104.8932,66.8012,143.7763
301.5192,104.7556,65.5711,144.0514
302.0945,103.0110,64.4205,144.2979
302.6839,102.9689,63.2416,144.3820
303.2390,102.9318,62.1314,144.4562
303.8385,101.2284,60.9324,144.6748
304.4391,101.1417,59.7313,144.8483
305.0730,101.1035,58.4635,144.9248
305.7171,101.0934,57.1751,144.9449
306.3327,101.0630,55.9441,145.0056
306.9703,99.4242,54.6689,145.1974
307.6621,99.5661,53.2851,144.9135
308.2946,99.5338,52.0201,144.9783
308.9012,99.4439,50.8069,145.1579
309.4984,99.3976,49.6126,145.2506
310.0384,99.2577,48.5326,145.5304
310.6201,99.2707,47.3692,145.5045
311.2378,99.3627,46.1339,145.3205
311.8157,99.4440,44.9781,145.1579
312.3972,99.5736,43.8149,144.8985
314.4094,99.6319,42.6539,144.7820
314.9059,99.8137,41.6609,144.4184
315.3835,99.9331,40.7058,144.1797
315.8229,100.0677,39.8269,143.9104
316.2792,100.3193,38.9143,143.4073
316.6558,100.4845,38.1612,143.0769
317.0699,100.6298,37.3329,142.7862
317.5070,100.8280,36.4587,142.3897
317.8999,100.9891,35.6729,142.0676
318.4044,101.1702,34.6639,141.7054
318.8542,101.1833,33.7644,141.6791
319.2987,101.2790,32.8753,141.4879
319.7270,101.3382,32.0187,141.3694
321.5082,101.2736,31.0475,141.4987
321.8888,101.2670,30.2864,141.5118
322.2061,101.2464,29.6516,141.5530
322.4910,101.1416,29.0819,141.7627
322.7684,101.0634,28.5272,141.9189
323.0746,100.9968,27.9148,142.0522
323.3917,100.9698,27.2806,142.1062
323.6408,100.9946,26.7823,142.0566
325.2293,101.0086,26.1045,142.0287
325.4171,102.2501,25.7289,142.0311
325.6073,102.3094,25.3485,141.9124
325.8331,103.6536,24.8969,141.6930
327.2480,103.6905,24.5241,141.6191
327.3106,103.8400,24.3989,141.3203
327.4615,103.9054,24.0970,141.1893
327.6660,104.1786,23.6880,140.6431
327.8255,104.5432,23.3691,139.9137
327.9865,105.0117,23.0471,138.9769
328.1225,105.4287,22.7751,138.1428
328.1992,107.0277,22.6216,137.3106
328.2887,107.3277,22.4426,136.7106
328.2491,108.7820,22.5219,136.1412
328.0203,109.0360,22.9795,135.6333
327.9172,109.3756,23.1856,134.9541
326.2589,111.2470,24.1726,133.5408
326.2734,111.1649,24.1436,133.7051
326.2455,111.6895,24.1995,134.9873
325.8239,111.1185,25.0425,136.1292
325.1772,112.4798,26.3361,135.7894
323.5037,112.3999,27.2797,135.9492
323.1548,113.6512,27.9773,135.8704
322.7170,112.4018,28.8531,135.9328
320.8464,113.4147,30.1400,133.9071
320.7602,113.7314,30.3123,133.2736
319.1009,115.8044,31.1857,131.5728
318.3558,119.8476,32.6760,128.3628
316.5834,119.7357,33.7991,126.1651
316.5615,120.1433,33.8429,125.3499
314.9575,122.4432,34.6499,123.1513
314.9812,123.0081,34.6025,122.0216
314.5974,122.5745,35.3701,120.5202
313.7262,124.5201,37.1124,116.6289
312.7228,122.2207,36.7804,118.8890
310.6682,121.7531,38.5250,115.0949
309.2546,122.6311,39.0092,113.3389
307.9471,122.0316,39.2974,112.2112
301.7381,108.7253,42.4522,108.7175
295.3044,106.5218,46.0285,103.8337
301.2611,128.2823,43.3781,106.6273
292.1359,108.2022,47.7733,100.6035
292.1107,122.5119,47.8236,99.5760
284.6140,109.8812,51.3910,95.1295
285.8535,112.3522,48.9121,99.3140
286.9175,116.1651,46.7840,103.1895
287.7466,116.1516,45.1259,105.5361
288.0949,116.4339,42.1048,109.6204
288.0017,112.2546,39.9616,113.3201
287.1845,110.1462,39.2523,115.1932
286.5636,108.2809,38.1366,116.5663
285.7178,107.8497,37.4715,117.4287
284.2913,107.9745,37.9678,117.1789
282.5882,108.3327,39.0117,116.4627
280.8135,112.5565,40.1899,115.1288
279.2700,111.4474,40.9032,114.9733
277.9038,115.3293,41.2511,114.3629
276.5938,113.6569,41.4891,112.9435
276.8364,110.6804,38.6378,116.5304
276.4680,110.0950,37.0091,120.0667
276.2224,105.5410,35.1148,122.0179
276.1036,104.5875,32.9743,123.9248
275.8987,103.5022,31.0194,126.0954
275.4881,101.5322,29.4822,127.6772
274.4923,101.0581,29.1229,128.6253
273.2650,102.6584,29.2199,127.7821
271.0441,102.6733,28.9668,127.7524
267.7001,103.0273,28.6280,127.0443
266.7518,103.7956,28.1988,127.8336
265.7860,102.5896,27.8018,127.9169
264.6659,100.5510,27.7199,127.3499
261.5117,100.9419,27.0904,126.5683
260.4045,98.5942,27.0154,124.3950
258.7096,100.9483,25.8895,124.2023
256.4683,100.3501,25.9056,123.1654
255.4521,99.9225,25.7188,124.0207
252.2654,99.5965,25.4100,124.6726
251.0166,103.3470,25.6770,126.0938
249.7173,101.6393,26.0200,127.2537
247.3500,100.2451,26.1980,127.7638
244.8311,99.1735,26.6580,127.6180
243.3651,98.0362,27.2941,127.5967
239.7945,96.3285,27.5118,126.3966
238.5266,95.0499,27.7524,126.6584
237.3890,94.7626,27.7240,127.2331
235.1733,93.6872,27.5332,127.0728
234.2093,93.5855,27.1562,127.2762
231.0691,92.4711,26.5345,127.2043
230.2933,92.4350,25.7986,127.2764
228.1777,92.2257,25.4811,127.6950
227.1438,92.1910,25.2747,127.7645
225.0390,92.1556,24.9425,127.8352
222.6030,90.9808,25.2836,127.9195
221.2279,91.3280,25.7605,127.2250
218.7553,90.3815,26.1601,126.8452
217.4751,89.4188,26.4451,126.4953
215.1094,89.3872,26.6244,126.5584
213.7477,89.6728,27.0674,125.9872
211.3306,88.5834,27.3397,125.8850
209.8809,87.6115,27.9541,125.5439
207.4109,86.8954,28.3103,124.6843
205.7370,86.2177,29.3715,123.7530
203.1066,85.2455,30.0442,123.4033
200.4743,87.8712,30.7048,122.7558
199.2259,86.6539,30.8961,122.8849
195.9449,90.1958,30.5255,122.7339
194.6658,88.7138,30.7820,123.3961
193.3737,88.1290,31.0502,124.5658
192.1293,86.5118,31.2016,125.4626
190.8545,84.8989,31.3984,126.3357
189.4662,83.4688,31.8062,126.8270
187.1667,82.0257,31.6381,127.3297
185.8553,78.2433,31.8736,127.7324
184.5408,76.6435,32.1052,128.5345
182.1408,74.8011,32.0789,129.8063
180.7309,73.0064,32.4683,130.9653
179.3452,71.2973,32.7854,131.9292
177.9738,69.5698,33.0546,132.9107
176.5518,68.0155,33.4061,133.5267
175.1958,67.7619,33.6102,134.0339
172.7029,66.6296,33.5582,133.7796
171.5020,65.4086,33.4457,133.7073
170.2313,64.0878,33.4761,133.8377
169.1178,62.8227,33.1895,133.8544
167.9996,61.2852,32.9174,134.4211
166.8484,59.6894,32.7088,135.1015
165.7537,59.2416,32.3815,135.9971
164.5716,58.0041,32.2226,135.9490
163.3222,57.8555,32.2023,136.2462
162.0969,56.6568,32.1297,136.1206
160.9204,55.3966,31.9629,136.1211
159.7326,55.2580,31.8217,136.3984
158.4231,54.4478,31.9227,135.5007
157.0544,53.7039,32.1530,134.4813
155.7687,53.6884,32.2270,134.5123
155.5367,52.5756,32.6908,134.2387
154.3037,51.5323,32.6525,133.8211
154.1115,51.1465,33.0370,134.5927
152.9586,50.1181,32.8270,134.1337
152.7030,48.8793,33.3381,134.1058
151.4925,47.8140,33.2445,133.7218
150.3348,47.6509,33.0524,134.0480
150.2180,46.3810,33.2861,134.0793
150.1455,46.4429,33.4309,133.9554
150.0960,45.2539,33.5299,133.8192
148.9693,44.0669,33.2690,133.6789
148.9276,43.9461,33.3524,133.9204
148.9158,43.7791,33.3760,134.2544
148.8614,41.4209,33.4849,133.9358
147.8246,40.2738,33.0433,133.7150
147.8371,40.1222,33.0183,134.0181
147.7725,39.6804,33.1476,134.9017
147.7493,38.2451,33.1939,135.2500
147.7372,38.1445,33.2182,135.4512
147.6716,36.7513,33.3494,135.7064
147.7096,35.5053,33.2733,135.6610
147.7403,34.2288,33.2120,135.6787
146.6441,33.0238,32.8699,135.5543
146.6889,33.0315,32.7804,135.5389
146.7560,33.0449,32.6461,135.5121
146.7450,31.8597,32.6682,135.3612
146.7890,30.6313,32.5801,135.2984
146.8825,30.5103,32.3932,135.5405
146.9525,29.0940,32.2532,135.8563
146.9950,28.8268,32.1681,136.3907
145.9009,27.4011,31.8319,136.7177
146.0597,28.4468,31.5144,137.1489
146.2775,28.0822,31.0788,137.8779
146.4460,27.8219,30.7418,138.3985
146.4883,27.5583,30.6571,138.9257
146.4896,27.2194,30.6545,139.6035
146.5789,27.0170,30.4760,140.0085
146.6139,26.8964,30.4059,140.2496
146.6331,26.7336,30.3675,140.5753
146.6364,27.8412,30.3609,140.9083
146.5642,24.9807,30.5053,141.5237
146.5417,24.8209,30.5503,141.8432
146.5343,24.6540,30.5651,142.1771
146.5797,25.7409,30.4743,142.5778
146.4866,24.6004,30.6606,142.2803
146.4630,24.6531,30.7077,142.1750
146.2582,23.6739,31.1173,141.5563
146.2458,23.5767,31.1422,141.7505
146.2532,23.5781,31.1274,141.7479
146.3190,24.8224,30.9958,141.8386
146.3226,25.0236,30.9885,141.4361
146.3974,23.8974,30.8390,141.1162
147.5100,22.8719,31.1788,140.6022
147.2221,20.5245,31.7544,140.1684
147.0002,25.8363,32.1982,139.8222
147.0263,24.7417,32.1460,139.4383
146.9603,24.0188,32.2781,138.3174
146.8545,21.7888,32.4898,137.6706
147.1524,28.1620,31.8939,137.6665
148.9948,26.9900,30.7461,137.4736
149.0844,26.0024,30.5669,136.9364
148.9513,24.2970,30.8331,135.3446
150.2117,23.8196,30.7965,133.8152
149.7106,23.0215,31.7987,132.9493
150.5827,22.9414,32.5237,133.1095
149.9358,23.6200,33.8176,131.7523
151.8799,23.8345,34.9109,131.3233
151.2966,24.9841,36.0775,131.5293
150.9695,32.4267,36.7317,131.8254
150.7805,31.1554,37.1097,131.8215
150.6387,30.3270,37.3933,130.9246
149.5320,29.4459,39.6066,127.5941
148.6522,31.0089,41.3662,124.4682
146.9942,33.9770,44.6822,118.5319
154.4707,59.3830,42.2475,120.2968
155.1399,48.8254,40.9092,121.5329
155.4872,50.1837,40.2147,121.2945
156.2814,48.8482,38.6261,123.9655
156.9326,47.9017,37.3237,125.8584
157.7897,43.4809,35.6095,129.7533
159.1419,35.8745,32.9052,134.9805
160.3376,31.8378,30.5138,140.5351
161.4593,31.3618,28.2703,144.0376
162.0906,29.9035,27.0078,146.9542
162.4402,28.6009,26.3086,149.5593
164.2564,28.3940,25.2702,152.5672
164.4926,27.4227,24.7977,154.5097
166.0291,26.2309,24.3573,156.8933
166.0641,25.9743,24.2872,157.4065
167.5020,25.1305,24.0739,156.4318
167.3312,27.1260,24.4156,155.0854
167.0862,27.7774,24.9055,153.7827
168.5485,29.4960,24.6055,152.9701
169.8850,29.8581,24.5400,152.2460
169.6905,30.0856,24.9290,151.7909
170.8444,30.2777,25.2188,151.4066
171.9585,30.4448,25.5885,151.0725
172.9499,30.6011,26.2064,150.7599
173.8047,30.9498,27.1054,150.0625
173.2390,31.4492,28.2368,149.0637
175.3611,30.5014,29.2427,148.3343
175.9892,30.9483,30.6210,147.4405
175.3677,31.4154,31.8640,146.5063
176.1601,31.5510,32.9392,146.2351
175.6787,31.6793,33.9021,145.9785
175.1826,31.7130,34.8942,145.9111
176.1270,31.9141,35.7153,145.5088
176.9522,31.9902,36.7846,145.3567
177.7111,32.0053,38.0049,145.3265
178.4115,32.0338,39.3648,145.2694
179.1214,32.0826,40.7305,145.1718
178.4632,32.2312,42.0469,144.8746
179.2951,32.3942,43.2131,144.5487
180.1270,32.6118,44.3965,144.1134
180.9380,32.8045,45.6375,143.7280
181.6772,33.1600,47.0395,143.0171
182.3603,33.4113,48.5693,142.5144
183.1262,33.7484,49.9544,141.8402
182.5751,34.1210,51.0565,141.0950
183.3363,34.5539,52.4760,140.2292
184.1451,34.9815,53.8134,139.3741
185.0554,35.4751,54.9595,138.3868
184.5210,35.8499,56.0283,137.6372
185.2467,36.1716,57.5583,136.9937
186.1089,36.4049,58.8333,136.5273
186.9030,36.6244,60.2602,136.0882
187.7265,36.8643,61.6470,135.6084
188.5881,37.1258,62.9751,135.0854
189.4417,37.4324,64.3349,134.4723
188.7634,37.8787,65.6914,133.5796
191.2497,38.2258,66.9034,132.8855
190.5917,38.5604,68.2194,132.2162
189.9208,38.9406,69.5611,131.4559
192.3464,39.4015,70.9658,130.5340
193.2278,39.7529,72.3413,129.8312
192.6094,40.1440,73.5781,129.0490
195.0215,40.5067,75.0757,128.3237
194.4159,40.9803,76.2871,127.3765
195.3008,41.3233,77.6992,126.6904
196.2417,41.6504,79.0129,126.0363
197.1985,42.0572,80.3072,125.2225
198.1407,42.4619,81.6400,124.4133
197.4352,42.9297,83.0511,123.4777
198.4266,43.4394,84.3051,122.4583
197.8370,43.9294,85.4843,121.4782
200.5204,44.4046,86.6113,120.5277
200.0585,44.8988,87.5350,119.5394
201.1958,45.3671,88.5118,118.6029
202.3135,45.8420,89.5293,117.6529
201.7533,46.2983,90.6498,116.7405
202.8575,46.7196,91.7008,115.8979
204.0423,47.1303,92.5951,115.0765
205.1092,47.5119,93.7269,114.3133
206.1679,47.9704,94.8816,113.3962
207.2211,48.3555,96.0520,112.6260
208.2388,48.7301,97.3003,111.8769
209.2511,49.1212,98.5678,111.0945
208.6405,49.6052,99.7890,110.1266
209.7113,50.0482,100.9521,109.2405
210.7905,50.5263,102.1032,108.2845
211.9491,50.9251,103.0988,107.4869
213.0706,51.4131,104.1721,106.5109
212.5279,51.9130,105.2574,105.5111
213.4810,52.4356,106.6703,104.4659
214.6147,54.7084,107.7279,103.2452
214.2189,55.4141,108.5194,101.8337
215.4771,56.0821,109.3154,100.4978
215.2020,56.6349,109.8655,99.3922
216.5363,57.1915,110.4912,98.2789
216.2606,57.8030,111.0427,97.0560
217.4802,58.4566,111.8787,95.7488
218.6932,59.0414,112.7201,94.5793
218.3067,59.5550,113.4930,93.5519
219.5338,60.0192,114.2956,92.6235
219.1273,60.4506,115.1087,91.7607
220.2026,60.8104,116.2106,91.0412
221.2800,61.1997,117.3137,90.2626
222.4109,61.6401,118.3137,89.3819
222.0413,62.0879,119.0529,88.4862
223.2545,62.4791,119.8861,87.7039
222.9459,62.9765,120.5032,86.7091
224.3416,63.5163,120.9641,85.6294
225.7894,64.0358,121.3101,84.5903
225.6047,64.5861,121.6794,83.4898
227.0555,65.0976,121.9948,82.4667
228.4270,65.6071,122.4566,81.4478
228.0789,66.0851,123.1529,80.4917
229.4495,66.6379,123.6010,79.3861
230.8094,67.1309,124.0588,78.4001
230.5106,67.6066,124.6564,77.4487
230.3111,68.0508,125.0555,76.5604
231.7271,66.9221,125.3754,75.6657
233.0838,67.3618,125.8038,74.7863
232.8358,67.7825,126.2998,73.9449
234.2337,68.2431,126.6303,73.0237
234.0205,67.1967,127.0568,72.0008
235.4079,67.6610,127.3866,71.0722
235.2808,66.5810,127.6407,70.1385
236.7420,66.9650,127.8000,69.3705
236.6324,67.3583,128.0191,68.5840
238.0067,66.2576,128.3311,67.7247
237.9532,66.6324,128.4380,66.9752
239.3667,65.6024,128.6501,65.9962
239.2754,64.4477,128.8328,65.2802
239.1845,64.6985,129.0145,64.7785
240.5936,63.5283,129.2060,64.1093
241.9971,62.3951,129.3999,63.3749
241.8550,62.6205,129.6841,62.9241
241.7364,62.8687,129.9212,62.4277
243.0371,61.6910,130.3021,61.8010
242.8579,60.4590,130.6605,61.2881
242.7030,59.2010,130.9703,60.8310
244.0280,57.9905,131.2898,60.2826
243.8521,58.1616,131.6416,59.9403
245.1992,56.9606,131.9112,59.3785
245.0433,55.7276,132.2229,58.8867
245.0255,55.8663,132.2586,58.6095
246.5312,54.6366,132.1964,58.1194
246.5826,54.7672,132.0937,57.8582
248.0448,53.5602,132.1029,57.3385
248.0722,53.6904,132.0481,57.0781
249.4933,52.4962,132.1252,56.5472
249.4898,52.6477,132.1322,56.2444
249.4870,51.4274,132.1378,55.7792
249.4620,51.5605,132.1878,55.5129
249.4577,50.3799,132.1965,54.9805
250.8518,50.5735,132.2926,54.5934
250.9193,49.3294,132.1575,54.2027
252.3775,49.5413,132.1111,53.7789
252.3996,49.7080,132.0669,53.4455
252.4039,48.5675,132.0582,52.8715
253.8692,48.8549,131.9724,52.2966
253.9421,47.7708,131.8266,51.6316
255.3638,48.0544,131.8024,51.0644
255.3321,48.3347,131.8658,50.5037
256.7188,47.1604,131.8920,50.0528
256.6283,47.3641,132.0730,49.6454
256.5649,47.5614,132.1998,49.2508
258.0038,47.7652,132.1038,48.8432
258.0423,46.6044,132.0269,48.3916
258.0079,46.7270,132.0956,48.1465
259.4736,46.8620,131.9247,47.8765
260.8926,45.6643,131.8397,47.5188
260.9739,45.8614,131.6771,47.1246
261.0477,46.0461,131.5295,46.7552
261.0655,46.2454,131.4940,46.3566
261.1866,46.3514,131.2518,46.1446
262.6394,46.4744,131.0583,45.8985
262.7041,46.6359,130.9288,45.5757
262.7086,46.7857,130.9198,45.2759
262.7500,46.8718,130.8371,45.1038
262.7649,46.7846,130.8073,45.2783
264.1332,46.7629,130.7605,45.3216
264.3081,48.1333,130.4107,45.2708
264.3931,48.2195,130.2408,45.0986
264.5308,48.3246,129.9654,44.8883
264.6347,48.5618,129.7576,44.4138
265.8683,48.7432,129.9496,44.0510
265.9212,48.8623,129.8439,43.8129
266.1374,49.1080,129.4114,43.3215
267.6746,49.2299,128.9714,43.0776
267.8230,49.3521,128.6747,42.8333
267.9341,50.7773,128.4524,42.5978
268.0760,50.8187,128.1688,42.5151
268.3173,50.8675,127.6860,42.4175
268.6592,52.3063,127.0023,42.1331
268.9833,53.7554,126.3540,41.8133
268.9581,53.7839,126.4044,41.7564
269.0316,53.7904,126.2574,41.7432
269.1870,55.1891,125.9467,41.5065
269.4156,56.6191,125.4893,41.1983
269.6507,56.7169,125.0193,41.0027
269.8931,58.1793,124.5345,40.6073
271.2940,59.6302,124.2479,40.2208
271.5481,59.7831,123.7397,39.9151
271.9004,61.0868,123.0352,39.7991
272.1413,62.4508,122.5534,39.5502
272.3945,62.5487,122.0470,39.3543
272.5787,63.8654,121.6785,39.1778
272.7880,65.1716,121.2599,39.0140
273.0811,66.4953,120.6738,38.8060
273.1904,67.8178,120.4552,38.5883
273.3354,69.1860,120.1651,38.2722
273.4591,70.5392,119.9177,37.9761
273.7242,71.8452,119.3876,37.7655
273.8513,71.9084,119.1335,37.6390
274.0855,74.5647,118.6650,37.0945
274.3712,75.8872,118.0937,36.8168
274.6928,77.2784,117.4504,36.3886
275.0473,78.6487,116.7414,35.9850
275.4864,79.9481,115.8632,35.7058
275.8290,81.2460,115.1779,35.4120
276.2030,83.7457,114.4300,34.9861
276.4268,84.9761,113.9823,34.7937
276.6899,86.2741,113.4562,34.4561
276.9851,88.8330,112.8658,33.8277
277.3044,90.0883,112.2272,33.5419
276.5482,92.5089,111.5292,33.1214
276.7888,93.5994,111.0481,33.1332
277.0692,96.0265,110.4871,32.6513
277.3771,98.4099,109.8714,32.2229
276.5395,99.5695,109.3941,32.0563
276.7050,100.7472,109.0630,31.8435
276.9901,104.2446,108.4927,31.2511
276.2861,106.5716,107.7858,30.8270
276.4383,107.7394,107.4815,30.5883
276.6257,108.8734,107.1066,30.4088
276.7484,112.2766,106.8613,29.8414
276.9735,114.4542,106.4110,29.6174
277.2004,115.5291,105.9572,29.5226
277.3797,118.7527,105.5985,29.2161
276.7112,119.8566,104.8996,29.0444
276.9195,122.1373,104.4830,28.5292
277.1395,124.3989,104.0429,28.0209
277.2174,127.6991,103.8872,27.3956
277.4173,128.7311,103.4874,27.3095
277.4545,133.0125,103.4129,26.6288
277.6295,133.0022,103.0630,26.6495
277.9222,136.3061,102.4776,25.8978
277.1555,137.2273,102.0812,25.9851
277.3502,139.3033,101.6919,25.6846
277.4570,141.3175,101.4784,25.4852
277.6349,143.4157,101.1225,25.1044
276.7627,147.4594,100.9713,24.5994
276.9606,147.3382,100.5755,24.8417
277.0541,150.3987,100.3886,24.3693
277.1684,150.3959,100.1600,24.3749
277.1404,155.3349,100.2160,23.8380
277.3810,155.4115,99.7348,23.6848
277.4582,156.3789,99.5803,23.5990
277.4469,159.4133,99.6030,23.0660
277.6322,160.3737,99.2322,22.9807
277.6407,162.3881,99.2153,22.6089
276.8213,164.3334,99.0329,22.3607
276.8547,164.3820,98.9662,22.2636
276.7943,167.3528,99.0868,21.7552
276.9290,167.3022,98.8176,21.8563
276.9071,172.1038,98.8612,21.2590
277.0813,172.0895,98.5129,21.2876
277.2084,173.0523,98.2587,21.1479
277.2435,174.0784,98.1885,20.8754
277.0961,178.7025,98.4834,20.4945
277.2759,178.7629,98.1236,20.3737
278.2878,178.8651,97.8628,20.1693
278.3535,182.5155,97.7314,19.8893
278.5140,182.5468,97.4103,19.8268
278.5275,182.7038,97.3834,19.5127
278.3537,187.3168,97.7310,18.9656
278.5206,187.4658,97.3972,18.6676
278.6466,187.5560,97.1451,18.4873
278.6751,188.4787,97.0881,18.3543
278.6770,190.3109,97.0844,18.1078
279.4280,191.1489,97.2865,18.1360
279.5278,191.1416,97.0870,18.1506
279.4766,194.6357,97.1893,17.9824
279.6451,194.7066,96.8523,17.8406
279.7460,194.8203,96.6505,17.6132
280.6589,194.8223,96.5130,17.6093
281.5806,198.3341,96.3561,17.3312
281.6885,198.4420,96.1403,17.1154
281.7430,198.5237,96.0313,16.9520
281.9675,201.1853,95.5822,16.6292
281.9671,201.2163,95.5831,16.5672
282.0519,202.0340,95.4134,16.5846
282.9150,202.0577,95.3382,16.5372
283.6921,203.8617,95.4330,16.2271
283.7695,203.9100,95.2782,16.1305
283.7265,205.5955,95.3640,16.0397
283.7680,205.6784,95.2811,15.8738
283.8134,206.5959,95.1904,15.6739
283.9415,206.6384,94.9341,15.5888
285.7170,211.5820,94.6321,15.4487
285.8241,211.5085,94.4180,15.5958
285.9666,211.4696,94.1330,15.6736
285.9825,211.4818,94.1013,15.6490
285.9986,211.5759,94.0690,15.4610
286.7515,211.6802,94.1731,15.2522
286.8359,211.7458,94.0044,15.1211
286.8622,211.8242,93.9518,14.9644
287.7069,211.8529,93.8608,14.9068
287.6021,216.7703,94.0704,14.6485
287.6517,216.7696,93.9713,14.6500
287.6900,216.7810,93.8946,14.6271
287.7482,216.8363,93.7783,14.5165
288.6025,216.8804,93.6567,14.4283
288.6516,216.9675,93.5585,14.2541
290.2209,217.0526,93.5777,14.0839
290.4386,217.1061,93.1422,13.9770
290.4959,217.1454,93.0277,13.8983
290.5171,217.0891,92.9853,14.0109
290.5469,217.1226,92.9256,13.9440
291.2431,217.9516,93.0972,13.8499
291.2672,217.9327,93.0490,13.8876
291.2679,217.9573,93.0476,13.8384
291.3453,217.9939,92.8928,13.7652
291.4500,218.0235,92.6834,13.7060
292.2256,222.0273,92.6879,13.4772
292.3471,222.0073,92.4448,13.5171
292.3254,221.9612,92.4883,13.6093
292.3982,221.9660,92.3427,13.5998
292.3879,221.9427,92.3632,13.6463
292.5358,221.9467,92.0674,13.6384
292.6511,221.9736,91.8369,13.5845
292.7317,222.0297,91.6757,13.4723
293.5341,222.1084,91.6080,13.3149
294.2699,222.1294,91.6695,13.2730
294.1883,222.1871,91.8326,13.1575
294.1972,222.2201,91.8148,13.0914
294.1862,222.2609,91.8368,13.0099
294.1762,222.2745,91.8568,12.9826
294.2074,222.2762,91.7944,12.9793
