1
236.9091,359.8713,45.1817,44.2574
237.1791,360.1629,44.6418,43.6741
237.3281,360.3636,44.3439,43.2727
239.5122,360.5498,44.1150,42.9005
239.6458,360.6851,43.8477,42.6298
241.7599,360.1154,43.7050,42.4074
242.6187,360.2487,43.3435,42.1408
244.0032,359.0032,43.2668,41.9394
246.0771,358.4309,43.1443,41.7422
247.4028,357.1912,43.1665,41.5482
250.7292,356.7020,43.1838,41.1924
251.4327,356.1381,43.1055,40.9916
254.1868,352.9298,42.8942,40.7869
255.5541,353.1147,42.7951,40.4172
258.9150,352.5999,42.6248,40.1365
259.6612,351.4872,42.4356,39.7556
263.5280,349.6963,42.4669,39.4548
265.4674,347.8977,42.4579,39.1823
268.1387,346.8237,42.2568,38.7595
270.7607,345.7904,42.1151,38.2750
272.0650,344.0947,42.0377,37.8695
275.1822,342.4588,42.0931,37.3674
278.3785,341.4309,41.9545,36.9217
279.0481,340.4686,41.8568,36.3632
282.6937,337.6586,41.9519,35.8280
284.6332,337.3148,41.7448,35.2916
286.4902,335.2331,41.6671,34.6067
290.0242,333.7099,41.7983,34.0534
291.1949,333.3249,41.8428,33.6304
293.5338,331.2458,41.9122,33.0415
294.7415,330.3889,41.8533,32.3986
297.6333,327.2122,41.9046,31.7505
298.8319,326.9315,41.8217,31.1547
301.7133,325.5641,41.7895,30.4509
302.3182,324.1881,41.7140,29.8005
304.5177,322.8728,41.8042,29.0642
305.5587,321.5400,41.9451,28.3952
306.6080,320.2371,42.0517,27.6934
308.8680,319.4274,41.9019,27.1277
309.9002,318.6815,41.9991,26.4579
310.9884,316.3604,41.9649,25.7445
312.0225,316.1116,42.0139,25.1836
312.4758,314.8906,42.1572,24.4759
313.5289,313.6624,42.1312,23.8121
314.5037,311.9454,42.2384,23.1325
315.5624,312.2144,42.1577,22.5945
316.5348,310.0294,42.2291,21.9244
317.0360,310.2901,42.2242,21.4029
317.5100,310.1002,42.2646,20.7943
317.9731,309.4462,42.3170,20.1452
318.9284,307.3377,42.3425,19.5219
318.9398,307.5786,42.3196,19.0402
319.4166,307.3437,42.3149,18.5612
319.4149,307.1281,42.3183,18.0522
319.4040,306.9159,42.3401,17.5452
319.8809,306.7000,42.3090,17.0545
319.8609,306.4809,42.3489,16.5790
319.8514,306.6989,42.3679,16.1431
319.8488,307.4023,42.3731,15.6342
319.8495,307.6049,42.3717,15.2292
319.8520,307.7923,42.3666,14.8542
319.4311,307.9877,42.3338,14.4635
319.0138,308.6386,42.3013,14.0287
318.9769,308.8134,42.3751,13.6793
318.9771,308.9700,42.3746,13.3660
318.1435,309.5562,42.3468,13.0410
318.0993,309.6863,42.4351,12.7809
317.6815,309.8305,42.4332,12.4925
317.2621,309.9676,42.4398,12.2183
316.4156,310.0937,42.4782,11.9662
313.9540,310.1692,42.4633,11.8152
313.9866,310.2368,42.3981,11.6799
313.5362,309.8533,42.4822,11.6304
313.5160,309.9032,42.5227,11.5305
313.1190,309.9546,42.5012,11.4278
310.6689,309.9756,42.5219,11.3857
311.0867,309.5540,42.4989,11.4162
309.8489,309.1198,42.5355,11.4716
308.9934,308.6667,42.6173,11.5633
308.1373,308.1791,42.6947,11.7210
308.0967,307.7045,42.7759,11.8487
307.6185,306.7875,42.9072,12.0326
304.7026,306.7190,42.9266,12.1696
304.6514,306.2323,43.0292,12.3099
304.6534,305.7200,43.0251,12.4972
303.7612,305.2383,43.1281,12.6199
302.8665,304.4071,43.2287,12.5934
302.0259,303.8763,43.2192,12.8097
301.0840,302.5522,43.4045,12.9103
299.7385,302.0559,43.5344,13.0490
298.7704,300.6689,43.7543,13.2487
298.7175,300.1545,43.8600,13.4126
297.3946,299.6114,43.8974,13.6293
297.3437,299.0548,43.9993,13.8684
296.3959,298.5159,44.1351,14.0664
295.9195,295.6684,44.2024,14.4486
293.6895,295.5787,44.1952,14.6281
293.6095,295.0462,44.3553,14.7964
293.1207,294.4962,44.4309,14.9946
293.0628,293.4836,44.5467,15.2063
292.5277,290.5890,44.7048,15.5225
291.9631,290.4597,44.9137,15.7810
291.3617,289.4142,45.1886,16.0163
290.8208,288.8189,45.3344,16.2708
290.2527,287.7569,45.5277,16.5091
289.6913,285.6379,45.7007,16.9476
289.5988,284.5465,45.8856,17.2100
289.0513,283.9477,46.0131,17.4399
288.4573,281.8465,46.2273,17.7479
288.3541,280.6968,46.4338,18.0829
288.2628,280.0094,46.6164,18.4666
288.1645,277.7899,46.8130,18.9029
287.5721,277.1470,46.9866,19.1774
287.4790,275.9066,47.1728,19.6208
287.8893,273.0438,47.3814,20.2001
287.8223,272.8345,47.5154,20.6187
288.2110,269.9627,47.7898,21.1030
288.1464,269.7454,47.9191,21.5375
288.5457,266.8120,48.1945,22.0350
288.5029,266.5952,48.2800,22.4685
289.4896,265.2661,48.4975,22.9357
289.9213,262.7240,48.7409,23.5928
290.9019,261.3238,49.0231,24.1497
291.9277,260.4818,49.2427,24.6982
292.3472,259.0250,49.5519,25.3152
292.8228,257.5560,49.7643,25.9263
294.4293,255.4233,50.0826,26.6604
294.9022,254.4736,50.3313,27.3653
295.3367,252.3434,50.6723,27.9954
297.6146,250.7785,51.0202,28.6733
298.1090,249.1413,51.2740,29.4626
298.5608,248.1043,51.6303,30.2766
300.9351,247.0843,51.9971,31.0379
301.3873,244.7004,52.3898,31.9141
302.5662,244.3319,52.6677,32.6511
305.0167,242.6066,53.1040,33.4330
304.8940,241.4894,53.3495,34.3135
306.0965,238.9729,53.6891,35.2294
308.0039,238.5114,54.0525,36.1525
308.5439,236.6111,54.3861,37.1260
309.7968,235.4827,54.7496,37.9479
311.0771,234.3038,55.0967,38.8520
311.6404,233.0938,55.4439,39.7981
313.6931,231.1070,55.8231,40.7820
314.2012,230.6220,56.3235,41.7519
315.4814,229.3524,56.8436,42.7511
315.9960,227.2445,57.3790,43.8379
316.5962,226.8036,57.7690,44.7197
319.5823,225.4247,58.2395,45.8668
319.3426,224.0723,58.7190,46.9350
319.9518,222.7413,59.1618,47.9357
320.5375,221.3786,59.6746,48.9768
321.1683,220.8201,60.1220,50.0939
322.6522,219.3910,60.6220,51.2181
323.2816,217.8689,61.1229,52.5026
323.9637,216.4191,61.5469,53.6142
323.6643,215.8840,62.1456,54.6843
324.2695,214.3193,62.7740,55.9747
324.9320,212.7761,63.3185,57.1920
325.6174,211.2480,63.8447,58.3509
325.2860,210.6458,64.5076,59.5554
324.9875,210.0757,65.1045,60.6956
325.6800,208.4578,65.7004,61.9505
325.3925,206.8477,66.2755,63.1607
325.1301,206.2278,66.8003,64.4005
324.8354,205.6216,67.3896,65.6130
324.5803,203.9848,67.8998,66.7919
324.2824,202.3543,68.4955,67.9318
323.9548,201.7517,69.1508,69.1371
323.6549,200.1133,69.7505,70.2362
323.2943,199.5320,70.4718,71.3988
322.9600,198.9647,71.1404,72.5334
322.6520,197.2655,71.7563,73.6691
322.2998,196.7411,72.4607,74.7179
321.9383,196.2416,73.1838,75.7170
320.3961,195.7590,73.9234,76.6823
319.9557,194.0211,74.8042,77.7863
318.3107,193.5590,75.6913,78.7105
316.6669,193.1168,76.5476,79.5950
316.2165,192.6469,77.4483,80.5348
314.5237,192.1969,78.3460,81.4347
314.0519,191.7802,79.2897,82.2683
313.4815,191.3299,80.4304,83.1688
311.6370,190.9425,81.5432,83.9436
311.0522,191.8133,82.7128,84.8079
310.3826,191.3738,84.0520,85.6870
309.6962,192.3241,85.4249,86.4593
308.8886,193.2448,87.0400,87.3247
308.0594,194.2626,88.6985,88.0352
307.1397,195.3607,90.5377,88.6221
306.1914,196.5255,92.4344,89.1139
306.7018,197.6743,94.2726,89.6752
307.0649,198.8352,96.4428,90.2501
307.4994,201.5025,98.5136,90.7947
307.8601,202.7023,100.7728,91.3757
308.1824,203.9458,103.1532,91.9138
308.4547,206.7555,105.6792,92.4357
308.6589,209.6514,108.3891,92.8801
310.5776,211.0673,110.8862,93.2157
310.8259,212.4975,113.6006,93.5665
311.0121,215.5705,116.4870,93.9377
312.9449,217.0816,119.2394,94.2246
314.9215,218.7267,121.9979,94.2902
315.1893,220.4734,124.8615,94.1960
317.1171,224.0104,127.8883,94.0044
317.3634,225.9383,130.8800,93.6329
319.4365,227.9452,133.7806,93.1425
321.5483,230.0946,136.6754,92.4028
321.9324,232.3377,139.4979,91.5074
322.3229,234.6483,142.3352,90.5043
324.6539,237.0971,144.9612,89.2507
325.2213,237.8179,147.4886,87.8092
325.8488,240.4960,149.9091,86.1285
328.3541,243.2475,152.2646,84.3085
329.1417,244.2109,154.3764,82.3818
327.9956,247.1667,156.6685,80.1553
328.8694,248.2857,158.6015,77.9173
329.7915,249.4818,160.4273,75.5250
328.8981,252.6724,162.2142,72.7990
328.1408,254.0204,163.7288,70.1031
327.4951,255.4018,165.0201,67.3402
326.8921,256.7858,166.2261,64.5723
326.3257,258.1606,167.3590,61.8225
325.9121,259.5695,168.1862,59.0049
325.5911,260.9897,168.8282,56.1644
325.3148,262.3104,169.3808,53.5230
321.6740,263.4537,169.8831,51.2364
319.9144,264.4615,170.0476,49.2208
314.7861,265.2763,170.3462,47.5912
313.0732,265.8230,170.4788,46.4978
304.7983,266.2098,170.6558,45.7241
303.1334,266.3972,170.7233,45.3493
296.6363,266.5562,170.6918,45.0316
293.3524,266.6982,170.7599,44.7473
283.4893,266.6682,171.0130,44.8073
280.0342,266.5350,171.4226,45.0738
271.7267,267.9258,171.7326,45.5532
266.4525,270.7313,172.4577,46.4910
257.8080,273.2346,173.2353,48.0891
252.2972,275.5167,174.2273,50.2113
245.0984,277.6182,175.0373,52.8021
237.5754,281.3782,176.2572,55.6516
233.4500,283.3403,177.4550,58.7804
225.6037,285.1117,178.7438,62.4395
221.1813,288.5968,180.2165,66.5277
214.6806,292.1277,181.8740,70.8095
209.8680,293.8578,183.7354,75.1133
207.2432,295.5819,184.9994,79.6362
202.5814,301.3285,186.1548,84.4795
200.1011,301.2494,186.9293,88.8236
198.0437,303.2150,186.7708,93.4392
198.2354,307.3398,186.3874,98.2428
198.5434,307.2184,185.7713,102.9140
196.4430,311.4996,185.4730,107.8492
197.1469,311.4633,184.0651,112.5004
197.7622,311.4463,182.8346,117.1706
198.4462,311.4637,181.4665,121.8319
201.8437,311.6165,179.4249,126.2794
205.3990,311.7309,177.1103,130.8468
209.4852,311.8970,173.7740,135.3504
216.0862,312.2013,170.2892,139.6006
223.3003,310.2159,165.6093,143.5714
228.5715,308.5863,159.9330,146.8305
236.5900,307.0426,153.5556,149.9179
244.8954,305.6068,146.5029,152.7896
253.4434,304.4084,138.8327,155.1863
262.3806,303.4995,130.2152,157.0042
271.3255,302.9814,121.3619,158.0405
277.7966,300.6280,112.8102,158.3567
288.7943,296.4289,103.5807,158.2443
294.7951,294.5083,95.6798,157.9848
300.2581,292.9625,88.7182,157.1120
307.0319,288.4234,82.8381,154.6891
312.3235,285.9845,79.6498,152.1718
314.3930,283.8148,79.1167,149.2996
317.7630,281.7051,79.4855,146.4101
319.0583,277.7956,80.4131,143.6746
320.1980,275.7049,81.6273,140.8689
319.6154,273.6415,82.7925,138.0502
320.7006,271.5915,84.0726,135.2492
320.1728,267.7499,85.1283,132.6414
319.7386,265.8503,85.9965,129.6227
321.0766,264.0682,86.6988,126.4306
320.6184,262.2715,87.6151,123.3405
320.1812,262.2114,88.4896,120.1506
319.9134,258.8301,89.0252,117.0845
319.6606,258.7187,89.5308,114.0691
317.7535,258.5512,90.1446,111.2035
317.5579,256.8279,90.5357,108.3171
315.8645,256.5334,90.7941,105.7778
314.1756,254.6476,91.0786,103.3626
314.0875,254.1671,91.2547,101.2630
312.4940,253.6631,91.4109,99.2403
312.4966,253.0692,91.4058,97.4263
310.9620,252.4060,91.5016,95.7795
310.9887,251.6768,91.4481,94.2887
309.5333,250.7435,91.4342,93.2305
309.6861,251.1582,91.1286,92.4009
309.8220,251.5769,90.8567,91.5637
308.3926,250.4059,90.8427,91.0328
308.4615,250.5291,90.7050,90.7864
308.4674,250.6185,90.6932,90.6077
308.4784,250.6934,90.6711,90.4579
308.4771,250.7559,90.6739,90.3329
308.4891,250.7693,90.6498,90.3060
308.5066,250.7855,90.6148,90.2736
308.5025,250.8013,90.6229,90.2420
308.5005,250.8107,90.6269,90.2231
308.5028,250.8264,90.6223,90.1917
308.5218,250.8246,90.5844,90.1954
308.5228,250.8364,90.5823,90.1719
308.5256,250.8443,90.5767,90.1561
308.5347,250.8505,90.5586,90.1437
308.5351,250.8594,90.5578,90.1259
308.5474,250.8636,90.5332,90.1175
308.5403,250.8653,90.5474,90.1141
308.5461,250.8705,90.5357,90.1037
308.5641,250.8809,90.4998,90.0829
308.5720,250.8840,90.4839,90.0765
308.5748,250.8906,90.4783,90.0634
308.5945,250.8907,90.4391,90.0632
308.5436,250.8752,90.5408,90.0943
308.5426,250.8708,90.5428,90.1031
308.5587,250.8795,90.5105,90.0857
308.5500,250.8868,90.5281,90.0710
308.5501,250.8901,90.5278,90.0645
308.5441,250.8933,90.5397,90.0580
308.5544,250.9011,90.5191,90.0425
308.5870,250.8973,90.4540,90.0500
308.5417,250.8719,90.5446,90.1008
308.5637,250.8869,90.5006,90.0709
308.5703,250.8971,90.4872,90.0505
308.5092,250.8643,90.6095,90.1159
308.5260,250.8700,90.5760,90.1046
308.5620,250.8787,90.5040,90.0872
308.5778,250.8850,90.4724,90.0746
308.5826,250.8943,90.4627,90.0561
308.5091,250.8540,90.6098,90.1366
308.5242,250.8577,90.5796,90.1292
308.5389,250.8638,90.5502,90.1171
308.5471,250.8729,90.5338,90.0988
308.5721,250.8788,90.4838,90.0871
308.5865,250.8853,90.4549,90.0740
308.5097,250.8543,90.6085,90.1361
308.5369,250.8580,90.5541,90.1287
308.5572,250.8622,90.5136,90.1202
308.5753,250.8742,90.4774,90.0962
308.5878,250.8789,90.4523,90.0869
308.5087,250.8535,90.6106,90.1376
308.5100,250.8588,90.6080,90.1271
308.5128,250.8633,90.6023,90.1180
308.5179,250.8670,90.5922,90.1107
308.5323,250.8679,90.5633,90.1088
308.5533,250.8665,90.5214,90.1116
308.5668,250.8738,90.4944,90.0970
308.5671,250.8800,90.4938,90.0846
308.5708,250.8874,90.4863,90.0698
308.5741,250.8962,90.4797,90.0523
308.5182,250.8718,90.5914,90.1011
308.5368,250.8618,90.5543,90.1211
308.5173,250.8219,90.5934,90.2008
308.5124,250.7787,90.6032,90.2873
307.0209,250.6733,90.7374,90.4981
306.9480,250.5517,90.8832,90.7412
305.4299,250.3307,91.0593,91.1833
303.8108,250.0744,91.4276,91.6958
302.1859,249.6591,91.7933,92.5264
300.5115,247.7279,92.2397,93.4862
297.3078,247.2197,92.7974,94.5026
295.5322,245.1707,93.3991,95.6510
293.6441,244.6904,94.1981,96.6116
290.2627,242.5782,94.9513,97.8312
286.8299,242.0215,95.7451,98.9445
284.8067,241.4156,96.7257,100.1564
281.1727,240.7201,97.7929,101.5475
277.5042,238.4595,98.8518,102.9295
275.2879,237.7969,100.1068,104.2547
269.7771,237.1597,101.4741,105.5290
267.5607,236.4158,102.6472,107.0169
265.3320,235.7363,103.8029,108.3759
261.2849,233.4451,105.2148,109.6172
258.8505,232.9072,106.7005,110.6929
256.4569,232.4139,108.0642,111.6795
254.0718,232.0921,109.3741,112.3231
251.6925,230.0814,110.6415,112.8533
249.2444,228.1920,112.0181,113.1126
246.7817,228.0472,113.3982,113.4022
244.3315,227.9244,114.7270,113.6478
242.0130,226.1472,115.7676,113.6057
241.5033,226.3046,116.7869,113.2909
240.9828,224.7464,117.8279,112.7842
240.4931,223.2698,118.8072,112.1058
240.1198,221.8282,119.5540,111.3530
239.8322,220.5443,120.1290,110.2851
239.5830,217.5298,120.6275,109.0585
239.4353,216.3959,120.9228,107.7104
239.3360,215.3511,121.1215,106.2009
241.0089,212.6227,121.3537,104.5019
240.9332,209.9540,121.5050,102.7306
242.8196,209.1030,121.2605,100.9046
244.7687,206.6058,120.8571,98.9090
246.7647,204.1439,120.3217,96.9195
247.0300,201.7233,119.7912,94.9284
248.9988,199.3710,119.2293,92.8817
249.2970,198.7587,118.6329,90.7723
253.0317,195.0003,117.7443,88.4178
253.4135,194.3465,116.9808,86.4871
255.3832,193.7300,116.2365,84.5248
257.4077,193.1777,115.3393,82.4777
259.4601,191.1665,114.3389,80.2912
261.4180,190.5454,113.4763,78.4802
263.4465,189.9012,112.4297,76.7582
265.4537,187.7869,111.3814,75.0547
265.9991,188.4436,110.2907,73.7411
266.5265,187.7561,109.2359,72.2325
268.4005,188.3598,108.3307,71.0249
268.9153,188.9273,107.3010,69.8899
270.8801,189.4425,106.1463,68.8596
271.4272,189.9402,105.0521,67.8641
271.9927,193.1022,103.9210,66.9549
272.5337,196.1250,102.8392,66.2596
272.9872,199.0938,101.9321,65.6166
273.4780,201.9202,100.9506,65.2098
274.0381,204.6743,99.8302,64.9046
273.2488,208.5586,98.8292,64.8751
272.4541,209.6689,97.8546,65.2186
271.6494,213.3241,96.9088,65.5736
269.6512,216.9051,95.8115,66.0522
268.9120,220.3560,94.7516,66.7652
266.9133,221.1957,93.6811,67.6199
263.7373,224.6095,92.4374,68.3879
263.0422,227.8837,91.3019,69.4163
259.7854,229.8517,90.2403,70.5305
259.1375,230.4767,89.0089,71.8074
254.7067,233.6062,87.7548,73.1352
252.9530,235.5594,86.2001,74.2910
249.9848,237.5354,84.5595,75.3904
249.6560,238.1853,82.6993,76.6084
244.3649,238.7573,80.7399,77.9729
244.1669,239.2971,78.6365,79.3924
244.0034,241.0659,76.4749,80.8321
240.2633,241.6523,74.0469,82.1364
240.1748,240.9987,71.7652,83.4436
238.9644,240.4106,69.3009,84.6197
237.9736,239.9836,66.4407,85.4739
238.2039,239.5632,63.5925,86.3147
237.6150,239.2299,60.0623,86.9812
237.8919,239.0318,57.2027,87.3774
239.3286,238.9157,54.3292,87.6097
239.8365,238.7606,51.0935,87.9197
241.3142,237.7655,48.1382,87.7401
241.8310,236.8421,44.9875,87.4700
243.2281,234.9922,42.1933,87.0518
245.5973,234.3582,39.4595,86.3154
247.7442,233.8396,37.1118,85.4066
249.7234,231.3686,35.0448,84.6738
251.5381,230.8728,33.2598,83.8209
256.1287,229.5982,31.2798,82.7696
259.3271,228.4087,30.1321,81.6492
263.8948,227.0721,29.5615,80.8965
268.2927,225.8642,29.2251,79.9286
271.5144,225.3390,29.4695,79.3070
275.4437,224.1240,29.9481,78.4020
278.4150,223.6871,30.6580,77.6129
282.1882,223.2620,31.4340,76.7984
285.0426,222.9520,32.3917,75.7519
288.7309,222.6311,33.3575,74.7251
291.4724,222.2231,34.5569,73.8706
294.2932,222.5643,35.6322,73.1881
297.1904,222.9395,36.5898,72.4377
299.2820,222.4579,37.4874,71.7073
302.2289,222.8011,38.3871,71.0210
304.3665,223.0398,39.2229,70.5436
306.5822,223.3682,39.9244,69.8868
308.0221,223.5860,40.4708,69.4513
309.4726,223.8485,41.0017,68.9262
310.1130,223.9792,41.4381,68.6649
310.7935,224.1352,41.7977,68.3528
311.5110,224.2824,42.0847,68.0583
312.2733,224.3485,42.2825,67.9261
312.1864,224.4126,42.4563,67.7979
312.1170,224.4552,42.5950,67.7128
312.0851,224.4765,42.6588,67.6701
312.0581,224.4859,42.7129,67.6514
312.0357,224.5083,42.7577,67.6066
312.0259,224.5088,42.7773,67.6055
312.0056,224.5096,42.8180,67.6040
311.9911,224.4888,42.8469,67.6457
311.9852,224.4879,42.8586,67.6473
311.9725,224.4634,42.8842,67.6963
311.9810,224.5112,42.8671,67.6008
311.9697,224.4982,42.8897,67.6268
311.9833,224.5402,42.8625,67.5428
311.9770,224.5190,42.8751,67.5851
311.9731,224.5120,42.8828,67.5991
311.9498,224.5017,42.9295,67.6198
311.9742,224.5417,42.8808,67.5397
311.9733,224.5238,42.8824,67.5756
311.9744,224.4965,42.8802,67.6301
311.9726,224.4886,42.8838,67.6461
311.9935,224.5385,42.8421,67.5462
311.9723,224.5190,42.8846,67.5852
311.9700,224.4983,42.8892,67.6266
312.0104,224.5313,42.8082,67.5606
311.9835,224.5248,42.8622,67.5736
311.9745,224.5162,42.8802,67.5909
311.9810,224.4959,42.8670,67.6314
311.9752,224.4991,42.8786,67.6251
311.9584,224.4780,42.9123,67.6672
311.9780,224.5156,42.8731,67.5920
311.9811,224.5004,42.8668,67.6224
311.9725,224.4917,42.8840,67.6397
312.0056,224.5338,42.8179,67.5555
311.9982,224.5437,42.8327,67.5358
311.9925,224.5361,42.8441,67.5509
311.9950,224.5297,42.8392,67.5638
311.9809,224.5232,42.8673,67.5767
311.9928,224.5122,42.8434,67.5988
311.9799,224.4951,42.8693,67.6329
311.9730,224.4863,42.8831,67.6506
311.9940,224.5352,42.8410,67.5527
312.0046,224.5289,42.8198,67.5653
311.9987,224.5193,42.8317,67.5845
311.9863,224.5036,42.8566,67.6161
311.9952,224.5033,42.8386,67.6166
311.9846,224.4901,42.8599,67.6430
311.9655,224.4762,42.8980,67.6708
311.9956,224.5160,42.8378,67.5912
311.9880,224.5041,42.8530,67.6151
311.9716,224.4921,42.8859,67.6390
311.9858,224.5334,42.8574,67.5564
311.9907,224.5043,42.8477,67.6147
311.9896,224.4982,42.8499,67.6269
311.9879,224.4888,42.8532,67.6455
311.9682,224.4853,42.8927,67.6526
311.9799,224.5181,42.8693,67.5869
311.9749,224.5122,42.8793,67.5989
311.9646,224.4993,42.8999,67.6246
311.9784,224.5373,42.8723,67.5487
311.9656,224.5247,42.8979,67.5739
311.9758,224.5095,42.8775,67.6042
311.9796,224.5067,42.8698,67.6097
311.9757,224.4948,42.8777,67.6337
311.9629,224.4971,42.9034,67.6291
311.9727,224.5416,42.8836,67.5399
311.9672,224.5338,42.8947,67.5555
311.9576,224.5101,42.9139,67.6030
311.9807,224.5379,42.8677,67.5474
311.9745,224.5222,42.8802,67.5787
311.9627,224.5050,42.9037,67.6132
311.9854,224.5458,42.8583,67.5316
311.9895,224.5271,42.8501,67.5689
311.9891,224.5150,42.8509,67.5931
311.9792,224.5035,42.8706,67.6161
311.9720,224.5021,42.8852,67.6190
311.9490,224.4877,42.9310,67.6479
311.9697,224.5203,42.8897,67.5826
311.9593,224.5062,42.9105,67.6107
311.9909,224.5328,42.8472,67.5575
311.9697,224.5210,42.8898,67.5811
311.9728,224.4988,42.8835,67.6256
311.9693,224.4851,42.8905,67.6530
311.9886,224.5300,42.8519,67.5633
311.9780,224.5253,42.8730,67.5726
311.9777,224.5012,42.8737,67.6208
311.9779,224.4759,42.8733,67.6714
311.9948,224.5166,42.8394,67.5900
311.9849,224.4989,42.8593,67.6253
311.9722,224.5016,42.8847,67.6200
311.9675,224.4771,42.8941,67.6691
311.9813,224.5145,42.8665,67.5941
311.9684,224.5049,42.8922,67.6133
311.9633,224.4883,42.9026,67.6465
311.9936,224.5225,42.8419,67.5781
311.9922,224.4970,42.8447,67.6293
311.9789,224.4902,42.8712,67.6427
311.9996,224.5345,42.8299,67.5542
311.9919,224.5234,42.8454,67.5763
311.9788,224.5113,42.8716,67.6006
311.9609,224.5016,42.9073,67.6200
311.9805,224.5315,42.8681,67.5601
311.9749,224.5142,42.8792,67.5947
311.9641,224.5075,42.9008,67.6081
311.9464,224.4935,42.9362,67.6361
311.9600,224.5242,42.9091,67.5747
311.9540,224.5046,42.9210,67.6140
311.9752,224.5459,42.8787,67.5314
311.9679,224.5107,42.8934,67.6018
311.9650,224.5061,42.8991,67.6111
311.9665,224.4806,42.8962,67.6619
311.9807,224.5204,42.8676,67.5823
311.9737,224.5145,42.8817,67.5942
311.9554,224.4911,42.9182,67.6409
311.9657,224.5330,42.8976,67.5572
311.9738,224.5114,42.8814,67.6003
311.9661,224.5011,42.8969,67.6209
312.0009,224.5386,42.8274,67.5461
311.9948,224.5289,42.8396,67.5653
311.9901,224.5133,42.8488,67.5966
312.0059,224.4863,42.8173,67.6507
312.0402,224.4665,42.7488,67.6903
312.0219,224.4921,42.7853,67.6390
312.9125,224.5068,42.7321,67.6095
313.8873,225.3085,42.5090,67.7327
314.9179,226.1077,42.1725,67.8591
316.7928,227.7254,41.8645,68.0655
318.8047,228.5220,41.2784,68.1912
320.8560,230.1175,40.5976,68.4220
323.8380,232.5392,39.7421,68.6869
325.8685,234.1305,39.0655,68.8889
328.8372,234.7511,38.1795,69.3314
331.9232,237.1028,37.0330,69.6537
334.9780,238.5356,35.9046,70.1089
339.6361,239.9735,34.8265,70.5283
340.9286,240.5114,33.8767,71.0876
345.6130,243.6200,32.6419,71.3777
347.7420,244.2730,31.6028,71.6812
350.6787,244.9937,30.5163,71.8354
354.2359,245.6830,29.7165,72.0354
355.9950,247.3110,29.3331,71.9142
359.8315,248.0713,29.4540,71.9522
362.6939,248.1325,29.9752,71.8298
365.4230,248.2622,30.7929,71.5705
367.3013,248.3492,31.7755,71.3966
369.9108,248.4950,32.9346,71.1049
371.7463,248.7589,34.0955,70.5771
371.9949,248.2596,35.2213,69.9525
373.8026,247.9032,36.5068,69.0318
374.0734,247.4985,37.6072,68.1991
375.1017,246.4442,38.8482,67.0102
374.4962,246.2665,40.0590,65.7132
373.8476,244.4612,41.3564,64.3636
373.2609,243.5224,42.5298,62.9313
371.8024,243.4424,43.7937,61.4382
370.3474,242.5956,45.0523,59.8290
368.1080,241.7873,46.2361,58.1506
365.9539,240.9482,47.2617,56.5464
361.3876,240.1722,48.2286,54.8322
359.4607,240.2742,48.8382,53.0058
356.0033,240.3499,49.3389,51.2510
352.6770,240.4237,49.6555,49.5193
347.8508,239.7084,49.9369,47.8264
346.9059,239.7642,50.2874,46.1753
341.5082,240.5570,50.4513,44.5897
338.4263,239.9110,50.6313,42.8897
334.6687,239.9161,50.7888,41.4079
331.7354,240.5797,50.8553,40.0807
326.7324,241.1659,50.8545,38.9084
325.3472,241.7912,50.8040,37.6578
320.5137,241.6651,50.7463,36.5207
319.2484,242.1944,50.5375,35.4621
315.1629,242.6400,50.6137,34.5709
314.4573,243.0694,50.6895,33.7121
309.9178,243.4580,50.5115,32.9350
309.9830,243.8494,50.3810,32.1521
308.1279,244.1458,50.2159,31.5594
306.9462,244.4172,50.0205,31.0165
306.4092,244.6363,49.8272,30.5783
305.0941,245.4326,49.9431,30.2427
304.4265,245.5785,50.0253,29.9510
