1
159.8876,71.7490,288.2249,310.5020
160.2263,71.9618,287.5475,310.0764
160.5270,72.1695,286.9459,309.6611
160.7746,72.3661,286.4509,309.2678
161.0058,72.5641,285.9884,308.8718
161.2195,72.7704,285.5610,308.4591
161.4143,72.9409,285.1714,308.1181
161.5589,73.0876,284.8822,307.8248
161.7314,73.2413,284.5372,307.5173
161.8057,73.3719,284.3886,307.2563
161.9230,73.5195,284.1539,306.9611
161.9796,73.6263,284.0408,306.7474
162.0697,73.7203,283.8606,306.5595
162.1346,73.7711,283.7308,306.4577
162.2579,73.8398,283.4843,306.3203
162.4125,73.9322,283.1750,306.1357
167.2200,74.1639,282.8387,305.6721
167.4159,74.3929,282.4470,305.2142
172.1983,74.6340,282.1350,304.7319
172.4549,74.9189,281.6217,304.1622
177.2724,75.2777,281.2100,303.4446
177.5486,75.6933,280.6576,302.6135
177.7891,76.1383,280.1765,301.7234
182.7048,76.4992,279.5074,301.0017
187.5126,76.9359,279.0320,300.1282
187.7283,77.2616,278.6007,299.4768
188.0098,77.6115,278.0376,298.7771
192.9029,77.9366,277.3336,298.1268
197.7407,78.3830,276.7189,297.2340
198.1070,78.7537,275.9864,296.4925
202.9455,79.3230,275.3232,295.3539
203.2509,79.7647,274.7125,294.4706
203.5276,80.1560,274.1591,293.6879
208.2515,80.5009,273.6525,292.9982
208.4469,80.7294,273.2617,292.5412
208.6982,85.4940,272.7590,291.9210
213.4496,85.8161,272.1476,291.2769
213.7254,90.6072,271.5959,290.5661
214.0131,90.8214,271.0205,290.1376
214.3137,91.1051,270.4195,289.5703
214.6413,91.4658,269.7642,288.8490
215.0152,91.8417,269.0164,288.0972
215.4924,92.3292,268.0621,287.1222
216.0066,92.8588,267.0335,286.0630
216.5142,93.3407,266.0185,285.0991
216.9936,93.8351,265.0596,284.1103
217.4730,94.3420,264.1009,283.0965
217.9283,94.8389,263.1903,282.1027
218.3952,95.3301,262.2563,281.1204
218.9681,95.9103,261.1106,279.9600
219.5712,96.5326,259.9044,278.7154
220.1676,97.1434,258.7116,277.4938
220.8249,97.7876,257.3969,276.2054
221.5023,98.4051,256.0423,274.9703
222.1489,99.0412,254.7491,273.6982
222.8313,99.6519,253.3842,272.4768
227.6264,100.3016,252.0740,271.1774
228.2027,100.8747,250.9214,270.0310
228.7870,101.4187,249.7528,268.9432
229.3477,102.0213,248.6313,267.7379
229.9283,102.6290,247.4702,266.5225
230.5312,103.2586,246.2643,265.2634
231.0830,103.7888,245.1607,264.2030
231.6238,104.2556,244.0792,263.2693
232.0638,104.6773,243.1991,262.4258
232.4772,105.0868,242.3724,261.6069
232.9185,105.5241,241.4896,260.7323
233.4250,106.0105,240.4768,259.7596
233.9818,106.4930,239.3632,258.7946
234.6001,106.9586,238.1265,257.8634
235.2314,107.4449,236.8638,256.8907
235.7397,107.9241,235.8473,255.9323
236.2537,108.4146,234.8194,254.9514
236.7503,108.9322,233.8262,253.9161
237.2582,109.4435,232.8104,252.8934
237.8038,110.0161,231.7192,251.7483
238.3988,110.6911,230.5292,250.3984
238.9966,111.3738,229.3336,249.0330
239.6491,111.9901,228.0285,247.8004
240.3132,112.6891,226.7002,246.4023
240.9941,113.3788,225.3385,245.0230
241.6437,114.0381,224.0393,243.7042
242.2329,114.7608,222.8610,242.2589
239.1664,115.4915,221.6707,240.7976
239.6801,116.1280,220.6435,239.5246
240.1962,116.8677,219.6112,238.0452
237.0767,117.5843,218.6445,236.6119
233.9338,118.3024,217.7623,235.1757
230.8423,115.4274,216.8138,233.7942
231.3147,116.0214,215.8690,232.6062
228.1064,116.6890,215.2241,231.2709
224.9436,117.2346,214.5195,230.1797
218.2553,117.8742,213.8920,228.9006
215.2287,118.5906,212.9729,227.4678
212.2470,115.8123,212.0013,226.0892
209.3198,116.4896,210.9575,224.7345
202.8430,117.2045,210.1902,223.3047
199.7326,114.4344,209.5851,222.0190
196.7076,115.0056,208.8389,220.8768
193.5046,115.4931,208.4784,219.9018
190.2737,115.9439,208.1948,219.0002
187.0227,116.3169,207.9697,218.2542
183.6599,116.6048,207.9836,217.6783
180.3198,116.8508,207.9609,217.1864
176.9555,117.0946,207.9947,216.6987
173.6004,113.9474,208.0171,216.3053
170.2445,114.1130,208.0470,215.9741
166.8282,114.2537,208.2025,215.6928
163.4257,114.4071,208.3322,215.3859
163.3543,114.5542,208.4750,215.0917
159.9928,111.2634,208.5278,215.0033
159.9366,111.3633,208.6403,214.8035
156.6118,111.5046,208.6216,214.5208
156.6745,108.3167,208.4962,214.2333
156.7424,108.4219,208.3604,214.0227
153.5733,108.5616,208.0470,213.7434
153.7303,108.7238,207.7330,213.4189
150.6261,105.5918,207.3094,213.0507
150.8687,105.7363,206.8240,212.7619
151.1184,105.9128,206.3248,212.4087
151.3667,106.1527,205.8282,211.9290
151.6323,106.4525,205.2969,211.3294
151.9676,106.7583,204.6263,210.7177
152.4029,103.8946,203.7558,209.9045
152.7330,104.2585,203.0956,209.1767
153.0918,104.5519,202.3780,208.5898
153.4430,101.5721,201.6756,208.0777
150.5373,98.6124,201.0343,207.5445
150.7013,98.7229,200.7062,207.3236
150.9207,98.8280,200.2675,207.1134
147.9392,95.8216,199.8152,206.7108
148.1696,95.8611,199.3545,206.6319
148.2675,95.9213,199.1587,206.5116
148.4500,96.0103,198.7937,206.3336
145.3177,96.0609,198.6785,206.2323
145.4651,96.0312,198.3837,206.2918
142.3996,95.9770,198.1422,206.4001
142.4809,95.8546,197.9797,206.6450
139.2845,95.7390,198.0008,206.8762
136.1402,95.6439,197.9137,207.0664
136.1447,95.5366,197.9047,207.2810
132.8966,95.4902,198.0204,207.3738
132.8863,95.4146,198.0410,207.5249
129.6207,95.3770,198.1859,207.6002
126.3954,95.3295,198.2465,207.6951
123.1597,95.2771,198.3257,207.7999
123.0854,95.1923,198.4741,207.9695
119.7698,95.1482,198.7051,208.0578
116.4985,95.0920,198.8425,208.1702
116.4407,95.0175,198.9581,208.3191
113.1230,94.9707,199.1800,208.4127
113.0423,94.9050,199.3416,208.5441
109.7573,94.8677,199.4885,208.6188
106.4284,94.8155,199.7198,208.7232
106.3284,94.7793,199.9199,208.7956
103.0056,94.7619,200.1294,208.8303
102.9013,94.7655,200.3380,208.8232
99.4633,94.6780,200.7708,208.9982
96.0112,94.6523,201.2223,209.0496
95.8076,94.5918,201.6295,209.1706
92.3545,94.5347,202.0667,209.2848
92.3008,94.5752,202.1741,209.2037
92.2696,91.3814,202.2365,209.1132
92.2117,91.3121,202.3522,209.2518
88.8690,91.2482,202.5559,209.3796
88.8114,91.1667,202.6710,209.5425
88.7591,91.1143,202.7757,209.6473
88.7151,91.0444,202.8638,209.7873
88.6682,90.9890,202.9576,209.8979
88.6155,90.9096,203.0629,210.0568
88.5471,90.8322,203.1998,210.2115
88.4926,90.7521,203.3087,210.3717
88.4532,90.7040,203.3876,210.4679
88.4000,90.6637,203.4938,210.5487
88.3286,90.6229,203.6367,210.6302
88.2944,90.5717,203.7052,210.7326
88.2582,90.4997,203.7775,210.8766
88.2994,90.4334,203.6951,211.0091
88.3549,90.3703,203.5840,211.1354
88.4064,90.2629,203.4810,211.3501
88.5001,90.1545,203.2937,211.5669
88.7142,90.0423,202.8655,211.7914
88.8946,89.9855,202.5046,211.9050
89.0577,89.8900,202.1786,212.0960
92.4924,89.8499,201.8327,212.1762
92.6525,86.5452,201.5124,212.2662
96.0237,86.4210,201.2857,212.5148
96.1849,86.3071,200.9634,212.7425
96.3083,86.2105,200.7164,212.9357
99.7519,85.9876,200.3427,213.3815
100.0065,85.7703,199.8336,213.8160
103.4356,85.5886,199.4886,214.1794
103.7113,85.4307,198.9372,214.4953
103.9524,85.3271,198.4550,214.7024
107.4850,85.2826,197.8950,214.7915
107.7301,85.2624,197.4048,214.8318
107.9456,85.3194,196.9738,214.7179
111.3349,85.3438,196.6771,214.6690
111.5942,85.3954,196.1584,214.5659
111.7334,85.3800,195.8800,214.5968
115.1537,85.3608,195.5019,214.6350
115.3336,85.3509,195.1421,214.6548
118.7765,85.3689,194.7080,214.6188
118.9600,85.3317,194.3410,214.6932
122.3398,85.2466,194.0209,214.8635
122.4710,85.1069,193.7585,215.1429
125.8412,84.9937,193.4552,215.3692
125.9497,87.9997,193.2383,215.7931
129.3716,87.9388,192.8334,215.9150
132.8537,91.0059,192.3037,216.2151
133.0144,90.9830,191.9823,216.2610
136.4197,94.0982,191.5979,216.4568
139.9174,94.0648,191.0255,216.5235
140.1550,97.2268,190.5504,216.6145
143.6521,97.2291,189.9648,216.6100
147.2226,100.3662,189.2233,216.7349
150.7658,100.4538,188.5263,216.5598
151.0614,103.6593,187.9350,216.5243
154.6043,106.8709,187.2147,216.4666
158.0950,106.9773,186.5863,216.2538
161.5507,107.0554,186.0145,216.0975
