1
368.3264,80.1303,243.3472,92.7394
368.7649,80.5951,242.4702,91.8097
368.9836,80.9633,242.0329,91.0733
369.1432,81.2367,241.7135,90.5266
369.4322,81.5293,241.1357,89.9415
369.6611,81.8358,240.6778,89.3284
369.5271,82.0707,240.9459,88.8586
367.1475,84.8471,240.6512,88.3595
367.1861,85.0929,240.5740,87.8681
367.1386,85.3264,240.6689,87.4010
367.4701,85.5969,240.0059,86.8600
364.9778,85.8430,239.9863,86.3679
365.2196,88.5379,239.5027,85.9730
362.3951,88.7436,240.1707,85.5617
362.7675,88.9963,239.4259,85.0564
362.8153,89.1683,239.3302,84.7124
360.3315,91.7953,239.3422,84.4139
360.8231,92.1550,238.3591,83.6946
358.7504,92.5609,237.5810,82.8828
359.0989,93.0368,236.8841,81.9310
357.5437,95.8655,235.1244,81.1438
358.5159,96.2168,233.1799,80.4411
359.4037,96.7192,231.4043,79.4364
357.7398,97.2093,229.9854,78.4562
358.4660,100.0316,228.5331,77.5200
357.1944,100.3848,226.4055,76.8136
355.7894,100.8059,224.5880,75.9715
356.5977,101.1708,222.9714,75.2417
355.0288,103.7409,221.5593,74.6514
353.4938,104.0352,220.1103,74.0628
351.8511,104.3136,218.9079,73.5060
350.2000,106.9368,217.7497,72.7200
348.5325,109.4943,216.6554,72.0345
346.6947,109.9357,215.9295,71.1516
345.0342,110.2998,214.8757,70.4234
343.4218,110.6866,213.7539,69.6499
342.0709,113.3842,212.1393,68.5711
340.3012,113.7845,211.4050,67.7704
338.7581,114.2129,210.2428,66.9137
337.1452,114.6707,209.2524,65.9980
335.5918,117.2770,208.1739,64.9709
329.8112,117.5729,207.2818,64.3790
330.2000,117.9948,206.5041,63.5351
328.5754,120.5516,205.6526,62.5224
327.1659,120.9736,204.4014,61.6785
325.5001,121.4452,203.6964,60.7353
323.9796,124.0620,202.7281,59.5109
322.6204,124.4932,201.4738,58.6486
319.0793,126.9977,200.6778,57.5786
317.5316,127.2858,199.8655,57.0023
316.0871,127.5893,198.8688,56.3954
314.7004,130.1344,197.7820,55.1654
313.2371,130.4002,196.8867,54.6337
310.0001,130.8478,195.7623,53.7386
308.6122,133.3082,194.7715,52.5844
307.4378,133.7098,193.3891,51.7812
304.2900,134.0721,192.2918,51.0566
303.0427,136.4843,191.1191,49.8996
301.8086,136.8417,189.9583,49.1847
298.9004,139.1621,188.5763,48.1431
297.8135,139.3756,187.1900,47.7162
296.6118,139.5875,186.0608,47.2923
293.5725,139.9873,185.1221,46.4927
292.4131,142.1387,183.9606,45.6702
291.1344,142.3978,183.0697,45.1520
286.6211,142.7667,181.8181,44.4143
285.4354,144.9203,180.7951,43.5015
284.2351,145.1137,179.8328,43.1147
283.0143,147.2305,178.9327,42.2231
281.8170,147.3904,178.0150,41.9033
279.0468,147.6357,176.9688,41.4125
277.7603,149.6366,176.2725,40.6801
276.4299,149.8813,175.6879,40.1907
273.6686,150.0906,174.7547,39.7720
272.2850,151.9715,174.3151,39.2170
271.0662,152.1367,173.5626,38.8867
269.7276,152.3634,173.0666,38.4332
268.4244,152.5386,172.5157,38.0829
265.4787,154.3648,172.1209,37.5734
264.1749,154.4797,171.6007,37.3437
262.8947,156.3179,171.0452,36.7833
261.5771,156.4548,170.5830,36.5095
260.2268,156.4959,170.1978,36.4273
258.9051,156.7053,169.7625,36.0086
256.1021,158.4914,169.2394,35.5010
254.7814,158.7124,168.8332,35.0588
253.5629,158.8902,168.2370,34.7033
252.2145,160.6037,167.9159,34.2943
250.8235,160.6847,167.6922,34.1324
249.4536,160.8121,167.4328,33.8775
248.1263,160.9406,167.0966,33.6205
248.0578,162.6562,167.2336,33.1703
246.5719,162.6954,167.2313,33.0920
246.6453,162.8038,167.0844,32.8751
245.1416,162.8604,167.1255,32.7619
243.7464,162.9825,166.9511,32.5177
243.8107,163.0524,166.8226,32.3779
242.3278,164.6071,166.8354,32.2215
242.4085,164.6422,166.6740,32.1514
242.5142,164.7345,166.4626,31.9668
241.0545,164.6928,166.4421,32.0501
241.0596,164.7114,166.4319,32.0130
241.1139,164.7373,166.3232,31.9612
241.2225,164.7386,166.1061,31.9586
239.6024,167.7280,166.4115,31.8495
239.4744,167.6682,166.6674,31.9690
239.3255,167.6969,166.9653,31.9117
239.5204,167.7711,166.5754,31.7632
238.1321,167.8719,166.4144,31.5616
237.9776,169.3878,166.7235,31.4611
237.9172,169.3795,166.8443,31.4778
237.8727,169.3412,166.9332,31.5544
237.8516,170.7365,166.9755,31.7023
237.9855,170.6735,166.7077,31.8281
238.1313,170.6001,166.4160,31.9750
238.2305,171.9564,166.2178,32.2018
238.2809,173.3676,166.1169,32.3207
238.4216,173.3124,165.8355,32.4310
237.1049,173.3867,165.5285,32.2823
237.0835,176.3523,165.5714,32.2175
237.1723,176.2706,165.3937,32.3809
237.0745,176.2386,165.5893,32.4448
236.8479,179.1573,166.0426,32.4817
236.9254,179.0874,165.8876,32.6216
235.5983,180.5742,165.5969,32.5926
235.7516,180.3893,165.2905,32.9625
235.7981,181.8535,165.1974,32.9771
235.8332,183.2752,165.1273,33.0759
235.8872,183.0968,165.0192,33.4326
235.8288,184.5469,165.1359,33.4810
235.8460,184.4014,165.1016,33.7719
235.6400,187.3880,165.5137,33.7111
235.4915,187.1732,165.8106,34.1407
235.3848,188.7407,166.0240,33.9791
235.4109,188.6545,165.9718,34.1515
235.3582,190.1379,166.0772,34.1604
235.4542,191.5799,165.8852,34.2536
235.5143,192.9765,165.7651,34.4370
235.5560,194.3984,165.6816,34.5717
235.5128,195.8606,165.7681,34.6271
235.4730,195.7205,165.8476,34.9072
235.4229,198.7269,165.9479,34.8717
235.2970,198.6096,166.1995,35.1063
235.3301,200.1304,166.1335,35.0621
235.3183,203.2312,166.1569,34.8517
235.4199,203.0253,165.9538,35.2637
235.4088,204.5686,165.9761,35.1740
235.2961,206.0289,166.2015,35.2491
235.1866,207.4822,166.4204,35.3426
235.0971,208.9773,166.5995,35.3575
235.0678,212.0679,166.6580,35.1920
235.1631,212.0649,166.4675,35.1981
235.0355,213.5027,166.7226,35.3254
234.8829,214.9520,167.0279,35.4357
234.8276,217.9839,167.1384,35.4027
235.0689,217.9026,166.6559,35.5652
235.0687,219.2926,166.6562,35.7978
235.2558,220.7073,166.2819,35.9856
235.4614,222.1437,165.8708,36.1284
235.4928,223.5461,165.8080,36.3362
235.6690,224.9300,165.4556,36.5841
235.5070,226.2919,165.7796,36.8758
235.5345,229.3355,165.7246,36.8401
235.4784,230.7481,165.8369,37.0391
235.4703,232.1645,165.8531,37.2360
235.2774,233.5391,166.2388,37.5205
233.6778,234.8940,166.3935,37.8552
231.7911,236.1941,167.1138,38.3083
229.8231,239.0408,167.9779,38.7585
229.5611,240.3339,168.5019,39.2651
229.7019,241.7230,168.2203,39.5964
230.0858,243.0683,167.4524,40.0179
227.8934,244.4285,168.7280,40.4069
225.5364,247.4157,170.3072,40.7018
221.7694,248.6054,174.6789,41.4848
221.1994,250.0254,175.8189,41.8834
221.2858,251.6680,175.6461,41.8602
221.4080,253.2493,175.4017,41.9570
220.9233,256.3538,176.3710,42.2634
217.6220,257.5424,179.6966,43.1632
205.1006,259.7541,184.6940,45.4216
202.5646,261.9162,189.7660,48.0054
200.7608,264.1240,193.3736,50.7382
201.1469,264.8189,196.2780,53.0249
202.0835,265.3925,198.1653,55.6381
202.6652,265.9702,200.8380,58.3188
201.5126,266.6710,203.1432,60.8412
198.1202,269.5948,205.9246,63.0004
197.2090,270.8552,207.7469,64.5624
195.4514,271.9404,211.2623,66.5295
190.4602,274.9171,217.0211,69.0232
189.8943,276.2552,218.1529,70.6984
188.3905,277.5081,221.1605,72.5907
179.1705,278.5655,226.1734,74.9516
154.4501,284.1324,234.3025,77.5884
165.9238,283.0178,235.1257,79.8176
160.7663,284.1108,235.8276,82.4382
148.7678,285.1279,240.3671,85.2683
154.4008,285.9724,244.0428,88.5599
159.2568,284.6573,244.5163,91.1902
164.1866,285.6314,244.9507,94.3889
169.2850,286.6142,245.1754,97.6341
174.7881,287.5510,244.7134,101.0326
165.5739,288.5230,247.1639,104.4146
169.7696,289.5560,249.6153,107.7701
142.5188,296.5582,254.4713,110.3142
145.6333,298.0466,259.5049,112.9687
122.3474,299.8394,265.8190,115.1343
105.0088,305.0968,271.0922,116.3810
137.1547,304.8298,272.5707,116.9150
133.4832,307.4402,273.9037,117.7040
132.4008,310.4507,276.0685,117.7261
140.9696,313.3567,277.1554,117.9892
134.9137,316.0098,277.0769,118.7781
131.0490,318.8739,278.6983,119.1580
134.6868,321.6618,277.5608,119.7204
127.5757,327.6110,279.5196,120.0856
149.7515,327.4939,278.3336,120.3197
2
0
0
0
0
1
195.3371,334.2395,183.1505,54.9068
196.1144,335.1720,181.5960,56.6522
197.9830,335.0265,181.4794,56.9432
192.4349,337.2570,185.3270,56.1065
193.5195,339.8011,190.4846,54.6819
183.0957,342.2438,196.4929,53.5063
180.8650,344.4767,200.9541,52.8129
180.4442,346.6134,205.6180,52.3619
178.6091,348.7911,209.2882,51.8859
179.5641,349.1085,211.3001,51.2510
173.4125,351.1761,211.7896,51.0538
173.9008,353.1916,210.8128,50.9638
167.4917,353.2185,207.9287,50.9100
161.6133,352.9345,204.1486,51.4779
158.0167,354.5233,195.9742,52.1423
160.2647,355.9649,187.7385,52.9987
162.7572,357.5575,179.1140,53.4532
165.3492,359.3086,170.4036,53.4772
169.1947,361.1033,162.7125,53.2912
172.6521,363.1456,155.7978,52.4974
175.6494,365.4597,149.8031,51.0469
178.2413,367.4900,144.6194,50.0523
174.7419,368.2281,139.7228,48.5761
174.7635,370.5197,136.8023,46.8700
174.9427,373.0393,133.6395,44.6352
175.8043,372.7567,131.9163,42.4818
176.7577,374.4818,130.0093,41.6863
175.6769,374.6510,132.1711,41.3479
174.6673,374.7459,131.5529,41.1581
174.0372,376.0237,132.8130,41.2275
173.6178,375.9285,133.6518,41.4181
173.9232,377.2140,135.7007,41.5067
172.2452,377.0390,139.0567,41.8566
172.9911,376.8438,145.7978,42.2471
173.2607,376.3561,150.9524,43.2223
176.6969,375.5894,155.8315,44.7558
179.1252,375.1667,160.0808,45.6012
175.5633,375.2013,164.0936,45.5320
175.7460,377.2747,166.8946,44.5517
176.4438,377.8923,168.6865,43.3164
176.0853,378.3539,169.4035,42.3932
180.2120,378.8258,170.6958,41.4495
179.5541,379.0082,172.0116,41.0846
177.8794,379.1804,172.1674,40.7404
176.8584,379.0833,174.2094,40.9345
178.4245,379.0973,177.5201,40.9065
179.1942,377.5115,179.2481,40.8109
178.3911,377.3004,180.8543,41.2331
180.9565,375.6975,185.6840,41.1187
187.0125,375.4847,187.1138,41.5442
181.8978,375.1965,187.1023,42.1207
173.8036,376.5527,186.1680,42.8328
176.5842,376.5390,187.4572,42.8602
178.8593,376.4616,186.3505,43.0150
174.5839,377.9778,184.6077,43.4138
177.4964,379.7091,182.1973,43.3656
175.3459,380.0594,183.1184,42.6651
179.8066,382.2946,184.3349,41.5739
179.9445,382.7728,184.0592,40.6176
179.6415,383.1326,184.6650,39.8980
172.2839,384.5492,182.6419,40.4125
176.4586,382.9432,180.9512,40.2951
155.4931,377.4721,179.9371,41.3267
146.4525,366.3241,178.1634,43.7680
150.6850,371.0412,176.3604,44.3265
160.4060,381.0627,176.8158,44.1811
150.4041,370.7827,176.9003,44.8219
157.2322,380.8465,176.5769,44.6934
152.0126,379.4189,177.0374,44.2225
144.9140,374.3828,177.9396,44.3234
152.2675,377.0875,176.5859,45.5906
145.8912,374.9455,175.9652,46.5313
152.9297,376.3827,175.2977,47.0093
147.7107,374.7014,175.6797,47.0199
142.2714,371.5921,176.4855,46.5232
145.6902,374.4440,176.3671,47.5386
141.7329,374.4273,177.5276,47.5720
146.1079,376.2590,178.9596,47.3026
146.5117,377.8712,178.1520,47.4871
142.3189,374.8410,179.7352,46.7452
137.1174,367.7627,179.9099,47.2643
138.7530,369.0696,180.0604,48.0721
136.1319,370.1106,178.4246,49.4292
135.7247,361.9440,179.2390,48.5548
136.6887,368.8799,180.7475,48.4293
131.5907,365.4872,180.5773,48.3039
131.8114,368.4323,180.1358,49.3149
127.9793,363.4210,180.8732,48.9471
130.0210,364.6125,180.2567,50.0312
125.3371,359.5728,179.1888,49.6748
126.6111,361.2592,180.0976,49.7587
122.1460,353.4084,182.0852,48.1040
120.6258,355.0767,181.6575,48.2356
122.1747,353.6412,182.0244,47.6420
120.2701,353.7743,182.3750,47.3759
121.4224,347.5857,183.5288,45.9194
116.3413,351.3104,183.3498,45.3641
116.5619,351.5502,182.9086,44.8844
115.1776,351.5206,182.2585,44.9436
116.4113,345.3020,183.2019,43.7380
111.9097,348.6197,182.0020,43.9045
110.1243,345.5850,182.1857,43.1993
108.3728,345.8499,182.3121,42.6694
107.6070,346.1869,183.8436,41.9954
102.6837,342.8127,183.5605,41.9906
124.7804,374.0506,183.2101,43.5930
133.8880,375.4772,185.3849,44.1382
110.7983,375.2774,186.8549,44.5377
125.4689,382.4373,188.7203,44.0874
119.4538,370.2381,190.2958,44.0917
126.2536,371.9657,194.2313,44.1435
102.3640,371.9531,195.6908,44.1686
110.5110,373.5268,197.3165,44.6052
100.6493,371.8090,198.9646,44.4258
97.4141,369.4584,198.1657,45.4922
90.5526,367.0453,197.3129,46.6745
85.1078,363.1510,197.2384,47.1539
107.0009,364.3447,197.4056,48.4292
96.4312,361.8999,196.4084,49.6294
87.3796,357.9648,196.0204,50.1030
88.7796,356.9180,193.2205,52.1967
89.2401,354.7185,192.2995,52.8939
89.8857,353.9658,191.0082,54.3993
90.7005,353.6746,189.3786,54.9817
93.6469,352.9577,187.1858,56.4154
102.2800,352.2764,184.7014,57.7781
96.8219,349.6204,180.8757,59.4045
98.6871,348.7626,177.1452,61.1202
98.1442,346.0777,174.5918,62.8507
93.9937,343.4463,171.9900,64.4793
94.8154,342.7491,170.3466,65.8737
93.4348,339.2995,169.4799,65.5170
91.6234,337.5950,169.4936,65.3169
95.4725,337.4066,169.0068,65.6937
91.1268,332.7685,166.8818,67.7591
90.3794,333.1322,168.3766,67.0316
83.6608,328.8924,167.3326,68.2707
79.3031,327.3386,168.7933,67.7509
78.7247,325.8366,169.9500,67.1157
70.9183,323.9938,170.9850,67.1569
72.5421,320.1554,171.3976,67.5135
71.5440,320.5410,173.3937,66.7423
71.4942,318.3789,173.4933,67.3793
65.3252,314.7505,174.7310,67.2360
68.3114,313.0235,176.1892,66.9745
77.1660,312.7719,177.1377,67.4778
35.7614,300.6373,181.1088,65.4675
27.0928,301.4089,183.3468,63.9243
73.8330,303.6245,184.3361,63.2720
74.2544,302.8329,183.4934,64.8552
79.4894,302.8576,184.4167,64.8059
90.7398,306.4090,184.7765,65.3231
80.0518,299.5920,183.2047,67.4834
102.2495,323.1364,184.9044,66.4896
80.7525,297.8484,185.5748,67.0467
2
0
0
0
0
1
-0.1771,351.4682,212.7914,90.8547
2
0
0
0
0
1
70.7806,263.6229,206.5938,110.9861
62.0528,257.4835,204.2723,113.3763
66.1969,255.3247,200.9350,117.6940
9.6417,318.3329,204.6001,111.0724
1.3802,319.4176,206.3741,103.9867
-1.4555,322.4254,207.2248,97.9710
-0.6148,324.7920,205.5434,93.2379
-1.1637,322.3452,202.0198,88.8887
-6.0660,317.8424,198.3430,84.4129
-5.7777,316.8422,193.4049,82.0518
-7.1724,311.7087,187.6976,79.5737
-4.6485,311.1053,182.6498,76.6585
-10.3437,308.4745,178.0504,73.9253
-10.2998,307.7799,174.0802,71.4320
-11.2611,306.8665,168.4411,69.4779
-10.1723,305.9489,162.5987,67.6483
-8.7602,304.7110,156.2264,66.5760
-7.0808,300.1136,149.4305,65.4599
-5.7173,298.6848,143.3848,64.9987
-4.2939,297.5035,137.3149,64.1382
-3.1106,294.8349,131.8284,63.2359
-2.1216,292.2774,126.8265,62.3029
-1.0137,290.9521,121.6759,62.0186
-0.3190,290.1401,117.4322,60.7883
0.1630,286.3641,113.6971,60.0275
-0.6560,285.4507,109.9291,59.1513
-1.5103,281.6706,106.3728,58.8139
-1.0611,279.0696,102.9002,58.8674
-0.5296,272.2933,99.3134,59.8009
-1.4049,272.1308,96.0912,60.1260
-1.3331,271.6675,93.5038,58.6087
-2.3198,269.8751,90.7180,57.4343
-3.2978,268.2021,88.0373,56.1437
-2.8435,264.9330,84.8721,55.9118
-4.7401,262.9017,82.0494,55.5639
-3.1743,259.8083,78.9177,55.2794
-4.3378,259.5165,77.0344,53.7578
-3.0783,253.5065,74.5154,53.4685
-3.8071,249.5322,71.9558,53.3825
-4.5342,248.7901,69.4731,52.8983
-4.9703,249.9318,68.4226,50.6149
-4.5751,250.9131,67.6323,48.6524
-1.9276,252.5899,67.8126,47.1238
-2.3529,250.0468,66.8605,46.8021
-1.7831,248.4784,65.7210,46.3729
-0.2992,247.0147,64.5118,45.7829
-0.3994,245.3972,62.9815,45.5565
0.3507,245.2158,61.4813,45.9193
-0.4712,240.9165,59.7514,46.0835
-1.4212,241.0609,58.3250,45.7947
-0.7684,238.7050,57.0194,45.5964
-3.3266,235.5908,55.6817,45.3708
2
0
0
0
0
1
47.4028,108.1865,158.8075,170.8205
41.8607,85.0062,164.7016,165.2797
26.7956,27.5431,168.8491,160.6852
26.5273,24.3989,174.5748,156.5954
24.2795,23.0794,179.0704,154.0210
22.6737,18.5462,182.2819,152.6037
21.9636,24.3480,183.7021,151.5373
26.2549,19.8863,185.6662,149.9142
24.0326,24.9656,184.8335,150.3100
26.3225,27.6994,185.5246,150.1134
23.7412,16.7666,185.4088,150.8658
21.8298,23.9353,183.9430,152.3945
20.3992,12.6505,181.5134,153.8007
21.0864,20.2248,180.1391,154.4801
12.4045,4.6957,176.4399,153.9441
18.1970,8.2259,175.2547,152.0837
18.3547,12.1302,174.9392,149.4266
14.4926,8.1013,172.4551,147.2761
13.5084,11.6500,169.3924,145.2100
16.8643,8.1909,167.6313,142.2268
10.9531,4.9747,164.8270,138.9080
14.7830,8.5202,161.9460,136.5960
14.8888,1.2381,161.7344,132.3713
9.6460,4.9160,158.3425,129.6413
15.4012,8.4110,155.8913,127.1808
16.0840,-0.9401,154.5257,123.6225
16.5354,2.7478,153.6228,120.6203
16.6248,0.3082,153.4441,116.8776
16.8865,3.3345,152.9207,115.0722
19.2784,6.1979,152.3467,113.5553
17.5948,1.5657,151.5377,110.2909
18.1390,4.3045,150.4492,108.9237
19.7971,7.1963,151.2045,107.2116
42.4839,39.5358,154.4883,107.4090
43.8156,49.7199,155.9326,107.5791
37.5239,47.7928,160.2513,107.3011
19.6771,7.1810,162.4029,104.6698
15.3952,4.1991,162.6043,102.2713
16.2934,6.8721,164.9521,101.0693
15.7180,5.8166,166.1030,99.0213
16.1138,8.2256,165.3112,98.3449
16.4031,10.2632,164.7327,98.3881
16.6413,9.0554,164.2563,96.6932
16.4807,4.0894,164.5775,94.4007
15.1512,6.7353,163.1958,93.1497
13.9962,1.8872,161.5066,90.8486
13.8251,4.3070,157.9139,89.9440
11.6063,4.8770,154.6186,88.8039
14.0090,5.3227,153.6114,87.9126
15.9721,4.2712,153.4535,86.2474
15.1208,6.4767,151.4186,85.5739
15.7190,6.6975,150.2221,85.1323
17.5668,8.1622,150.1973,85.8737
17.4438,6.6693,150.4433,85.1765
17.6184,8.2651,150.0941,85.6596
17.0747,6.9437,151.1814,84.6247
15.4315,7.1356,150.7916,84.2409
15.7144,8.6562,150.2256,84.8637
15.6310,8.5598,150.3925,85.0565
16.1202,8.2428,149.4142,85.6904
16.2632,9.8265,149.1282,86.1912
15.9853,9.8468,149.6840,86.1507
15.5925,11.4704,150.4696,86.5836
17.3947,12.5838,150.5641,88.0559
15.6357,12.2754,150.3568,88.6728
15.5929,13.7056,150.4424,89.5451
12.6991,9.8691,148.7325,89.7206
14.5479,13.0530,148.7610,90.8053
7.8173,7.6624,147.2424,90.3515
8.5243,7.5747,145.8283,90.5270
8.8702,11.0494,145.1364,90.9706
8.8155,4.1005,145.2459,90.0937
28.9671,32.3840,145.4295,92.4165
62.6307,48.7952,141.3809,96.8167
89.1156,49.8647,136.9621,102.1470
91.2764,48.9850,132.6405,107.6620
93.6204,47.8990,127.9524,113.6133
96.1255,44.6987,122.9422,120.0137
101.0094,42.9456,117.0005,127.3459
104.0281,39.4228,110.9630,134.3917
107.1367,35.8302,104.7460,141.5769
110.2629,32.2556,98.4935,148.7261
113.2738,28.7757,92.4716,155.6859
116.1252,27.4984,86.7688,162.1167
120.8605,26.5020,81.1726,167.9837
123.2970,26.3302,76.2996,172.1911
125.3849,24.4997,72.1237,175.8519
127.3005,24.9459,68.2925,178.7783
128.9893,23.7440,64.9150,181.1822
130.4898,24.7478,61.9140,182.9405
131.6416,24.1079,59.6103,184.2203
134.4531,23.3804,57.6998,185.6752
135.4291,23.2070,55.7477,186.0220
136.2224,23.5064,54.1611,185.4232
138.7722,24.0512,52.6903,184.3337
139.4368,25.0730,51.3610,182.2899
140.0141,23.8910,50.2063,181.1218
142.3288,26.2119,49.0710,176.4801
142.7011,31.1891,48.3264,169.9330
143.1788,37.6523,47.3710,163.6089
145.4576,45.6423,46.0074,157.2106
146.0689,49.3198,44.7849,152.9339
148.1582,52.2134,43.6013,150.1416
150.1746,54.8817,42.5020,147.7386
150.7742,55.2703,41.3027,146.9614
151.1470,57.8677,40.5570,144.6122
153.0119,58.5832,39.6258,143.1811
153.3772,60.8544,38.8952,141.3997
153.7193,61.4339,38.2110,140.2408
153.9217,61.4500,37.8063,140.2085
155.5078,64.6484,37.3190,139.1816
157.0083,65.9863,36.9794,139.1672
157.2514,65.3048,36.4931,140.5300
157.3671,62.1735,36.2618,141.4632
157.5986,60.4023,35.7988,142.3322
159.1148,60.1935,35.4432,142.7499
159.0144,60.2848,35.6439,142.5674
158.7442,57.6810,36.1844,142.4204
158.2301,55.2580,37.2125,139.2101
157.8850,50.8079,37.9028,137.4716
157.4495,53.8182,38.7738,136.7475
158.5005,55.5546,39.3259,135.9289
158.1033,64.4818,40.1203,133.9928
159.4849,66.0518,39.9976,133.4931
159.2230,69.0028,40.5214,132.8532
159.3864,67.6151,40.1947,132.9969
159.6605,68.4408,39.6464,133.9732
161.4316,72.2472,38.7355,134.2545
161.7823,74.6209,38.0343,134.7439
163.2046,81.1074,37.8018,134.8318
164.8564,81.0178,37.1074,135.0109
166.1525,78.6056,37.1137,134.6381
167.2269,82.0820,37.5584,132.8723
168.6297,91.7514,37.3297,131.5718
168.7356,97.1366,37.1178,131.0184
168.9885,96.0824,36.6120,130.5843
171.1258,101.8832,34.8643,131.6171
171.3924,100.6523,34.3311,131.5704
173.0698,105.0003,33.4742,130.3681
174.8272,104.1152,32.4242,129.6734
176.5634,114.9844,31.3871,129.8515
178.0061,112.5370,30.9196,129.9104
179.6294,115.4400,30.0827,128.9240
181.2862,121.7016,29.1493,128.3011
183.0224,129.1632,28.0302,127.4983
184.5903,131.5828,27.2150,127.3003
184.8288,131.8241,26.7380,126.8179
184.9134,139.1393,26.5688,125.9046
184.8436,139.8075,26.7084,124.5683
184.7433,140.6515,26.9091,122.8802
186.3131,143.2563,26.0040,122.1398
187.6867,143.9077,25.4635,120.8370
187.5656,149.2137,25.7058,118.9374
187.1058,150.2422,26.6254,116.8805
188.0998,151.1136,26.7827,115.1376
189.0956,153.0923,26.9151,113.3041
190.0037,157.8612,27.1995,112.1696
190.6704,158.3645,27.9565,111.1628
191.5400,159.5683,28.3079,110.8460
192.1715,166.1244,29.1377,110.2907
195.1413,165.5349,29.5001,111.4697
195.6254,166.4929,30.6560,111.6777
196.4081,167.8052,31.2395,111.2018
196.8284,169.3344,32.5518,110.2965
196.5390,171.8125,33.1306,109.6697
196.1312,174.0569,33.9462,111.6806
196.5244,178.7569,35.3701,115.5414
195.6492,182.2589,37.1205,117.7022
195.9699,183.1631,38.8331,118.2479
196.3799,185.9718,40.4065,119.8106
195.8643,187.8578,41.4377,118.4831
195.3331,190.3982,42.5002,115.8465
195.6789,191.1826,44.2343,114.2777
194.9715,193.3984,45.6492,112.2806
195.4406,195.5451,47.1421,110.4184
194.3264,196.1293,49.3705,109.2500
194.3630,196.6107,51.7503,108.2873
194.4200,197.2936,54.1169,106.9213
194.5613,197.7907,56.3360,105.9271
194.5233,197.9510,58.9375,105.6066
194.2772,196.4868,61.9947,105.9699
193.8842,193.1309,65.4030,107.4371
194.8674,190.6165,68.8399,109.7641
194.5615,187.0672,72.2460,111.2745
195.7435,184.9628,75.6294,112.6096
195.7722,183.2309,78.5220,113.1232
197.4611,181.9492,81.1557,112.6809
197.7705,180.7408,83.5793,112.0553
201.4215,179.7376,85.4953,110.9891
207.0691,175.9440,86.5511,109.3132
209.4382,175.2978,87.9714,107.5262
208.4496,175.9984,89.9485,106.1250
207.7460,178.5442,91.3559,104.1185
206.5922,179.2053,93.6634,102.7964
211.0651,179.9463,93.9965,101.3144
211.1167,180.9074,93.8934,99.3922
211.1377,181.9810,93.8515,97.2450
212.5974,184.9444,93.9413,94.3274
212.4598,186.4374,94.2164,91.3414
212.1489,188.2121,94.8383,87.7921
209.7996,189.9064,96.6614,84.4033
217.5163,187.1777,98.3266,81.3114
220.9707,186.0106,99.8952,77.9942
228.6133,182.0165,101.3866,74.7980
243.2909,170.1296,105.2312,70.9052
251.0072,167.9907,109.1228,66.9012
248.6400,167.1894,113.8571,62.9998
249.2636,163.4350,118.1224,59.4837
215.5953,168.3071,122.0117,55.2568
214.1631,175.4561,122.1345,54.6672
225.7110,163.2915,123.6369,51.6651
2
0
0
0
0
1
233.9114,177.7557,135.5998,45.0144
243.4108,177.3484,135.8750,43.0757
246.1709,176.5680,135.7984,41.9146
249.8451,176.6803,136.5476,41.6900
249.8568,181.8673,136.5242,42.1387
256.7297,176.6167,139.0603,41.7853
254.8025,181.6109,140.1716,42.7690
258.2689,177.2610,141.5699,43.1379
256.6165,182.3779,142.0710,44.1187
256.3412,175.2684,142.6215,44.1932
259.9318,176.2148,143.9546,45.1386
262.6677,174.7636,144.2316,45.1666
266.9587,170.4455,144.2862,45.1662
261.2136,176.1831,144.2578,45.2094
266.8976,168.9895,144.4098,45.1966
269.7636,163.2309,144.4417,45.1862
2
0
0
0
0
1
300.8466,171.9647,141.8521,21.3797
306.2081,170.1550,138.2965,24.9990
309.1893,168.5837,137.1579,28.1416
311.8916,166.3355,139.1259,30.1805
297.3072,166.7503,143.0500,31.8754
296.0741,165.6992,145.5161,33.9776
299.6774,163.9031,146.3699,34.8831
302.7600,164.7902,148.3528,35.8249
305.7744,163.0963,150.6093,36.4509
299.3575,162.8036,155.0271,37.0362
302.8473,161.1676,156.6827,37.4298
