1
184.3761,144.0711,226.2478,169.8579
185.4235,146.5960,224.1529,171.0300
186.4692,146.0107,222.0616,172.2006
187.5627,145.2768,219.8746,173.6685
188.6971,147.3972,217.6057,175.6146
189.8915,146.4185,215.2170,177.5718
191.1209,145.3299,212.7582,179.7491
189.2682,144.1066,210.2879,182.1956
190.4170,142.7480,207.9902,184.9129
191.5898,147.2471,205.6445,188.2844
189.6160,148.4024,203.3902,192.1758
190.6845,149.4875,201.2531,196.2344
191.8398,153.7481,198.9425,200.2322
193.1008,154.7975,196.4206,204.4196
194.4740,152.7331,193.6741,208.5484
195.7673,153.8877,191.0875,212.5723
197.1185,155.0616,188.3852,216.5791
201.7125,156.1956,185.5707,220.6846
206.1952,154.1044,182.9969,224.8669
210.7221,152.1683,180.3579,228.7393
221.7921,149.9378,177.5114,233.2002
226.2578,148.2255,175.0331,236.6248
237.2583,146.3154,172.4260,240.4450
241.6607,148.0322,170.1010,243.4912
246.1025,146.4132,167.7049,246.7292
257.1768,147.9883,165.0468,250.0757
258.2611,146.6018,162.8781,252.8488
266.0518,148.2640,160.3136,256.0329
266.8552,146.8936,158.7067,258.7737
267.4592,148.8637,157.4988,261.3606
267.8220,150.7556,156.7732,264.1222
267.9355,152.8680,156.5461,266.4714
267.8396,155.0411,156.7379,268.7305
267.5162,154.0602,157.3848,270.6922
267.0085,156.3334,158.4003,272.8279
263.0037,155.3136,159.6789,274.8675
255.3989,157.7792,161.3226,276.7193
251.0516,157.0444,163.1790,278.1889
243.1494,156.6154,165.2006,279.0469
238.6479,156.3687,167.2653,279.5402
230.3630,156.1738,169.8740,279.9300
222.0635,155.9297,172.4123,280.4182
217.3299,152.3650,174.7991,280.4673
208.8888,152.4951,177.4391,280.2072
203.9871,149.1215,180.0812,279.7928
199.0358,145.8322,182.7843,279.1721
193.9991,146.1588,185.6226,278.5189
188.9076,142.9685,188.5329,277.6268
183.7936,143.5015,191.4534,276.5608
182.2841,140.5866,194.4723,275.0508
177.1183,141.2727,197.4373,273.6786
175.6835,141.9614,200.3067,272.3013
174.1897,142.7490,203.2944,270.7261
169.0104,143.5783,206.2071,269.0674
167.3210,144.4073,209.5858,267.4094
165.6464,141.6319,212.9350,265.4624
163.9365,142.7428,216.3548,263.2405
165.9198,143.9047,219.9319,260.9166
167.9604,145.0144,223.4162,258.6972
169.9697,146.0855,226.9850,256.5551
172.0215,147.3047,230.4925,254.1168
174.0975,148.5121,233.9698,251.7020
179.9639,149.7816,237.5313,249.1629
182.0404,151.2793,241.0421,246.1674
184.1847,149.1163,244.4261,242.8211
186.2533,150.8693,247.9621,239.3151
188.4073,148.9647,251.3273,235.4509
186.7239,150.8323,254.6942,231.7157
188.8570,149.1040,258.0858,227.5145
187.0377,151.1824,261.7245,223.3575
185.2562,149.4884,265.2875,219.1126
183.2990,147.8171,269.2018,214.8354
181.4241,149.8748,272.9517,210.7200
179.6195,151.9185,276.5609,206.6327
177.9128,150.2285,279.9742,202.4233
176.1646,152.1301,283.4708,198.6201
174.4497,153.9688,286.9004,194.9426
169.0384,155.8004,290.1696,191.2795
167.5504,157.6323,293.1457,187.6156
162.1527,163.2591,296.4157,183.8874
160.5472,168.7421,299.6267,180.4332
155.1657,174.0653,302.8882,177.2883
153.6034,179.2668,306.0128,174.3821
152.1458,180.5619,308.9279,171.7918
150.5222,185.7931,312.1753,168.8224
149.0474,187.2660,315.1248,165.8767
147.4907,188.7917,318.2383,162.8252
145.9291,190.2599,321.3614,159.8888
148.0821,188.1900,324.5267,156.5574
154.0664,189.7241,327.4777,153.4891
156.1518,187.7417,330.7562,150.0047
158.3125,185.8596,333.8709,146.3327
160.6558,184.0884,336.6010,142.4584
163.1116,185.8622,339.0772,138.9109
165.6743,187.6370,341.3123,135.3613
168.2726,185.9802,343.4450,131.3454
171.0313,187.7175,345.2158,127.8708
174.0083,189.4158,346.5128,124.4741
177.1081,187.7003,347.5213,120.6971
180.3052,189.3198,348.2810,117.4581
180.1740,190.8636,348.5435,114.3705
180.2358,192.3549,348.4198,111.3879
180.4105,193.6770,348.0704,108.7437
180.5070,194.8589,347.8774,106.3799
180.6148,195.8855,347.6617,104.3266
180.7441,196.7837,347.4032,102.5303
184.2303,197.5070,347.2490,101.0837
184.4224,198.0998,346.8648,99.8981
184.6304,198.5072,346.4487,99.0833
184.8532,198.8543,346.0031,98.3891
185.0513,199.1914,345.6069,97.7149
185.1919,199.3860,345.3258,97.3258
185.3346,199.4005,345.0405,97.2967
185.4992,199.3411,344.7112,97.4155
185.7167,199.2384,344.2762,97.6210
185.9246,199.0517,343.8604,97.9943
186.0818,198.8520,343.5460,98.3937
186.1664,198.5580,343.3768,98.9816
186.1795,198.2115,343.3506,99.6747
182.7633,197.7866,343.4752,100.5245
182.7769,197.3430,343.4480,101.4118
182.7974,196.8822,343.4071,102.3333
182.7458,196.3889,343.5103,103.3199
179.2786,195.8537,343.6668,104.3903
179.3143,195.1784,343.5955,105.7410
179.2081,191.1370,343.8080,106.9999
175.6313,190.3538,344.1114,108.5662
175.6456,189.5327,344.0827,110.2085
175.5967,188.7665,344.1805,111.7408
175.6557,188.0425,344.0626,113.1888
172.2182,187.3359,343.9700,114.6021
172.2013,186.6163,344.0038,116.0414
172.2672,185.9612,343.8719,117.3514
172.3927,185.3091,343.6210,118.6557
172.4866,184.6901,343.4331,119.8937
172.5480,184.0981,343.3104,121.0778
172.5034,183.4849,343.3995,122.3040
172.3190,182.8349,343.7684,123.6042
172.1151,185.6952,344.1763,125.0366
171.9481,185.0593,344.5102,126.3085
171.7910,184.4706,344.8244,127.4859
171.6096,184.0301,345.1871,128.3668
171.5576,183.6000,345.2912,129.2271
171.4626,186.6284,345.4813,130.4467
171.2858,189.9499,345.8348,131.1049
171.0647,189.5310,346.2771,131.9426
170.9042,189.0092,346.5981,132.9862
170.7035,188.3492,346.9994,134.3063
170.4653,191.4409,347.4758,135.5152
170.2060,190.7616,347.9943,136.8737
169.8806,190.1677,348.6453,138.0616
169.4557,193.4002,349.4950,139.0797
165.3220,192.7074,350.2489,140.4653
164.9938,192.1094,350.9052,141.6613
164.5292,195.2245,351.8344,143.0110
164.0330,194.5931,352.8268,144.2738
163.5096,193.9028,353.8736,145.6546
159.2043,193.2058,354.7904,147.0484
158.7112,196.3110,355.7765,148.5700
158.0354,195.5641,357.1281,150.0638
157.2963,194.8029,358.6064,151.5862
156.5790,194.0762,360.0409,153.0395
151.9203,193.2988,361.4444,154.5944
151.3161,192.5538,362.6529,156.0842
150.7486,191.7218,363.7879,157.7482
150.2200,190.9118,364.8451,159.3684
149.6851,194.1800,365.9149,160.9272
149.1971,193.4492,366.8908,162.3888
148.7735,192.7560,367.7381,163.7752
148.3827,192.0369,368.5197,165.2134
147.9584,191.3152,369.3683,166.6567
147.6442,190.6141,369.9966,168.0590
143.1349,189.9185,370.6925,169.4501
142.6977,189.2300,371.5670,170.8271
142.3173,188.5517,372.3276,172.1838
141.9198,187.8832,373.1227,173.5207
141.4446,187.2836,374.0732,174.7200
141.0391,186.7126,374.8842,175.8619
140.6322,186.1148,375.6978,177.0575
140.2834,181.2634,376.3954,178.1973
140.0540,180.5820,376.8542,179.5600
144.0589,179.8423,377.4682,181.0394
143.8254,179.1417,377.9352,182.4405
147.9439,178.5444,378.3877,183.6352
152.0660,177.8595,378.8604,185.0050
156.1470,177.1553,379.4459,186.4134
