1
281.8210,139.5559,156.9972,43.0020
294.7315,166.8289,152.3091,45.8169
2
0
0
0
0
1
293.8979,129.9886,156.9953,43.0039
304.4725,140.5484,156.9792,43.0171
295.9456,165.6827,149.8807,47.0908
2
0
0
0
0
1
298.7859,166.0257,145.8581,50.1925
2
0
0
0
0
1
298.9760,160.9421,152.3344,49.8103
320.7754,134.5966,151.8462,50.1528
307.9697,132.3734,149.7497,51.5205
300.5141,124.1799,143.1443,55.6125
322.6766,126.3923,135.4577,60.3473
309.4726,116.5217,128.5765,64.9570
319.9804,106.3695,122.5925,70.2298
312.6653,114.7791,116.1636,71.4613
299.5504,142.7712,110.1230,77.0844
339.1442,102.1184,107.2882,79.1005
337.4691,104.4322,107.7114,77.3998
342.7666,107.8392,105.8326,76.3964
323.8860,125.1408,106.4088,73.2573
301.5240,144.1236,100.4210,77.5516
307.4230,141.8709,99.8108,79.2599
306.1313,141.1720,96.7634,80.6578
308.4005,136.3800,97.8075,76.2860
307.3157,141.8311,99.9771,76.3294
309.8898,138.1302,100.3692,72.6503
305.5144,142.6536,98.2562,74.4673
299.4408,141.1146,94.1218,74.8317
301.7010,141.3350,92.2579,71.7346
315.9628,137.2990,97.2416,66.9190
313.0265,141.5922,97.9659,63.4810
308.0466,141.6036,97.8140,60.9302
314.4872,143.2634,94.8647,60.0936
311.1407,144.5313,91.8582,59.9828
304.8649,144.6673,87.7640,59.7107
302.5811,146.6286,83.0839,60.4120
307.8427,146.1749,81.5715,59.0665
304.9939,146.7106,80.6461,57.9952
307.7517,148.0385,79.4826,57.5154
305.2630,149.7732,78.0084,58.3471
306.6901,149.7019,77.2961,58.4897
308.2212,151.1439,76.3671,57.7388
308.5386,151.8943,75.7322,56.2380
306.7537,152.7771,73.0844,56.5450
305.7943,154.4425,72.9658,57.2887
307.9578,155.2864,72.7339,57.6485
307.2708,156.0892,72.0581,58.0928
305.5927,157.1112,71.3210,58.0954
306.1550,158.0246,72.2316,58.3039
304.1569,155.7632,70.0696,58.7213
304.9177,159.1902,70.5743,57.9460
309.3389,163.2623,71.8395,57.8877
303.6075,158.7503,69.0222,58.7518
304.6168,159.7873,64.9931,58.6884
305.1699,160.8870,61.9398,58.4360
305.1405,161.9190,60.1031,58.2675
306.2447,162.7869,57.8946,58.3958
307.1393,162.6802,56.1054,58.6092
304.0196,163.8487,56.9257,59.8851
305.0240,163.9514,54.9169,59.6797
305.5405,164.0953,53.8838,59.3919
305.9555,164.7337,53.0537,59.8985
306.3364,165.6135,52.2921,59.9168
306.5487,166.4309,51.8674,60.0481
306.1323,168.1319,50.9389,60.1685
304.0686,168.5062,51.5700,61.1682
303.4649,169.3691,52.7774,61.2162
303.8387,170.1537,52.0297,61.4409
304.4574,171.7413,50.7923,61.8364
304.3288,172.2978,51.0495,62.4951
303.0978,172.7959,51.7257,63.2847
302.5651,173.5141,50.9823,63.6572
301.3049,174.0325,51.7000,64.4229
301.2575,176.4261,51.7948,65.1137
299.5820,177.8167,53.3077,66.0087
300.0340,178.9488,52.4038,67.4972
300.2945,179.9173,51.8827,69.3291
300.4618,182.2378,51.5481,70.3997
300.7517,185.8514,50.9682,70.8313
301.0374,188.6752,52.3087,72.8306
301.3176,184.7737,53.7123,74.7413
302.1985,188.0981,53.9666,76.1570
298.9116,189.6595,52.3735,79.1593
300.2487,189.9530,53.8206,82.6936
312.4066,189.9419,59.4336,86.9913
309.4922,189.8989,62.9668,91.6687
307.8256,189.2352,66.3000,95.4209
305.8151,188.9603,67.7844,98.5071
305.6814,189.3414,68.0520,100.3524
304.5161,189.6346,67.7427,102.4057
304.6937,191.5259,67.3876,103.9543
304.9700,191.7004,66.8348,106.2882
305.0780,191.7917,66.6188,108.8143
303.0117,190.8802,65.2660,110.6373
303.1517,193.5352,64.9861,113.5683
301.9666,193.3331,64.5705,116.7580
301.0834,196.7856,66.3370,121.1565
305.6108,203.9057,71.8868,127.3629
309.2792,201.0449,76.9790,133.0845
307.5510,200.1362,80.4354,138.1803
304.7765,198.2711,82.5718,141.9106
304.2504,196.8319,83.6239,144.7889
302.4784,197.3637,83.6033,147.2899
302.6655,198.1754,83.2291,149.2679
299.5316,198.9298,82.2485,151.3834
300.1290,198.1414,81.0536,152.9603
298.9732,199.0687,79.7237,154.7471
297.7867,198.3425,78.4518,156.1994
298.4380,199.7740,77.1492,156.9807
297.4696,199.1900,75.4529,158.1487
296.6590,200.3927,73.4534,159.3640
295.7981,199.7108,71.5717,160.7278
294.9906,199.1352,69.5965,161.8789
294.1954,200.1606,67.6147,163.4004
293.3347,201.4210,65.7772,164.4386
294.0957,201.0222,64.2551,165.2361
293.4006,200.4107,62.1198,166.4591
292.7104,201.6645,59.9955,167.4562
292.0047,201.2460,57.9264,168.2932
292.8391,200.9388,56.2577,168.9075
292.1936,202.4780,54.1155,169.2623
291.4708,202.3117,52.1623,169.5950
290.8317,202.1209,50.0729,169.9765
290.1464,203.5798,48.1092,170.3930
290.9086,203.4615,46.5847,170.6296
287.4445,203.0786,43.6782,171.3954
288.1062,202.9928,42.3548,171.5670
288.8393,202.8333,40.8885,171.8860
288.0924,202.6346,39.1942,172.2835
287.2410,202.4931,37.7358,172.5664
287.7054,202.4483,36.8069,172.6559
283.8823,200.6218,35.0921,173.1886
284.1164,200.6764,34.6239,173.0794
284.3051,200.8021,34.2466,172.8281
284.3487,199.4903,34.1592,172.3787
284.2523,198.1709,34.3521,171.9523
282.7134,196.8921,34.3671,171.4470
282.2669,197.2423,35.2600,170.7466
280.4284,196.0849,35.8732,169.9976
279.8488,196.2818,37.0325,169.6039
279.3183,196.3661,38.0935,169.4353
277.2157,196.2311,39.1983,169.7053
276.5299,196.2307,40.5700,169.7060
274.4611,196.2295,41.5561,169.7084
273.7305,196.1019,43.0174,169.9636
271.4067,195.9654,44.4633,170.2367
270.7560,194.4068,45.7648,170.1210
268.5267,194.3973,46.9675,170.1400
266.2513,194.4879,48.2399,169.9588
265.5682,194.7561,49.6061,169.4224
264.8268,195.0123,51.0889,168.9100
262.4189,193.6725,52.5666,168.2516
260.0358,194.1246,53.9768,167.3473
259.2707,194.6270,55.5071,166.3425
256.8187,191.8768,57.0280,165.0771
256.1432,192.2622,58.3791,164.3063
253.7049,192.6062,59.8493,163.6183
252.9288,191.3181,61.4016,162.7715
250.4911,191.6104,62.8381,162.1869
249.7332,190.1965,64.3540,161.5584
249.0385,190.4312,65.7434,161.0891
246.6635,188.9303,67.0011,160.5986
245.9810,189.1771,68.3659,160.1049
245.3220,187.6057,69.6839,159.7229
244.6622,186.1010,71.0036,159.1898
242.2347,186.4299,72.3005,158.5321
241.6923,184.9031,73.3854,158.0145
241.1614,185.1978,74.4472,157.4250
240.6517,183.8261,75.4665,156.5760
240.1803,184.1877,76.4095,155.8527
237.8898,182.7386,77.3867,155.1470
237.6063,181.2801,77.9536,154.4536
237.2959,181.4842,78.5744,154.0456
235.2110,179.9002,79.1294,153.5988
234.9344,180.2034,79.6827,152.9923
232.9979,178.6402,79.9371,152.5003
232.8140,178.9313,80.3050,151.9181
232.6422,179.1757,80.6487,151.4293
232.4689,177.5749,80.9952,151.0188
232.3761,177.7846,81.1809,150.5995
230.5241,176.2633,81.2760,150.0331
230.4636,176.4825,81.3968,149.5948
230.3450,174.8611,81.6341,149.2398
228.5029,175.1152,81.7217,148.7316
228.4338,173.4290,81.8599,148.5134
228.4411,173.6312,81.8453,148.1090
228.4296,171.9133,81.8682,147.9612
228.4470,172.0891,81.8334,147.6096
226.7107,172.1887,81.7300,147.4105
226.7435,170.4547,81.6646,147.3070
226.7797,170.5604,81.5921,147.0958
226.8654,168.8358,81.4206,146.9806
226.9664,169.0019,81.2188,146.6484
227.0787,169.1652,80.9941,146.3219
227.1714,167.4879,80.8088,146.1339
227.3397,165.8290,80.4721,145.9149
227.3603,165.8694,80.4309,145.8342
227.3378,165.9916,80.4760,145.5898
227.3469,164.3307,80.4577,145.3886
229.1833,164.4685,80.3045,145.1129
229.3122,162.8217,80.0467,144.8936
231.3009,162.9065,79.5747,144.7239
231.6137,161.2833,78.9492,144.4756
233.4943,161.3178,78.6684,144.4065
233.6630,159.6824,78.3311,144.2027
235.6560,159.7520,77.8109,144.0634
237.5209,159.8956,77.5360,143.7764
239.3770,159.9660,77.2698,143.6354
239.6803,158.2736,76.6633,143.5810
241.5837,158.2747,76.2845,143.5787
243.5295,156.5725,75.8146,143.5616
245.4523,156.5833,75.3823,143.5400
245.7168,156.5594,74.8533,143.5877
247.7328,156.5863,74.2184,143.5340
249.7393,154.9756,73.5909,143.3699
251.9083,155.1115,72.6252,143.0982
253.8681,153.6303,72.0572,142.7088
255.8323,153.8085,71.4649,142.3525
257.7774,152.4324,70.8952,141.7840
259.8807,152.6400,69.9911,141.3688
261.8384,151.1381,69.3563,141.0920
263.9360,151.2806,68.4268,140.8069
264.3101,151.4759,67.6786,140.4163
266.4405,149.9900,66.6446,140.1615
268.4864,150.1935,65.7577,139.7545
270.5440,148.8240,64.8260,139.3099
272.6339,149.0435,63.8070,138.8709
274.7892,149.3388,62.6328,138.2803
276.9925,147.9408,61.3338,137.9689
279.1103,148.1374,60.1782,137.5758
281.1905,146.8022,59.0718,137.1920
283.2099,146.9931,58.0621,136.8103
285.1433,147.2095,57.2006,136.3776
287.1119,146.0161,56.2476,135.7803
289.0915,146.2985,55.2469,135.2154
291.0508,146.5582,54.2609,134.6962
291.5774,145.3745,53.2076,134.1561
293.5954,145.6061,52.0527,133.6928
295.7581,144.3654,50.5809,133.3206
296.3085,143.2105,49.4800,132.8084
298.2330,143.4988,48.4257,132.2320
300.1535,142.4118,47.3521,131.6384
302.0039,142.7169,46.3908,131.0282
302.4364,141.6678,45.5258,130.4131
304.2695,142.0004,44.5485,129.7479
304.6917,140.8721,43.7042,129.3429
306.5383,141.2476,42.6514,128.5919
308.2961,141.6620,41.7462,127.7631
308.6594,140.7696,41.0195,126.9659
308.9956,139.8672,40.3471,126.2132
310.7548,140.2655,39.3632,125.4167
311.1208,140.6456,38.6311,124.6565
311.4813,141.0243,37.9101,123.8991
313.1974,140.1704,36.9345,123.1504
313.4652,140.6501,36.3989,122.1909
313.7707,139.9375,35.7879,121.2117
314.0609,139.2026,35.2076,120.3023
314.3587,139.6498,34.6120,119.4080
314.6420,140.0562,34.0452,118.5951
314.9643,139.2713,33.4008,117.8551
315.1613,139.7315,33.0066,116.9347
315.3758,140.1860,32.5777,116.0258
315.6471,139.4569,32.0350,115.2378
316.0532,139.9509,31.2229,114.2498
316.4628,140.4024,30.4037,113.3469
315.8892,139.7306,29.3835,112.5230
315.1723,140.1430,28.6804,111.6981
314.4363,139.5426,28.0406,110.7870
313.6939,139.9253,27.4385,110.0217
313.8654,140.3290,27.0956,109.2142
312.2134,140.6224,26.3057,108.6274
311.3771,141.0229,25.9546,107.8265
310.4883,141.4897,25.7265,106.8929
309.6046,141.9633,25.5055,105.9458
308.6411,142.3766,25.4618,105.1191
306.7378,142.8514,25.3517,104.1695
305.5927,143.2876,25.6987,103.2971
304.4923,143.7654,25.9622,102.3415
302.5067,144.2533,26.0755,101.3657
300.4905,144.6305,26.2731,100.6113
299.3405,145.0615,26.6627,99.7494
296.3606,144.4975,26.9052,98.9716
295.1053,144.9251,27.5164,98.1163
292.9808,145.3300,27.9679,97.3066
290.8804,145.8143,28.3772,96.3381
288.7651,146.1734,28.8282,95.6197
287.4372,146.5465,29.5962,94.8736
285.2848,146.8520,30.1179,94.2625
284.0150,147.2330,30.7650,93.5006
282.7476,147.6163,31.4062,92.7339
280.6139,148.9595,31.8849,91.9419
278.4837,149.2384,32.3615,91.3841
277.1811,149.6022,33.0742,90.6564
275.8858,150.0199,33.7698,89.8212
275.4611,150.3935,34.6192,89.0740
274.1670,151.6512,35.3072,88.4587
272.8456,152.0817,36.0465,87.5978
272.4588,152.4253,36.8201,86.9104
272.0320,152.7385,37.6736,86.2842
271.6387,153.9896,38.4603,85.6961
271.2375,154.4059,39.2627,84.8635
270.7664,154.7327,40.2048,84.2099
270.2590,155.9946,41.2197,83.6145
269.7157,156.3213,42.3063,82.9611
269.2958,156.5784,43.1460,82.4470
268.7469,156.8616,44.2440,81.8805
268.2791,157.1390,45.1795,81.3257
267.7869,157.4430,46.1640,80.7177
268.3064,158.7513,47.1044,80.0807
267.7869,159.0656,48.1434,79.4520
268.2815,159.3941,49.1485,78.7951
267.7629,159.8264,50.1855,77.9304
268.2516,160.2425,51.2139,77.0982
268.7105,160.6168,52.3065,76.3496
269.1407,160.9752,53.4633,75.6329
269.6197,161.3540,54.5307,74.8753
270.1160,161.6958,55.5698,74.1915
270.6319,162.0782,56.5761,73.4269
271.1336,161.4119,57.6157,72.7164
271.5927,160.7504,58.7466,71.9903
273.0863,161.1722,59.8718,71.1468
272.5166,160.5644,61.0111,70.3011
274.9989,159.9235,62.2464,69.5161
274.4974,160.3029,63.2494,68.7575
274.9800,159.7181,64.3626,67.8486
276.3895,159.0527,65.7074,67.0976
276.9192,159.4605,66.7394,66.2819
277.4070,158.8783,67.8585,65.3515
278.9666,158.2962,68.9350,64.4181
279.4805,158.8172,70.0068,63.3760
280.0405,158.1878,70.9867,62.5349
280.5545,157.5583,72.0602,61.6923
282.1002,156.9433,73.1784,60.8175
282.6036,156.3173,74.2796,59.9616
283.1167,155.7528,75.3644,58.9796
283.6396,155.2087,76.4303,57.9561
285.2988,154.7191,77.3345,56.8240
285.8430,154.2656,78.3527,55.6245
286.3884,152.6433,79.3641,54.6645
287.0456,153.0720,80.1514,53.8072
287.7048,152.5307,80.9324,52.7903
290.3050,150.9890,82.0145,51.6853
291.0665,150.1647,82.5834,51.2421
291.6810,149.4907,83.4474,50.4970
292.2641,147.8701,84.3746,49.5514
292.9139,147.3929,85.1662,48.4148
293.7266,146.8838,85.6244,47.3493
294.3553,146.2442,86.4392,46.5563
295.1118,145.7094,86.9969,45.5550
295.8473,145.1505,87.5878,44.6111
297.4695,143.4316,88.4519,43.9406
297.3413,142.6003,88.7081,43.5480
297.9678,142.6566,89.5073,43.4353
298.7124,141.8012,90.0801,43.0842
299.5320,141.1071,90.5049,42.4082
300.2547,140.2578,91.1182,42.0483
300.9944,138.6954,91.7000,41.0508
300.8441,138.0623,92.0005,40.2647
301.5844,137.4335,92.5627,39.4797
302.4266,136.6779,92.9152,38.9539
303.3891,136.0772,93.0230,38.1226
303.2378,135.4092,93.3257,37.4390
304.2492,134.8530,93.3146,36.5397
305.0541,134.1912,93.7002,35.8678
305.0482,133.5956,93.7121,35.0700
306.0066,132.8306,93.7701,34.6251
305.8864,132.0289,94.0104,34.2610
306.8780,131.2598,93.9917,33.8347
306.7437,130.6179,94.2604,33.1620
307.6691,129.8839,94.3577,32.6818
307.5570,129.0931,94.5819,32.3226
307.4334,128.2839,94.8290,32.0036
308.3535,127.5035,94.9240,31.6293
308.2430,127.6662,95.1450,31.3040
309.1038,126.9015,95.3502,30.9066
308.9913,127.0129,95.5752,30.6836
308.8058,126.2744,95.9463,30.2391
308.6664,125.5430,96.2249,29.7832
309.4811,124.7724,96.5097,29.4103
309.5313,124.9934,96.4094,28.9684
309.4023,124.3352,96.6673,28.3830
309.4265,123.4667,96.6189,28.2256
309.4151,122.6375,96.6417,27.9930
309.4120,121.8429,96.6480,27.6953
310.4557,121.9240,96.4419,27.5332
310.3800,121.2975,96.5933,26.9107
310.3995,121.5229,96.5543,26.4600
310.2501,120.8502,96.8532,25.9483
310.1715,120.9840,97.0104,25.6808
310.0184,120.3048,97.3166,25.1906
309.9562,119.5861,97.4409,24.7842
309.8870,119.7330,97.5794,24.4904
310.8263,119.8894,97.5350,24.1775
310.6422,118.4233,97.9031,23.4546
310.6107,118.4440,97.9662,23.4130
310.5238,117.6683,98.1400,23.1454
310.5531,117.7870,98.0813,22.9080
310.5487,117.8622,98.0900,22.7577
310.4435,117.0966,98.3005,22.4806
310.3062,116.3503,98.5752,22.1670
310.3465,116.4586,98.4945,21.9506
310.2082,116.5732,98.7712,21.7213
309.9038,114.9764,99.3800,21.3191
309.6998,114.1660,99.7880,21.1412
309.7886,114.2307,99.6104,21.0118
309.6165,113.4797,99.9546,20.7179
309.6612,113.5521,99.8652,20.5732
309.7661,113.6984,99.6553,20.2805
309.5435,110.3451,100.1005,19.8578
309.6000,110.5165,99.9876,19.5149
309.6995,110.7269,99.7886,19.0942
309.8020,110.8549,99.5835,18.8382
309.8661,110.9396,99.4554,18.6688
309.5490,110.1796,100.0896,18.4406
309.4975,110.1223,100.1925,18.5552
309.2016,105.0156,100.7844,18.2321
309.2633,105.0785,100.6609,18.1064
309.2725,105.0982,100.6426,18.0668
309.1923,105.0963,100.8031,18.0707
309.1604,105.1466,100.8668,17.9701
309.2745,105.1739,100.6386,17.9156
309.2543,105.0690,100.6789,18.1254
308.2335,100.9229,100.9662,17.6457
308.4276,100.9239,100.5781,17.6435
308.5225,100.8991,100.3881,17.6933
308.5143,100.8108,100.4045,17.8698
308.5062,100.6978,100.4207,18.0958
307.6406,100.7367,100.4017,18.0180
306.7105,99.8858,100.5135,17.9713
306.7797,99.8927,100.3751,17.9576
306.4433,96.4232,101.0479,17.9091
306.5417,96.1672,100.8511,18.4213
305.7201,95.9327,100.7318,18.8901
304.7928,94.8186,100.8162,19.3482
304.7653,93.6661,100.8713,19.8729
303.7303,91.7277,101.1499,20.1671
303.1218,91.4330,100.5659,20.7564
303.1317,89.4228,100.5461,21.1683
303.2804,88.1695,100.2487,21.8629
302.4848,86.0997,100.0186,22.3600
302.6325,85.6805,99.7232,23.1984
301.8432,84.4174,99.4622,23.8850
300.9699,81.2910,99.3597,24.5906
300.2462,80.9124,98.9461,25.3477
300.4238,79.6201,98.5909,26.0627
299.5336,77.4166,98.4932,26.7133
298.8122,76.0820,98.0469,27.4935
299.0579,74.8443,97.5556,28.0716
299.2516,73.5784,97.1682,28.7021
297.4767,72.3138,96.9029,29.3240
297.7580,71.0244,96.3403,29.9874
297.0500,69.7758,95.8368,30.5650
296.2403,68.4187,95.5331,31.3561
295.3956,66.1394,95.2891,32.0481
295.6288,64.7936,94.8227,32.7973
294.9378,63.4825,94.2551,33.4700
295.1162,62.1035,93.8985,34.2743
294.3367,60.7351,93.4943,35.0479
293.5325,59.3621,93.1315,35.8226
292.7672,57.9422,92.6822,36.6825
292.9893,56.5833,92.2378,37.4114
292.1218,55.1681,91.9774,38.2461
292.3396,53.7940,91.5416,38.9878
292.5208,52.4252,91.1793,39.7119
291.7091,51.0757,90.7816,40.3897
291.8579,49.7234,90.4840,41.0671
291.9729,49.3922,90.2541,41.7296
291.0560,48.0366,90.0449,42.3978
291.2016,46.6482,89.7536,43.1229
291.3685,46.3459,89.4198,43.7275
291.3870,45.0108,89.3828,44.3319
291.5109,43.7540,89.1350,44.7699
291.5800,43.4541,88.9967,45.3697
291.6740,41.0241,88.8089,46.0538
291.7361,40.7690,88.6846,46.5639
291.8029,39.4329,88.5509,47.1323
291.8655,39.2167,88.4257,47.5647
291.9259,38.9838,88.3049,48.0304
292.9699,37.6310,88.3404,48.6126
292.9271,37.3811,88.4261,49.1125
293.8989,36.0626,88.6263,49.6058
294.8962,34.7345,88.7866,50.1068
295.8881,34.5236,88.9690,50.5285
296.8382,33.2366,89.2446,50.9268
297.7864,33.0278,89.5347,51.3443
298.6927,32.7922,89.9203,51.8156
299.6002,32.6459,90.3172,52.1082
300.4932,31.4043,90.7537,52.3688
301.4672,31.3408,91.0393,52.4956
303.5767,31.2410,91.3003,52.6953
304.5458,31.1858,91.6090,52.8057
305.4130,31.1446,92.1283,52.8881
305.1714,31.0758,92.6116,53.0258
306.0818,31.1280,93.0630,52.9213
307.0047,31.2066,93.4942,52.7642
307.9052,31.2708,93.9742,52.6356
308.7914,32.5152,94.4876,52.4325
309.7466,33.8643,94.8669,52.0244
310.6931,35.2057,95.2625,51.6300
311.6438,36.6073,95.6488,51.1144
313.6757,38.0052,96.1539,50.6031
313.3884,39.4558,96.7284,49.9851
314.2665,40.9227,97.2531,49.3322
315.1523,42.4270,97.7590,48.6011
316.0466,45.1387,98.2425,47.7218
316.8757,46.7103,98.8484,46.8427
317.7290,48.3216,99.3993,45.8775
318.4865,51.1746,100.1330,44.6689
319.3045,52.7962,100.7351,43.6639
320.0367,56.7688,101.4999,42.4060
320.8996,58.4788,101.9919,41.2041
321.7233,61.4015,102.5481,39.7660
322.5789,64.2734,103.0230,38.3941
322.2825,67.1002,103.6158,37.0767
323.0577,70.0050,104.2182,35.5727
323.8830,74.0927,104.7017,33.7995
324.7711,76.9453,105.0339,32.3112
325.6142,79.8354,105.4334,30.7025
326.3338,85.7871,106.0558,29.1068
327.2355,86.4523,106.2928,27.7764
328.7868,91.2745,107.2279,26.2072
329.6907,91.7825,107.4222,25.1911
329.3001,95.9026,108.2033,24.8928
330.2982,95.5539,108.1978,25.5903
330.9406,100.1282,108.9171,26.4615
331.7594,101.3250,109.3101,28.1294
332.6069,102.5447,109.6830,29.8255
332.3500,105.8724,110.1968,31.5905
333.3536,107.0755,110.3350,33.4751
334.2312,109.3835,110.7621,35.4062
335.1836,111.6879,111.0815,37.4695
335.1013,114.0160,111.2461,39.6126
336.0569,116.3856,111.6426,41.7969
336.9992,117.6537,112.1109,43.9667
336.7223,120.1543,112.6648,46.1613
337.7400,121.6591,113.0751,48.0434
338.8727,124.4290,113.2949,49.9588
338.7540,127.0291,113.5323,52.3249
338.6093,128.5088,113.8216,54.4997
339.8668,130.0758,113.9158,56.5841
339.8185,134.2410,114.0124,58.8409
341.1614,134.6458,114.0139,60.7187
342.4673,137.5823,114.1215,63.0041
342.5053,139.4114,114.0456,64.8662
343.7867,142.6304,114.2736,66.8006
343.6982,143.0974,114.4506,68.6934
343.6197,146.3477,114.6076,70.7776
344.9921,148.3213,114.7617,72.6284
344.9554,149.0036,114.8351,74.1961
346.4106,152.4195,114.8842,76.2432
348.0145,153.0498,114.6710,77.9770
348.0869,156.7350,114.5262,79.6667
348.1265,157.4239,114.4471,81.3348
349.6935,159.6299,114.3852,83.0669
349.6435,161.9290,114.4851,84.6682
351.1911,164.2457,114.5175,86.2897
351.1744,165.0167,114.5508,87.9023
352.8109,168.9718,114.4592,89.5360
352.8130,168.2378,114.4550,91.0040
352.7381,172.4117,114.6047,92.3471
352.7306,171.6609,114.6199,93.8487
354.2632,175.9115,114.8335,95.1842
354.2673,175.1967,114.8253,96.6138
355.9301,179.4455,114.8262,98.0961
355.9733,178.7462,114.7399,99.4949
357.6411,181.3959,114.7760,100.9387
357.6363,182.4414,114.7856,102.2431
357.6281,183.4833,114.8020,103.5755
359.2661,184.4982,114.9638,104.9836
360.9203,187.2823,115.1183,106.3411
360.8170,188.3677,115.3248,107.6571
360.8112,187.8072,115.3366,108.7781
362.4546,188.9614,115.5787,109.9987
364.1280,191.8509,115.7840,111.3239
364.1196,193.0611,115.8007,112.4799
364.1394,192.5114,115.7612,113.5793
365.8083,193.7320,116.0350,114.7498
365.8448,195.0755,115.9620,115.6971
367.5923,196.4120,116.1152,116.6723
367.5012,197.6523,116.2973,117.8577
369.2557,198.8764,116.4758,119.0970
370.9196,200.1523,116.8577,120.2548
372.5759,199.5350,117.2792,121.4895
372.4277,200.8396,117.5756,122.6403
373.9936,202.1684,118.2265,123.7654
373.7638,201.5633,118.6861,124.9757
375.3728,202.8485,119.3049,126.2420
377.1547,204.1702,119.6076,127.4651
378.8820,205.4922,120.0433,128.7115
378.5050,206.7407,120.7974,130.1313
380.1816,207.9872,121.3952,131.5894
379.9780,209.2697,121.8023,133.0075
379.8140,210.5731,122.1305,134.4125
379.7099,211.9336,122.3386,135.7303
381.6327,213.2676,122.5557,137.1252
381.5099,214.5787,122.8014,138.5909
381.3951,215.8879,123.0308,140.0869
381.3445,217.1396,123.1321,141.7249
381.3017,218.3895,123.2177,143.3936
381.4711,219.7018,122.8790,144.9646
381.6721,221.0704,122.4769,146.4418
381.7925,222.3780,122.2360,148.0572
381.9733,223.7196,121.8745,149.6258
382.1462,224.9610,121.5288,151.4131
382.3581,226.2453,121.1049,153.1362
382.5815,227.6125,120.6581,154.7132
380.7864,228.9736,119.9201,156.3194
381.2529,230.3879,118.9870,157.8315
379.5257,231.7219,118.0929,159.5121
377.8597,233.1916,117.0653,160.9323
378.4348,234.5791,115.9150,162.5216
376.8902,235.8804,114.6348,164.2883
375.4478,237.2804,113.1446,165.8634
372.0025,238.6482,111.2868,167.5020
372.8138,240.0122,109.6642,169.1420
369.4807,241.4848,107.5994,170.5623
370.3801,243.0187,105.8004,171.8469
367.3095,244.5391,103.2589,173.1475
366.3019,246.0698,100.9562,174.4041
363.3312,247.5309,98.3022,175.7795
362.4717,249.2053,95.7483,176.7035
359.7586,248.7712,92.6886,177.5717
357.0286,250.4864,89.7422,178.3447
356.2807,250.2125,87.0741,178.8925
353.7085,252.0053,83.9674,179.4325
353.1171,253.9073,81.0709,179.7077
348.8161,253.6760,77.5750,180.1704
348.2766,253.7707,74.6761,179.9809
344.2275,253.7671,71.0032,179.9883
341.9957,255.9164,67.7501,179.5480
339.8809,256.2550,64.3924,178.8707
337.7979,256.5880,61.1118,178.2047
335.7609,257.0288,57.8773,177.3231
332.0700,257.5889,54.5113,176.2030
332.8077,258.3341,53.0360,174.7124
328.8972,257.3483,50.4883,173.2278
327.5051,258.2848,49.8846,171.3548
325.6874,259.1474,50.1696,169.6296
322.0526,258.4380,50.7769,167.7173
319.6662,259.3901,52.2345,165.8131
317.1505,260.3394,53.9504,163.9145
314.5222,259.6578,55.8872,161.9578
311.8873,260.9013,57.8295,159.4708
307.4700,260.5296,60.0099,156.8872
302.7874,260.2323,62.7164,154.1522
297.9170,259.8674,65.7801,151.5436
296.5038,261.0258,68.6065,149.2266
291.4283,260.6764,72.0150,146.5543
288.2271,261.9185,75.0257,144.0702
284.9970,261.4234,78.0788,141.6531
280.0088,261.0603,81.2074,138.9553
278.4990,262.3586,84.2269,136.3587
275.2917,261.9811,87.1921,133.6642
270.4189,261.6157,90.0202,130.9363
269.1055,262.8882,92.6470,128.3915
266.1199,262.4064,95.1487,125.8855
263.2069,263.7043,97.5022,123.2897
262.1160,263.1930,99.6840,120.8411
260.9893,264.3106,101.9373,118.6060
258.2157,263.7270,104.0140,116.3026
255.5164,264.8267,105.9443,114.1031
254.6075,264.1583,107.7622,111.9752
253.7420,265.1645,109.4932,109.9627
252.9177,264.3890,111.1418,108.0578
250.4601,265.3305,112.6051,106.1748
249.7402,266.2118,114.0449,104.4122
249.0787,265.3693,115.3678,102.6578
248.5120,266.1858,116.5013,101.0248
248.0163,266.9155,117.4926,99.5653
245.8823,266.0136,118.3453,97.9537
245.5472,266.7244,119.0155,96.5323
245.2021,267.3591,119.7058,95.2628
244.8518,267.9902,120.4064,94.0007
244.5804,268.6097,120.9492,92.7616
244.3225,269.1777,121.4649,91.6256
244.1222,267.9966,121.8656,90.6404
243.9613,268.4787,122.1873,89.6762
243.7356,268.8329,122.6387,88.9678
243.5946,269.1494,122.9209,88.3346
243.4592,269.4480,123.1917,87.7376
243.3072,269.6702,123.4955,87.2932
243.2002,269.8448,123.7095,86.9439
243.1041,269.9845,123.9018,86.6645
