1
323.3951,140.5440,153.2099,71.4614
324.4542,141.1450,151.0916,70.2594
325.3006,141.5443,149.3989,69.4610
325.5688,141.6978,148.8625,69.1537
326.0229,141.7077,147.9542,69.1342
326.3505,141.7400,147.2990,69.0694
326.3953,143.4138,147.2095,69.0730
326.5419,143.2941,146.9162,69.3125
327.0668,143.2573,145.8663,69.3860
325.6647,143.0689,145.3347,69.7629
325.6385,143.2375,145.3870,69.4256
325.4202,143.3533,145.8238,69.1941
325.3799,143.3306,145.9043,69.2396
325.1951,143.4189,146.2739,69.0629
327.0093,143.3752,145.9817,69.1504
327.0081,143.0813,145.9842,69.7381
327.3111,142.6831,145.3781,70.5345
327.2750,142.3730,145.4503,71.1546
327.2785,141.7071,145.4433,72.4865
328.6524,141.0460,146.0790,73.8087
330.5392,140.4995,145.7211,74.9017
332.0120,140.0130,146.2049,75.8748
331.9815,139.7085,146.2658,76.4838
333.8665,141.0095,145.9605,77.3462
335.5696,140.6271,146.0291,78.1110
335.8185,140.2777,145.5313,78.8098
337.7139,141.4792,145.2343,79.9005
339.9423,141.0457,144.2853,80.7676
340.3017,140.5891,143.5666,81.6808
340.5725,139.9145,143.0248,83.0300
342.3580,141.0002,142.9824,84.3870
342.3978,140.4767,142.9027,85.4339
342.3008,139.9690,143.0967,86.4493
342.2332,139.3013,143.2319,87.7848
342.0843,138.7323,143.5298,88.9228
342.1247,140.1005,143.4489,89.8216
344.0204,139.8761,143.3067,90.2704
345.8932,139.3243,143.2157,91.3741
347.6658,140.7688,143.3422,92.1567
349.3746,141.9239,143.6114,93.5332
351.0144,141.1456,144.0455,95.0899
351.3005,142.5529,143.4732,96.0215
353.7479,141.7511,142.3315,97.6250
353.9946,140.7423,141.8380,99.6426
354.5582,141.6632,140.7109,101.5891
355.1573,140.3812,139.5125,104.1531
355.9697,141.0737,137.8878,106.5953
358.5392,142.1045,136.5911,108.3758
358.9459,140.8390,135.7777,110.9068
361.3132,141.7454,134.9230,112.9740
362.0391,141.0859,133.4711,114.2930
362.6496,142.5315,132.2501,115.3005
363.2141,143.8439,131.1211,116.5719
363.8906,145.4413,129.7681,117.2762
364.2625,146.9924,129.0244,118.0632
364.6259,148.2347,128.2976,119.4688
364.6981,149.3332,128.1531,121.1730
365.2064,149.8824,127.1366,124.0007
366.0883,150.4808,125.3727,126.7587
366.6360,151.0448,124.2772,129.6011
367.6500,151.9265,122.2494,131.8356
368.1715,152.1701,121.2064,135.3492
368.8119,152.7856,119.9256,138.1568
369.6084,153.9236,118.3326,139.9426
370.3596,155.1270,116.8300,141.5995
371.3463,154.6377,114.8566,142.5781
369.6866,155.7336,114.1280,144.4345
371.0753,157.4369,111.3505,145.0928
372.1496,157.0224,109.2019,145.9218
371.4394,158.6081,106.6151,146.7577
372.7997,158.6289,103.8944,146.7160
372.5452,162.2119,100.4712,147.4144
373.7343,163.8261,98.0930,148.0722
373.0893,163.0075,95.5265,149.7094
373.9745,163.6778,93.7560,152.2071
374.5919,165.9886,92.5213,155.2775
371.6240,164.4295,90.7152,158.3957
372.0161,167.0686,89.9310,160.8907
370.5760,169.4514,88.9011,163.9456
365.4969,168.0597,87.2460,166.7290
363.9341,169.2919,86.4212,168.2149
365.8238,179.1828,86.5998,168.2230
363.3850,178.5622,83.5550,169.4641
360.4578,177.9185,81.5561,170.7515
359.1676,181.1826,80.2256,172.0451
358.4609,182.6411,77.7327,173.0344
358.1872,182.3523,74.4029,173.6120
357.4454,187.8215,72.0597,174.1541
356.6325,188.0243,69.8923,173.7484
355.0009,192.4030,69.4069,172.4884
354.0487,192.0006,67.5893,173.2932
353.7621,192.0332,64.4616,173.2280
351.4874,198.2245,61.7231,171.7771
350.0721,203.0081,60.9803,169.3569
347.5045,204.4926,59.0642,169.9136
344.9390,208.1575,57.1978,169.5811
342.7141,212.5299,54.7277,167.7563
342.9365,210.1589,50.8942,169.1095
341.6638,209.3517,46.7651,170.7240
340.0366,208.6580,43.4536,172.1113
338.0341,208.6407,40.9783,172.1461
337.1275,212.3045,39.5982,171.2052
334.5078,219.9150,38.5299,168.5996
331.9825,220.1808,37.3867,168.0679
329.3678,218.8338,36.4811,167.6944
327.9162,219.1785,36.3394,167.0051
325.7442,218.0949,37.6508,163.1074
322.5264,228.6236,35.0767,163.0728
321.5339,228.7949,34.1084,162.7301
320.3145,227.5954,33.6175,162.1994
314.6161,229.8019,33.3631,163.6120
313.7374,230.3920,35.1206,162.4317
309.7231,229.9849,37.2589,163.2460
306.9344,230.1481,39.8386,162.9196
304.1160,229.4314,42.4331,164.3530
300.9366,228.8417,45.6802,165.5323
297.4480,227.1310,49.4678,165.7643
292.5377,226.8321,52.7615,166.3622
289.2977,228.9533,55.9086,165.4525
286.2695,229.7627,58.5876,163.8336
281.8327,231.0103,60.6545,161.3385
278.4411,231.5648,64.0329,156.8246
273.2921,231.8533,67.5299,156.2476
265.9892,235.6084,71.7735,155.6458
263.2490,236.7988,73.7338,153.2649
260.2035,237.6301,76.3054,151.6023
255.6124,238.1694,78.4080,150.5237
250.7244,236.8693,81.0635,149.5637
247.3884,239.8964,80.5521,147.1011
243.9554,240.6295,80.3249,145.6349
239.6081,241.2605,81.9774,144.3730
236.6805,241.8337,84.3021,143.2264
234.3842,242.5715,85.3417,141.7510
223.0287,244.7727,86.7614,140.8972
223.3592,245.5259,86.1003,139.3907
222.9241,244.8138,86.9704,137.2888
222.5737,243.8679,87.6714,135.6712
219.9433,243.6103,89.4353,132.6896
217.5457,244.9037,90.7490,130.1028
213.7766,244.4842,91.3591,127.4776
210.4221,245.9354,91.1990,124.5751
208.2468,245.9140,92.1618,121.2302
205.9547,243.9845,93.3933,118.3838
203.7386,243.5602,94.4963,115.9031
203.3825,243.5633,95.2085,112.5879
201.2208,243.6204,96.2623,109.2041
197.0577,243.3628,98.1202,106.4851
195.0530,243.0292,98.9083,103.9309
191.6664,244.2841,99.2933,101.4212
190.6471,242.0521,101.3320,99.5635
187.1550,241.3039,101.9888,97.8963
186.1665,240.8579,103.9657,95.6406
182.7167,240.1707,104.5799,93.8724
180.5174,239.5573,105.8544,91.9749
178.7183,240.2880,106.3392,90.5137
176.0321,239.4944,108.6140,89.0033
173.2454,238.4598,111.0791,87.9642
172.9220,237.6044,114.8552,86.5458
172.7513,233.6969,118.3604,84.8692
170.9775,234.7551,121.9080,82.7529
170.8457,234.3575,125.3798,80.3399
170.2895,230.7573,129.7124,77.8796
169.6895,231.7779,130.9124,75.8385
169.2540,230.9619,131.7835,74.2434
169.3904,231.7502,131.5107,72.6669
166.9971,230.9671,129.9336,71.0513
162.7406,231.7612,125.9228,69.4630
165.0381,228.3607,124.3724,67.1301
165.6762,228.9903,123.0961,65.8709
167.6058,228.3587,122.1784,64.1926
169.1851,227.6639,121.9190,62.6828
169.6409,225.6536,123.8769,60.9645
169.7271,226.0965,126.5729,60.0788
169.8293,225.2810,129.2609,58.8174
170.2517,224.5717,131.3256,57.3265
169.7277,223.7878,132.3737,55.9811
170.5114,224.3876,133.7109,54.7815
169.9466,223.5358,134.8404,53.5826
170.6743,222.7274,136.2826,52.3018
171.4763,221.8270,137.5737,51.2074
172.6501,222.4406,138.1203,49.9803
173.8677,221.4429,138.5648,49.0957
175.7402,221.7190,137.6899,48.5436
175.9279,220.5040,137.3146,48.1261
177.7475,219.3607,136.5099,47.5781
179.5192,219.4630,135.7798,47.3734
181.1511,219.6210,135.3150,47.0574
182.3822,219.9965,135.6394,46.3064
183.6265,219.1828,135.9284,45.1562
184.8442,219.5276,136.2538,44.4666
186.1248,219.8595,136.4452,43.8029
187.1893,219.0494,137.0594,42.6798
188.2738,219.4467,137.6216,41.8851
189.3613,219.8171,138.1712,41.1444
190.7426,220.2335,138.1272,40.3116
190.9505,220.5162,137.7114,39.7462
192.5317,220.8042,137.2350,39.1701
193.9552,221.0587,137.0565,38.6613
195.2753,221.1913,137.0728,38.3959
195.5573,221.2524,136.5090,38.2738
195.6739,221.2370,136.2757,38.3046
196.9500,222.5918,136.3624,38.2339
198.2804,222.7025,136.3403,38.0124
199.6508,224.0768,136.2339,37.8982
201.2171,224.1820,135.7319,37.6878
201.2802,224.2021,135.6057,37.6474
202.3883,224.3118,136.0067,37.4280
203.5780,225.6034,136.2459,37.4635
204.3363,225.7648,137.3518,37.1408
204.9545,225.7376,138.7476,37.1951
205.7640,226.9754,139.7815,37.3723
205.2885,228.1456,140.7326,37.7028
204.7160,229.3023,141.8775,38.0798
204.1655,229.0728,142.9784,38.5387
205.2399,229.1295,143.5673,38.4253
206.2126,229.2033,144.3659,38.2776
205.8822,229.0945,145.0267,38.4953
205.1529,228.9194,146.4854,38.8454
204.2217,228.6507,148.3478,39.3829
206.5290,228.6891,149.3913,39.3062
207.2479,227.4744,150.7959,38.8932
206.9732,227.4786,151.3453,38.8847
206.4394,227.2507,152.4129,39.3405
205.9252,226.7050,153.4414,40.4320
206.5100,224.9363,155.1922,41.0488
205.5824,223.2363,157.0475,41.4919
205.2071,222.9294,157.7981,42.1058
205.8030,221.2929,159.6198,42.3653
206.4715,219.5505,161.3266,42.8062
203.4787,216.6797,164.2360,42.3953
203.0564,215.4004,165.0806,41.8445
204.3046,213.9726,165.6951,41.5892
205.0370,209.5912,167.3449,41.0082
204.2786,207.8953,168.8616,41.2732
205.0736,204.5519,170.4246,41.6541
205.6105,201.1436,172.5332,42.1063
204.8074,199.2926,174.1393,42.5879
203.7725,192.9641,176.2091,42.2367
203.3088,191.4864,177.1365,41.9177
202.7929,185.0070,178.1682,41.7515
204.0265,183.2864,178.9937,41.9002
203.5075,173.3323,180.0316,41.9669
203.5966,173.1953,179.8535,42.2410
204.6201,168.5176,181.1318,41.6200
204.4643,167.0852,181.4434,41.1533
204.2962,157.5168,181.7798,40.3288
204.4513,156.1102,181.4694,39.8263
204.4543,150.3011,181.4635,38.2377
204.6883,149.2234,180.9955,37.1223
204.4475,146.7906,181.4771,35.5024
193.2202,142.2698,184.6245,34.8905
191.1650,139.7009,188.7347,33.5289
196.8509,138.3932,187.2028,32.8644
201.9779,137.1380,183.4399,32.1291
206.8190,131.0060,180.1154,31.6778
208.1296,130.9075,177.4942,31.8747
208.7749,122.2830,176.2037,30.5756
209.3666,122.7858,175.0203,29.5701
210.3441,122.9125,173.0652,29.3166
211.4438,120.2686,170.8659,28.6457
212.2375,119.0752,169.2785,28.0969
213.2329,116.3927,167.2877,27.6567
215.0749,115.0860,166.4701,27.4037
217.7894,115.1488,163.8910,27.2780
218.8774,114.2563,161.7150,26.2513
220.1139,113.0929,159.2420,25.8168
220.2378,111.5821,156.2759,26.1200
221.2492,111.2302,154.2530,26.8239
222.2057,111.0229,152.3400,27.2384
223.4285,110.8867,149.8946,27.5109
223.1643,110.6689,147.8005,27.9465
224.2232,110.4674,145.6828,28.3495
225.1291,110.4287,143.8709,28.4269
226.1739,109.9161,141.7813,29.4521
227.1154,109.5654,139.8983,30.1535
227.8645,109.3154,138.4001,30.6535
228.8206,110.4234,136.4879,30.9609
229.5494,110.2146,135.0303,31.3786
230.3919,111.4146,133.3453,31.4687
231.3121,112.6092,131.5049,31.5480
232.0992,113.6649,129.9306,31.8807
232.9292,114.7550,128.2708,32.1291
233.6461,115.7712,126.8369,32.5065
233.1799,116.7948,125.3725,32.8562
234.0611,119.0931,123.6101,33.0255
234.7400,120.0888,122.2522,33.3954
235.4833,122.3407,120.7656,33.5899
234.8502,123.2812,119.7000,34.0407
235.4284,124.2829,118.5435,34.3627
234.8765,125.3123,117.3324,34.6189
235.4036,126.3800,116.2782,34.7859
235.8586,127.4653,115.3681,34.9062
235.2015,128.5211,114.4023,35.0747
235.6383,129.5252,113.5286,35.3361
236.0629,130.5333,112.6795,35.5820
236.4333,131.5244,111.9387,35.8544
236.8025,132.5623,111.2002,36.0275
235.9147,133.4929,110.7341,36.4080
236.0793,134.4181,110.4050,36.7996
236.2052,135.3578,110.1531,37.1648
236.3672,135.1867,109.8292,37.5070
236.4548,136.1951,109.6539,37.7394
235.3767,137.1538,109.5591,38.0732
235.4727,137.0450,109.3670,38.2908
234.4031,138.0487,109.2494,38.5404
234.3768,138.9970,109.3019,38.9036
234.3505,139.9557,109.3545,39.2532
233.2322,140.9783,109.3168,39.4823
233.2341,140.8170,109.3132,39.8050
233.2335,141.8230,109.3143,40.0767
233.2980,142.8636,109.1853,40.2840
233.3438,142.7411,109.0936,40.5289
233.2996,143.7670,109.1822,40.7708
233.3866,144.8215,109.0082,40.9610
232.2561,145.8657,108.9690,41.1727
232.3799,145.7098,108.7214,41.4846
232.3744,146.6903,108.7325,41.8290
232.4147,146.6081,108.6518,41.9934
232.3287,147.6225,108.8237,42.2782
232.3248,148.6020,108.8317,42.6403
232.3315,149.6763,108.8182,42.8194
232.2922,150.6844,108.8968,43.1339
232.2899,150.5746,108.9015,43.3535
232.3338,151.5694,108.8136,43.7054
232.3220,152.5836,108.8372,44.0236
232.3016,153.5880,108.8779,44.3673
232.2971,153.4230,108.8870,44.6974
232.2781,154.4556,108.9249,44.9974
232.1924,155.4413,109.0963,45.3971
232.1440,156.4916,109.1932,45.6773
232.0534,156.2981,109.3743,46.0643
232.0322,157.3363,109.4168,46.3844
231.9147,158.3455,109.6517,46.7689
231.8733,159.4023,109.7347,47.0683
231.7529,160.4489,109.9753,47.3947
231.7192,160.2909,110.0428,47.7106
231.7186,161.3544,110.0440,48.0190
231.6109,162.4048,110.2594,48.3589
232.7284,163.4664,110.4743,48.6857
232.7025,163.2935,110.5261,49.0316
233.8757,164.3486,110.6452,49.3868
233.8025,165.4478,110.7918,49.6621
233.7505,166.5201,110.8956,49.9980
233.7377,166.3413,110.9213,50.3557
233.6730,167.4260,111.0506,50.6809
234.9099,168.5468,111.0791,50.9414
234.9733,168.3822,110.9524,51.2707
234.8810,169.4734,111.1369,51.5995
236.0400,170.5329,111.3384,52.0000
236.0309,171.6628,111.3567,52.2696
235.9834,172.7534,111.4517,52.6229
237.2016,172.5931,111.5573,52.9435
237.1348,173.6959,111.6908,53.2870
238.3431,174.8091,111.8312,53.6175
238.2955,175.9257,111.9264,53.9492
238.2931,177.0246,111.9312,54.3234
239.5141,178.2112,112.0680,54.5288
239.4435,178.0429,112.2090,54.8654
240.6344,179.1485,112.4193,55.2463
240.5794,180.3006,112.5294,55.5439
240.4988,180.1936,112.6906,55.7578
240.4246,181.3012,112.8389,56.1571
241.7147,182.4514,112.8824,56.4804
241.6371,182.3475,113.0377,56.6882
241.6049,183.4625,113.1020,57.0940
242.9189,184.6223,113.1178,57.4181
242.8446,184.5174,113.2663,57.6280
244.1945,185.6266,113.2219,58.0650
244.1203,185.4955,113.3703,58.3271
245.4383,186.6105,113.4031,58.7660
245.3482,186.4702,113.5834,59.0467
245.2807,187.6036,113.7183,59.4643
246.6401,188.7952,113.6932,59.7748
246.6024,188.6874,113.7685,59.9904
248.0000,188.5656,113.6768,60.2340
247.9543,188.4082,113.7681,60.5488
247.9697,189.5618,113.7375,60.9545
247.9703,190.7685,113.7361,61.2607
247.9626,190.6131,113.7517,61.5715
249.3240,190.4624,113.7591,61.8727
249.3155,191.6310,113.7761,62.2710
249.2595,191.5416,113.8881,62.4499
249.2235,191.3882,113.9601,62.7566
250.5424,191.2366,114.0758,63.0599
250.5559,191.0510,114.0489,63.4312
250.5435,190.8836,114.0737,63.7659
250.4988,190.6696,114.1631,64.1939
250.5263,190.4979,114.1080,64.5372
250.4871,190.2980,114.1865,64.9372
250.4212,191.4867,114.3183,65.3538
250.3574,191.2867,114.4458,65.7537
250.3299,191.1156,114.5009,66.0960
250.2569,190.9386,114.6470,66.4501
250.1635,190.7511,114.8338,66.8250
250.1100,190.5824,114.9407,67.1624
250.0030,190.3600,115.1547,67.6072
249.9561,188.7170,115.2484,68.0396
249.9261,188.4534,115.3084,68.5667
249.8716,188.1899,115.4174,69.0936
249.8107,187.9568,115.5392,69.5598
249.6796,186.3096,115.8015,69.9620
249.5952,184.5946,115.9702,70.4890
249.5415,184.2531,116.0777,71.1719
247.9944,182.5212,116.2443,71.7082
247.9694,182.2055,116.2944,72.3395
247.8995,180.4474,116.4340,72.9053
246.4633,178.6941,116.3446,73.4499
246.4981,178.4185,116.2750,74.0011
246.5156,176.6611,116.2399,74.5380
246.5760,174.8668,116.1191,75.1403
246.6300,173.0645,116.0111,75.7503
245.1630,172.7964,115.9419,76.2865
245.2310,170.9741,115.8060,76.9199
245.3015,169.1424,115.6651,77.5637
243.8286,168.8203,115.5827,78.2081
243.8556,165.5105,115.5285,78.7523
243.9378,165.1906,115.3642,79.3922
242.4533,163.3501,115.2793,80.0192
242.5374,161.5355,115.1111,80.5854
242.5750,159.6749,115.0358,81.2369
242.6575,159.3828,114.8709,81.8211
242.6851,157.6199,114.8157,82.2604
241.1533,155.7633,114.7863,82.8805
241.2008,153.9729,114.6913,83.3586
241.2370,153.6358,114.6189,84.0328
241.2937,151.8434,114.5055,84.4986
241.3352,149.9798,114.4226,85.1007
241.3953,149.7330,114.3023,85.5943
239.8494,147.7989,114.2542,86.3227
239.9668,145.9368,114.0196,86.8958
240.0486,144.0463,113.8559,87.5200
240.1044,143.8060,113.7444,88.0006
240.1884,141.9319,113.5764,88.5782
240.2474,141.6750,113.4583,89.0921
238.7736,139.7360,113.2220,89.7861
238.8681,137.8315,113.0330,90.4033
238.9502,135.9781,112.8687,90.9115
239.0632,135.8361,112.6427,91.1954
239.1667,135.6232,112.4356,91.6212
239.2460,133.6909,112.2770,92.2766
239.3502,133.4526,112.0686,92.7532
239.4727,131.5823,111.8237,93.2718
239.5528,131.3348,111.6634,93.7667
238.0950,129.4363,111.3470,94.3318
238.2332,129.2084,111.0706,94.7876
238.3431,128.9693,110.8509,95.2657
238.4662,128.7224,110.6046,95.7595
238.5833,126.7750,110.3705,96.4066
238.6700,126.5528,110.1970,96.8509
238.8282,126.3469,109.8807,97.2628
238.9574,126.1041,109.6224,97.7483
237.4282,125.8249,109.4163,98.3068
237.5644,125.5096,109.1439,98.9375
237.6953,125.2302,108.8821,99.4963
237.8078,124.9718,108.6572,100.0131
237.9803,124.7132,108.3122,100.5303
238.1122,124.4516,108.0484,101.0534
238.2132,124.2381,107.8463,101.4804
238.3256,123.9985,107.6215,101.9596
238.5040,123.7776,107.2647,102.4014
238.6837,123.5545,106.9053,102.8475
238.7969,123.3008,106.6789,103.3550
238.8584,123.0951,106.5560,103.7664
238.9408,122.8543,106.3911,104.2480
239.0758,122.6071,106.1210,104.7424
239.2629,123.9642,105.7469,105.3489
239.3992,123.7348,105.4744,105.8077
239.5061,125.1384,105.2604,106.3277
239.6119,126.5600,105.0489,106.8167
239.7004,126.2852,104.8719,107.3662
239.8051,127.7187,104.6625,107.8415
239.9226,127.4609,104.4275,108.3570
240.0139,128.9187,104.2449,108.7924
240.1401,130.3669,103.9925,109.2507
240.2207,131.8075,103.8314,109.7273
240.3566,133.2303,103.5595,110.2445
240.4631,134.6664,103.3466,110.7389
240.5469,136.0435,103.1790,111.3556
240.6544,137.4649,102.9640,111.8908
240.6682,138.8920,102.9364,112.4193
240.6998,140.2854,102.8732,113.0231
240.7091,141.7349,102.8546,113.5231
240.7160,143.1567,102.8407,114.0860
242.4247,146.2735,102.8383,114.6825
242.4915,147.6738,102.7048,115.3060
242.5027,149.0880,102.6823,115.9095
242.4649,152.1857,102.7580,116.5957
244.1854,153.5480,102.7695,117.3239
244.1813,156.6052,102.7778,118.1377
244.1550,157.9548,102.8303,118.9154
244.1190,162.7718,102.9024,119.7507
244.1154,164.1393,102.9096,120.5196
245.8084,165.4796,103.0394,121.3548
245.7781,168.5213,103.1000,122.3330
245.7320,171.5833,103.1922,123.3028
247.4324,174.6516,103.3548,124.2928
247.3183,175.9264,103.5830,125.3245
247.2422,178.9617,103.7351,126.4554
247.1456,182.0211,103.9283,127.5778
248.8759,186.8264,104.1089,128.8904
248.6462,188.0303,104.5681,130.1466
250.3820,191.0528,104.7874,131.4832
250.2369,195.9412,105.0776,132.8510
249.9721,197.1252,105.6072,134.2235
249.7654,200.1247,106.0206,135.7647
251.4296,203.1005,106.4926,137.4139
251.1567,204.1643,107.0384,139.1197
250.9136,209.0306,107.5247,140.9919
250.6098,210.0204,108.1323,142.9171
250.2930,214.9270,108.7658,144.9360
252.0123,215.8748,109.3123,147.0256
251.6281,218.8144,110.0807,149.1981
251.2409,219.7570,110.8553,151.3844
250.8406,222.7520,111.6558,153.6292
250.4514,223.6174,112.4342,156.0630
250.0353,226.6183,113.2664,158.4898
249.6612,229.6802,114.0146,160.8956
249.2498,230.5523,114.8374,163.4649
248.8905,233.6893,115.5560,165.9230
248.4174,232.2975,116.5021,168.7065
247.9907,235.4888,117.3556,171.2692
247.5425,236.4263,118.2519,173.9196
247.1070,237.3883,119.1230,176.5758
246.6485,238.3814,120.0400,179.2242
246.2067,241.7146,120.9236,181.9372
245.7684,240.2923,121.8002,184.7819
245.2885,243.7190,122.7599,187.5334
244.8936,242.4173,123.5497,190.1369
244.4430,243.5502,124.4510,192.7832
243.9838,244.7141,125.3694,195.4221
243.5458,245.9073,126.2455,198.0573
243.0735,247.1305,127.1900,200.6867
242.5638,245.8227,128.2093,203.3023
242.0475,247.1454,129.2419,205.8439
241.5955,245.9153,130.1460,208.3042
241.2023,247.4401,130.9323,210.5488
240.9000,249.1134,131.5369,212.5432
240.7165,248.2863,131.9039,214.1973
240.5759,250.1549,132.1851,215.8719
240.4846,249.7200,132.3678,216.7418
240.3955,249.2573,132.5460,217.6671
240.3347,248.8184,132.6676,218.5449
240.3211,248.4236,132.6947,219.3345
237.5152,250.8188,132.8049,220.0457
237.4360,250.8083,132.9633,220.0669
237.4154,250.8326,133.0045,220.0182
237.4746,250.9414,132.8860,219.8005
237.6152,253.9364,132.6049,219.3224
237.7011,253.9583,132.4331,219.2786
237.8584,254.1283,132.1185,218.9385
237.9700,254.3547,131.8953,218.4859
238.1763,257.4971,131.4826,217.6765
238.3703,258.0333,131.0947,216.6041
238.5328,258.6034,130.7697,215.4639
238.6198,259.3480,130.5957,213.9747
236.1262,260.2144,130.1965,212.2418
236.4365,261.1970,129.5760,210.2767
236.7402,262.2652,128.9684,208.1403
236.9720,263.3655,128.5048,205.9396
237.3107,264.5511,127.8276,203.5684
237.7456,265.9023,126.9576,200.8662
238.1927,267.2681,126.0635,198.1345
238.7149,268.7553,125.0190,195.1601
239.2622,270.2284,123.9244,192.2140
239.8042,271.6974,122.8404,189.2760
240.3053,273.1616,121.8383,186.3476
240.8032,274.6827,120.8426,183.3052
241.3542,276.2112,119.7405,180.2484
241.8800,277.7839,118.6889,177.1028
242.4241,279.3573,117.6007,173.9560
242.9414,278.6214,116.5661,170.8580
243.4827,280.2282,115.4835,167.6443
244.0023,281.7515,114.4444,164.5978
244.4897,283.3196,113.4694,161.4615
244.9304,282.7014,112.5882,158.3849
245.3553,284.1650,111.7384,155.4576
245.7545,285.6761,110.9398,152.4355
246.1472,287.1401,110.1544,149.5074
246.5190,288.6239,109.4109,146.5399
246.9522,288.0372,108.5445,143.6931
247.3002,289.3927,107.8486,140.9822
249.6030,288.7762,107.1528,138.3052
249.8671,290.1084,106.6246,135.6409
251.9283,291.4253,106.3106,133.0071
252.0723,290.7736,106.0225,130.5475
254.1002,290.1696,105.6873,128.0349
254.2625,291.4073,105.3626,125.5596
256.2233,290.8075,105.0741,123.1261
258.2308,290.2050,104.6501,120.7402
258.4782,291.3595,104.1553,118.4312
260.4000,290.7281,103.8152,116.1906
262.3485,290.1029,103.3814,113.9777
264.2127,287.7249,103.0750,111.8897
266.0320,287.0502,102.8210,109.8546
267.7820,286.3833,102.6697,107.8396
269.6299,284.0319,102.2888,105.9128
271.3974,283.3076,102.0324,104.0827
271.6200,279.4276,101.5871,102.1050
273.3486,278.7679,101.3377,100.2167
275.1372,276.5501,100.9346,98.3042
276.9209,274.3109,100.5048,96.5075
278.6866,270.5564,100.0758,94.7093
280.3667,268.2628,99.7828,93.1621
283.4965,266.0569,99.5993,91.4978
285.1251,263.8991,99.3508,89.7960
286.6283,261.6730,99.3221,88.2926
288.0697,257.9983,99.3926,86.7823
290.9639,257.2806,99.4646,85.2873
292.3380,255.0837,99.6238,83.8666
293.6862,251.4147,99.8142,82.5437
295.1207,250.5870,99.8140,81.3306
297.8909,248.2969,99.9714,80.2127
299.1037,246.0432,100.3790,79.0538
300.5085,243.8263,100.3902,77.8460
303.1582,241.5160,100.6932,76.8642
304.4128,240.5838,100.9740,75.9386
307.1222,235.5056,101.1133,74.9788
308.3656,235.8997,101.3919,74.1906
309.5281,232.1776,101.8237,73.3645
313.3899,231.0929,102.3493,72.7842
314.4604,229.9770,102.9564,72.2678
317.1351,226.3809,103.1049,71.2136
318.6628,225.5267,102.7829,70.1882
320.2501,223.4564,102.3203,68.9052
322.6312,222.5608,102.9253,68.0129
324.7535,217.7190,104.0364,66.9850
326.9117,218.1249,105.0748,66.1731
327.7201,214.5954,106.1374,65.1941
331.2016,213.7262,107.2107,64.2537
332.3087,212.8241,107.6756,63.3789
333.6225,209.2204,107.7190,62.5729
334.9422,208.1942,107.7377,61.9674
337.3873,205.9497,108.1437,61.1601
337.9437,205.6599,109.6713,61.7396
342.0065,202.7820,112.2372,62.1498
341.8843,199.9960,115.1994,62.2862
344.8187,198.6067,117.6221,62.3010
345.4201,197.2315,119.2190,62.2517
346.5100,196.0113,119.8616,61.8696
348.0055,194.9413,119.6959,61.1844
349.5040,192.5155,119.5098,60.4140
351.0713,191.3196,119.1703,60.0107
352.6747,188.8403,118.7465,59.4034
354.2923,187.8201,118.2776,58.6773
355.8968,184.4372,117.8155,57.2024
357.3294,183.7848,117.6649,55.7927
360.1199,181.7303,117.4594,54.5262
362.5219,180.9684,117.9809,53.3872
364.8245,179.7338,118.6764,53.2061
367.1636,178.7302,119.3127,52.5560
368.2107,175.1039,119.8737,51.8435
369.4048,174.2764,120.1361,50.8478
370.5224,173.2747,120.5376,50.2144
372.7125,172.1214,121.4202,49.8896
374.7906,170.9215,122.5407,49.6511
377.0311,169.6875,123.3602,49.4688
377.8572,168.3580,124.3668,49.4689
381.4485,167.2332,125.2039,49.0454
382.4931,166.2479,125.7926,48.3381
383.5512,165.2695,126.3500,47.6215
387.2795,162.9238,126.8993,46.9756
388.2627,161.9579,127.5978,46.2424
390.4998,160.8729,128.4469,45.7508
392.5328,159.8451,129.7107,45.1415
395.5099,158.7702,131.7719,44.6194
398.2233,157.3596,134.4203,44.7489
398.4548,156.1509,136.6890,44.4345
400.3668,154.9155,138.3818,44.1471
401.1168,153.3997,139.6587,44.4016
402.2006,151.9529,140.2910,44.4953
403.4748,150.6427,140.5531,44.3052
403.4129,150.6281,140.6770,44.3344
403.6401,149.3795,140.2225,44.0185
405.0798,148.0851,140.1439,43.8065
406.2542,146.7595,140.5909,43.6620
407.2085,145.3363,141.4818,43.7089
407.9889,145.1579,142.7339,44.0658
410.0105,143.6705,144.3654,44.2032
411.8064,142.1207,146.4994,44.4400
413.6788,142.0742,148.5496,44.5328
412.8625,140.5795,150.1823,44.5939
416.3971,140.5155,151.9705,44.7221
415.7548,138.9695,153.2553,44.8338
415.2114,138.8077,154.3419,45.1575
416.1143,137.2450,155.5580,45.2610
417.0990,136.9283,156.6295,45.8943
418.1598,135.3750,157.5757,45.9330
419.1196,135.2026,158.7382,46.2779
420.2150,133.6352,159.6521,46.3080
420.0972,131.9065,159.8878,46.6470
420.1961,130.4357,159.6899,46.4607
420.1703,130.3360,159.7415,46.6602
420.2486,128.9135,159.5848,46.3792
420.0781,128.9441,159.9259,46.3179
419.9334,129.0206,160.2153,46.1648
419.7646,129.0111,160.5528,46.1839
421.1834,129.0082,160.8439,46.1897
420.9760,129.0898,161.2588,46.0265
421.0290,127.6130,161.1529,45.8444
420.8177,127.7872,161.5755,45.4959
