1
266.7417,157.5279,119.5167,74.9443
268.8222,164.6069,121.4399,75.9972
268.3384,175.2601,119.3191,76.3110
267.9095,180.4146,117.1146,75.1882
265.7688,182.2181,115.3755,74.5917
265.0894,185.0763,113.7598,74.8239
261.8056,190.5280,111.4656,75.7363
261.1703,191.6428,109.8017,76.4413
257.8147,197.2327,107.7494,76.9462
257.3597,200.8789,105.7607,78.3492
253.9233,204.8648,103.9597,79.0513
252.0065,210.0271,102.0425,80.2283
248.6356,213.7504,100.1884,81.3775
248.1474,218.9400,98.3095,82.4202
243.4323,222.6070,96.3661,83.6162
241.5375,229.1766,94.4905,84.6401
238.3276,231.7639,92.4507,85.1053
236.4722,238.3718,90.5704,85.8672
233.3304,240.8916,88.5191,86.3841
230.3527,248.9519,86.2116,86.7895
228.8278,251.5081,83.8124,87.1259
226.0797,256.6143,81.2333,87.6807
224.6960,260.4429,78.6814,88.0024
224.6666,265.7677,76.1163,87.8484
222.4060,267.1670,72.8961,87.6304
222.3832,274.8515,70.4165,87.4133
222.4127,276.2716,67.8754,87.0550
221.4358,280.1235,64.9590,86.6566
222.6732,282.8221,62.4842,86.0225
221.7941,286.7508,59.5797,85.1591
222.9198,289.4473,57.3283,84.3070
224.0093,292.1519,55.1493,83.3385
225.1364,294.9026,52.8950,82.1762
226.1923,298.6378,50.7832,81.0495
227.1893,300.3789,48.7893,79.6297
229.2572,303.1106,46.6612,78.1817
232.2969,305.8058,44.4823,76.6919
233.9595,308.3157,43.0484,75.4547
236.4968,310.0507,41.6712,73.8335
238.7099,313.5627,40.8475,72.2132
241.5542,314.3679,40.4488,70.6029
243.3955,315.9693,40.2315,69.1327
247.7054,317.6477,40.1476,67.4830
250.1574,319.3337,40.2873,65.7923
254.0939,321.7861,40.7064,64.2044
257.9944,323.3382,41.1141,62.7419
259.4214,323.9657,41.5135,61.4870
264.8863,325.4439,41.8845,60.1449
269.4330,326.9338,42.3931,58.7653
272.4019,328.4010,42.8064,57.4188
276.8823,329.7967,43.2906,56.2015
278.9627,330.4408,43.8203,54.9134
284.0972,331.8381,44.4182,53.6712
289.2242,332.3922,44.9651,52.5631
291.9998,333.7039,45.5527,51.4743
296.2213,334.2298,46.2734,50.4224
299.6299,334.6827,47.0684,49.5167
302.3697,335.1808,47.6723,48.5204
307.3033,335.5918,48.4088,47.6984
307.6343,336.0071,49.2603,46.8679
312.4959,336.4208,50.1332,46.0405
314.3067,336.8229,51.0542,45.2363
318.4068,337.1526,51.9481,44.5769
318.7739,337.4527,52.7330,43.9767
322.0495,337.7285,53.7888,43.4252
323.1402,337.9252,54.6649,43.0318
325.7650,338.1561,55.5586,42.5699
326.0437,339.0956,56.5431,42.2329
327.8899,339.2212,57.5051,41.9817
328.9251,339.3612,58.5584,41.7016
329.9940,340.3260,59.5673,41.3454
330.1938,341.2612,60.7503,41.0577
329.5732,341.3688,61.9916,40.8425
329.8158,341.4283,63.1173,40.7233
330.1195,341.4726,64.1357,40.6349
329.5928,342.3466,65.1890,40.5265
329.0461,342.4348,66.2823,40.3500
328.5252,342.5138,67.3241,40.1919
328.0145,343.4076,68.3456,40.0840
326.6765,343.4196,69.3286,40.0601
325.3123,343.3947,70.3499,40.1098
323.9222,343.3862,71.4068,40.1269
321.5774,343.3576,72.6184,40.1840
319.3247,343.3245,73.6079,40.2503
315.1512,343.2900,74.8600,40.3191
313.7375,343.3004,75.8942,40.2983
308.7099,343.3512,76.9083,40.1968
307.2417,343.3495,78.0233,40.2001
302.0605,343.2719,79.1967,40.3553
300.5899,343.2022,80.2800,40.4947
294.3489,342.2782,81.5061,40.4668
291.7275,340.3925,82.9620,40.4512
286.4519,340.3687,83.9409,40.4989
283.0238,339.2877,85.0082,40.7312
277.6415,337.3346,86.0268,40.7390
275.1167,336.2854,87.1481,40.8732
267.6899,335.3270,88.1214,40.8072
266.1180,334.3061,89.2693,40.8531
258.5697,331.3699,90.2722,40.6853
256.0214,330.3102,91.3187,40.7796
248.4377,329.2755,92.1931,40.8071
244.7816,327.1241,93.3401,40.9998
239.1354,325.0626,94.2572,40.9728
235.4357,321.9813,95.3931,40.8717
227.6491,319.8195,96.2485,40.9903
224.9370,317.6188,97.4388,41.1577
219.1316,314.3108,98.3638,41.3623
213.4194,312.1963,99.0174,41.2830
208.7754,309.9514,99.6568,41.4484
202.8435,305.6111,100.6488,41.4315
199.2964,304.3915,101.1779,41.6825
194.4158,300.0038,102.1373,41.6559
189.6200,297.6408,102.8736,41.9544
184.7914,293.1377,103.6118,42.0417
181.2083,289.7391,104.0523,42.1129
177.5967,286.3522,104.5267,42.1382
173.8891,281.7278,105.1715,42.3597
170.2710,278.1839,105.5973,42.6371
166.3870,273.5210,106.5219,42.8383
162.7176,269.9350,106.9666,43.1163
158.9185,265.1689,107.6365,43.4107
157.3329,261.4496,108.4833,43.8763
152.3218,257.8383,109.1264,44.0645
149.5667,251.7860,109.9216,44.3819
145.6264,249.1073,110.6786,44.9904
143.9573,245.2737,111.6205,45.4685
139.7658,240.1896,112.7485,45.9632
134.5745,236.1601,113.3572,46.6920
131.5889,233.1911,114.3979,47.6995
128.5907,229.0643,115.3982,48.4589
125.5588,224.7726,116.4100,49.4641
121.1686,221.6418,117.5150,50.6087
117.9870,218.4978,118.6889,51.7075
114.7102,215.2647,119.9804,52.9115
110.1432,212.0197,121.1014,54.0596
106.7711,208.5729,122.4306,55.5382
103.4766,206.5061,123.5143,56.9191
100.1104,204.3579,124.6613,58.4228
98.1974,200.7135,125.6516,60.0404
94.7166,198.4825,126.8566,61.6241
92.7891,196.1819,127.7883,63.3018
89.3687,195.2907,128.6967,65.0842
87.4004,192.7916,129.6230,67.0722
83.9648,190.2245,130.3780,69.1482
81.9820,189.1383,131.2385,71.3206
80.0072,188.0722,132.0334,73.4528
79.6494,186.9554,132.7491,75.6864
79.3905,184.1835,133.2667,77.9786
79.1394,182.9983,133.7689,80.3491
78.9888,181.7884,134.0702,82.7689
78.8825,180.5546,134.2828,85.2364
78.7972,179.2971,134.4534,87.7515
78.7989,178.1198,134.4499,90.1060
78.8756,176.8620,134.2966,92.6218
80.8107,175.6027,133.9849,95.1403
82.8143,176.0943,133.5728,97.7524
84.8815,176.6151,133.0704,100.3427
90.8204,177.1518,132.1929,102.9361
93.1987,175.8254,131.1320,105.5889
97.5172,174.5053,129.9399,108.2291
103.7938,175.1022,128.6270,110.7821
108.2881,175.6723,127.1737,113.4095
116.6322,174.3620,125.6341,116.0300
121.3827,174.9061,123.7431,118.7469
128.0746,173.5032,121.8148,121.5527
134.8994,172.1087,119.6630,124.3417
143.7340,170.7901,117.3635,126.9788
150.7338,169.4364,114.9054,129.6862
157.7765,170.0141,112.3702,132.3809
165.0090,168.5258,109.4585,135.3576
174.1456,166.9433,106.5853,138.5225
183.2301,165.4035,103.8232,141.6022
190.4061,163.8891,101.0317,144.6309
199.4801,160.5357,98.2976,147.4844
206.7290,159.1519,95.3532,150.2519
215.8689,155.9612,92.4477,152.7898
225.0944,152.7853,89.3274,155.3088
232.2735,149.6657,86.4212,157.7307
245.1014,148.4633,83.5875,160.1355
250.1310,145.4373,81.1095,162.3970
260.9286,142.3345,78.4190,164.8217
267.5672,137.4522,76.4507,167.0469
275.7396,136.3177,75.1767,169.3159
279.6628,133.5410,74.8868,171.0910
287.0895,130.6421,75.2289,173.0900
290.3764,128.0321,76.3228,174.4761
295.4859,127.3095,77.7235,175.9212
298.4515,124.7794,79.6301,177.0626
301.4246,122.2832,81.6217,178.0862
304.3564,121.8524,83.7956,178.9477
307.2493,121.5293,86.1484,179.5940
310.1394,121.2497,88.6076,180.1532
311.0287,119.0970,90.9995,180.2880
311.8522,119.0235,93.5667,180.4349
312.6859,119.0846,96.1595,180.3126
313.4639,119.3163,98.9068,179.8492
314.3005,119.5988,101.5770,179.2843
312.9982,120.0511,104.1816,178.3797
311.6807,120.6332,106.8166,177.2155
310.4034,121.4224,109.3711,175.6370
309.1358,122.3699,111.9063,173.7421
307.9219,123.4266,114.3341,171.6288
306.7350,124.5665,116.7079,169.3490
305.5552,125.7743,119.0675,166.9333
304.3720,127.0853,121.4340,164.3112
300.9984,128.5221,123.6939,161.4377
297.6411,132.2032,125.9281,158.5559
294.3924,133.7256,127.9528,155.5112
289.0114,135.3727,129.7973,152.2169
285.8822,139.3378,131.6181,148.7243
280.6216,143.4239,133.3136,144.9649
275.4248,147.4429,134.9446,141.3083
270.2487,151.4373,136.5966,137.6698
265.1216,155.4933,138.2124,133.8769
260.0358,159.5239,139.8145,130.1004
254.9591,165.7536,141.4680,126.1408
247.7668,169.7550,143.2149,122.3506
242.7650,173.6914,144.8607,118.6568
235.6648,177.5802,146.6268,115.0240
230.6514,181.4587,148.4277,111.3798
223.5327,187.6251,150.4220,107.2091
218.5826,193.6643,152.2364,103.2165
209.7175,197.4363,153.9493,99.6769
204.9520,201.1822,155.5380,96.1562
198.1400,207.0584,157.3538,92.2759
189.5038,210.7502,159.0357,88.7898
184.7431,216.4727,160.8304,85.0717
174.1852,219.9241,162.8150,81.9952
169.4168,223.3658,164.7469,78.9141
162.6334,228.7843,166.9822,75.6316
154.0979,232.0517,169.0436,72.8490
149.3375,235.2949,171.0980,70.0958
139.0385,238.6037,173.1252,67.1924
134.2807,241.8940,175.2580,64.3034
125.6327,244.9973,177.8736,61.7669
118.8075,247.9147,180.5397,59.5935
113.7768,250.3720,183.2817,58.3387
104.9710,252.5051,186.1907,57.7481
97.9776,254.3607,189.0593,57.7429
90.8700,255.9640,192.0346,58.2829
85.6116,255.5146,194.9541,59.1817
76.3278,256.7498,198.0948,60.5681
72.6435,257.9448,201.5365,62.1048
66.8718,259.0802,205.0718,63.8381
60.9007,260.1794,208.8418,65.7259
56.9379,261.2424,212.5929,67.7743
50.7279,262.2983,216.4820,69.9279
46.6356,263.3195,220.3063,72.2459
44.7045,264.2921,224.1685,74.7578
40.4383,265.2195,228.1427,77.4611
38.6434,266.1644,231.7326,80.2355
36.9087,267.1526,235.2021,83.0248
35.1294,268.1529,238.7606,85.8904
33.4360,269.1201,242.1474,88.9250
31.8046,270.1443,245.4102,91.9486
32.9127,271.2240,248.3675,94.9628
34.1956,272.3163,251.0717,98.0483
41.0561,273.4915,253.4436,101.0623
42.7955,274.7369,255.4172,104.0238
50.4621,273.3689,256.6846,106.7598
52.8068,274.8039,257.5957,109.4903
66.7411,273.4803,258.0372,112.1373
69.6913,272.2264,257.8521,114.6452
78.6987,271.1210,257.1073,116.8561
88.0207,270.0927,255.8176,118.9126
100.5873,269.1054,253.8922,120.8872
104.7847,268.3027,251.3058,122.4926
120.7855,267.5717,248.2969,123.9546
128.4609,264.1610,244.5059,124.9961
141.9944,263.7483,240.4084,125.8216
150.1528,260.6360,235.4841,126.3498
166.8798,257.6637,230.1952,126.6614
175.2702,254.9258,224.5352,126.5768
189.4659,249.6716,218.0449,126.1346
197.7139,249.9672,212.2920,125.5435
211.8239,245.2328,205.1769,124.4599
222.7713,243.1090,198.7382,123.5554
231.6372,238.7771,191.0881,122.1374
247.0546,236.9728,184.7670,120.8434
252.7959,235.3331,178.0707,119.3364
265.6385,231.5997,171.0284,117.4818
270.8966,230.1909,165.0358,115.7756
282.9447,226.7481,158.5605,113.8507
287.8791,225.4531,152.9671,112.1652
299.0542,222.2263,147.2687,110.2931
303.6671,221.0735,142.0884,108.5531
309.9729,219.9154,137.3535,106.9309
316.1703,216.9302,132.6378,105.2223
322.1113,215.7793,128.2349,103.7844
327.7708,214.6620,124.2136,102.3704
331.4053,213.6122,120.5086,100.9059
336.6823,210.8947,116.9214,99.3740
339.8129,211.6003,114.0637,97.9627
342.8826,208.8939,111.2608,96.7024
345.5933,209.4546,109.1124,95.5809
348.2416,208.3494,107.0377,94.5696
349.1087,207.2467,105.3033,93.6017
351.3419,207.6217,103.9679,92.8515
353.4611,207.9355,102.8279,92.2240
353.8540,208.1319,102.0420,91.8313
354.0971,208.3359,101.5559,91.4232
354.1469,208.4977,101.4562,91.0997
355.5388,208.4980,101.7037,91.0990
355.2452,208.4306,102.2909,91.2338
354.7272,208.2991,103.3270,91.4969
355.6718,208.1966,104.5044,91.7017
354.8774,209.5855,106.0933,92.0123
355.4508,210.9371,108.0642,92.4268
354.3358,212.2065,110.2942,93.0430
352.9491,215.1173,113.0677,93.6199
353.1094,216.3418,115.9984,94.4222
351.4452,217.5315,119.3267,95.3522
349.6678,218.7279,122.8815,96.3350
347.6783,221.6402,126.8605,97.4022
345.5795,224.6315,131.0582,98.4677
343.4062,225.9202,135.4046,99.4956
340.9775,227.2196,140.2621,100.5852
338.4044,228.6018,145.4083,101.6009
333.7669,230.0460,150.8087,102.5871
330.8576,233.5514,156.6273,103.5210
325.9904,235.2567,162.2864,104.1859
320.9418,237.0312,168.2122,104.8083
315.7304,238.8905,174.3645,105.3600
310.3817,238.6569,180.6905,105.8274
302.6237,240.7565,187.2596,106.1015
297.1793,240.6913,193.5730,106.2318
289.1798,243.1292,200.2299,106.0272
281.3515,243.2495,206.3554,105.7864
273.5389,243.5475,212.2778,105.1905
268.1918,243.9676,218.0442,104.3503
257.9084,244.4913,223.6183,103.3030
252.5392,242.6975,229.2962,101.8301
245.0543,243.4335,234.0320,100.3581
237.5948,241.8546,238.6314,98.3560
233.0382,240.3440,242.5540,96.1866
226.2470,241.3485,245.7193,94.1777
222.2023,240.0458,248.5906,91.5650
215.8322,238.8370,250.9068,88.7705
212.3493,237.6627,252.6777,85.9244
209.1477,234.0681,253.9129,82.7774
206.4877,232.9276,254.1047,79.9302
204.0992,231.7886,253.8032,77.1297
201.9270,230.6492,253.1254,74.3860
199.9099,229.5415,252.1976,71.6395
200.4782,226.1987,251.0608,68.5300
198.8843,224.8612,249.4254,66.3817
199.8937,223.6572,247.4066,64.0298
201.0015,222.4243,245.1910,61.8084
202.1405,219.0492,242.9130,59.3307
201.0060,219.6503,240.6471,58.1285
202.2243,214.0560,238.2104,55.8763
203.3484,214.4391,235.9622,55.1099
204.4767,212.9331,233.7056,53.7650
205.5211,211.3892,231.6169,52.5531
206.5262,209.8149,229.6066,51.4546
207.4057,208.2207,227.8476,50.4450
208.0733,208.4348,226.5124,50.0167
208.6689,206.8409,225.3213,49.0774
209.0471,205.1116,224.5647,48.4438
209.3227,205.1337,224.0135,48.3995
209.4534,203.3448,223.7522,47.9164
209.4543,203.2508,223.7504,48.1043
207.2796,203.1504,224.0483,48.3052
204.7996,201.2194,224.9486,48.1075
202.0456,200.9733,226.3882,48.5996
197.0152,200.7366,228.2529,49.0730
193.7987,200.3896,230.5527,49.7670
186.1963,199.9792,233.2215,50.5878
182.5647,199.4877,236.2531,51.5709
172.0816,198.8092,240.0470,52.9278
167.7493,198.0393,244.3394,54.4676
158.6953,197.1627,249.0619,56.2209
153.8709,196.1772,254.1492,58.1918
143.7439,197.4308,260.3918,60.3552
135.6239,198.5980,267.0333,62.8200
127.3329,199.6138,273.7364,65.7279
118.7404,200.5531,280.7438,68.9381
109.5807,203.9212,288.5668,72.6983
103.1176,204.7013,296.0637,76.5674
93.6880,205.4048,303.7071,80.7682
86.9969,206.0214,311.2945,85.3297
80.0933,209.4289,319.1146,90.4892
76.6330,209.9138,326.0350,95.7136
73.1422,213.4086,333.0168,101.5026
70.2069,213.8320,338.8873,107.2515
67.5726,214.2513,344.1560,113.1977
65.3945,214.7758,348.5121,119.1179
70.9355,215.4363,351.7088,124.9361
77.1636,216.1718,353.8341,130.7559
84.0149,213.3172,354.9844,136.4651
99.1041,210.5182,354.9885,142.0630
103.6710,207.8230,353.5007,147.4536
124.5209,205.2692,350.4029,152.5610
134.6558,202.8793,345.6651,157.3409
149.9130,192.8535,338.4947,161.8298
166.1386,187.1467,329.3095,165.4881
187.5644,177.8921,317.1963,168.6281
205.8850,164.9534,303.2374,171.8231
227.5020,159.8779,289.6410,174.5647
249.8249,147.9109,274.0110,176.7368
267.6167,140.4851,259.5983,177.4745
285.1663,134.0713,245.0569,176.5970
295.1631,125.3566,231.6815,174.1715
304.0371,120.9790,220.3088,170.1761
309.4077,114.8458,209.5677,164.0323
313.9748,112.4827,200.4335,157.0135
317.9419,107.8721,192.4992,149.3786
318.8030,103.6533,185.4039,141.6966
319.1823,102.1182,179.5054,134.4875
319.0965,100.4526,174.7452,127.9547
318.6613,96.2887,170.8628,122.0245
317.8560,94.1495,167.8770,117.1102
316.7403,91.8863,165.6383,112.6962
313.3251,87.3274,163.7420,108.7240
311.8586,86.6107,162.4061,105.8885
310.3343,83.8731,161.2532,102.9604
308.6754,82.8336,160.4354,100.9041
306.9702,81.7303,159.7572,99.0218
307.2219,78.5937,159.2538,97.2007
307.3832,77.0374,158.9312,96.3044
307.5002,77.2987,158.6972,95.7819
307.5803,75.4127,158.5369,95.5771
307.6121,75.2932,158.4733,95.8159
309.5674,74.9885,158.5367,96.4253
311.4178,74.3906,158.8212,97.6213
315.2301,75.4971,159.2158,99.4178
321.0976,76.4666,159.6179,101.5244
324.9185,79.2848,160.1499,104.0620
328.8254,79.8541,160.6106,107.0607
332.7660,84.3671,161.1178,110.6171
338.9814,86.6116,161.4695,114.6498
343.1572,93.1111,161.7832,118.9815
345.3716,95.2171,161.7629,123.5866
349.9003,101.6598,161.6729,128.6357
352.2695,108.0000,161.4987,134.2130
354.7391,114.1985,161.2116,140.4237
354.8966,122.7716,160.8964,147.0142
354.9553,126.6267,160.7791,153.8472
351.9153,135.4386,161.9046,160.9956
345.6436,141.8364,164.2779,168.5402
330.7050,148.4416,167.9497,176.2942
319.8924,155.4194,173.3125,184.0217
307.6303,160.1497,180.9566,191.4411
291.4973,165.8757,189.7668,197.5811
280.5968,169.4958,199.3685,202.5400
262.9498,180.1764,209.3456,206.4958
254.6038,181.8790,219.4890,209.6393
236.0230,184.0632,229.6206,212.0284
224.0979,186.7791,239.5635,213.5503
212.0744,189.9376,249.3451,214.3658
200.1491,189.9162,258.6010,214.4087
188.3934,190.3762,267.2306,213.4887
180.6189,191.2492,275.2211,211.7427
169.2848,188.7883,282.5845,209.0122
161.9937,186.8882,289.4467,205.0924
155.2198,185.4754,295.2349,200.1583
152.8512,180.9245,299.9721,193.7292
151.2681,180.5785,303.1383,186.6914
150.2708,173.4203,305.1329,178.0303
149.8708,173.8320,305.9330,169.6643
149.9834,171.1171,305.7076,160.2691
150.4321,168.5886,304.8104,150.8295
154.7652,166.2147,303.2163,141.4327
159.3315,167.0504,300.9693,132.8759
164.0763,164.9028,298.1825,123.7655
172.4067,162.7886,294.5244,114.9911
177.9984,163.4985,289.6333,107.2792
184.1423,161.4118,283.4289,99.2856
193.6655,161.7924,276.0824,92.6745
200.9265,159.3438,267.1851,86.3221
210.9388,158.7291,257.9241,82.1697
217.8947,157.6568,249.1863,79.1404
226.6517,155.9947,241.6606,77.4705
232.5388,151.6870,234.7429,76.3729
237.6414,149.4300,229.2758,76.1487
239.9698,147.0284,224.6190,76.2956
244.2966,144.5855,220.5580,76.5888
246.0191,142.1102,217.1130,76.9994
247.4108,139.6410,214.3297,77.4392
248.5116,137.1794,212.1281,77.8959
247.2522,134.7908,210.2036,78.2298
247.9293,132.3438,208.8493,78.7021
246.2815,129.9201,207.7341,79.1385
246.6353,129.6629,207.0264,79.6530
244.7561,127.2923,206.3830,79.9924
242.7662,124.8891,205.9641,80.4001
240.6532,122.4399,205.7902,80.8986
240.6959,122.1624,205.7048,81.4535
238.4732,119.7341,205.7351,81.8949
236.1743,117.2623,205.9095,82.4153
236.0398,114.7012,206.1785,83.1022
233.6075,112.1555,206.5918,83.7422
233.4003,109.5409,207.0061,84.5027
233.2101,109.1197,207.3866,85.3453
230.6262,106.4799,208.0458,86.1161
228.0314,106.0686,208.7035,86.9387
227.5871,103.3427,209.5919,87.8344
224.8708,100.5320,210.4399,88.8713
224.4384,100.0320,211.3046,89.8712
221.5183,97.1435,212.4993,91.0027
218.6282,94.2516,213.5967,92.1036
218.1159,93.6964,214.6214,93.2139
217.5327,93.1233,215.7877,94.3602
214.5017,90.0546,217.0600,95.7078
213.8702,89.3960,218.3230,97.0251
210.6883,86.2470,219.8135,98.4496
210.0234,85.5447,221.1431,99.8543
209.3534,84.8020,222.4832,101.3396
206.1039,84.0336,223.9727,102.8764
205.2980,83.2652,225.5845,104.4132
201.8942,82.4499,227.2835,106.0439
200.9360,79.0188,229.2000,107.7443
200.0592,78.1944,230.9536,109.3931
199.1745,77.3484,232.7231,111.0852
195.6055,76.4952,234.5319,112.7915
194.6781,75.6117,236.3869,114.5586
193.6947,74.7383,238.3537,116.3055
189.9158,73.8513,240.4095,118.0794
188.8702,72.9553,242.5007,119.8714
187.8398,72.0118,244.5615,121.7584
186.7951,71.0961,246.6510,123.5898
182.8414,70.1857,248.8088,125.4107
181.7389,69.3062,251.0138,127.1695
180.5678,71.3162,253.3561,129.0248
179.4892,73.4077,255.5133,130.7835
178.4326,72.5307,257.6265,132.5376
174.3280,74.6865,259.7708,134.2906
173.2966,73.8258,261.8335,136.0122
172.1770,76.1235,264.0728,137.6031
171.1245,78.4523,266.1778,139.1923
170.1670,77.6843,268.0929,140.7284
169.0441,83.2466,270.3386,142.3228
168.1478,82.5023,272.1313,143.8114
167.1497,85.0227,274.1275,145.2425
166.2288,87.6246,275.9692,146.5644
165.3627,90.2774,277.7014,147.8344
164.5795,93.0382,279.2678,148.9357
163.8444,95.8783,280.7381,149.9204
163.1537,98.7925,282.1194,150.7953
162.4480,101.7796,283.5309,151.5599
161.7911,108.2281,284.8445,152.2079
161.2574,107.9186,285.9121,152.8270
160.6682,114.5886,287.0903,153.1456
160.2789,114.4131,287.8691,153.4967
159.7929,121.3105,288.8411,153.4411
159.4292,124.7179,289.5684,153.5093
159.0535,128.1446,290.3198,153.5508
158.7523,131.6491,290.9221,153.4484
158.5019,135.2576,291.4229,153.1452
158.2663,142.4262,291.8941,152.6396
158.1023,146.1266,292.2222,152.1530
158.0378,149.8813,292.3512,151.5542
161.4842,153.6847,292.3606,150.8496
161.5011,157.5331,292.3268,150.0429
161.6616,161.4288,292.0058,149.1273
165.3298,165.3891,291.5247,148.0620
165.6342,169.3981,290.9158,146.8739
165.9929,173.4427,290.1984,145.5850
169.7921,177.5657,289.3676,144.1066
170.2742,181.6912,288.4034,142.5855
170.8112,185.8144,287.3294,141.0285
174.6520,189.9189,286.2946,139.4662
175.2716,193.9426,285.0553,138.0233
175.9454,197.9717,283.7077,136.5264
179.8733,202.0025,282.3675,134.9804
180.6286,206.0208,280.8569,133.4128
181.2291,206.8367,279.6560,131.7810
185.0786,210.8569,278.3308,130.1147
185.8252,214.8570,276.8376,128.4398
186.4826,215.6006,275.5227,126.9526
190.3242,219.6190,274.0688,125.1451
191.1136,223.5904,272.4901,123.3788
194.8780,227.4540,271.0839,121.7741
195.6112,228.1982,269.6175,120.2859
196.4069,231.9851,268.0260,118.7385
200.1469,232.7372,266.5224,117.2345
200.9587,233.4094,264.8989,115.8900
201.7402,237.0932,263.3358,114.4032
202.4631,237.7987,261.8900,112.9922
206.1198,241.4343,260.3628,111.5070
206.8756,242.1636,258.8510,110.0484
207.5570,242.7195,257.4883,108.9367
211.0450,246.1638,256.1628,107.6986
211.7514,246.7594,254.7502,106.5074
212.4169,247.3824,253.4191,105.2616
213.0363,247.9258,252.1803,104.1747
216.3766,248.4252,250.9894,103.1758
216.9545,251.7129,249.8335,102.0550
217.5347,252.1425,248.6732,101.1959
218.0596,252.5871,247.6232,100.3068
218.5190,253.0352,246.7045,99.4105
221.6549,253.3958,245.7584,98.6894
222.0933,256.4250,244.8816,97.9303
222.4231,256.6942,244.2222,97.3918
222.7490,256.9700,243.5702,96.8403
223.0179,257.2257,243.0325,96.3288
223.3097,257.4858,242.4488,95.8087
223.5360,257.7133,241.9963,95.3537
223.7279,257.8904,241.6125,94.9995
223.9276,258.0429,241.2130,94.6945
224.0081,258.1106,241.0521,94.5591
223.9909,258.1007,241.0865,94.5789
223.9052,257.9363,241.2579,94.9076
223.5558,260.2347,241.9568,95.4779
222.9828,259.8300,243.1026,96.2872
222.3240,259.2598,244.4203,97.4277
218.8848,261.0646,246.0412,99.0755
217.9725,260.1158,247.8658,100.9731
214.2744,261.5980,249.8916,103.3791
210.4709,260.3056,252.0562,105.9639
206.3911,258.8539,254.6963,108.8673
202.1350,257.2127,257.5994,112.1498
197.6101,255.4895,260.9401,115.5961
192.9487,253.5599,264.4447,119.4553
188.2243,251.4412,267.9565,123.6928
186.4474,249.1865,271.5103,128.2021
181.4927,246.8338,275.2270,132.9076
176.3996,244.3380,279.0845,137.8991
171.2309,235.1064,282.9500,143.4185
166.0547,229.0532,286.6783,148.9011
160.8934,222.8535,290.2278,154.5273
159.2424,212.9621,293.5298,160.4659
157.6650,202.9069,296.6845,166.4317
156.2307,192.7407,299.5532,172.3227
154.9330,182.5034,302.1486,178.0707
153.7409,172.2356,304.5327,183.6080
152.7360,161.9870,306.5426,188.8492
151.9140,151.7895,308.1866,193.7516
155.1767,137.7535,309.5142,198.2646
158.8293,131.9930,310.1573,201.8374
162.8359,122.5292,310.1618,204.7295
171.2108,117.5473,309.5439,206.6275
175.9931,108.9828,308.0675,207.5800
180.9694,105.0030,306.1966,207.4579
186.3336,97.6412,303.5197,206.0784
195.9296,94.7937,300.3047,203.7849
201.6659,96.3601,296.7340,200.6521
211.5171,94.6029,292.6240,196.3703
217.5578,96.8357,288.2061,191.9046
227.6194,95.8394,283.1280,186.3746
237.4402,98.5712,278.1952,180.9110
243.5665,101.5000,273.1320,175.0534
253.1234,104.5278,268.0496,168.9977
259.0102,107.4992,263.1143,163.0550
271.6554,114.0821,257.8185,156.5541
277.2901,116.9820,253.0259,150.7542
282.9626,123.3426,247.9885,144.3406
291.4979,129.4447,243.1664,138.2607
296.8065,135.2751,238.4987,132.5495
304.7304,140.7888,234.2178,127.3055
309.5141,146.0416,230.2812,122.4307
314.0077,151.0078,226.7832,117.9874
318.2585,155.7258,223.6431,113.9128
322.2932,160.1829,220.8188,110.2438
326.1340,164.3477,218.2775,107.0546
329.6469,165.6058,216.2996,104.5384
333.0672,169.2677,214.4344,102.1900
333.7987,170.1403,212.9714,100.4448
334.3976,170.8750,211.7737,98.9755
334.9195,171.4950,210.7297,97.7354
