1
232.4375,132.8585,241.5737,235.9368
218.0286,119.2681,247.8324,233.0388
203.3943,113.3569,254.3853,229.7175
218.9273,133.3912,261.4252,227.7549
208.2615,114.9625,267.3588,226.1169
197.4207,120.1993,273.5115,223.4078
186.2640,109.1952,280.1937,221.9693
209.5107,144.7943,281.0689,221.8242
190.9567,121.9377,286.5536,220.1024
180.4812,118.5382,291.5814,218.9397
178.0859,127.0516,296.3719,217.9515
171.5757,115.1287,301.3163,217.5694
173.0267,135.4452,306.5592,217.6601
174.9986,131.1301,310.8410,218.0647
164.0184,127.6188,316.2072,216.7902
157.5271,114.7264,320.8327,217.5039
158.5582,122.9182,327.2091,217.9974
183.5437,157.1358,328.4946,217.9042
142.6187,131.1643,333.2999,218.4840
144.8672,139.0884,337.4453,219.9205
159.9438,139.0663,342.2059,219.9649
149.4580,120.8743,345.5764,221.1464
180.0769,134.2116,346.4344,221.0843
165.1052,120.0533,349.7299,222.7530
171.6335,142.3684,354.5930,222.9221
174.8503,129.2527,357.1949,222.0471
164.2072,110.1367,360.3618,224.0405
175.8770,128.0999,364.4433,224.6756
179.8910,113.0891,365.6272,227.0614
155.8703,94.3548,367.3201,227.4513
174.5591,102.9944,367.1487,228.7751
168.7024,93.5894,369.5408,228.9428
168.8038,87.8359,369.3382,231.0900
187.9891,101.5202,368.5381,231.8996
150.7110,81.7470,367.9400,233.8687
154.1266,96.2812,370.5272,233.0553
148.6367,77.1190,372.0635,233.6060
171.3484,100.1427,374.0181,234.9368
157.0377,84.6062,374.0582,237.4283
180.4592,89.8189,375.0623,236.5723
198.5151,89.6299,377.2309,236.9504
183.1423,94.5549,379.1499,236.7092
168.3001,79.3727,379.9338,238.1732
186.4391,84.0837,382.3349,238.4210
171.1580,98.6227,383.7677,238.4722
121.5801,78.6892,385.6032,239.4112
168.5612,93.5287,389.3931,239.0577
177.4550,94.7505,391.2570,236.6141
171.5606,90.1222,393.2333,236.0582
165.9180,105.0808,394.6861,235.6386
181.9196,85.2517,392.2240,235.9085
158.7278,104.4885,389.5326,236.6949
181.9359,99.8865,392.0572,236.1107
171.1035,95.3717,394.0901,235.3245
200.5609,95.3889,394.1727,235.2901
195.6291,95.6104,394.2029,234.8471
174.3859,-104.8067,397.3832,232.7944
2
0
0
0
0
1
280.4986,114.8029,152.8673,257.6654
277.2582,115.9668,152.9358,255.3376
276.9016,117.3680,153.6491,252.5351
279.1848,125.4083,155.4318,249.1525
280.4346,125.2928,152.9321,249.3837
281.7731,124.4162,150.2551,251.1368
286.1133,124.4309,147.8457,251.1074
286.9403,127.8462,146.1916,250.5068
285.1732,124.1926,143.5330,251.6210
293.5768,126.0091,139.0546,254.1524
295.2208,121.3414,135.7666,257.3622
300.0480,123.8494,132.2287,258.4627
298.5269,122.3373,129.1990,261.4869
302.6131,127.1849,127.0904,263.9192
303.7652,126.1782,124.7863,265.9325
308.0127,125.7995,122.3431,266.6899
307.4516,124.9634,123.4653,268.3621
307.6365,124.8131,123.0954,268.6628
308.0060,124.8316,122.3564,268.6257
307.8863,124.4621,122.5959,269.3647
307.7848,132.8568,122.7989,270.7656
310.5987,134.5264,123.2584,267.4264
311.2393,134.6018,121.9772,267.2758
314.8325,133.4557,120.8131,263.5457
315.4738,134.3096,119.5303,261.8379
315.6478,133.6398,119.1825,263.1775
315.8211,133.9048,118.8358,262.6473
316.0580,133.9775,118.3620,262.5021
319.3941,134.2081,117.5794,262.0407
318.6857,134.9774,118.9961,260.5023
318.8018,134.8993,118.7639,260.6584
321.9922,133.1520,118.2528,258.2832
322.3743,133.2772,117.4887,258.0330
322.1815,131.0839,117.8744,256.6103
325.1149,132.1801,117.8029,254.4179
323.6831,133.1373,120.6665,252.5033
322.1283,133.9591,123.7762,250.8598
321.5992,134.4076,124.8342,249.9628
317.8223,135.1102,126.5686,248.5575
317.5089,135.5676,127.1953,247.6428
317.1576,136.0997,127.8980,246.5786
316.9012,136.4828,128.4108,245.8124
316.3033,136.1967,129.6067,246.3847
316.1022,136.4952,130.0088,245.7876
315.9030,136.2493,130.4071,246.2795
312.7046,133.9976,130.9425,244.9212
309.5463,134.1868,131.4085,244.5429
306.9101,134.4328,130.8278,244.0510
304.0844,134.5206,130.6431,243.8753
304.3815,134.1334,130.0490,244.6497
301.0788,133.7937,130.8231,245.3292
298.7963,133.6934,129.5334,245.5298
300.1457,133.4197,126.8347,246.0772
300.7184,133.7988,125.6892,245.3190
300.2297,134.2725,126.6665,244.3715
301.5309,134.1039,124.0641,244.7088
305.4275,133.5568,122.0003,245.8029
305.2507,133.4425,122.3538,246.0316
308.7810,130.4270,121.0122,246.3435
308.4558,127.2917,121.6627,246.9137
315.0561,124.3648,119.9019,247.0476
315.2497,124.2059,119.5148,247.3655
314.3715,121.5144,121.2712,247.0592
314.3145,118.1386,121.3851,248.0955
317.7466,115.0397,120.2534,248.5608
318.5777,114.6055,118.5911,249.4292
318.6246,111.5264,118.4974,249.8842
322.2672,110.7012,116.9205,251.5346
322.3438,110.1666,116.7673,252.6037
322.3594,109.7071,116.7360,253.5228
319.9757,109.7802,115.7730,253.3766
317.3913,109.9550,115.2303,253.0269
313.9668,109.7569,116.3824,253.4231
313.2657,109.7657,117.7845,253.4055
313.0704,109.9782,118.1752,252.9806
312.0771,110.2021,120.1617,252.5327
311.1664,110.1961,121.9831,252.5448
309.6812,112.7207,124.9536,253.3033
309.0647,115.9001,126.1866,252.8150
311.4364,116.3302,127.3277,251.9548
310.6643,116.7480,128.8719,251.1192
309.8052,116.1412,130.5901,252.3327
308.8481,116.0221,132.5043,252.5709
307.6306,119.1214,134.9395,252.3623
306.9435,119.4684,136.3136,251.6684
305.5748,121.5094,139.0510,253.6284
304.9491,119.7836,140.3025,250.9623
300.1860,120.3009,143.7288,249.9278
295.4001,119.6611,147.1580,251.2074
293.4978,116.8085,150.9626,250.6927
288.1844,114.1344,155.3130,249.7647
286.4666,114.3229,158.7486,249.3876
284.1690,114.6243,163.3438,248.7849
278.4985,114.8543,168.2296,248.3248
272.3557,116.2497,173.9857,245.5340
269.1588,118.3278,180.3795,241.3778
270.0120,119.6654,185.2976,238.7027
261.2347,120.0091,189.5243,238.0152
255.4437,124.0157,194.3842,236.7240
249.8461,128.6797,198.7984,234.1770
250.8594,137.4358,203.5847,230.2904
247.3853,153.3870,210.5329,225.7058
231.3926,171.6698,215.0429,223.4845
225.7860,162.2761,219.3504,221.5551
227.0283,142.0210,223.8092,220.4050
214.1876,152.7460,228.5044,219.9415
218.6701,167.0232,233.6629,219.6342
216.9421,155.6578,237.1189,220.9519
212.5984,155.9055,238.5937,220.4565
208.5109,156.1070,239.5411,220.0535
194.1172,145.9441,246.6202,218.6711
193.6019,171.6732,247.6508,218.4816
189.3721,168.0520,248.7733,218.3871
189.3168,168.0683,248.8838,218.3546
192.8854,168.0941,249.1009,218.3030
185.3938,164.4535,249.3706,218.2274
177.8380,160.8161,249.7628,218.1425
170.3615,160.8495,249.9871,218.0757
166.6234,157.1868,250.0967,218.0343
170.0037,157.2841,250.7039,217.8398
165.8261,153.7726,251.6848,217.4887
162.1097,150.0901,251.7341,217.4699
158.3993,146.4064,251.7706,217.4533
158.2633,142.7686,252.0427,217.3445
58.5295,146.4712,252.0647,217.3261
150.5769,136.9141,260.0298,214.2796
157.9656,136.9422,260.1740,214.2233
157.6037,137.1149,260.8978,213.8779
156.9092,137.4511,262.2867,213.2056
