1
352.0139,201.0445,71.9723,44.9110
353.2609,201.4049,71.3065,44.1903
353.4697,201.6146,70.8890,43.7708
353.5951,201.7782,70.6381,43.4436
353.5935,201.8435,70.6413,43.3130
354.4545,201.8578,70.7009,43.2844
354.3759,201.8391,70.8580,43.3218
355.2072,201.8588,70.9805,43.2823
356.0001,201.8003,71.1809,43.3995
355.8795,201.7112,71.4220,43.5777
355.7350,200.7575,71.7110,43.6874
356.5405,200.7033,71.9040,43.7957
358.2306,198.8221,72.1408,43.9411
358.0542,198.6858,72.4936,44.2137
358.8406,197.6728,72.7451,44.4152
358.6453,197.5248,73.1357,44.7112
360.2720,196.4889,73.5670,44.9407
360.0612,196.3720,73.9887,45.1745
360.8109,195.3321,74.3521,45.3915
362.4544,193.3834,74.8087,45.5452
363.1335,192.2884,75.3319,45.8539
363.7958,192.0999,75.9015,46.2308
364.4424,191.0097,76.5174,46.5022
365.1145,189.9089,77.0960,46.7810
365.8087,188.7879,77.6438,47.0867
366.5331,187.6544,78.1444,47.4044
368.2077,186.5298,78.7198,47.6913
368.8614,185.3957,79.3883,47.9838
369.5367,184.2643,80.0281,48.2560
371.2781,183.0933,80.5546,48.5933
371.9263,182.9903,81.2765,48.7993
372.5807,180.7794,82.0002,49.1563
373.2857,180.6164,82.6393,49.4823
374.9840,178.3724,83.3711,49.8418
375.6951,177.1911,84.0301,50.1232
376.4221,176.0009,84.6717,50.4081
378.1595,174.7840,85.4170,50.7318
378.8581,173.5784,86.1465,51.0163
380.6365,172.3768,86.8742,51.2771
381.3679,171.1205,87.5690,51.6324
382.1093,169.8808,88.2600,51.9380
383.9396,168.5840,88.9778,52.3423
384.6873,167.2938,89.6891,52.7160
385.5183,167.1579,90.2507,52.9878
386.2354,164.8140,91.0530,53.2025
387.0434,164.7055,91.6892,53.4195
388.9642,163.4342,92.3781,53.6968
389.7256,162.2328,93.1353,53.8194
390.5086,160.9845,93.8628,54.0226
391.3380,160.8446,94.5117,54.3024
393.3734,159.5394,95.0850,54.5907
394.2595,158.3284,95.6482,54.6775
395.1208,155.9332,96.2709,54.7772
395.9956,155.8316,96.8774,54.9805
396.8524,154.5586,97.5325,55.1579
397.7367,153.2955,98.1452,55.3027
398.6622,153.2107,98.6870,55.4724
399.5499,153.0896,99.3154,55.7145
400.4949,151.8371,99.8425,55.8024
401.4087,149.3204,100.4414,55.9829
402.4330,149.3053,100.8311,56.0131
403.4088,148.0568,101.3241,56.0654
404.4295,148.0073,101.7356,56.1645
405.4316,146.7343,102.1919,56.2498
405.2252,146.6657,102.6048,56.3870
406.2226,146.6630,103.0872,56.3924
407.2267,145.4247,103.5633,56.3846
408.2632,144.1203,103.9817,56.5021
409.3673,144.0819,104.2731,56.5790
409.1428,143.9891,104.7220,56.7646
410.2283,142.7174,105.0660,56.7929
411.3182,142.6817,105.4066,56.8643
411.1191,141.4030,105.8049,56.8952
412.2665,141.3887,106.0431,56.9237
413.3475,140.0585,106.4182,57.0470
413.2275,140.0580,106.6581,57.0481
413.0829,138.7629,106.9473,57.0899
414.2774,138.8526,107.1116,56.9105
414.1486,138.8817,107.3692,56.8523
415.3382,138.9140,107.5455,56.7877
415.2054,137.5905,107.8109,56.8778
416.4258,137.6307,107.9325,56.7974
417.6260,137.6810,108.0948,56.6969
417.5142,137.6935,108.3186,56.6719
417.4019,137.6518,108.5431,56.7552
418.5721,136.4437,108.7738,56.6004
418.5041,136.4591,108.9097,56.5697
418.4193,136.4722,109.0793,56.5435
419.6589,136.4680,109.1753,56.5518
419.6201,136.4854,109.2529,56.5171
419.5775,135.2197,109.3381,56.4712
419.5185,135.2478,109.4562,56.4149
419.4867,135.2829,109.5198,56.3448
419.4677,135.2816,109.5576,56.3473
419.4612,135.3026,109.5708,56.3053
420.7224,135.2902,109.6267,56.3302
420.6685,135.2793,109.7345,56.3519
420.6026,135.3081,109.8662,56.2944
420.5490,135.3063,109.9735,56.2979
420.5002,135.2627,110.0710,56.3852
420.5087,135.2829,110.0540,56.3448
420.5319,135.3053,110.0077,56.2999
420.5183,135.2743,110.0348,56.3619
420.5134,135.2865,110.0446,56.3375
421.7828,134.0189,110.0917,56.2869
421.6815,134.0202,110.2942,56.2843
421.5729,133.9869,110.5115,56.3509
421.4447,134.0178,110.7679,56.2890
422.6151,132.7576,111.0227,56.2139
423.7539,132.7930,111.3431,56.1432
423.5548,132.8149,111.7413,56.0993
424.6126,131.5785,112.2323,55.9655
425.6974,130.3537,112.6742,55.8036
425.4514,130.3872,113.1662,55.7366
426.5336,129.1732,113.6230,55.5435
427.6093,127.9443,114.0960,55.3768
427.3083,126.7120,114.6982,55.2129
428.3009,126.6899,115.3474,55.2571
429.2653,126.7272,116.0632,55.1824
430.3165,125.5741,116.6147,54.8348
431.2182,124.3967,117.4670,54.5338
433.5046,124.4687,118.2202,54.3898
434.5249,123.2931,118.8509,54.0696
435.4107,123.3579,119.7544,53.9401
436.3347,122.1944,120.5921,53.5813
437.2444,121.0091,121.4643,53.2601
438.1499,121.1504,122.3521,52.9776
440.4094,120.0101,123.2461,52.5516
439.9050,118.8128,124.2549,52.2342
440.7665,118.9206,125.2528,52.0188
443.0128,119.0506,126.2231,51.7588
443.8538,117.9553,127.2819,51.2085
444.6961,116.8402,128.3437,50.6923
445.5362,117.0945,129.4158,50.1837
447.8085,116.1295,130.3887,49.3551
448.6113,117.8891,131.5407,48.5937
449.4469,116.9532,132.6300,47.7049
451.7558,117.3347,133.5325,46.9419
452.6022,117.7366,134.5987,46.1381
453.5121,118.1894,135.5386,45.2324
454.4276,118.6781,136.4642,44.2550
455.3242,119.2467,137.4228,43.1178
456.2479,119.8907,138.3199,41.8299
461.3499,120.6498,139.0495,40.3116
460.7552,121.4204,140.2388,38.7705
461.5250,123.4348,141.4026,37.4451
462.4240,123.8992,142.2996,36.5163
465.9357,125.6122,143.3463,35.7803
467.9383,126.0956,144.7225,34.8136
468.2454,129.6749,144.1082,33.0382
468.3720,130.3707,143.8550,31.6465
467.4650,131.2820,145.6691,29.8241
469.9315,134.7468,145.9538,28.1120
469.7724,135.2754,146.2718,27.0547
471.5194,134.6080,145.3409,25.8266
472.7430,134.5393,145.4198,25.9640
477.5750,134.1013,145.8747,26.8399
477.2295,134.8032,146.5657,27.9895
479.4791,135.2546,147.2374,27.0866
479.9724,136.4803,148.8280,27.2124
476.7229,136.7841,147.5219,29.2065
476.9359,137.0730,147.0959,31.2512
478.6003,138.6313,146.4236,33.4474
480.2457,139.0220,143.1327,35.3552
479.7404,137.7533,138.7841,37.8927
481.3209,139.3365,135.6230,42.7257
483.1695,139.1180,134.6375,43.1628
483.1799,138.5704,134.6168,44.2579
483.0986,137.7821,134.7794,45.8345
482.8322,138.2398,135.3121,47.6757
482.7456,140.2318,135.4853,49.2876
483.1079,140.4509,134.7606,51.6790
483.4133,142.0245,134.1500,54.2562
483.2515,141.9357,134.4735,57.3333
482.1448,140.9426,133.7281,59.3195
481.1463,141.3641,132.7420,61.4596
480.2006,141.6750,131.6270,63.8443
481.0475,142.0137,129.9331,66.1984
480.4515,142.3114,128.0776,68.6508
479.6029,142.6248,126.7123,71.0865
478.6672,142.9565,125.4995,73.5071
477.5631,143.4238,124.6008,75.6796
478.1426,143.9038,123.4417,77.8499
478.9752,144.4643,121.7766,79.8785
478.3967,145.0715,119.7751,81.8226
477.7212,145.7524,117.9653,83.6215
476.8986,144.7486,116.4475,85.6291
477.5447,145.5003,115.1552,87.2987
474.9748,146.4936,113.9337,88.4929
475.5278,147.3970,112.8278,89.8675
474.3504,148.2519,111.9956,91.3447
473.2008,147.6112,111.0968,92.6261
472.0878,148.5720,110.1177,93.9094
471.0599,147.9801,108.9631,95.0933
469.9326,148.9470,108.0061,96.3711
468.9594,148.4320,106.7353,97.4011
467.9252,149.5642,105.5897,98.3505
466.8271,149.0401,104.5747,99.3987
465.7410,150.2476,103.5350,100.1957
464.6056,149.7353,102.5976,101.2202
465.0353,150.9287,101.7382,102.0433
463.8300,150.5551,100.9397,102.7903
462.5838,151.8562,100.2236,103.3965
461.2630,151.5546,99.6589,103.9996
459.9437,151.1620,99.0903,104.7849
458.6810,152.4283,98.4055,105.4627
457.4378,153.7588,97.6818,106.0118
457.7331,154.9292,97.0913,106.8781
454.9275,156.0083,96.2801,107.9309
453.7212,157.1606,95.4780,108.8410
452.6145,158.3229,94.4754,109.7322
451.4330,157.9753,93.6249,110.4275
450.1267,159.1437,93.0268,111.3013
448.8345,160.4710,92.3965,111.8612
447.5838,160.1707,91.6850,112.4619
446.2888,161.4435,91.0642,113.1270
444.9889,162.7108,90.4531,113.8034
443.6277,164.0142,89.9641,114.4080
442.3863,165.2701,89.2342,115.1088
439.5800,166.2967,88.4239,116.2671
438.3101,167.3737,87.7476,117.3293
437.1069,168.4627,86.9328,118.3723
435.9124,169.4698,86.0981,119.5818
434.8421,170.6580,85.0104,120.4337
432.1918,171.8726,83.8645,121.2278
429.4097,172.9238,82.9959,122.3419
429.6830,173.9430,82.4494,123.5222
426.8229,175.0305,81.7146,124.5747
425.5054,176.1457,81.1185,125.5753
424.2275,177.3707,80.4381,126.3614
422.9454,178.7302,79.7658,126.8790
420.0056,181.6418,79.1792,127.5218
418.7297,182.8471,78.4984,128.3441
415.9922,184.0138,77.5061,129.2444
413.3109,186.7913,76.4079,130.1500
410.5883,187.9057,75.4027,131.1465
409.4038,190.7333,74.5487,131.9373
408.1983,191.9142,73.7395,132.7955
405.4030,192.9549,72.8919,133.9332
404.0935,195.7314,72.2894,134.8231
402.8175,196.8643,71.6172,135.7816
400.0508,197.9752,70.6971,136.7866
398.7805,200.7010,70.0118,137.7865
396.0535,201.7974,69.0087,138.8223
393.3219,204.4946,68.0190,139.8807
392.0847,205.5599,67.2687,140.9750
389.3280,206.6470,66.3267,142.0285
388.0912,207.7231,65.5738,143.1029
385.4015,210.4010,64.4951,144.2051
382.7354,211.4707,63.3750,145.2918
381.5810,214.1685,62.4617,146.3406
377.3655,216.8929,61.2290,147.3342
376.1987,218.0250,60.3489,148.2838
373.5434,219.1515,59.2360,149.2425
372.3759,220.3593,58.3652,150.0326
369.7474,224.6894,57.2192,150.9768
368.5737,225.8993,56.3721,151.7515
362.8438,227.0940,55.0705,152.5525
361.7775,228.3150,54.0250,153.2887
360.6439,230.9328,53.1223,154.3928
358.0176,232.1365,52.0366,155.1546
355.3734,234.9572,51.0045,155.8337
354.1642,236.0839,50.2719,156.7312
351.3752,238.7850,49.5493,157.6295
348.4803,239.7298,49.0398,158.8897
347.0770,242.3835,48.6882,159.8987
344.1539,243.4387,48.2025,160.9543
342.6756,246.0777,47.9871,162.0201
339.6663,247.2342,47.6398,162.8901
338.0322,250.0778,47.7191,163.5805
334.8396,252.8275,47.7043,164.4811
331.6050,254.0347,47.7484,165.2793
329.7953,255.3030,48.1434,165.9673
326.4243,257.9421,48.4019,167.1723
324.5764,259.2234,48.8343,167.8733
322.7138,262.0483,49.2779,168.7865
319.2366,263.1295,49.6271,169.9267
315.6841,264.2656,50.0815,170.9798
313.7404,265.6133,50.6203,171.6330
311.6581,268.7421,51.4170,172.1110
308.0045,270.0688,51.9455,172.8470
305.9045,271.6468,52.7358,173.1007
303.7587,274.8328,53.5996,173.5844
301.5997,276.2823,54.4668,174.1361
299.4229,277.6569,55.3459,174.8615
295.4973,277.3071,56.1951,175.5612
293.2619,279.0983,57.1392,175.5052
291.0833,282.5994,57.9534,175.5894
287.0539,284.3040,58.8935,175.7395
284.6808,285.9189,60.0609,176.0882
282.2807,287.6474,61.2563,176.2363
279.7883,289.2800,62.6123,176.5999
275.5052,290.8787,63.8613,177.0611
273.0283,292.7398,65.1273,177.0267
270.5468,294.5973,66.3798,177.0221
268.0099,294.6717,67.7210,176.8732
265.4612,296.5843,69.0635,176.8028
262.8630,298.5622,70.4822,176.6248
260.3036,300.5335,71.8002,176.4828
257.6727,300.6683,73.2401,176.2133
255.0378,302.6646,74.6660,176.0644
252.3522,302.7779,76.1702,175.8378
249.6777,304.8558,77.6291,175.5724
246.9908,305.1443,79.0906,174.9953
244.2861,305.4951,80.5705,174.2937
239.5952,305.9169,82.0621,173.4501
236.9966,306.3144,83.3003,172.6552
236.3878,306.6678,84.5178,171.9483
231.7461,307.2052,85.8419,170.8736
231.1450,307.5984,87.0440,170.0872
226.5471,308.3099,88.2476,168.6641
225.9083,308.9518,89.5250,167.3804
223.2287,309.7565,90.8853,165.7710
220.6119,308.7264,92.1202,163.8325
218.0084,307.7714,93.3363,161.7515
215.3698,306.6727,94.6326,159.9681
212.6733,305.6530,96.0492,158.0312
211.9556,306.6492,97.4847,156.0389
207.2765,305.7822,98.9113,153.8071
204.5678,304.7713,100.3724,151.8725
201.9362,301.8804,101.6840,149.7510
199.2592,301.0178,103.0966,147.5349
196.5918,298.2169,104.5001,145.2739
195.9477,297.3662,105.7881,143.0548
193.3444,296.6371,107.0870,140.6053
190.7691,294.0738,108.3457,137.9485
188.2117,291.6467,109.5891,135.0594
185.7811,291.1154,110.6027,132.2744
183.3636,288.7837,111.6166,129.2959
180.9436,284.5282,112.6653,126.4328
178.4713,282.3564,113.8463,123.2488
175.9636,280.0547,115.1285,120.3863
173.5060,276.0016,116.3351,117.3664
171.0047,275.9324,117.6573,113.8243
168.4607,272.5028,119.1000,109.7478
166.0018,272.4995,120.4146,106.1514
163.6159,267.7175,121.6202,101.4505
163.1474,267.7375,122.5572,97.9011
161.1540,262.8677,123.0778,93.7753
159.2806,262.9418,123.4174,90.2200
157.4055,258.5454,123.8133,85.5959
155.5502,258.7307,124.2400,81.9413
153.5840,256.0140,124.9424,77.6853
151.5160,253.3228,125.9093,73.5601
151.0764,252.0198,126.7885,69.9380
150.6295,247.9267,127.6824,65.8618
150.0231,245.2245,128.8951,62.2399
148.2308,242.7531,129.5158,58.2911
146.7441,241.7240,129.5852,54.5413
142.6377,236.4075,129.2818,50.9804
142.3909,235.3865,129.7754,47.4804
140.9065,230.2778,130.0290,44.1218
141.1509,230.6801,129.5401,40.6596
138.6116,225.8122,129.4441,37.4586
138.3286,225.6606,130.0101,35.2351
137.7214,224.4959,131.2245,32.5786
137.0522,220.6626,132.5629,30.4058
134.3135,217.4731,133.1660,29.4735
131.9552,214.8809,133.0274,29.8027
130.9267,210.7891,132.6523,30.6902
131.2622,203.9702,131.9813,32.1088
130.1400,200.7761,131.7643,33.5739
130.2132,194.6354,131.6178,35.9101
128.8739,192.2430,131.7681,38.1665
128.8944,183.5362,131.7271,40.1442
128.7584,181.3021,131.9991,42.0037
127.4348,176.2652,131.9992,44.1365
127.5774,172.5509,131.7140,46.1929
127.9075,168.9925,131.0539,47.8705
126.8026,164.1719,130.5231,49.2902
125.6782,160.7834,130.0135,50.5502
126.0184,155.9860,129.3331,51.8235
126.1557,153.6921,129.0586,53.6245
126.3756,148.3434,128.6186,55.8770
126.3318,144.4050,128.7063,58.0570
126.3757,140.5512,128.6185,59.9886
126.5594,136.4511,128.2511,62.3475
125.3213,132.5289,127.7710,64.2791
125.4694,130.0400,127.4747,66.2742
125.5240,124.7960,127.3656,67.7236
125.4839,124.0226,127.4457,69.2703
125.5265,120.1857,127.3605,70.8164
124.0678,117.9906,127.1889,72.1176
124.1210,115.8449,127.0825,73.3004
124.3260,113.8321,126.6726,74.1990
124.5936,111.7246,126.1374,75.2777
124.8192,111.2872,125.6861,76.1527
125.0052,107.6738,125.3141,77.0704
125.1938,105.7428,124.9369,77.7678
125.3488,103.7908,124.6269,78.5014
125.4367,103.4086,124.4512,79.2657
123.9286,101.5982,124.2790,79.6982
124.0374,99.7813,124.0615,80.1390
124.0947,99.5057,123.9468,80.6903
124.1959,97.6728,123.7444,81.1514
124.2886,97.4111,123.5590,81.6748
124.3310,95.6878,123.4743,81.9063
124.3446,95.5355,123.4470,82.2109
124.3874,95.4562,123.3614,82.3695
124.4346,95.3714,123.2670,82.5391
124.4815,95.2739,123.1733,82.7341
124.5286,95.1335,123.0791,83.0150
124.6880,94.9714,122.7603,83.3391
124.8409,94.7499,122.4545,83.7821
124.9247,94.5121,122.2869,84.2577
125.0389,94.2444,122.0585,84.7931
125.1724,93.9407,121.7915,85.4005
125.1979,93.5500,121.7403,86.1818
125.2440,93.1354,121.6482,87.0111
125.2558,90.9666,121.6245,88.0740
125.2661,88.8413,121.6040,89.0328
125.3606,88.3880,121.4150,89.9394
125.4273,87.8604,121.2817,90.9946
125.5629,85.7157,121.0105,91.9497
125.6867,85.2847,120.7628,92.8117
125.7729,83.1895,120.5905,93.6459
125.9614,82.7437,120.2133,94.5374
127.8375,80.4687,119.8370,95.7117
128.2398,78.1703,119.0324,96.9192
128.7804,75.8363,117.9513,98.1908
129.7213,75.1623,116.0695,99.5390
130.6198,72.6942,114.2725,101.0823
132.7737,70.5496,113.3545,101.9817
133.2312,68.3601,112.4395,102.9706
133.5031,66.2028,111.8956,103.8939
135.4295,63.9129,111.4405,105.0758
136.1402,61.6964,110.0192,106.0996
138.4231,59.5945,108.8567,106.9002
140.9789,57.2401,107.1427,108.2112
141.9298,54.3595,105.2409,110.5809
144.2094,53.5548,104.0804,112.1904
146.9009,52.7631,102.1024,113.7738
151.3377,50.1755,100.0258,115.5507
155.5715,49.1082,98.3434,117.6853
156.0304,45.0215,97.4256,119.0613
158.5242,44.1948,95.8431,120.7147
161.5402,41.7880,93.2158,122.1236
163.4614,40.7384,89.3734,124.2228
165.5864,35.0212,85.1235,125.5997
169.2871,34.0574,81.0250,127.5272
172.6601,31.3771,77.5430,129.6240
176.4728,30.3380,73.1541,131.7024
180.0925,28.1494,69.1078,132.8864
183.3567,26.6173,65.7205,132.8096
188.1132,26.2332,62.3705,133.5777
191.0295,25.4746,59.5722,135.0950
195.4040,23.0532,56.8381,136.9304
197.9030,20.9670,54.8257,138.1172
203.2340,18.9254,53.0642,139.2335
206.5466,17.0395,52.3417,140.0541
209.3701,15.1861,52.5949,140.8108
213.3497,14.7954,53.5322,141.5922
215.4080,14.5874,55.4027,142.0081
218.7981,13.0221,57.7218,142.1055
221.9978,12.9569,60.5503,142.2359
223.6488,12.9687,63.5044,142.2125
226.8386,12.9154,66.6641,142.3190
228.5369,12.9585,69.7409,142.2328
231.8620,13.0428,72.9579,142.0642
232.1517,13.1269,75.7206,141.8960
235.6494,13.3130,78.8867,141.5238
235.9603,13.6018,81.7007,140.9461
241.2137,13.8752,85.0942,140.3993
241.5895,14.1783,87.8670,139.7933
243.6476,14.5530,90.8744,139.0438
245.7858,16.7754,93.7995,138.1999
247.9733,19.0862,96.6982,137.2150
248.4098,19.6283,99.4949,136.1307
250.6952,22.1392,102.3229,134.8084
252.9885,22.7745,105.1875,133.5379
253.5040,23.3699,107.9094,132.3470
255.9303,25.8828,110.6142,131.0998
256.5968,26.4831,113.0841,129.8993
257.2855,29.0589,115.5311,128.5719
258.0180,29.7702,117.9088,127.1493
260.7048,32.4357,120.2521,125.6769
261.5464,33.1537,122.4416,124.2409
262.3464,35.8178,124.7263,122.7974
263.3095,36.5426,126.6982,121.3477
264.3299,37.2403,128.5635,119.9523
265.4032,39.9103,130.3298,118.5253
264.5793,40.6218,131.9776,117.1025
265.7239,43.2965,133.6092,115.6737
266.8767,43.9636,135.2268,114.3395
268.1091,46.5735,136.6887,113.0464
267.4942,47.2174,137.9185,111.7588
268.8490,47.8434,139.1354,110.5067
268.2585,48.4289,140.3165,109.3357
269.7072,50.9546,141.3429,108.2084
269.2362,51.5072,142.2850,107.1030
270.7477,51.9759,143.1796,106.1657
270.3717,54.4020,143.9317,105.2294
270.0101,54.8242,144.6547,104.3850
269.6292,55.1815,145.4165,103.6703
271.2488,55.4796,146.0861,103.0741
271.0070,55.7883,146.5697,102.4568
270.8167,56.0602,146.9505,101.9129
270.6809,56.2905,147.2220,101.4524
270.5617,58.4413,147.4604,101.0502
270.3990,58.5219,147.7859,100.8890
270.2582,58.5795,148.0674,100.7738
270.1489,58.6202,148.2860,100.6925
270.1204,58.6778,148.3431,100.5773
270.0413,58.6884,148.5013,100.5561
270.0393,58.7336,148.5052,100.4657
270.0353,58.7806,148.5132,100.3716
269.9986,58.7484,148.5865,100.4361
269.9919,58.7704,148.6001,100.3921
269.9778,58.7984,148.6283,100.3361
269.9737,58.8200,148.6364,100.2929
269.9327,58.8402,148.7184,100.2524
269.9722,58.8558,148.6394,100.2213
269.9534,58.8919,148.6770,100.1491
269.9548,58.8931,148.6742,100.1467
269.9477,58.9001,148.6884,100.1327
269.9470,58.9371,148.6898,100.0586
269.9606,59.0163,148.6626,99.9003
270.0070,57.1613,148.5698,99.7148
270.0363,57.2451,148.5112,99.5472
270.0732,55.4300,148.4374,99.2900
270.1165,55.4957,148.3507,99.1585
270.1545,55.6119,148.2748,98.9262
268.2124,55.7342,148.2854,98.6817
268.2214,55.8878,148.2675,98.3744
268.2547,56.0760,148.2010,97.9981
268.2802,54.3183,148.1499,97.6565
268.3103,54.4677,148.0897,97.3576
266.4464,54.5979,147.9730,97.0972
266.4643,54.7775,147.9371,96.7381
266.5197,54.9811,147.8263,96.3308
264.7277,55.2006,147.5867,95.8918
264.7506,55.4880,147.5410,95.3170
264.8749,55.8216,147.2924,94.6499
263.1391,56.1916,146.9764,93.9098
263.2267,56.5919,146.8013,93.1092
263.3759,56.9607,146.5028,92.3716
261.7234,57.3811,146.0703,91.5309
261.8078,55.9643,145.9016,90.6474
262.0139,56.4246,145.4894,89.7268
260.4181,56.9674,145.0028,88.6413
260.6147,57.5578,144.6097,87.4604
260.8424,58.1641,144.1543,86.2479
259.3227,58.8428,143.5940,84.8904
257.7918,59.5695,143.0874,83.4371
258.0457,60.2480,142.5795,82.0800
256.5479,62.8136,142.0694,80.4545
256.7012,63.5556,141.7628,78.9706
255.3112,66.1830,141.1020,77.1565
255.4953,67.0552,140.7339,75.4121
254.1209,69.6935,140.1178,73.5002
252.6968,70.6518,139.6432,71.5838
251.3835,73.2761,138.9869,69.6181
250.0301,75.7385,138.4543,67.9327
248.8109,78.1100,137.6902,66.3921
249.4075,80.6290,136.4969,64.5185
248.3825,82.9439,135.4326,63.0031
247.5398,85.6657,134.0456,60.6321
248.3932,88.3247,132.3388,58.3249
247.2388,91.0976,131.7021,55.7245
246.0322,93.8148,131.2250,53.1806
246.2061,96.3954,130.8772,50.8576
244.8934,99.0132,130.7108,48.4137
243.4195,103.3934,130.9132,45.1442
241.0690,107.5302,130.2361,42.2487
241.4998,109.9191,129.3745,40.0974
240.5021,114.9301,128.7952,37.7991
241.1678,116.6980,127.4638,36.7871
240.7426,116.4037,125.8281,37.3758
238.6344,117.7849,125.0966,37.0873
239.5575,119.0530,123.2504,37.0092
240.4349,119.3993,121.4955,38.7474
240.0122,120.8557,119.9030,40.7105
239.3084,122.2508,118.8593,42.8230
239.8113,124.5116,117.8535,45.7256
240.2762,125.0745,116.9237,47.1124
239.8049,126.9423,115.3423,48.4250
238.8763,128.5971,114.6749,50.1647
237.9401,128.6698,114.0015,52.5650
237.0576,129.6965,113.1883,55.6678
237.3357,129.5833,112.6323,58.5146
236.2319,132.1286,112.1784,61.4079
236.6981,134.9685,111.2461,63.8409
237.0718,135.0359,110.4987,66.4379
236.1374,137.9396,109.6027,68.9246
236.5972,139.5675,108.6831,71.2552
237.0225,141.1717,107.8326,73.6835
236.0572,142.7610,106.9174,76.1965
235.0916,144.3194,105.9750,78.8268
235.5263,146.1358,105.1057,80.9987
235.9313,148.1345,104.2957,82.8506
234.8086,150.1336,103.5987,84.7370
235.2338,153.5063,102.7483,86.8783
235.5896,155.3807,102.0366,89.0967
235.8696,157.2717,101.4766,91.3313
236.2309,157.7762,100.7540,93.3576
236.5835,161.4042,100.0488,95.2705
236.8298,163.6233,99.5563,96.9836
235.4560,167.4268,99.2088,98.6618
235.5805,168.1539,98.9598,100.3236
235.7236,170.4113,98.6737,102.0854
235.8373,175.8885,98.4462,103.7768
235.8871,176.6948,98.3466,105.3485
235.9292,179.1970,98.2624,106.7588
236.0274,181.7544,98.0661,108.1000
237.8200,184.3213,97.7265,109.4577
239.5274,185.3236,97.5732,110.7145
239.6602,188.0215,97.3076,111.8758
241.4400,190.7959,97.0402,112.9113
243.0909,193.5086,97.0425,114.0940
244.7403,194.6507,97.0658,115.1319
246.3470,195.9645,97.1910,115.8430
247.9093,198.9828,97.4182,116.5097
249.5268,200.3714,97.5488,117.0981
252.8778,201.7911,97.6003,117.6354
254.5856,203.3084,97.5705,117.9868
256.2885,204.7523,97.5556,118.4897
257.9505,207.9549,97.6298,118.8810
259.6668,209.4916,97.6028,119.2132
263.0706,211.0923,97.6155,119.4221
264.7757,211.0880,97.6189,119.4306
266.5014,212.9427,97.5812,119.1350
269.9076,214.8062,97.5862,118.8166
273.3625,214.9603,97.4841,118.5084
275.0523,216.8317,97.5017,118.1630
278.5219,218.7599,97.3473,117.6990
280.1344,218.9409,97.5051,117.3369
283.4025,219.1258,97.7284,116.9672
286.7088,221.0511,97.8712,116.4943
288.3300,221.2514,98.0014,116.0936
291.5797,223.1993,98.2390,115.5664
293.1340,223.3932,98.4947,115.1787
298.0232,223.6503,98.8035,114.6645
299.4954,223.9191,99.2183,114.1269
300.9670,224.1837,99.6329,113.5976
304.1859,226.2537,99.9075,112.8138
307.3989,226.6323,100.1783,112.0566
308.9037,226.9329,100.5097,111.4554
312.1649,227.3479,100.6610,110.6254
315.3169,227.6738,101.0099,109.9736
316.8652,228.0307,101.2352,109.2598
320.1456,228.5547,101.3029,108.2118
321.7323,229.0070,101.4284,107.3073
325.0167,229.4213,101.4334,106.4785
326.6691,229.9780,101.4025,105.3653
329.9045,230.5122,101.4438,104.2969
331.5280,231.0347,101.4368,103.2517
334.6290,231.5750,101.6816,102.1713
337.7328,232.1075,101.8945,101.1062
339.3138,232.5530,101.9293,100.2152
340.8448,232.8805,102.0506,99.5602
343.9310,233.2224,102.2282,98.8765
345.4613,233.5593,102.3345,98.2025
346.9837,232.2490,102.4476,97.6654
350.1138,232.4896,102.4898,97.1842
353.2794,232.7861,102.4469,96.5912
354.8675,233.1903,102.4048,95.7826
356.4244,233.5367,102.4116,95.0900
359.5141,232.2598,102.4516,94.5340
361.1015,232.4902,102.3783,94.0732
362.6589,232.7206,102.3566,93.6123
365.7297,232.9431,102.3857,93.1674
367.3532,233.2138,102.2174,92.6259
370.4865,233.5172,102.0857,92.0192
372.1620,233.8859,101.7904,91.2817
373.8894,232.7766,101.3750,90.4611
375.3697,233.1067,101.4343,89.8008
376.8152,233.4762,101.5536,89.0617
378.3346,233.8386,101.5149,88.3369
379.9631,232.7657,101.2458,87.4949
381.4667,233.0229,101.2090,86.9805
382.9758,233.2050,101.1524,86.6162
384.5469,231.9956,100.9648,86.0802
386.0419,232.1165,100.9182,85.8384
387.5783,232.3916,100.7840,85.2883
389.0230,232.7108,100.8223,84.6499
390.4508,231.5974,100.8848,83.9587
391.8560,231.8101,100.9822,83.5332
393.1885,232.0454,101.2197,83.0626
394.5836,232.3784,101.3280,82.3966
395.9294,232.6279,101.5260,81.8977
397.3577,232.8474,101.5538,81.4587
397.3655,231.6470,101.5382,80.9817
397.3894,231.8663,101.4904,80.5430
398.7943,232.0456,101.5425,80.1844
400.2033,232.2310,101.5815,79.8136
401.6995,232.4439,101.4405,79.3878
401.7188,232.6133,101.4020,79.0490
403.2381,231.3608,101.1995,78.7177
403.2850,231.6288,101.1058,78.1817
403.2784,231.8286,101.1189,77.7821
404.6233,231.8756,101.2405,77.6881
404.6548,231.9864,101.1776,77.4665
404.7223,232.1001,101.0426,77.2392
406.1467,232.1945,100.9950,77.0502
406.2482,232.2286,100.7920,76.9822
406.2664,232.2950,100.7555,76.8493
406.3197,232.3714,100.6491,76.6965
406.3112,232.3622,100.6660,76.7149
406.2994,232.3782,100.6896,76.6830
406.2945,232.3717,100.6994,76.6958
