1
663.9100,680.5316,42.8743,23.1782
662.6778,677.7371,44.3101,22.5959
664.2244,673.4922,46.4152,21.7285
683.5327,656.4847,44.7369,23.0268
685.7361,651.5261,43.4900,24.5171
689.1600,647.3486,45.1263,25.4485
689.6641,644.3716,45.2187,25.8997
694.5892,639.3502,45.3548,25.9563
2
0
0
0
0
1
697.9949,563.6300,34.3298,23.2637
691.5680,569.7526,33.6419,23.6576
696.4660,563.8433,32.8350,24.6890
700.0741,559.1583,31.9441,25.9266
703.7965,558.0244,31.7802,25.4640
707.9354,554.8230,31.6034,24.6659
711.8505,551.6693,31.7333,23.8978
715.2513,547.0208,31.9228,23.5819
2
0
0
0
0
1
748.2700,493.7676,34.1870,10.7785
754.0862,490.9089,33.4938,11.0263
760.1293,487.7913,32.9408,11.8341
767.1803,482.6747,32.5438,13.1592
773.1113,478.2347,31.9354,14.3021
779.4879,470.4409,31.3338,15.5939
788.7050,464.4549,31.1134,15.9090
794.9178,458.2421,31.1108,15.9116
798.2498,451.9888,31.0238,15.9950
804.5479,444.6039,30.8536,16.1460
808.1446,435.8500,30.2395,16.8400
812.9588,429.7247,29.4174,18.0827
816.7365,425.4124,29.2889,19.2804
813.9407,416.6937,28.7940,19.2195
814.5837,411.3623,28.2605,19.3492
817.5314,409.0517,27.5903,19.4918
825.9106,412.7122,28.5608,18.8191
829.1730,412.6571,30.2001,18.1870
831.5755,411.7728,31.4439,18.4435
837.4903,402.9656,31.2983,18.9214
838.6421,405.7356,30.5644,20.4448
845.1275,405.0074,29.5835,21.9014
848.9017,405.2227,28.5033,23.0878
853.9409,405.9036,27.3498,24.1598
2
0
0
0
0
1
867.3841,422.6064,16.6710,24.1386
864.1843,427.7307,16.6707,24.1297
861.7150,434.9166,16.4908,23.8342
859.3505,437.5829,16.1606,23.5610
856.8310,444.1115,15.5942,23.5828
851.6918,451.1003,15.4390,23.1076
846.7907,456.9058,15.5767,22.9731
843.9783,459.8662,15.1587,22.4908
838.5987,463.9162,14.7063,22.0620
831.0587,468.1347,15.3831,21.6906
827.2649,471.5544,15.4084,21.2502
819.2591,474.0854,15.8824,20.7919
811.4224,477.1964,16.5733,20.3326
804.8069,477.7336,17.0345,19.8384
797.3787,480.0253,17.3846,19.3168
789.6542,479.9808,17.8114,18.8281
782.8185,478.7861,18.2132,18.3328
774.8253,479.0228,18.6603,17.8594
766.7938,479.2487,19.1961,17.4076
759.6437,478.0517,19.6659,16.9203
752.0008,476.8730,19.9821,16.3988
744.7557,476.5400,20.1665,15.9203
738.0791,473.3676,20.4715,15.4575
731.6599,471.1381,20.3281,15.4009
723.6473,469.2760,20.6360,15.1960
717.5624,465.3205,20.4274,15.2298
710.0336,462.7550,20.3642,15.3204
704.0776,460.0294,20.5044,15.1659
696.3990,454.2622,20.7371,14.9370
688.9937,452.1549,20.9895,14.6722
686.9225,449.2340,20.6565,14.9200
681.4315,450.0013,20.4700,15.0606
677.3512,452.2258,20.2618,15.0750
680.1296,451.9913,20.2548,14.9891
686.2864,449.0928,20.1178,15.2514
2
0
0
0
0
1
645.4210,416.0282,15.7393,16.3810
642.8081,410.8697,15.9070,16.0761
640.9377,411.6731,16.1221,15.9804
638.8062,408.4022,16.3406,15.9501
635.1683,406.1504,16.4974,15.8771
633.3676,401.8217,16.5301,15.8677
631.9478,399.0777,16.8189,15.7438
632.7455,396.7137,16.7617,15.8571
632.5161,393.3160,16.7067,15.9753
632.4277,390.6481,16.8836,15.6500
632.2545,388.8487,16.7177,15.6631
632.0678,386.2422,16.5813,15.7774
634.1693,384.4752,16.4546,15.7446
