175.0,109.0,242.0,318.0
173.95298812488815,111.71723816328739,243.0940237502237,320.3640941726419
173.45958435684005,110.70995038553718,244.0808312863199,322.3786697281423
173.06406585642117,109.89470393099174,244.87186828715767,324.0091626372332
177.18533371855307,109.19106404526241,245.5663917671078,325.41644240869186
176.80836730220346,108.73320039521883,246.320324599807,326.332169708779
176.584001934682,108.17261390227108,246.76905533484995,327.4533426946745
180.93476917076876,107.70170795531962,247.0880487548058,328.39515458857744
180.83850642705428,107.18698519010718,247.28057424223476,329.4246001190023
180.72910591585986,106.74065369119538,247.4993752646236,330.3172631168259
180.62432599826718,106.41048086572894,247.70893509980894,330.9776087677588
185.0123652640914,106.03292051388613,248.02241378270344,331.73272947144443
184.7975826384843,105.66146479195231,248.4519790339176,332.47564091531206
184.51784188269048,105.37134638317696,249.01146054550526,333.05587773286277
184.28087621827743,105.12225958851678,249.48539187433136,333.5540513221831
188.58500440828752,109.54471947614078,250.03496593490746,333.8669619875314
188.28233158399343,109.34797428772887,250.64031158349567,334.2604523643552
188.00745285884585,109.16105027101494,251.1900690337908,334.6343003977831
187.8255639439529,108.88340345017588,251.55384686357675,335.1895940394612
187.78548063979213,108.55054534445102,251.63401347189824,335.8553102509109
192.3720616253525,113.01422483758552,251.6888539503666,336.15595371423103
192.18466849174527,113.0246257406281,252.06364021758105,336.1351519081459
192.02277956168422,113.22912857429904,252.3874180777032,335.726146240804
196.4605286792409,113.44200890135104,252.7502744252653,335.3003855867
196.21450023747366,113.68701774459578,253.24233130879975,334.8103679002105
196.09448747478143,113.84010337802908,253.4823568341842,334.5041966333439
195.97130032403263,113.96839490932857,253.7287311356818,334.24761357074493
195.77818625427022,113.96598510738932,254.1149592752066,334.25243317462343
195.61912575944206,114.03784126321446,254.43308026486292,334.10872086297314
195.38915721278926,114.00677568736288,254.89301735816852,334.1708520146763
199.75844765063232,114.00748026604842,255.41000620793224,334.1694428573052
199.56449403414513,114.01104087402655,255.79791344090668,334.16232164134897
199.3295799849828,114.16862047612315,256.26774153923134,333.84716243715576
199.04723472118232,114.27657865879203,256.83243206683227,333.631246071818
198.81596889952493,114.26433051056685,257.29496371014704,333.65574236826836
203.16913591392404,114.35090178171711,257.87549628011755,333.48259982596784
202.82039762539958,114.44053854242449,258.57297285716646,333.3033263045531
202.55779248787272,114.48558377346859,259.0981831322202,333.2132358424649
202.3401954905507,114.53560810950074,259.5333771268642,333.1131871704006
202.16843348680732,114.48586752790237,259.876901134351,333.2126683335973
202.03742710144743,114.34279464487412,260.13891390507075,333.4988140996538
201.76090275152217,114.23628738098941,260.6919626049213,333.71182862742324
206.0213442420959,114.06551381279726,261.51409475572893,334.05337576380754
205.71040388597194,113.92419755817895,262.13597546797683,334.3360082730442
205.44934324195629,113.65528006439499,262.65809675600815,334.8738432606121
205.19036351896335,113.45811091225582,263.176056201994,335.2681815648904
204.95203105867702,113.29760790296965,263.6527211225667,335.5891875834628
204.8015780787253,113.12876996866768,263.9536270824701,335.9268634520667
209.19089486711934,112.8941625860846,264.6049164254792,336.39607821723285
208.92459724079154,112.76953515382866,265.1375116781348,336.64533308174475
208.6884451713123,112.77208590276933,265.60981581709325,336.6402315838634
208.46644930568272,112.5456531794486,266.05380754835244,337.09309703050485
208.27761128896367,112.34513826951238,266.43148358179053,337.4941268503773
207.96084070947754,112.15703357765139,267.0650247407628,337.8703362340993
207.7146328669899,112.05604982621648,267.5574404257381,338.0723037369691
207.4585513351585,111.82686211210608,268.0696034894009,338.5306791651899
207.13919163689388,111.60546123711563,268.7083228859301,338.9734809151708
206.84737049516895,111.28752491568457,269.29196516938,339.6093535580329
206.62439941071912,110.9813078806826,269.7379073382796,340.22178762803685
206.44426892453822,110.81271043417047,270.0981683106414,340.5589825210611
206.31683524975784,110.67822138570324,270.3530356602022,340.8279606179956
206.1452508646666,110.69216310378798,270.6962044303847,340.8000771818261
206.01235366508524,110.67377169195555,270.9619988295474,340.83686000549096
205.8622949562768,110.53417313133653,271.2621162471643,341.116057126729
205.7312203827338,110.35760717420985,271.5242653942503,341.46918904098237
205.48238569242855,110.2194364659396,272.02193477486077,341.7455304575229
205.3319352725265,110.11044492440345,272.3228356146649,341.96351354059516
205.19803087181947,110.01745142643296,272.59064441607893,342.14950053653615
205.18537488200735,109.8205657469907,272.61595639570317,342.5432718954207
205.1755521941378,109.73032755650843,272.6356017714423,342.7237482763852
205.18254976202198,109.70052769564629,272.6216066356739,342.7833479981095
205.15177226963084,109.76941261882169,272.6831616204562,342.6455781517587
205.12609474567486,109.87574188711304,272.73451666836814,342.432919615176
205.10124406815245,109.92070891745976,272.78421802341296,342.34298555448254
205.04369856511664,110.04865147658683,272.8993090294846,342.0871004362284
205.00026359811525,110.12342212374216,272.98617896348736,341.93755914191775
204.97620997620803,110.2553382552116,273.0342862073018,341.67372687897887
205.08718358967207,110.43531962183067,272.81233898037374,341.3137641457407
205.20090802679488,110.55789316081015,272.5848901061281,341.06861706778176
205.33074286455718,110.60575785563739,272.3252204306035,340.9728876781273
205.4566188483781,110.71570876724945,272.07346846296167,340.75298585490316
205.61357810599895,110.76189884910067,271.75954994771996,340.6606056912007
201.06464210788602,110.85952861349841,271.2282815739593,340.46534616240524
201.36782593061014,111.02615777395977,270.62191392851105,340.13208784148253
201.70434475564815,111.43250622723409,269.948876278435,339.3193909349339
201.99330043814226,111.75378368092254,269.3709649134468,338.676836027557
202.3724004549613,111.98520789948122,268.6127648798087,338.2139875904396
202.75666249158365,112.34915262423348,267.844240806564,337.4860981409351
203.19605907428425,107.97016758657136,266.9654476411628,336.7270919608732
203.60213579876336,108.58898363718356,266.1532941922046,335.48945985964883
204.06539630151005,109.29361944945083,265.2267731867112,334.0801882351143
204.40645440759187,110.13137040147984,264.5446569745476,332.40468633105627
204.723193404796,110.95273943421404,263.9111789801393,330.7619482655879
205.10639991871318,111.58829967794244,263.14476595230497,329.49082777813106
205.5021133359049,107.62033751597474,262.3533391179215,328.1085406369704
205.88585632784418,108.81186279241871,261.58585313404296,325.7254900840825
206.41363946062532,105.4283918511222,260.5302868684807,323.2572333521102
206.9416967091215,106.7011771076154,259.47417237148835,320.7116628391238
207.53050808391947,107.88094883226336,258.2965496218924,318.35211938982786
208.0772233420006,109.09620505199655,257.20311910573014,315.9216069503615
208.60715672336678,105.76843846831781,256.14325234299776,313.5634039819456
209.15355976842048,106.586762189365,255.05044625289037,311.9267565398512
209.72673459759892,107.4484917281276,253.90409659453346,310.203297462326
210.27123308530744,104.01328269305424,252.81509961911644,308.2012020247231
210.7359304492325,104.89440542597953,251.8857048912663,306.4389565588725
211.2009445126913,105.66916807187107,250.95567676434874,304.88943126708944
211.54893173798254,106.32825307977092,250.25970231376624,303.57126125128974
211.8982558062365,107.03308163978858,249.5610541772583,302.1616041312544
212.17461328919705,103.38628964644104,249.00833921133722,300.7765197252234
212.405237201008,103.94293896158234,248.54709138771534,299.6632210949408
216.9971453444949,104.37951832378394,247.98712105748785,298.7900623705376
217.27551016083126,104.80035335925777,247.43039142481513,297.94839229958995
217.44881958216132,105.12776252873007,247.08377258215504,297.29357396064535
217.5704682530993,105.42867113030204,246.84047524027903,296.6917567575014
217.60282283132813,105.69637336883696,246.77576608382142,296.1563522804316
217.54331260234522,105.90574532042729,246.89478654178717,295.7376083772509
221.71242850956736,105.94071068696175,247.09328808421392,295.667677644182
221.7287514256095,105.95968008465678,247.06064225212964,295.62973884879193
221.63692664722052,105.96023713167907,247.24429180890758,295.62862475474736
221.56885602590464,106.00902524692924,247.38043305153934,295.531048524247
225.67577079065126,106.01835557349793,247.70798007934135,295.51238787110964
225.4986313206456,106.0429842456879,248.06225901935272,295.4631305267297
225.26540907538694,106.04705167212074,248.52870350987,295.454995673864
225.12834767471233,106.06731192265994,248.80282631121923,295.4144751727856
225.01524673831057,106.075619441394,249.0290281840228,295.3978601353175
224.89339590294867,106.10885331665023,249.2727298547466,295.33139238480504
224.6303602822108,106.0626112646444,249.79880109622226,295.4238764888167
224.34728566822844,106.05065575541374,250.364950324187,295.447787507278
224.14124130334682,106.02607603596991,250.77703905395026,295.4969469461657
219.72658136611,101.73617222850382,251.01082856515953,295.48122419783346
219.63151001358514,101.74430444636883,251.2009712702092,295.46495976210343
219.4093412167265,101.72669008044232,251.64530886392652,295.50018849395644
214.9068407458788,97.44811436169124,252.0407674746582,295.44779760049494
214.75771241194016,97.34843687685597,252.3390241425355,295.6471525701655
210.3710858044443,97.2897296499365,252.4893140240172,295.7645670240044
210.28177668301925,97.28057065648346,252.6679322668673,295.7828850109105
210.2292050860755,97.30315999830265,252.7730754607548,295.7377063272721
210.18490504755073,97.3636641860463,252.8616755378043,295.61669795178483
205.90711858460594,97.46892142424898,252.78635696986373,295.40618347537946
205.94528107927349,97.69225315501876,252.71003198052864,294.9595200138399
206.01296318817964,93.61280327260252,252.57466776271636,294.50012075703256
206.06107123577792,93.69917100219777,252.47845166751978,294.32738529784206
206.1129749215066,93.72644614773796,252.3746442960624,294.2728350067617
206.15060911285616,93.78112835242248,252.29937591336326,294.16347059739263
206.1339634713675,93.78447202281728,252.3326671963406,294.15678325660303
206.13592344619246,93.8162159092177,252.32874724669068,294.0932954838022
201.83158458327685,93.82747463946669,252.33863954830332,294.07077802330423
201.7601317024302,93.81993461177197,252.48154530999665,294.08585807869366
201.68800642377306,93.81622308307038,252.62579586731093,294.09328113609683
201.5914261469507,93.77097504871148,252.8189564209556,294.18377720481465
197.20244206706585,93.73125766540369,252.98886807162313,294.2632119714302
196.9098514628342,93.61123312390225,253.5740492800864,294.5032610544331
196.58426072376696,93.38857772070585,254.2252307582209,294.9485718608259
196.30075452328106,93.12362264645691,254.79224315919274,295.4784820093238
196.05934531616225,92.89837386540839,255.27506157343032,295.9289795714208
195.91871827093703,92.7250741693494,255.55631566388075,296.2755789635388
195.78619039522812,92.58391749415242,255.8213714152986,296.55789231393277
195.70138306913708,92.51917268691511,255.99098606748066,296.6873819284074
195.63430491736153,92.52493046562967,256.12514237103176,296.67586637097827
195.58469620644507,92.53703087684102,256.2243597928647,296.65166554855557
195.57202935713894,92.5444389592829,256.24969349147693,296.6368493836718
195.55610291731588,92.52076862305299,256.28154637112306,296.6841900561316
195.5739437929802,92.53957737994835,256.2458646197944,296.6465725423409
195.64585799449927,92.56362665760463,256.1020362167563,296.59847398702834
200.04199366146776,92.62234122336653,256.00786706028396,296.48104485550454
200.08221385154872,92.58311943540724,255.92742668012207,296.5594884314231
200.13599959195096,96.88791234428206,255.81985519931752,296.6445995986021
204.58185975270862,96.80666864937345,255.62242195510703,296.8070869884193
204.5403876436789,101.10347572618988,255.70536617316645,296.90710395591964
208.79071585417782,101.09078969398269,255.90121914109233,296.93247602033404
208.76637424986095,100.98649885914759,255.94990234972607,297.14105769000423
208.76541193631044,105.3256565273764,255.95182697682708,297.16679535896236
208.77316566753018,109.63940211618285,255.9363195143876,297.24378612713815
208.70843331528388,109.65841404694572,256.0657842188802,297.2057622656124
208.64848816333614,109.66465266564694,256.1856745227757,297.19328502820997
208.62795771759994,109.6327551721136,256.2267354142481,297.25708001527664
208.66202245580047,113.99439516231178,256.158605937847,297.2440910878257
208.54350165382925,113.91874419165313,256.39564754178946,297.395393029143
208.39418936437346,113.73415517725346,256.69427212070104,297.76457105794236
203.83860721707234,113.46323148812093,257.0797917087646,298.3064184362074
203.6197268443986,113.27724477232908,257.5175524541121,298.6783918677911
199.10701771156693,113.12660208157754,257.78997773558035,298.9796772492942
199.0398423677743,112.96213868674928,257.9243284231656,299.3086040389507
194.53030739031195,112.74567276547396,258.1741289010709,299.74153588150136
194.56091030602735,112.57887549026563,258.1129230696401,300.075130431918
194.61380872186032,112.3885270321745,258.00712623797415,300.4558273481003
194.71296944320986,112.30773450627697,257.8088047952751,300.61741239989533
194.7745804025258,112.20723697328211,257.6855828766432,300.81840746588506
194.86798560907613,107.82949800006077,257.49877246354254,300.78510673930384
194.90978053258547,107.90781629807796,257.41518261652385,300.62847014326945
194.98672539432778,108.01472437881668,257.26129289303924,300.414653981792
195.010108903069,108.10292369092949,257.2145258755568,300.2382553575664
199.3406749146285,108.12698316151909,257.3256388879794,300.1901364163872
199.33735942110695,112.40871245016422,257.33226987502246,300.3999639709167
199.32138744569636,112.43688806369383,257.36421382584365,300.3436127438575
199.28096089062512,112.53390079413231,257.4450669359861,300.1495872829805
199.2242114167156,117.03737530072999,257.55856588380516,299.917215870866
199.1771741964531,117.07090069004417,257.65264032433015,299.85016509223766
199.12464196751193,117.12416929496209,257.7577047822125,299.7436278824018
203.53524123527848,117.15684047103804,257.7098281803271,299.6782855302499
203.59130146820291,117.13801455380113,257.59770771447825,299.71593736472374
203.61298317710646,117.11046839215803,257.55434429667116,299.77102968800995
203.60248749523194,117.0157852523019,257.5753356604202,299.9603959677222
203.53894044526336,116.94017853453937,257.70242976035735,300.11160940324726
203.41680520483877,116.86949657554035,257.94670024120654,300.2529733212453
203.31843189502814,116.80539113212646,258.1434468608278,300.3811842080731
207.68061253614783,116.67992496233586,258.2084590611825,300.6321165476543
207.66324604334284,116.52967223351973,258.2431920467925,300.93262200528653
207.58910886724487,120.86208197525241,258.3914663989884,301.0673030425842
207.43982817381817,120.73519907065406,258.69002778584183,301.32106885178086
207.24534190210443,120.54676187829324,259.0790003292693,301.6979432365025
207.10143114260453,120.39365774709404,259.3668218482691,302.0041514989009
211.31689176725322,120.16840833133563,259.77001127159934,302.45465033041773
211.15346296446575,119.87677595934963,260.0968688771743,303.03791507438973
210.97464531002674,119.60827028431339,260.4545041860523,303.5749264244622
215.27589213105577,119.38620825640794,260.727872069665,304.0190504802731
219.55422593784292,119.12324955291885,261.0583218515746,304.5449678872513
219.37148208045633,119.01378392686345,261.42380956634776,304.7638991393621
219.19335105685127,118.87088674429071,261.7800716135579,305.04969350450756
223.4638791634247,118.67991025789104,262.15896398157423,305.4316464773069
223.34891783159293,118.49368442109397,262.3888866452378,305.80409815090104
223.20215305194384,118.31031711963945,262.68241620453597,306.1708327538101
223.03828773270578,118.05413031854462,263.0101468430121,306.68320635599974
227.45533704118876,117.763122839825,263.14100411201713,307.265221313439
227.3209507452743,117.49763336201869,263.40977670384603,307.7962002690516
227.09089341064328,117.30846886772167,263.8698913731081,308.17452925764564
231.44061796154534,117.11749567219027,264.17225860816495,308.55647564870844
231.42330835306527,116.93555321003018,264.2068778251251,308.92036057302863
231.43857258380277,116.71351597972583,264.1763493636501,309.36443503363733
235.96202706689942,116.42074955564973,264.1545675973087,309.9499678817895
235.95609090390587,116.1341904066771,264.1664399232958,310.5230861797348
236.04962547474491,115.81725440822478,263.9793707816177,311.1569581766394
240.6623530113668,115.5983875918509,263.80355959559836,311.5946918093872
240.6166769398767,115.41990366337171,263.89491173857857,311.95165966634556
240.57667418705242,115.19764996950374,263.97491724422713,312.3961670540815
240.53580733845587,115.04300504327293,264.05665094142023,312.70545690654313
244.95898672685917,114.96320083363369,264.285078780053,312.8650653258216
244.9106231572851,114.95116536228855,264.38180591920116,312.8891362685119
244.93688510064356,114.90205658440667,264.32928203248423,312.98735382427566
244.9021608650068,114.82959250103269,264.39873050375775,313.1322819910236
249.2716289233236,114.78218652966206,264.746672351514,313.2270939337649
249.2621001366611,114.68813916965138,264.765729924839,313.41518865378623
253.64831099690852,114.62733610443155,265.090457927714,313.5367947842259
253.50438288402236,114.67880246148209,265.3783141534863,313.4338620701248
257.7908015687013,114.7063009470061,265.9127718731563,313.3788650990768
257.4492890447118,114.89134423521506,266.59579692113533,313.0087785226589
261.4739028475848,115.16881629534257,267.66688132649324,312.45383440240386
260.9899577959162,115.39657366221414,268.63477142983044,311.9983196686607
260.48503096415,115.71393827971369,269.64462509336283,311.3635904336616
260.1679248516672,115.8133555719348,270.2788373183284,311.1647558492194
264.35443356024064,115.91776840205344,271.0567506935753,310.9559301889821
263.9560552627455,116.35700005018236,271.85350728856554,310.07746689272426
263.49965204916066,116.72304481224421,272.7663137157352,309.34537736860057
263.09561331529767,116.90753923172161,273.5743911834612,308.97638852964576
262.96201129938595,116.88426047121916,273.8415952152846,309.02294605065066
262.7408742335599,116.90831475252946,274.2838693469367,308.97483748803006
262.5125315625711,116.85885362540614,274.7405546889143,309.0737597422767
262.17048870032335,116.90620825166442,275.42464041340986,308.97905048976014
261.7926692260894,116.94461825310992,276.18027936187775,308.90223048686914
266.0579203507155,116.90422282109589,276.8600717543742,308.9830213508972
265.6810915760226,117.0222771259435,277.61372930376,308.746912741202
265.25689206302013,117.23411078146592,278.46212832976494,308.32324543015716
265.1330128824562,112.52075801065288,278.7098866908928,308.5122282716547
264.9284484664189,112.31857902028395,279.11901552296735,308.91658625239256
264.6112486693197,112.17216866054915,279.75341511716573,309.20940697186217
264.3439499095043,111.93117641915279,280.28801263679657,309.6913914546549
263.95334042142747,111.92499269096945,281.06923161295026,309.70375891102157
263.81209775666485,111.832275670836,281.3517169424755,309.88919295128846
268.3777432333269,111.78426857749818,281.52859460669646,309.9852071379641
268.22102535193085,111.84022591408376,281.8420303694886,309.87329246479294
268.23340470314747,111.83625460218661,281.8172716670553,309.88123508858723
268.20922230077537,111.76451400087902,281.8656364717996,310.0247162912024
268.13748495218385,111.63887769564965,282.0091111689826,310.27598890166115
267.8644807773719,111.81005982488233,282.55511951860643,309.9336246431958
267.69514586093226,111.89184262506467,282.89378935148585,309.7700590428311
267.62523796502,111.89558478611329,283.0336051433103,309.7625747207339
267.7222624977055,111.76977520101971,282.8395560779393,310.01419389092104
267.51655514522236,111.93453279206977,283.25097078290554,309.6846787088209
267.36124450620366,111.98273562407698,283.5615920609429,309.5882730448065
