129.0,199.0,364.0,176.0
128.58344517549688,198.3285142514202,363.83310964900625,176.34297149715962
128.75742748533563,198.20971790190495,363.48514502932875,176.5805641961901
129.1452380812335,198.12491401213427,362.709523837533,176.75017197573146
129.69594551681837,198.0687257040031,361.60810896636326,176.86254859199383
130.35032662905942,193.7869666964442,360.29934674188115,177.0719189318871
131.16667526274392,193.87532246063162,358.66664947451216,176.8952074035123
131.88555889703238,189.68398863130633,357.22888220593524,176.96616178172127
132.493471249242,185.49275551876647,356.013057501516,177.056714664416
129.0390138713435,181.4026222942564,354.646279983814,176.96128883993723
129.82091736259878,177.44720967764943,353.08247300130347,176.61807787413807
130.61176024401436,173.46223211031517,351.5007872384723,176.36282917973057
127.23592446266994,169.49479433264938,350.05483055136943,176.10007648527045
127.84692047445031,169.6165837986748,348.8328385278087,175.85649755321958
124.28023196190097,165.54480458905817,347.8164198875216,175.8502603070671
124.74867611679366,165.58409440150757,346.8795315777362,175.77168068216827
120.88222963550237,161.52531930945952,346.4927172729622,175.76952359890777
121.0548155509737,157.40495626820942,346.1475454420195,175.8962493924978
121.03968942139997,153.19961931773219,346.177797701167,176.1957950224499
120.94670474934676,148.85006418564427,346.3637670452734,176.77816299803135
120.77323436003101,144.40606413344898,346.7107078239049,177.536644556877
120.53458812711148,139.90585899347047,347.18800028974397,178.38936484101237
120.22196773262087,135.42510650387976,347.8132410787252,179.18147588241933
119.99443583696862,131.08276714501312,348.2683048700297,179.67393441211365
119.81267767227763,130.84185659774735,348.63182119941166,180.15575550664516
119.67633140742527,130.58460791801616,348.9045137291164,180.67025286610755
123.63899964364342,126.18987313834968,349.2130599104268,181.22583977169378
127.68176903251188,121.81079398671739,349.3754990666824,181.73602014096593
131.64829753394972,121.62223734274933,349.70158568227845,182.11313342890205
131.51653402052114,117.19465970732634,349.9651127091356,182.69786659829003
135.60636868703597,116.95654840300574,350.0697950938054,183.17408920693123
139.68248349196853,116.59997153009216,350.2116441300185,183.88724295275838
143.75202983693427,112.05654740894884,350.3809727169997,184.66566991813235
143.71938518277014,111.77168421986086,350.44626202532794,185.23539629630832
147.8337436749625,111.36915976041207,350.5525718533277,186.0404452152059
151.9528589237261,110.87925512334573,350.6647490674084,187.02025448933858
155.93965604564414,110.38532595874993,351.06001915719503,188.00811281853018
159.88842866849726,109.75685631019346,351.55409100038406,189.26505211564313
159.58965111345844,109.0786622967884,352.1516461104617,190.62144014245325
163.50755479654404,108.39870718679778,352.7682874409879,191.98135036243448
163.02345978456756,107.62981486089927,353.73647746494083,193.5191350142315
162.47689740463517,106.75466291265883,354.8296022248056,195.26943891071238
161.69513967421256,105.75987015138526,356.39311768565085,197.25902443325953
160.7778738841665,104.66397215701991,358.22764926574297,199.45082042199022
164.06862949966722,107.9432668425212,360.3390336642001,201.58512668044617
163.06324757449906,106.86300289686676,362.3497975145364,203.74565457175504
162.06780436673768,105.8186118476626,364.3406839300592,205.83443667016337
161.12185958837802,109.2543643094956,366.2325734867785,207.85490416828588
160.24531996272293,108.34497017832848,367.9856527380887,209.67369243062012
159.62408783348485,111.90048795994302,369.22811699656484,211.57384300296044
159.2544225529716,115.6143244962256,369.96744755759136,213.2080256806861
154.45503988706264,114.83632541084698,370.4656728775401,214.76402385144334
154.29427884805915,123.14327305702405,370.7871949555471,216.418742358833
154.3039578473086,122.47011187615595,370.7678369570482,217.76506472056917
149.73010546595756,126.41847521161006,370.7259410516728,219.05793871773835
149.79399820963997,125.76239647971734,370.598155564308,220.3700961815238
149.8178252473392,125.04994013944628,370.55050148890956,221.7950088620659
149.94034823452216,128.8488444189454,370.3054555145436,223.45164667236264
150.17908190514538,128.1116901891457,369.8279881732972,224.925955131962
150.48266430022213,127.31873426412527,369.2208233831437,226.51186698200289
146.17541849258626,131.19311373105165,368.5212366353622,228.0771864112033
146.4722007644515,130.53895865970867,367.92767209163173,229.38549655388928
146.73549204893496,129.8600047875505,367.4010895226648,230.74340429820558
146.96985980683988,133.79056735279238,366.93235400685495,232.2402148546821
147.17220320134382,132.80892596342267,366.52766721784707,234.2034976334215
142.62390504093696,131.75089380980972,366.22148184691844,236.3195619406474
142.67714001425708,130.61772199439153,366.1150119002782,238.5859055714838
142.58209296295885,129.35172256448135,366.30510600287465,241.11790443130417
137.69138648215736,128.0100840952695,366.57172625840843,243.80118136972789
137.53689802458044,126.71564643710525,366.88070317356227,246.39005668605637
137.3445275682541,125.3242474587449,367.2654440862149,249.17285464277705
137.1517655316218,123.96142606813859,367.65096815947953,251.89849742398968
132.13538449610715,122.66404707103476,367.96971070293495,254.49325541819735
132.01862888959408,121.34297306020073,368.2032219159611,257.1354034398654
131.9563461529321,120.12597049785111,368.32778738928505,259.56940856456464
131.98663010506664,118.95306210637722,368.26721948501597,261.91522534751243
132.077366902631,117.878054525859,368.0857458898872,264.06524050854887
132.281807322079,116.90969021000126,367.67686505099124,266.00196914026435
127.63880952397218,115.99802694283377,367.0158322594895,267.8252956745993
127.97398254094486,115.14468031213974,366.34548622554416,269.5319889359874
128.40133857565462,114.36025397593681,365.49077415612464,271.10084160839324
128.8972232346914,113.69630226109265,364.49900483805106,272.42874503808156
129.38926543944103,113.09525123990602,363.5149204285518,273.6308470804548
129.95750146781484,117.56468725443474,362.3784483718042,274.70077448319245
130.4802430756432,117.1462962621552,361.3329651561475,275.53755646775153
131.06725782051626,121.79612911637915,360.15893566640136,276.24457026049646
131.58568179277103,121.39786102055714,359.12208772189183,277.04110645214047
127.12078717552322,126.1307555480036,358.0544281188087,277.5727662348263
127.6865882952022,125.9606338361917,356.9228258794507,277.9130096584501
123.31179346748064,130.76316477810212,355.69437652908414,278.285986780439
123.83803143243148,130.5656614322632,354.64190059918246,278.6809934721168
124.22638384841437,130.370862643369,353.8651957672167,279.0705910499052
124.74838640738372,130.27737233345223,352.821190649278,279.25757166973875
125.28680587784615,130.15001175945997,351.7443517083531,279.5122928177233
120.83022207022015,130.0010442117931,350.7327532430635,279.810227913057
121.36941742690428,129.86428115820416,349.6543625296952,280.0837540202349
122.02622307785808,124.7935976373175,348.3407512277876,280.3231265430316
122.68342462756573,124.68350953674295,347.0263481283723,280.5433027441807
123.36433306937417,124.54677575042629,345.66453124475544,280.81677031681403
124.15799378730983,124.49168052880731,344.0772098088841,280.926960760052
124.93418630295517,124.42393436041706,342.52482477759344,281.0624530968325
125.76040005702981,124.38415233423444,340.87239726944415,281.1420171491977
121.75157017656295,124.44172724860022,339.1058517995572,281.0268673204662
122.64057732282586,124.67968830988622,337.32783750703135,280.5509451978942
118.84326257106449,125.07993840045921,335.20236804250715,279.7504450167482
119.9407844940585,130.47854323759424,333.0073241965191,278.6276835985867
121.02852958487523,135.86848890287416,330.83183401488566,277.47031756553986
117.31986588367121,136.49864627343342,328.6788189426025,276.21000282442134
118.43958577876813,141.99495727358268,326.43937915240866,274.7342257471386
119.5298267692622,142.6104630914346,324.25889717142053,273.5032141114348
115.92354139682652,148.00570388012864,322.0663787296403,272.1178217206983
117.02525157557443,148.60146662964948,319.8629583721445,270.9262962216566
118.01503975281048,149.16015023003905,317.8833820176724,269.8089290208775
119.11777593104898,149.7072332996095,315.6779096611954,268.7147628817366
120.29656238069208,154.92684722435874,313.3203367619092,267.47113697847186
116.90834514004032,155.53886123730808,310.9575765125641,266.24710895257317
113.5688045320274,160.68031841863808,308.553640216281,265.04721210222215
114.81828906494084,161.39251178023395,306.0546711504541,263.6228253790304
111.57706500929635,162.0679778629908,303.57204370473437,262.2718932135167
112.84676693741841,162.6574773696571,301.03263984849025,261.0928942001841
114.11586489921135,162.9451623947749,298.4944439249044,260.5175241499485
111.03427641319962,163.08136483975326,295.8593630073508,260.2451192599918
112.46676330584208,158.57190102241276,292.9943892220659,260.5109869479455
113.84431207204696,153.86337813705805,290.2392916896561,261.2151660744773
115.24985959995908,149.03953097509083,287.4281966338319,262.18154582931254
116.6371551902372,144.1238626370822,284.65360545327565,263.35989418489225
118.0596460328843,143.47831998232206,281.80862376798143,264.6509794944125
119.46051611059181,138.4492370895432,279.0068836125664,266.1045427599894
120.93604871585077,137.6834579650997,276.0558184020485,267.6361010088764
122.40361976076451,132.5875806849175,273.120676312221,269.26603477401693
123.9336477085759,131.80059717282708,270.0606204165982,270.84000179819776
125.49963077255362,131.03986656604286,266.9286542886428,272.3614630117662
127.1410180950472,130.3638594992742,263.64587964365563,273.7134771453035
128.8761118261113,129.6855341453311,260.17569218152744,275.0701278531897
130.70268600964687,129.12072744816913,256.5225438144563,276.19974124751366
132.57194128640617,128.56821748314616,252.78403326093772,277.3047611775596
130.32446563917676,128.0983610594199,248.93336264698863,278.24447402501215
132.3199001285367,127.5786691936282,244.94249366826872,279.2838577565955
134.3342773289477,122.91270443128809,240.91373926744672,280.3646838343061
136.28571295249458,122.18203744766353,237.010868020353,281.8260178015552
134.2255203453782,117.29466048047033,232.96821717499458,283.4377356763505
136.25805599712916,112.30436812768917,228.9031458714926,285.29565862042085
138.24056236926566,107.16765474449716,224.9381331272196,287.4836499995149
140.18466039723188,97.84186543800402,221.04993707128716,290.0260438836882
142.02255249477446,96.59294474643994,217.37415287620203,292.52388526681636
143.74088262752167,91.29095910070967,213.93749261070755,295.11979845011797
145.44104260563773,86.04703209051232,210.53717265447546,297.61652831179345
151.27704258648782,84.71397935143133,206.83816449270515,300.2826337899554
157.1173861959998,83.55993976981827,203.10966462125782,302.59071295318154
162.7877912672094,82.42007048136975,199.69402300360707,304.8704515300786
168.4497740935289,81.37343198393998,196.27267922576485,306.9637285249381
169.9533542002982,80.33401417800334,193.2655190122262,309.0425641368114
175.34625628866212,83.29535229544257,190.33737232135013,310.97754538778463
176.45033697864181,82.4866835673408,188.12921094139077,312.59488284398816
181.48167814366406,85.6993126713908,185.8908076267503,313.99390365129227
186.3085196299212,85.02520380077232,184.04443460083962,315.34212139252924
187.12189102983984,88.3992970467466,182.41769180100232,316.390040187973
187.7703922809148,91.90290867339772,181.1206892988524,317.16690189449525
188.17321218524975,91.71371489720028,180.3150494901825,317.54528944689014
188.38226488968434,95.34228437996723,179.89694408131336,318.05365287595276
188.47950297941128,95.23369507192672,179.70246790185942,318.2708314920338
188.47591557909874,95.22575858000064,179.70964270248453,318.2867044758859
188.31422106565242,95.39088637256063,180.0330317293772,317.95644889076596
188.04855479337542,95.73561408894176,180.56436427393118,317.2669934580037
187.71463112684242,96.28098496208557,181.23221160699717,316.1762517117161
187.27413319269533,96.82288474343167,182.11320747529132,315.09245214902387
186.72579198942236,97.13518029403448,183.2098898818373,314.46786104781825
185.983752004145,97.36621731405916,184.69396985239203,314.0057870077689
185.08615548376315,97.54354588291676,186.48916289315568,313.6511298700537
184.06878180400406,93.78584427319493,188.52391025267386,313.3542114583337
186.83060250629762,93.65088702190593,190.84250389379247,313.62412596091167
185.65841818693184,93.73670623057296,193.18687253252406,313.4524875435776
188.48265971054093,93.76451877736716,195.46056483103007,313.3968624499892
191.2874909241297,93.98611361571648,197.810416780468,312.9536727732906
190.1610335929318,98.19109575068029,200.06333144286387,312.53597742613766
192.93431737079004,102.30462957058685,202.5404674934703,312.3326133926475
195.77261432544225,102.16467637714484,204.92589232763635,312.6125197795315
194.69811676794487,102.10718807759946,207.0748874426311,312.7274963786223
197.6821674350595,106.2398558731708,209.25026815103342,312.6056428301112
200.7369259773199,106.44366540936969,211.31856005489726,312.19802375771343
199.79415951912966,106.57329698560443,213.20409297127776,311.93876060524394
202.97900416305407,110.87250866553279,215.06774629523645,311.57367985719475
202.08013482498293,111.03390968758617,216.86548497137875,311.250877813088
205.22737468917882,115.36042731514343,218.8545258266906,310.8813631416771
204.28233987180238,115.5173161478069,220.74459546144348,310.5675854763502
207.40475820944027,119.78138690592249,222.83693370587412,310.3766188798254
206.40320831255883,119.9505674143877,224.84003349963703,310.03825786289497
209.69564341541485,120.16978872018646,226.65168676211397,309.59981525129746
208.7959385577243,124.31219517091836,228.45109647749504,309.7346130582064
212.11003385223614,124.36838332961582,230.2740706005916,309.62223674081145
215.49535307386685,124.25108004868048,231.98274895005332,309.85684330268214
218.9701983215026,128.31890153762197,233.54390502203285,310.2320468920502
218.21713056458896,127.84645220851402,235.05004053586018,311.1769455502661
221.75566773650058,127.43045118704637,236.554055316405,312.0089475932014
221.0671097051788,131.31842734561482,237.93117137904852,312.8513277439866
224.670178545106,130.87259659348814,239.3786895471261,313.74298924823995
228.37255946996,134.77376625069508,240.66480214855932,314.6315243849673
