172.0,230.0,279.0,109.0
168.1710037038676,233.7794017756894,279.69618220561495,106.4030068352711
168.044132869669,234.01475093060068,279.94992387401214,105.93230852544848
170.73967569043361,234.59531462380448,280.47923029212893,104.77118113904089
173.42475639620963,234.71425764541647,281.016145835871,104.5332950958169
176.1016599689306,234.5665944874972,281.57282105534244,104.82862141165542
175.79770717388888,233.7571250149153,282.18072664542586,106.44756035681927
178.62056489914863,232.95588323311665,282.49666369406816,108.05004392041653
181.51331024522617,232.23582181869347,282.7061659535373,109.49016674926294
187.28220168857226,234.184957346366,283.2160704773676,111.61573939917909
190.15561107601755,233.04873070940263,283.5384884842203,113.88819267310585
193.00232589600685,235.04055164602673,283.95952813811704,116.01902009373299
193.26245684431802,233.90626158394912,283.4392662414947,118.28760021788824
196.68728622554576,232.96407413524278,282.78092171836585,120.17197511530088
200.16252254389502,235.03828412912992,282.04564907362226,122.23875511948151
200.60299217890767,233.9983507570887,281.16470980359696,124.31862186356396
204.03535227078308,236.14788566462846,280.56498642687615,126.28454885551447
204.26511856729783,238.17455627543487,280.10545383384664,128.52206687879885
204.57638657363793,237.15932801074754,279.48291782116644,130.5525234081735
207.7117256032626,236.1251021723153,279.5621147224317,132.62097508503797
207.44483083242326,234.93903416745945,280.0959042641104,134.99311109474968
210.3609140298517,233.62159023413506,280.6999486224737,137.62799896139848
209.79217575013638,232.38543821770617,281.83742518190434,140.10030299425628
209.0890419475977,231.08612536662577,283.2436927869817,142.69892869641706
208.60013714350714,229.8538613155123,284.2215023951628,145.16345679864403
208.06248805321107,228.35721178841933,285.29680057575496,148.15675585282992
207.68061932956292,226.90004325244223,286.06053802305127,151.07109292478412
207.1644432855536,225.565410606905,287.0928901110699,153.74035821585858
206.90623528549287,224.23907612118552,287.60930611119136,156.39302718729758
209.92041644886655,222.7787068891758,288.49634972772515,159.31376565131703
209.4557554295129,221.2194979292024,289.42567176643246,162.4321835712638
212.46686305417148,219.48951208608966,290.4487196868964,165.89215525748926
211.97345603567524,217.91897624996184,291.4355337238889,169.0332269297449
211.53722290186363,216.2448713658195,292.30799999151213,172.38143669802955
214.47420701999422,214.48357517437313,293.69079365864735,175.90402908092233
213.70001751420642,212.7380868091784,295.23917267022296,179.39500581131173
212.84832004380297,210.93571460011106,296.94256761102986,182.99975022944648
215.79222847373515,205.2045689330086,298.5594583822895,186.9573339325274
214.89908635391765,203.38520327514811,300.3457426219245,190.59606524824838
214.0667190735809,197.6447663261739,302.010477182598,194.39402007000024
213.06954649481,199.76147687244725,304.0048223401398,197.93193100268567
212.06430180047752,193.95725379106153,306.01531172880476,201.68011137893484
211.23792260614846,196.1506565024656,307.6680701174629,205.246189468575
214.09786160935232,186.23820954940206,309.9852208874471,208.99702582191827
212.93791180872276,200.94707627241203,312.3051204887062,212.11598578404602
211.76966173705523,191.18598837798277,314.6416206320413,215.19649172355753
207.12326820362847,185.42643598427787,315.6273234448572,218.40851225692975
202.48550914766284,196.11685899802558,316.52773992391093,222.15297112806704
197.80889453271584,185.8439569281021,317.43041845527205,225.79767387084829
193.30620890618582,180.33751483594364,317.9114976458186,228.28626599265172
188.95222083445594,199.87675121679416,318.0469329791923,232.07049728138077
188.82726785831727,190.7654834956864,318.29683893146967,233.0194822098152
192.81915974685904,181.42374995231634,318.969197127896,234.3906653495356
204.82007180607852,181.14054207848324,321.0339036754679,234.95708109720184
203.83814851538284,189.45190409165951,322.99775025685926,235.79334016185294
198.6752938696198,193.36220297834,324.55043020369624,236.7457717331811
197.8527427954739,188.6481559991101,326.19553235198805,237.36163520008313
192.8355219184348,192.65328103605674,327.3826658791083,238.19869335314775
192.23156733048197,192.23577532902908,328.59057505501397,239.0337047672031
191.68034960087573,196.3989489863454,329.69301051422644,239.61846445919508
186.95979778006784,200.39519879585512,330.1966768693442,240.56340212667368
186.5185928477726,200.11458468886488,331.0790867339347,241.12463034065416
186.16204532606622,199.83585558625188,331.7921817773474,241.68208854588016
186.0728397065373,199.91211580454126,331.97059301640525,241.52956810930144
185.98491638975082,200.07616726677296,332.1464396499782,241.201465184838
190.14552310995788,200.1123798226617,332.8258850798243,241.12904007306057
189.91616470660892,200.05477362541313,333.2846018865222,241.24425246755766
189.66628873084625,200.06693720444056,333.78435383804754,241.2199253095028
193.99735032208608,200.08586724439812,334.14803569418626,241.18206522958766
193.44509903324092,199.9892339443035,335.2525382718766,241.37533182977694
192.9878346343047,199.9172049755217,336.167067069749,241.51938976734053
192.58833939515674,199.78221956134513,336.96605754804494,241.78936059569367
192.10711719762614,199.69793092356457,337.92850194310614,241.95793787125476
191.48455581262857,194.96940811026053,339.1736247131013,242.31423307809712
190.71015590238483,194.93877702709372,340.72242453358876,242.37549524443074
190.10182108563072,194.8587049764775,341.939094167097,242.53563934566318
189.5847198875033,194.79291567455093,342.9732965633518,242.66721794951633
188.97857037462896,190.09505977835718,344.1855955891005,242.87412562383378
188.3231607920838,190.17897111849234,345.4964147541908,242.70630294356346
187.56786122020296,190.35332503216733,347.0070138979525,242.35759511621347
186.830537023263,190.63110945941233,348.48166229183244,241.80202626172348
186.0687503372044,190.67364730292405,350.00523566394963,241.7169505747
185.2453770578479,190.7363570636684,351.65198222266264,241.59153105321133
184.46430366765526,190.9021245155044,353.2141290030479,241.25999614953932
183.63109479297742,190.9632837181167,354.8805467524036,241.13767774431471
182.79543911265577,190.9883894418467,356.5518581130469,241.08746629685476
182.03228528699967,191.00105109279397,358.0781657643591,241.0621429949602
181.28968603665672,191.0220481257172,359.563364265045,241.02014892911376
180.6550835963638,191.1939377302388,360.8325691456308,240.67636972007057
179.95632407778754,191.33210571305924,362.23008818278333,240.40003375442967
179.22709624992493,191.4015031121117,363.68854383850856,240.26123895632477
178.48926041475755,191.52602385492895,365.1642155088433,240.01219747069024
177.6448350692084,191.94856474541353,366.8530661999416,239.1671156897211
176.82310579013068,192.45706952301543,368.49652475809705,238.1501061345173
176.07231522614717,192.88420650695474,369.9981058860641,237.29583216663866
175.4490585504263,193.33700074864348,371.24461923750584,236.3902436832612
174.92801236574945,193.91003576061206,372.2867116068595,235.24417365932405
174.55534521760225,194.58975147449397,373.0320459031539,233.8847422315602
174.1263422751801,195.2014190222714,373.89005178799823,232.66140713600535
173.75367772819678,195.97823702866003,374.63538088196486,231.10777112322808
173.20722478938026,201.18920401348123,375.7282867595979,230.15791773934959
172.7889754467195,201.77655583004437,376.56478544491944,228.98321410622333
172.35639348363955,202.10812071812285,377.4299493710793,228.3200843300664
171.8122060930713,207.36259743660202,378.5183241522158,227.27797282972622
171.42628732265848,212.64063365146274,379.29016169304145,226.18738101765993
171.21989020900472,212.88666974733394,379.702955920349,225.69530882591758
175.73326220010446,218.14627772968737,380.1326061471371,224.63248707019827
175.41198265098674,219.3527229251804,380.77516524537253,222.21959667921226
179.6519445678267,220.82238272252562,381.70879391620434,219.28027708452177
179.627991311699,221.58289541362535,381.75670042845974,217.75925170232233
179.51560140933955,222.08412914830012,381.9814802331786,216.75678423297276
179.20066279957337,217.96280402491684,382.611357452711,215.66066976860503
178.91554810981768,213.94881403809597,383.18158683222237,214.3592031944829
178.86404634025632,209.93480431241426,383.2845903713451,213.071496657874
178.97197048921825,205.9558884112024,383.0687420734212,211.73402091058335
178.98280189812036,202.0134743466926,383.047079255617,210.34953803360102
179.1146576101457,202.83471891098557,382.7833678315663,208.70704890501503
183.48605238012357,199.00613815918632,383.25398793203,207.15080076819413
187.60579515125116,199.76802958651746,384.20823408226994,205.62701791353183
186.9135466132637,195.91919652586662,385.5927311582449,204.1429899681255
186.9076262916801,196.57716062184926,385.6045718014121,202.82706177616026
191.62057453241218,197.36051583153147,385.3328731846423,201.26035135679584
191.70381371338297,198.3191154391825,385.16639482270074,199.34315214149376
191.82384622593256,198.52490239712756,384.92632979760157,198.93157822560363
192.3492842121828,199.4315803494601,383.8754538251011,197.11822232093857
192.9509906274022,200.1311979473235,382.67204099466227,195.71898712521175
197.67648571944423,201.19107427659773,382.20982965067066,193.5992344666633
197.9763120134135,202.42910396426447,381.61017706273213,191.1231750913298
198.38262574601572,199.09003810902442,380.7975495975277,188.9074720882785
198.78807581985197,199.92170151326906,379.9866494498552,187.2441452797892
199.20124894534484,196.68470046159518,379.1603031988694,184.91524630821235
199.80745646302734,197.63457508394941,377.94788816350444,183.0154970635039
200.6587026009004,194.4133103115736,376.2453958877583,180.7583222499615
201.77319343212346,195.38254077266896,374.0164142253122,178.81986132777078
203.0246578077363,192.1990845430041,371.5134854740865,176.61743467491982
204.29936082970949,193.0813524060853,368.96407943014015,174.8528989487574
205.34077586216043,193.8056249217666,366.88124936523826,173.40435391739481
206.42896561920372,194.5754687024106,364.70486985115167,171.8646663561068
207.39006982906517,195.30549978277085,362.7826614314288,170.4046041953863
208.13843835463447,196.01967324546342,361.28592438029017,168.97625727000113
209.00620954477617,196.81124192833283,359.5503820000068,167.39311990426233
210.03253177448283,197.67091404115263,357.49773754059345,165.67377567862275
210.9439163549197,198.42988939955677,355.6749683797197,164.1558249618145
211.7710792037166,199.20458014668412,354.0206426821259,162.60644346755973
212.73560460200463,199.93504654067993,352.09159188554986,161.1455106795681
213.85071182407358,200.7219227084443,349.86137744141195,159.5717583440394
211.02441579738343,201.42386641206647,347.6325621759123,158.16787093679505
211.9182919550443,206.08010905697031,345.84480986059054,156.6797941184745
212.8914482653576,206.7824149962393,343.89849723996394,155.27518223993647
213.4378217863661,207.53237928959564,342.80575019794696,153.77525365322384
214.1437117579862,212.3232826980971,341.39397025470674,151.87066567277756
214.78886578217026,212.91848789492803,340.10366220633864,150.6802552791157
214.91683271717983,217.47634797705607,339.8477283363195,149.14813285277256
214.9305620652626,221.9917584211972,339.820269640154,147.67021904976656
