208.0,223.0,361.0,64.0
224.53923822384425,221.2523524548556,358.2767945016437,66.49529509028879
220.01749421281045,220.17038135259992,354.755476307245,68.65923729480016
183.05701771289756,219.2965976867541,347.0898978653869,70.40680462649179
174.29887409195595,218.54519043001906,339.7929547642319,71.90961913996189
183.02427986593156,218.44430766426217,334.60372837335234,72.11138467147563
241.34411198552954,218.01828922778617,339.2102544091032,72.96342154442763
224.99705462927,217.89094822069978,341.18911693705945,73.21810355860042
235.72038970946966,217.48271497026172,344.44477732837663,74.03457005947655
231.37415985509986,217.0932984850594,346.90044902227174,74.8134030298812
227.59998024906736,216.78998355782346,348.1627050868915,75.42003288435308
237.82074582877925,216.49805319353717,352.9829167112281,76.00389361292565
230.81438812282897,215.75136641863773,354.207674390257,77.49726716272455
226.68790072117338,215.4304612090591,356.02074410848115,78.13907758188182
220.4320601596436,215.15401540338993,355.57723284657976,78.69196919322015
218.17109666573486,214.78439185407092,353.61710139109437,79.43121629185815
216.22496008376578,214.72746271870474,351.0404717431111,79.54507456259053
214.90481074218846,214.7164369372948,347.2456908910794,79.56712612541044
227.60878619217328,214.37186755253038,347.3675267765665,80.25626489493926
224.96748719719264,214.5555352606229,346.2527595265912,79.88892947875419
222.29555530539736,214.82528814766738,345.22189258678105,79.34942370466523
231.156567696472,215.37431117170917,346.54977170312804,78.25137765658167
228.14205085273102,215.28428219834947,346.2313521280573,78.43143560330107
225.16319723908785,215.09131332121785,345.84259710448924,78.81737335756432
234.22076747204648,214.80768929945327,346.7727736783985,79.38462140109344
224.60168417807495,214.88075467967812,346.89394452460874,79.23849064064378
230.7610149709211,214.49122304133195,347.3177271552655,80.01755391733609
228.1630703918513,214.38045144065836,346.1215235635193,80.23909711868325
236.74360234318434,214.17878627448192,348.09927574035095,80.64242745103613
230.43924549520688,213.7753700459683,347.8779856718411,81.44925990806341
242.32540934309185,213.19804855975178,349.81507580438677,82.60390288049642
232.69238006858455,212.27783637240154,349.6514744762799,84.44432725519691
239.30350812829172,211.80627306422346,349.44801064592747,85.38745387155306
236.41031882165927,211.11878399184536,348.7098772419825,86.76243201630928
242.46043325169768,210.92648298052114,349.6902638946316,87.14703403895771
239.40718220644425,210.23183280178455,349.23539845068603,88.5363343964309
236.88300082179165,209.7387916102727,347.7024199551719,89.52241677945459
237.93829131577198,212.47396630507518,345.59183896721123,90.6305486911117
246.56677593324633,212.21955978234286,348.0441329976044,91.13936173657633
240.10516209240996,212.107175894399,347.73968440556166,91.36412951246403
237.57851960392077,211.47699230622743,346.17917012219596,92.62449668880717
237.81086775955762,210.9103804701177,345.71447381092224,93.75772036102667
235.2714362587181,210.42022023814056,344.16296186696957,94.73804082498093
235.611596866374,210.3774711127346,343.4826406516578,94.82353907579285
235.45006122858382,209.87850858980795,343.8057119272381,95.82146412164616
235.7091139066819,212.4832882942414,343.287606571042,97.25410269281747
233.4500732573174,212.15346071311782,341.1439936341037,97.9137578550646
234.586413887883,214.46547739920894,338.8713123729725,99.93348045336774
232.68454108481612,214.02102637452015,336.02579178962964,100.82238250274534
230.73218050674322,216.5008105237502,333.3049852630755,102.48834188698515
238.09476532295395,216.45412841576905,331.8155369822132,102.58170610294744
233.8355042235745,215.72136715273126,327.1370987584104,104.04722862902301
233.02366464356447,217.90337937054431,322.2016206819185,106.24236142990893
232.05183636197614,220.28423226876276,317.615925261743,108.0100076168242
234.12391573114243,222.70201698398523,313.4717665234104,109.67083568787504
240.53390963555435,222.6173145846299,313.5868845870593,109.84024048658573
238.48290758474138,222.1443679499881,311.2166133396803,110.78613375586934
236.56448125679657,221.93920570335092,308.5978635474264,111.1964582491437
241.00846569354167,221.7127744652848,306.1355053582548,111.64932072527591
242.71729437035654,221.4508358222218,302.71784800462507,112.17319801140194
244.2404019826581,221.43527501077307,299.6716327800219,112.20431963429937
243.17769960476346,221.0151072240938,295.48100091212837,113.04465520765794
242.2126305148641,220.14744157280717,291.1400907026068,114.77998651023123
244.1234473086202,219.22309145343297,287.3184571150946,116.62868674897956
243.05968218783948,215.5891378036807,283.2282156792454,117.67882237107352
242.594448081582,214.98612116839712,277.9812226490996,118.88485564164071
238.87589284032518,214.64543252561685,273.17228591768816,119.56623292720121
238.9530060197273,211.56789518377775,266.95261697594015,119.65586502793562
235.62545889699695,211.3965220767292,261.6540513394604,119.99861124203272
233.15236284138388,208.48116021328218,254.7884980059405,119.92346224655377
252.92407542747952,205.7797229403047,250.07290002304651,119.52169892762578
250.4836882637485,200.3240758789306,243.49589044611,118.97520914597543
245.0684761704291,197.4224696900047,237.45620671414417,119.15505221762571
243.21639825587124,197.51969102837455,230.08409682859966,118.96060954088601
238.57241250771835,197.34938120261606,223.0920316977234,119.30122919240301
246.6100560382967,194.89922059804445,217.6761967603949,118.87182433963213
253.24682626840016,192.55876723986566,209.64521346304258,118.31017389313513
257.95792039130373,190.68535952768553,200.22302521723543,116.942654823299
264.9841384701782,189.2521580146953,191.12209081154896,114.85755609721686
269.80275044385775,186.17383516772804,181.4848668641899,111.45217786432765
274.91874980913997,182.3763988205556,171.25286813362547,105.306735507533
281.09375522401695,183.19106644123346,163.22706118793707,99.3531963821117
279.4647518000753,180.25642212957888,154.17180097817544,92.90921794777583
283.3095588786857,182.01749146660558,146.48218682095458,89.38707927372248
283.2408214536441,183.6093861797627,139.24532089775545,86.20328984740819
284.31485014654686,183.22176021096124,133.5715429624202,83.45282123548155
284.99777062908913,184.43571907671821,128.81085581290577,81.02490350396758
285.32893007965373,185.77203039737,124.86552851888851,78.35228086266402
285.02610018172754,186.47346200192288,122.29193386207271,76.94941765355824
285.93386429979427,186.9663781129782,120.47640562593928,75.96358543144765
285.0505869837528,187.35937988181206,119.16933652962186,75.17758189377994
284.1909478920437,189.27441469222026,117.8476985348791,74.38842845112447
283.09710571489126,189.30058886958332,117.02744491404155,74.33608009639835
282.0201202199139,190.58947975313856,116.18662386560769,74.75309036767646
280.9729133218773,192.23133410068345,115.29186423045255,74.45855510381497
278.2393652320104,193.7785744484762,114.81726491086705,74.33492215788908
276.9103542377221,196.77545076552758,114.51361658240563,74.26451015786236
275.64490275701195,198.12298789502648,114.08857655019372,74.52537889249686
274.270738881216,200.7802907729144,113.88298694341847,75.11860785345523
274.4383522048908,200.47056804146257,113.54776029606892,75.73805331635893
273.0136557481045,201.20124032653885,113.43117856715479,77.24268338869297
271.72396136918184,200.7989001497542,113.02138021306837,78.04736374226229
271.80197649701955,201.71747780125762,112.86534995739297,79.20653658916763
271.8846140116866,201.44444044462244,112.70007492805884,79.752611302438
272.0499607784767,200.63898245583033,112.36938139447865,81.3635272800222
270.87139276112237,200.0909068102217,111.68538949902042,82.45967857123946
270.92466314613165,199.4481749645277,111.5788487290018,83.74514226262747
271.02664161608124,199.36733239340367,111.37489178910266,83.90682740487551
271.07289675391144,199.16565203731233,111.28238151344232,84.3101881170582
271.32362465952383,198.65705528083328,110.78092570221744,85.32738163001628
273.12253790798127,198.36526460889883,110.26490879865966,85.91096297388522
274.8108800392012,195.23062845922053,109.9716510597724,86.01338222613663
275.2127771664526,194.86555396469305,109.1678568052696,86.74353121519155
278.64243913294473,191.24411409709202,108.46885679119183,87.82608703148725
280.7133557054818,189.17245831898805,107.41400634886858,88.88241588494436
282.93342364697503,186.9150326053453,106.06170689512433,90.3094308829877
286.52975798660674,182.91245688410157,105.04897914309485,92.13464139824123
286.938013083147,180.47329566193514,104.23246895001435,93.90937540511204
288.8283053316114,177.96577978537027,103.57116956219019,95.80512204913708
292.6668385470365,174.03173375764837,102.172480309956,97.39483692596491
294.9029824073438,170.23949944002737,100.84275982745974,98.69417108497016
298.5015544802783,167.38488047012578,99.93015234063273,101.26114069525237
300.58662838010684,164.90818382638315,98.92835402731583,103.0461844963973
302.46905695708347,163.68483781128072,98.34403299977926,105.49287652660217
304.4062405433994,163.2863791879297,97.67920231742775,106.28979377330424
307.5693841775136,161.87111040883292,97.77570414530368,109.12033133149777
309.3591827470673,160.56202991129186,97.45308754279222,111.73849232657992
311.410750029154,157.66729877111234,96.64238767123862,114.23551991431901
313.35919043972706,156.31311771791366,96.06352822990615,116.94388202071639
315.6878079627053,155.2236345791905,94.75670898106108,119.12284829816272
319.1373240054232,153.79268268882683,94.58310327583989,121.98475207889004
319.3616491854752,152.60848116280735,94.13445291573593,124.35315513092901
321.1358365542844,151.1930623580688,94.0185906798122,127.1839927404061
324.31601547074507,149.3204778202504,94.60563874374975,130.92916181604286
323.8993733523025,147.70933401742008,95.43892298063481,134.15144942170355
325.3197964287974,148.01299171490476,96.20080084627162,137.14685804536066
326.94147158101043,146.61038340954343,96.61804599647309,139.9520746560833
328.9236162744638,147.20307231921987,96.3636118924581,142.47655211962228
330.74023471171085,149.43757236724298,96.47407075440664,145.4949434964611
332.68216307826725,147.6643263456171,96.38114963790119,149.04143553971284
332.83838340615057,148.36261100205118,96.06870898213455,151.48748171833932
336.84710272446875,146.67062007803833,95.79931832328188,154.87146356636507
339.1424411405252,146.95774719466965,95.12871408464727,158.21728192658068
339.5075880014788,145.62898012217664,94.39842036274008,160.87481607156667
341.8706230389894,144.08939138391793,93.65817822423612,163.9539935480841
346.50889093105434,142.8287096138101,92.41953741346168,166.47535708829975
347.47440739965805,142.1809119039209,90.48850447625428,167.77095250807818
350.45055762347323,143.64940685825945,88.55750027086835,168.85525884164542
351.27189717100174,144.8092084201923,86.91482117581135,170.53978886811117
354.1548883214052,144.0340916002628,85.14941519989029,172.0900225079702
356.95141625841796,145.11942763433322,83.5491130391885,173.91210415315305
357.69104641849924,144.2867699294902,82.06985271902587,175.5774195628391
360.5062982737548,145.71073967798924,80.4294228928665,176.7195539501926
363.22904431285036,147.06855248416701,78.9619112809311,177.98190880409274
364.0576743221301,148.5268432312126,77.3046512623716,179.03585818539523
366.9762897871242,147.98087205872045,75.42400620999508,180.12780053037955
369.9085707245417,146.750313971815,73.49853055168498,182.58891670419047
372.8496991744721,145.36090494273088,71.55660618676444,185.36773476235868
373.6741879164516,150.68024052439878,69.90762870280531,186.56574820109432
374.6427913915211,147.80742161126875,67.97042175266648,188.37827570938302
377.6425527069885,147.3151671909428,65.89497684519172,189.36278455003497
378.51473311114955,144.93989525456823,64.15061603686968,190.21285383697028
379.23640014577984,147.53894741684132,62.70728196760909,192.77633121449472
380.18127031841664,137.71424108061694,60.81754162233553,196.86243200004336
381.0335224482204,146.1896242177603,59.11303736272791,199.48171027511714
381.9418966573852,137.40080374813652,57.29628894439834,201.38134597101416
382.60809282534717,147.02498107152056,55.96389660847442,201.69544314660857
383.3579755580777,139.16639997668798,54.464131143013375,201.84463767005042
384.044504480434,145.49562281504996,53.091073298300785,200.7840092114882
385.00683364961367,137.37831576844235,51.16641495994148,201.71798544990406
385.70267541022406,140.0597766342913,49.774731438720636,203.95887323404924
