175.0,158.0,167.0,200.0
174.8364479051516,156.79108879954083,166.32710418969677,201.4178224009183
172.3741300807209,156.24047323114263,165.46707625338752,202.51905353771474
172.78789664802008,155.67311728696185,164.63954311878913,203.6537654260763
173.2992984602734,155.15409697937622,163.61673949428254,204.69180604124756
173.91052827252938,154.55704814448598,162.39427986977057,205.88590371102802
174.67731135951965,154.03581298743518,160.86071369579003,206.92837402512964
175.34069969778818,153.65726170066716,159.53393701925293,207.68547659866567
176.13073164315324,153.44038718727268,157.95387312852287,208.11922562545465
176.9459564727585,153.13851050594215,156.3234234693123,208.7229789881157
177.8790945067579,152.77237724812545,154.45714740131353,209.4552455037491
179.02336908629033,152.53046981123907,152.16859824224866,209.93906037752186
183.04857880711836,152.25780641426417,149.80248961082987,210.4843871714717
184.33821053706555,152.13012339146462,147.22322615093552,210.73975321707076
188.446312055764,151.71074000571167,144.6220059332202,211.57851998857666
189.84047793426154,151.31391939164905,141.8336741762251,212.3721612167019
193.99175907934944,151.04306422501892,139.0814352528074,212.91387154996215
195.29354438620123,150.66300859670105,136.4778646391038,213.6739828065979
196.6180061851054,150.1522914182155,133.82894104129548,214.695417163569
200.80777632136272,149.5479220660739,130.9009130411167,215.90415586785218
205.24210667040745,146.24544676463506,127.45258130200043,217.08877751175675
206.86452680841526,145.7997561544441,124.20774102598484,217.98015873213865
208.41540178315302,145.24110579114188,121.10599107650935,219.09745945874312
212.6985883267751,144.62554333221107,117.84129999131707,220.32858437660474
214.25767223080882,144.10210357362314,114.72313218324966,221.37546389378062
215.65347922631622,143.53737897885134,111.93151819223488,222.50491308332417
217.08338278936623,143.11857764503628,109.07171106613485,223.34251575095433
218.4690413889456,142.63901037307406,106.30039386697611,224.30165029487875
219.85206645548843,142.19273568657033,103.53434373389047,225.1941996678862
218.87434337867424,141.95390089753113,100.40236704376316,225.67186924596461
220.15634991229362,141.68647278291073,97.83835397652439,226.20672547520542
218.90558966750487,143.7520269813446,95.33790687465655,227.07758466978296
215.0248001844401,146.07074146570756,93.15885166404586,227.4104727894271
210.9713787305497,148.4521753459004,91.3928559858856,227.58402432201197
209.35796075662302,148.44259888094632,89.71223433534377,227.60317725192007
207.823626525886,150.78176651675165,87.90319078211216,227.8025539950152
206.17678461477738,150.5746234660836,86.34870149242246,228.21684009635126
204.4378683175583,150.15371409584122,85.00033824016904,229.058658836836
202.513728184847,149.4884779473484,84.03464197165948,230.38913113382165
200.7879001158013,148.72386623621279,82.67071075490242,231.91835455609288
199.191499369162,147.87544952983518,81.05075394348742,233.61518796884806
197.74846242959515,147.2590017742978,79.12927392690489,234.84808347992288
198.81711154268436,144.29059517414711,76.99197570072648,235.99481004063597
199.9314816449787,143.26984014637762,74.76323549613781,238.03632009617496
198.95539365808764,142.10294785181435,71.9601568620125,240.3701046853015
200.03766255383456,139.04429204141482,69.79561907051867,241.75095622493205
201.0831056896546,138.48246959008856,67.70473279887864,242.87460112758458
202.06726112419364,137.8702872304133,65.73642192980054,244.09896584693507
203.09618974421298,134.67040504023154,63.67856468976187,245.82592364063197
204.21633995314684,133.8958577964071,61.43826427189414,247.37501812828083
205.45113425737915,133.31213817207302,58.9686756634295,248.54245737694902
206.73610521393343,130.52753282983167,56.39873375032094,249.50476878655252
208.03319636097834,129.87219846652368,53.80455145623115,250.8154375131685
209.31670797460993,127.16414500818895,51.23752822896795,251.6921210055082
210.48748781209935,126.50716744373113,48.89596855398915,253.00607613442384
211.62536767178506,123.6477119224793,46.62020883461767,254.25050581407314
212.59547561871838,120.74251356963521,44.67999294075107,255.61377436560832
213.41107352839833,120.17213298554003,43.048797121391175,256.7545355337987
231.69747812687586,113.07122335804843,41.766086766244165,257.72256772310385
232.32492175022517,117.0233237852809,40.51119951954553,258.6166641664736
232.90391404452828,116.71614111061487,39.3532149309393,259.23102951580563
233.26671261860264,116.11782597651177,38.62761778279058,260.42765978401184
233.4269048661283,115.62305611514807,38.30723328773928,261.4171995067392
233.35631472840953,115.13929995108904,38.448413563176814,262.3847118348573
233.0266449532039,115.09045939431994,39.10775311358804,262.4823929483955
232.55972284486143,114.8669226077642,40.041597330273035,262.929466521507
231.81791348757733,116.91832967070968,41.5252160448412,263.2633431310442
231.0173465523911,116.7282988688745,43.126349915213666,263.6434047347146
230.20467029337593,116.4694114572209,44.75170243324401,264.1611795580218
229.26379472075058,116.18713779146123,46.63345357849473,264.72572688954114
228.35942140253576,115.90777598500452,48.442200214924355,265.28445050245455
225.08502161341656,115.09412929486663,50.35483519359508,266.9117438827303
223.96121650815851,114.82785743036786,52.60244540411115,267.4442876117279
220.3983432829222,114.29821304591576,54.98046313195865,268.50357638063207
216.79477887448536,113.80791925718304,57.37879460198941,269.4841639580975
215.50422761333394,113.60169845059818,59.95989712429226,269.89660557126723
211.87205037762837,113.26009346901614,62.29969945017758,270.5798155344313
208.1149698608727,110.28376228469332,64.83480160732661,271.5534190267146
204.1734479075577,107.42693516844253,67.67665764583671,272.2258853910963
202.79841198818713,104.56924408572144,70.42672948457786,272.83653295399205
198.8084883184962,104.21859023787036,73.24114482903663,273.5378406496942
197.5441455050452,101.34625652974916,75.76983045593856,274.0541148116994
196.36740054187655,101.18918150268897,78.1233203822759,274.36826486581975
195.31163483654024,98.28685866364023,80.23485179294853,274.8412703849681
194.22506618215414,98.14484946364598,82.40798910172072,275.1252887849566
193.03506749668134,98.02230993606756,84.78798647266632,275.37036784011343
191.79796696991386,97.97422442278443,87.26218752620126,275.4665388666797
190.459505742301,97.73267368970477,89.93910998142702,275.949640332839
189.12038397195482,97.55795225030661,92.61735352211933,276.2990832116353
187.58575751603547,97.48785444475078,95.68660643395808,276.439278822747
186.1891416592482,97.62879179229262,98.47983814753259,276.1574041276633
184.7991907885993,97.86984586261511,101.2597398888304,275.67529598701833
186.22217155534753,101.04188533503805,104.18870893758567,275.1061476244242
184.86592515785756,101.29624552111085,106.90120173256561,274.5974272522786
183.52570523060695,101.47076949690958,109.5816415870668,274.2483793006811
182.02037312949582,101.69633265399091,112.59230578928906,273.79725298651846
180.5268857708624,101.75146719973645,115.57928050655588,273.68698389502737
179.05353416483644,101.70680090184263,118.52598371860785,273.776316490815
177.54858689469472,101.6816625626856,121.53587825889129,273.82659316912907
176.0807325942933,101.55286656354059,124.47158685969413,274.0841851674191
174.5169815526168,101.45125140562558,127.59908894304712,274.2874154832491
172.9492740323799,101.27645696514995,130.73450398352094,274.6370043642004
171.34750813386353,101.18053789268942,133.9380357805537,274.82884250912144
169.7056331522832,100.97621603086304,137.2217857437143,275.2374862327742
171.23436709481336,97.55860571852045,140.56818409669478,275.6688406194186
169.68341905829533,97.4380521692924,143.67008016973082,275.9099477178747
171.3847861888912,94.05817737819248,146.79234572332024,276.14469748529336
169.86508692812373,93.92571193451141,149.83174424485517,276.4096283726555
171.63055177774396,90.38696344220821,152.93887074289998,276.8490691599767
170.14725407289725,90.29077216567336,155.90546615259336,277.0414517130464
171.86220878378953,86.83905467157871,159.2265699905694,277.19387344147515
170.2794699247733,86.72952983981443,162.39204770860184,277.4129231050037
172.1172218735395,86.59250653501118,165.5831363323567,277.6869697146102
174.05340450651983,86.61185153273101,168.63536817731347,277.64827971917055
172.55173167980593,86.77809295653537,171.63871383074124,277.3157968715618
174.5500002941156,87.01412725178889,174.6631895211608,276.8437282810548
173.303930420807,87.35394179296395,177.15532926777797,276.16409919870466
175.55661357693143,87.70011293496938,179.74615630797695,275.4717569146938
174.3131306466645,88.05206043932662,182.2331221685108,274.7678619059793
176.70249661235172,88.44142534946045,184.61427791437978,273.9891320857117
175.74343252997033,88.77568121357899,186.53240607914253,273.3206203574746
178.3970538370947,89.25308459148363,188.43462806256755,272.3658136016653
177.351561257327,89.5210811529235,190.5256132221029,271.82982047878556
176.33049709196575,93.52180651863526,192.5677415528254,271.0813590407812
175.32763419225896,93.90726934506185,194.573467352239,270.310433387928
174.41886390172368,94.50078290044542,196.39100793330954,269.1234062771609
173.48353934567274,95.01570058567674,198.2616570454114,268.09357090669823
176.18104199411235,95.39981255044154,200.19021575572634,267.32534697716864
175.28458643155938,95.92513534296057,201.9831268808323,266.27470139213057
174.34818334039963,96.3449689911225,203.85593306315178,265.4350340958067
173.39967693416372,96.63930895824203,205.7529458756236,264.84635416156766
172.5274859884544,97.05372688753829,207.49732776704224,264.01751830297513
171.61248459846223,101.08964250676763,209.3273305470266,263.35776901992733
174.51391500024863,105.05740120523848,210.95616221678029,262.8539440963122
173.59874703374362,109.08715500347489,212.78649814979028,262.24481458744776
176.32337139964105,113.16061987771548,214.8079140063499,261.568549427321
175.40199322122908,117.34900123838139,216.65067036317384,260.6847374206034
174.5420808152549,121.48236830633641,218.37049517512216,259.92709574178144
173.6934101337323,122.05358261063483,220.0678365381674,258.7846671331846
172.8372965407986,122.61982295392019,221.7800637240348,257.6521864466139
171.87556423095637,123.05562189719453,223.70352834371926,256.7805885600652
170.96857380736222,123.29302116030615,225.51750919090756,256.30579003384196
170.04401715866197,123.46817679915725,227.36662248830808,255.95547875613977
169.1196637502543,123.69687122270561,229.21532930512345,255.49808990904305
168.19173040057694,123.82793198845359,231.07119600447814,255.2359683775471
159.6056623598409,120.11098607232822,232.931299118462,255.01384372605372
154.96423778784055,120.20436098661509,234.5319403044572,254.82709389747998
146.5357732201593,120.24267256592249,235.979300606737,254.75047073886518
138.20822927514226,120.26923248427829,237.18115983968454,254.69735090215357
129.8366406820369,120.25392877980246,238.43455643228643,254.72795831110523
117.6739191752028,120.05662406364843,239.4641622219167,255.1225677434133
113.20403352918515,115.88243627595315,240.61614203717306,255.68315184202493
108.52880338141009,111.47085672215579,242.15176589651173,256.6914745134082
103.87892957784545,107.10573127269129,243.59654871213795,257.56676062083415
99.17723589453986,102.67464395210769,245.10836712568383,258.53736630893604
94.42099808591192,102.2103955858963,246.6901187540662,259.46586304135883
93.63919397138031,101.76657056810043,248.2537269831294,260.35351307695055
88.68542910367044,97.33533904548113,250.15226054548967,261.2069799491297
84.0336118445132,97.26005020611873,251.4034640939348,261.3575576278545
83.43366924825912,97.25427308448494,252.60334928644295,261.3691118711221
78.71369488611306,97.30538040530425,253.94953779989768,261.26689722948345
78.03497693059937,97.40435480951368,255.30697371092506,261.0689484210646
77.3016857348513,101.56745491269507,256.7735561024212,260.87452593444175
76.67321619199902,105.79852625168724,258.03049518812577,260.5642576009519
76.18916481754363,110.28774204933282,258.99859793703655,259.7526481371141
75.71041667552657,111.01242350240418,259.95609422107066,258.30328523097137
75.26176622642893,115.8512888427727,260.85339511926594,256.78710920486134
74.67122106613112,120.63312105557112,262.03448543986156,255.37520086601197
74.16618174351888,121.40969027450319,263.04456408508605,253.82206242814783
77.66263092154767,122.15224375779928,264.1909737031115,252.33695546155565
77.09338685932653,122.85135711316316,265.3294618275538,250.9387287508279
76.61982444916458,123.6023512203448,266.2765866478777,249.4367405364646
76.14275550187273,124.28366783740138,267.2307245424614,248.07410730235145
75.71707964539189,124.87619883261978,268.0820762554231,246.88904531191466
75.43358528239577,129.52284561742115,268.64906498141534,245.70381612406447
75.25258015580906,130.1335993892045,269.01107523458876,244.4823085804978
74.98858825488799,130.6780529391234,269.5390590364309,243.39340148065995
78.81691615526373,135.3468878909216,269.95745588829516,242.13078422967934
78.66062272865645,136.01543751814125,270.2700427415097,240.79368497524004
78.39652462535506,136.62544250346514,270.7982389481125,239.57367500459225
82.14391618173963,141.4685694266364,271.3370474594943,237.92101278240054
85.96711009598931,142.24390413191443,271.7061541751661,236.3703433718445
85.69980586697292,147.03766645715007,272.24076263319887,234.77918426193958
85.6897705769677,147.73877851896071,272.2608332132093,233.37696013831828
89.59721105014799,152.41970108249046,272.4028637743881,231.97202651879823
93.60384313575096,153.003561984653,272.32612887896573,230.80430471447312
97.49855391410225,157.59281876486722,272.4532729502932,229.54235678207473
101.407457849797,161.90188609204466,272.53368418891523,228.82244123773145
105.57581052543216,166.2257053731401,272.0848453376837,228.06266917557934
109.67652636730395,170.2065396784505,271.75212128641635,227.9697081974348
121.89883422020787,174.0552293435356,270.8937468816036,228.13440930092966
126.16286449182462,177.81199046851614,270.21718185689724,228.47238256949566
138.4914236722615,181.36239189274698,269.0995550437297,229.21807690360276
