120.0,136.0,381.0,111.0
127.32365250888319,109.58271784940547,380.2539946603646,110.6800154277309
117.88966287016402,109.98253815689043,376.8195250689109,109.88037481276096
132.91887073657395,110.36625311570617,376.2440263125829,109.1129448951295
119.34904223217526,110.77421906201212,373.9904722188921,108.29701300251759
131.44553582166532,111.39862939533938,371.7012741427259,107.04819233586306
121.59608620896202,111.97010543413535,369.6632307885072,105.90524025827112
133.37310549105746,112.42367584502658,367.6958302298476,104.99809943648867
140.88292613509148,112.91715217820443,366.9778650521055,104.01114677013297
128.53533250016866,113.58781214031956,363.18397798558436,102.66982684590273
140.36586444157348,114.12073375876176,360.65390746421815,101.60398360901831
141.64231611881448,111.3379892503998,358.10100410973615,100.1814330647865
130.37294090904473,115.37984253977339,352.9381002607004,99.02314005318311
142.38243357755164,115.92331532309227,349.4118779984967,97.93619448654536
144.3421584295218,116.60649132285137,345.4924282945564,96.56984248702716
136.2797887453051,114.29559592371916,341.57718072660805,94.51163763983101
150.1507195392915,123.62069050810783,340.18027341777434,95.620164180408
147.838707055114,117.60909746260317,338.2169962085229,94.46874591620443
133.61169658819665,118.12689201301485,333.980701122588,93.43315681538107
140.92583701320603,124.36935854035914,332.2702925751854,93.86609606330859
149.90752916125012,126.88852888469933,333.6356378051804,95.27066521665598
138.4268309810878,124.0185666337314,330.6433493160972,94.52216850623986
144.17257840285603,132.27507212224666,332.01626764255496,97.30577728420069
160.37766886941836,128.3396161567914,332.1234995191271,98.67320665317179
147.61618593786918,130.65171323539656,331.5247736244101,100.57943543541536
154.86685892173784,129.8789999990326,330.1380535867098,102.12486190814329
165.01608201519826,134.8640652270128,329.53839641174284,105.28725746015215
154.50190452244215,132.9881555575816,330.7185404060966,109.03907679901457
158.10581378556222,134.03823719901,330.21245420298413,113.64064583928536
154.68091878150216,141.19297570347356,330.28364061099967,119.66697963067215
159.39232822013332,151.83735188002188,327.7498559571626,125.93436417127651
156.54325581425243,148.95482886039707,326.4823311925398,131.69941021052617
157.53964199407065,146.27142999991673,324.48955883290336,137.06620793148684
158.79816316825176,143.775700958269,321.97251648454113,142.05766601478228
160.32893961239574,141.39855959229578,318.91096359625317,146.81194874672872
162.22693378675848,142.78110561950672,315.1149752475277,151.25479992324875
164.3314282720014,137.408985645302,310.90598627704185,154.76885418403975
166.32433264604586,135.7754083430143,306.92017752895293,158.0360087886152
168.3824825880228,134.6016830000649,302.80387764499903,160.383459474514
170.39089792877428,130.02785077266117,298.7870469634961,162.32355398413014
172.1822038203288,128.89539067983074,295.20443518038707,164.58847416979103
174.04231469688725,128.00730301650307,291.48421342727016,166.36464949644636
175.7632865248563,127.20820805168692,288.04226977133203,167.96283942607866
177.4263275381,126.78364888954187,284.71618774484466,168.81195775036878
179.06932137714213,126.04254619703184,281.4302000667604,170.29416313538883
180.60527762505083,125.22681083078578,278.358287570943,171.92563386788095
182.14348452906023,124.6143025377748,275.2818737629242,173.1506504539029
183.66099112425263,124.13950396886167,272.2468605725394,174.10024759172916
185.02767941766683,123.67389885666995,269.513483985711,175.0314578161126
186.2741492033347,125.74743148554035,267.02054441437525,177.84545877842993
187.5560229857828,127.9024323127732,264.4567968494791,180.50594417346687
188.7135023841483,126.91838298225208,262.141838052748,182.4740428345091
189.86559129378435,129.3761512507151,259.83766023347596,184.5321738917839
191.08755740949292,128.51395417753724,257.3937280020588,186.25656803813965
192.01714700837914,128.03530872376615,255.53454880428637,187.2138589456818
192.83093772308501,130.7399484133716,253.90696737487465,188.75621132120523
193.60067258408418,130.20557695525056,252.36749765287632,189.8249542374473
190.84156334644433,129.47384370758118,250.9394903922189,191.28842073278602
191.86266704534466,129.20173134566818,248.89728299441822,191.83264545661206
189.20714793671596,128.90446533858255,247.2822521575758,192.4271774707833
189.73083331681647,135.2110776078341,246.23488139737483,193.63610030167595
187.00127726604893,134.61639152427256,244.77928369801066,194.825472468799
184.39942068919518,133.781205760704,243.07127040242466,196.49584399593613
181.96690752950752,136.54787327570148,241.0237013824526,197.87510430528854
182.75014240873207,135.92815409591822,239.45723162400353,199.114542664855
183.5268106322912,135.05993923760892,237.9038951768853,200.85097238147364
180.92967185109654,133.87270286108566,236.19480971004512,203.22544513452016
178.36848262879516,132.86283636843368,234.40205527730745,205.24517811982412
179.20466539568685,131.90430944759532,232.7296897435241,207.16223196150082
176.58955757767674,131.1415651278478,231.03539942578146,208.68772060099587
177.3814979377713,130.316417908894,229.45151870559238,210.33801503890345
178.19402811727315,129.56736419939585,227.82645834658865,211.8361224578998
178.74620185891004,128.90877061573337,226.72211086331487,213.1533096252247
179.5071612460295,128.10029481233533,225.20019208907595,214.7702612320208
180.2888307058527,126.95081506329548,223.63685316942957,217.0692207301005
180.92695470710234,125.81130162573551,222.36060516693027,219.34824760522045
181.4114234151045,124.57305365418812,221.39166775092593,221.82474354831524
181.92938312623926,123.35185955384057,220.3557483286564,224.26713174901033
182.21717127208208,122.32616136964688,219.78017203697078,226.3185281173977
182.67972983216583,121.29864570813449,218.8550549168033,228.3735594404225
183.01012962946157,120.32408454544735,218.1942553222118,230.32268176579677
183.42620409026063,119.43001816492556,217.3621064006137,232.11081452684036
187.2492955969103,118.50282903284912,216.7932843724755,233.96519279099323
187.7215998106193,118.01319506481897,215.84867594505747,234.94446072705352
188.11204710288334,121.0735316501973,215.0677813605294,235.9212995587596
192.0301300590537,120.43868077372474,214.33190730215225,237.19100131170472
192.34564248043472,119.70227937942934,213.7008824593902,238.66380410029552
196.35831682543892,118.83314947214437,212.79667490484917,240.40206391486547
196.83373462663354,118.1641860517463,211.84583930245992,241.7399907556616
200.91757869847922,117.33585658053373,210.81735567295317,243.39664969808675
201.3730443178128,116.56582283420968,209.90642443428604,244.93671719073484
201.89814377741652,115.80616841604937,208.85622551507853,246.45602602705546
202.33875506448175,114.87024596179536,207.97500294094814,248.32787093556348
202.70321397873064,114.18278046703989,207.24608511245032,249.70280192507443
202.9700585315814,113.27008501782592,206.7123960067488,251.52819282350237
206.87816682367202,112.20985810077137,206.10393358678985,253.64864665761147
206.97305750574617,107.76401070824751,205.91415222264152,255.3098284963353
207.353418697137,106.94171508003458,205.15342983985988,256.95441975276117
207.8926679635012,102.53507944180967,204.07493130713146,258.5018416513933
211.93012027096754,101.46920006336907,203.27208328251191,260.6336004082745
212.32468551950114,100.47578682412882,202.4829527854447,262.620426886755
212.79363958696564,95.96967531631071,201.5450446505157,264.32350980207445
213.30133221952,91.58322434412912,200.529659385407,265.77657109008214
213.78225470078036,90.78838424363371,199.5678144228863,267.36625129107296
217.86254312338136,86.66598365921726,198.74112585204722,268.2771641855429
218.14451489629022,82.60459923323072,198.17718230622947,269.0657234643358
222.20733130578537,78.36428921510702,197.38850372980153,270.2093892580209
222.68313491486683,74.3094690061913,196.43689651163862,270.977641459058
223.19442819369192,70.38569401089964,195.4143099539884,271.48777020326844
227.30071258265235,70.15019675323128,194.53008995285947,271.95876471860515
227.75517641225284,66.40250626597759,193.62116229365853,272.13320695600476
228.24958605959023,62.83495301436233,192.63234299898375,271.9596980682178
228.73976086549865,59.338572494570826,191.6519933871669,271.6627608635906
229.04275745135223,59.34593700693273,191.04600021545974,271.6480318388668
233.175676910524,59.34855010648886,190.03898909822323,271.64280563975456
233.7516073839532,59.20157765079969,188.88712815136483,271.9367505511329
234.39234847274327,58.80303184581547,187.60564597378473,272.73384216110134
235.02470524148788,58.24283892209047,186.34093243629545,273.85422800855133
235.55949925119162,57.548014435872915,185.27134441688798,275.24387698098644
239.79818891055777,57.08921719820978,184.01148748617587,276.1614714563127
240.2308572842917,56.43717171148194,183.146150738708,277.4655624297684
240.79466026819028,55.95943967274695,182.0185447709108,278.42102650723837
241.25989645544516,55.564639497566816,181.08807239640106,279.21062685759864
245.4022889649614,55.28992142542111,180.01079312012808,279.76006300189005
245.98129064346938,51.56138753265816,178.8527897631121,280.0193713912014
246.46435451938623,51.35214223438342,177.88666201127842,280.43786198775086
246.95288621522516,50.97385260159311,176.90959861960056,281.1944412533315
247.44104265806013,47.20535440027891,175.93328573393063,281.5640851743829
247.7662438057696,43.17533921495232,175.28288343851167,282.467603254782
251.9004676675086,42.737664004171904,174.17352906042566,283.3429536763428
252.4533765653734,38.769482072054615,173.06771126469607,284.12579540438725
256.79128857932153,38.26127276489032,171.5384825309513,285.14221401871583
257.42783361823837,34.298555881515455,170.2653924531177,285.9316725967992
261.83684739884245,33.956476162711766,168.57360737332448,286.6158320344066
266.26947885752827,30.18591627663065,166.81616808109402,287.0491281814276
267.0442244418743,29.94189972004051,165.26667691240195,287.53716129460787
271.46124112231195,26.303326345969936,163.49812030544194,287.7488312888337
275.98889574263563,23.35011598128395,161.48139284397783,286.6166702390224
280.2948591790298,23.50032833311272,159.8570001931776,286.3162455353649
281.1444428558033,23.58700457781967,158.1578328396306,286.142893045951
285.5580675095245,23.335563759521847,156.25449156718835,286.64577468254663
286.49075781428974,23.35559185456586,154.3891109576579,286.6057184924586
287.4781013286911,23.495779538520395,152.41442392885523,286.32534312454953
292.0719696237743,23.591990597446397,150.05504450272932,286.13292100669753
293.1049669002376,24.12883456583313,147.98904994980262,285.05923306992406
297.49421680837804,30.88321251015867,145.94426102241653,285.0178989590624
298.42465149606267,31.711464110176053,144.08339164704722,283.36139575902763
302.8810271700983,35.48310881116092,141.81211853995794,282.4595845980399
303.7721673391162,36.73047820333829,140.02983820192216,279.96484581368514
304.808719414852,38.05228738404355,137.95673405045056,277.3212274522746
305.86706107941063,39.16049299605285,135.84005072133334,275.104816228256
310.2182935051602,40.711264563265445,133.515577800195,272.00327309383084
311.23486782911704,41.93197889702594,131.4824291522813,269.56184442630985
315.50274534527773,43.260892522380914,129.16804409686227,266.9040171755999
316.54219731548864,44.361787154444556,127.0891401564405,264.7022279114726
317.4568859668154,45.48634688074233,125.25976285378704,262.45310845887707
321.40065750153497,44.15122296161255,123.3816109728897,259.1139651085948
322.26224667482325,45.20327026752054,121.65843262631317,257.00987049677883
326.10993078626,43.50019229745483,119.83033546435082,254.54875537599904
326.8834701704724,41.5116809050304,118.28325669592606,252.72625813665422
330.29271587098896,40.26722555812498,117.21073256391801,249.46920156144
333.9899585550778,41.11356758016012,115.49605149977938,247.7765175173697
334.78954644972447,39.21982783903796,113.89687571048603,245.93878716597393
338.40854946971035,37.53566074844079,112.22937688318086,243.73661413450168
339.14027782596304,38.54122812939775,110.76592017067554,241.72547937258776
342.53240582884706,39.45860891190797,109.43609178244672,239.8907178075673
346.04361642551976,40.578081306743144,107.81812833850879,237.65177301789697
349.58320352232636,41.17106407827336,106.08251113621621,236.46580747483654
350.23562301581325,41.49714453945933,104.77767214924243,235.8136465524646
353.6408294580071,42.210371604355686,103.23072729085615,234.3871924226719
356.85756311180836,43.48313819736816,102.01281579976072,231.84165923664693
360.0944422183187,44.07190097402709,100.69626569050901,230.66413368332908
360.75541436812813,47.11209176818244,99.37432139089017,229.70069448377876
363.90235290517205,48.059551697627995,98.16010913385585,227.80577462488765
367.1322710963025,48.456433021511515,96.73106657908197,227.0120119771206
370.27020653198934,51.1306201686852,95.4492413837032,226.65768335876822
370.78011558191577,51.79189649032867,94.42942328385038,225.33513071548128
373.8982598424326,52.23057184145421,93.1221753882047,224.4577800132302
376.8923376282385,53.56141434339915,92.02719366428437,221.79609500934032
377.65318299638693,56.248061735556036,90.50550292798756,221.25811435909162
380.61432182513386,56.841444528323024,89.38372774783346,220.07134877355765
381.1219923882937,57.42039484708219,88.3683866215139,218.9134481360393
384.0960168237873,57.938711680866106,87.14898736220024,217.87681446847148
387.03662347999875,58.63217199518968,85.95974400693342,216.48989383982433
387.7120652176585,58.775271563738755,84.60886053161397,216.20369470272618
388.3286180560133,58.837724010381095,83.37575485490436,216.0787898094415
389.0535717434766,58.69314318497058,81.92584747997779,216.36795146026253
390.02600197735734,58.359851266865135,79.98098701221625,217.03453529647342
393.4400002680544,58.21760721037688,77.70420699930169,217.31902340944993
394.84435901132537,58.565832650074825,74.89548951275982,216.62257253005404
396.0672501610264,60.723450984520596,72.44970721335783,216.7604698281966
399.5511248427724,61.23688534476581,69.89242250936461,215.73360110770616
400.590738681656,61.28668000961076,67.81319483159743,215.63401177801626
403.56584450447275,63.872446792425734,66.17229526713903,214.77179029356148
406.4341826466494,66.33409689579267,64.70240932686053,214.1152804309025
406.887938165599,68.8261787076602,63.79489828896135,213.361398409802
407.3617052374518,69.75476952009471,62.84736414525567,211.504216784933
409.6284464741878,66.537313885816,62.472795615718915,209.62130016562006
409.75603498429297,71.33394284838167,62.217618595508604,208.27868986941638
409.77444455374246,72.30332622408811,62.18079945660965,206.3399231180035
412.0678561518812,74.32634388124886,61.6674509638902,206.36736250724007
414.1714487958188,77.86354059742773,61.52460486345096,203.35730826231813
414.38062684551056,86.69456033661275,61.10624876406735,201.77163178007763
416.39746795394126,79.87311493003695,61.061455964507886,199.45896492402133
416.4660678936201,85.84488731691397,60.92425608515022,199.38134816620664
418.47267969445755,86.4875782808979,60.86270332045233,202.04763707521568
417.98750017144613,87.53742271516313,61.83306236647517,199.94794820668523
417.3692158303925,88.52009011024052,63.06963104858245,197.98261341653046
419.4170280436024,89.65085630633541,62.94544336302848,199.69251776520656
419.43524361014346,91.82552509481856,62.90901222994639,199.33659525403388
423.61267920312133,95.1616954867709,62.52952864632521,200.6396420724637
429.26956712906946,95.26830293901472,63.21327980966741,204.42560283972222
429.4350701087004,100.21433219169933,62.88227385040541,206.72996592629636
428.932330162206,91.45789346993563,63.88775374339431,207.8748609159871
430.57565723428706,96.54345222972906,64.7279206650766,210.08420659393354
432.0890796405995,100.60749456018647,65.8747377768565,210.30344578182826
430.6221222786437,103.36991439259698,68.80865250076812,208.9765562513842
429.7940323914516,98.22667490191219,70.4648322751523,206.5638734384396
430.88721294250007,124.5221363416127,72.50746030405485,208.9498092620312
430.46785554736914,114.88568203589908,73.34617509431664,211.02182239070495
431.8935858685668,109.59062811153585,74.83975907102743,212.92184100121924
431.81635503113984,104.12806771880048,74.99422074588128,215.0483307917396
433.5646598333191,108.08186122505965,75.93008458463824,216.0056906654523
433.41296621437726,105.35242577178826,76.23347182252203,217.00141266260385
432.1613675057108,109.44122283771044,78.7366692398549,217.78956962047894
428.8804188204678,107.3285176050012,80.75903753645197,217.47545101200853
428.62082275185816,104.55014336663575,81.27822967367123,218.46063068800385
427.8973263225668,104.25425046202082,82.725222532254,219.0524164972337
426.6751054084875,104.1799554175786,85.16966436041255,219.20100658611815
425.6639883422537,104.19275028563096,87.19189849288023,219.17541685001342
424.9800722501218,101.88192253807917,88.55973067714393,219.085646099961
424.53048977512515,101.8972936003953,89.45889562713734,219.05490397532873
421.3616592208938,99.73282075628498,91.04644337265762,218.63373630060693
420.8630705911481,99.7517370491791,92.04362063214903,218.5959037148187
419.9675959671444,99.97454889299539,93.83456988015637,218.1502800271861
419.13531542323227,98.00386858540112,95.49913096798062,217.2769920183808
419.02112939074306,100.32055097309123,95.72750303295904,217.47500014459882
419.32081985995313,100.5853280530346,95.12812209453891,216.94544598471208
419.7490859213565,100.79666093014956,94.27158997173223,216.52278023048217
417.29180121832815,101.11821742014715,94.38735400612657,215.879667250487
415.0262689822698,101.33553816795151,94.12688666749042,215.44502575487826
410.1028250440378,101.6583063806261,94.41248869374762,214.79948932952908
406.8933618450362,101.81032232474153,96.05509166102257,214.4954574412982
406.32110495641086,99.59295958736054,97.19960543827324,214.12936733532385
403.53712467235016,99.54304509795423,97.95197383596813,214.22919631413646
398.44062498783984,97.222233919399,98.48450967317244,214.04058690533873
392.7373390981876,97.6900044991925,100.21744964588896,213.10504574575174
386.5085777736923,98.64570316255163,102.96799585725051,211.19364841903348
382.7691204984027,99.06925386762076,105.57342664241878,210.34654700889521
380.0214759387181,96.7133713580783,106.16247529659817,210.1520715627902
377.1757131021241,94.25806074010563,106.94042754509265,210.14911937404213
374.0344829342486,94.58065006469674,108.29592369714132,209.50394072485992
368.76071075775513,95.259325905957,108.96173259823674,208.1465890423394
365.53766555767737,95.46875960443491,110.47543799936827,207.72772164538358
360.0894608123036,95.5222201654982,111.4674123551942,207.620800523257
357.39517718221657,95.29239311687688,111.88833255787262,208.08045462049964
354.65669598688555,92.53914701308985,112.38366725607472,208.60531913561383
349.74631507621064,89.58444182227609,112.20874383742691,209.5168868972425
346.8415501148203,89.21220731948326,113.00999955257629,210.26135590282817
341.1021286027741,86.83554634118224,114.42291012981924,209.9817116360055
338.12334549425,83.99000120090297,115.32745626351866,210.61978183321523
332.7637418519471,81.27378175417064,115.89088293248648,210.97433041886086
329.9221535330798,78.15059356711048,116.48131437549655,212.12796159825675
327.66940090261545,75.20252077095148,115.86696563972292,212.90425319387236
322.7317992228774,72.45530474967745,115.50054931886564,213.2778753962537
317.4617909890778,72.01189966766964,115.8004622862843,214.16468556026933
314.7205764418126,69.18981721916305,116.144636206338,214.67059528280578
309.5989673070004,66.53829671487725,116.08465140437534,214.82203475558384
304.09978192851673,66.41782989922042,116.77740796804248,215.0629683868975
301.2198336428111,66.2746743286496,117.36909372632795,215.34927952803915
296.217056444187,66.16361506974977,117.0095485256182,215.5713980458388
293.68166185293063,66.05794532990225,116.90066012893227,215.78273752553383
288.55938879065894,63.229406866235635,116.78334489127063,216.25888377176457
285.811773294891,62.78451410145952,117.09263456822971,217.1486693013168
283.4113333382087,59.91412819226686,116.68916659258963,217.68509323069728
281.0628816831669,59.5664211045392,116.18072963313085,218.3805074061526
276.1882364388324,59.14933864089389,115.51629459272434,219.21467233344322
273.71095500362014,58.510314747253744,115.263126504712,220.4927201207235
268.3749609558232,58.2269750954526,115.49077735494764,221.0593994243258
265.55699025468806,57.77425694802969,115.89230812928669,221.96483571917162
263.079555702357,57.57325049852916,115.59255668567334,222.36684861817267
260.73420403752004,57.2523150272701,115.02788985112478,223.0087195606908
255.9616580181485,56.86117774875444,114.06283559890004,223.7909941177221
250.98292217965826,56.25368317967508,113.52048430550249,225.00598325588084
245.6791609255005,55.3831265830388,113.61129663420587,226.7470964491534
243.12154471278558,54.82165379220032,113.44110143595263,227.87004203083035
237.89426323865342,54.146706650504,113.29782180832557,229.219936314223
235.11169472681476,53.64118267642506,113.54676928678788,230.23098426238087
232.8270247019745,53.27944653070381,112.78081798282074,230.95445655382338
227.90285637160676,52.51853911970133,111.96399581938722,232.47627137582833
225.82245021576418,51.87866074638973,110.7841982094839,233.75602812245154
223.54637978411202,51.31196760233772,109.99760658649625,234.88941441055556
221.32022583744498,50.163912527309805,109.10839283190636,237.18552456061138
219.23534339490004,49.26083025933782,107.91876827473948,238.99168909655535
214.08193700090897,48.65691134073326,107.49601195043408,240.19952693376447
211.67482321118527,47.96039773248941,106.9353454356381,241.59255415025217
209.39895307546684,47.478556521558986,106.101844779665,242.55623657211302
207.20376063099866,49.43016200709546,105.10770370716469,244.0375515624768
205.10333462576034,48.596411028572646,103.92012715187741,245.70505351952244
202.75467199533944,47.83121211814513,103.22591826260529,247.23545134037747
202.98188747665,49.93772815431002,102.77148729998416,248.42375268428535
201.13297871263987,46.21195786043448,101.05888872668527,250.46487717071724
199.2645261422826,47.90490843767924,99.38643282913263,252.48833705449493
197.46148579295627,44.33914833556199,97.58390018902655,254.21124391997074
195.5011362182106,48.67240287233736,96.10353436825744,256.34686478694096
193.48616531912052,47.83979029033674,94.7283947163817,258.0120899509422
191.4263504695633,47.0843578180031,93.44389154767487,259.5229548956095
189.17919641670784,49.405346128698056,92.53568301486362,260.2834949127417
187.15839916468695,49.19387331258136,91.18035244746274,260.70644054497507
184.82259647497253,55.08379653738251,90.47360639434659,259.68329696046277
182.72721213526415,54.58059829715026,89.31347582313107,260.6896934409273
180.51540211150288,53.67863590060631,88.39297019733146,262.4936182340152
180.79276658366786,56.20936294320251,87.83824125300154,262.7851894419653
178.05336626173238,60.01069833942367,87.97000699992836,260.52955354646707
177.64838018294603,67.42108966105704,88.77997915750112,256.34342692308934
178.10606979195506,65.56057604811079,87.86459993948304,254.7920191268331
178.5934552752965,68.82183885770692,86.88982897280016,253.5031348775828
178.8463695166829,73.95794978686266,86.38400049002732,248.4284164717414
179.30877632138552,77.85299522441497,85.45918688062208,245.75424896623804
179.37632288420895,87.52924201015894,85.32409375497522,241.5845927198845
