131.0,116.0,194.0,271.0
130.4666134834107,115.7632238325753,194.06677303317858,270.4735523348494
134.31930085585168,115.82383331221789,193.65221330516533,270.3523333755642
134.7578288370387,115.64863418045806,192.7751573427913,270.7027316390839
135.45620472749897,115.39615467248089,191.37840556187072,271.2076906550382
139.84358224244767,118.63677184878503,189.86130162185398,271.9841073923106
140.65636703783622,118.31628541959924,188.2357320310769,272.6250802506822
141.59282931728728,117.74296292081891,186.3628074721748,273.77172524824283
142.53540762778053,120.79807399548778,184.4776508511883,274.87495607023874
143.44273985342977,120.03546252953146,182.6629863998898,276.4001790021514
144.37739111915752,122.8327241570189,180.7936838684343,277.9972202442526
145.45345620757172,122.13433265933998,178.64155369160588,279.39400323961047
146.52654087751722,121.37407320688519,176.4953843517149,280.91452214452005
147.60467693153163,120.54191341461984,174.33911224368612,282.57884172905074
148.84153603476884,119.76585581268913,171.86539403721167,284.13095693291217
150.01051963216628,118.79222509556365,169.5274268424168,286.0782183671631
151.25163838791744,117.9113770546945,167.04518933091447,287.8399144489014
152.53180387553326,116.8833696598171,164.48485835568283,289.8959292386562
157.48843248607693,115.80359615855696,161.65873875235638,292.0554762411765
158.81321915116703,118.27183498816976,159.00916542217618,294.1899482263426
160.14665916933714,116.94188173996088,156.34228538583596,296.84985472276037
161.54162745957143,115.6106100871958,153.55234880536736,299.51239802829053
163.02294032471542,114.44852548372302,150.5897230750794,301.8365672352361
164.49748534152872,116.72292272725011,147.6406330414528,304.3123594937818
165.98616393888423,118.98539438526586,144.66327584674178,306.79705941180646
167.44033054281542,117.7684907737981,141.7549426388794,309.230866634742
168.87090294392877,120.03547800574205,138.8937978366527,311.67552982921177
170.40886166314294,122.16822365383646,135.81788039822433,314.37396936585543
171.99713624215127,124.12787372870469,132.64133124020768,317.40349828291176
173.55664827629977,126.06496394633172,129.5223071719107,320.4657149712524
175.1161476209752,127.93928494412998,126.40330848255988,323.64216796582963
176.72997565461503,130.0146799776125,123.1756524152802,326.4064520196441
182.1136561033403,128.46993453266646,119.30510912899486,329.4959429095362
183.9567822412344,130.53549400342834,115.61885685320664,332.2360446868452
189.4123942120822,129.0315782724377,111.55111320103576,335.2438761488265
191.2691687912701,134.84484571059446,107.83756404265999,337.241569379193
193.22747064719562,134.05329351037426,103.92096033080897,338.8246737796334
198.76901884349064,136.2690660488748,99.56042463626059,341.11568940067394
200.69421450871957,135.396135174396,95.71003330580271,342.86155114963157
202.66231304175028,131.6565504634654,91.7738362397413,343.71392222534007
224.48732367387538,124.10336351689651,87.51316741519489,345.69051197191
226.4576769644841,133.17331868790933,83.57246083397739,347.08713679520577
228.3898416712325,132.36747567788947,79.70813142048067,348.6988228152455
230.28502073996498,128.53067005661066,75.91777328301568,349.966961778172
232.20105523541693,128.69574225574198,72.08570429211174,349.63681737990936
233.98098309277012,131.83224827601694,68.52584857740538,349.6352249353409
235.09685562147752,132.21819256080192,66.29410351999056,348.8633363657709
256.97897284343316,89.3359550951458,65.56357598971879,348.5603974698043
258.64029302031366,146.18643258361791,62.24093563595777,345.183933933682
260.0204305580654,150.81644469921815,59.48066056045417,341.9408292254766
260.96422957465046,146.43585848766458,57.593062527284175,338.8671374895207
261.5139570190282,144.88647359230163,56.49360763852857,336.12846410748773
261.73760738077186,145.7398507408167,56.046306915041356,334.42170981045757
261.5006850188708,140.7082478968839,56.52015163884349,332.9945898519542
260.9478846411097,140.88352939340115,57.62575239436565,332.6440268589197
260.18127471645886,140.88883303965096,59.158972243667314,332.63341956642006
262.14170888802533,131.88745087355846,61.02010277026295,333.29018728941935
263.7987846339498,125.40169795106132,63.533741253612476,334.6061131840167
265.3839303381401,124.10522279094113,66.25888031608265,337.1990635042571
263.9449216551613,123.08797236695062,69.13689768204028,339.2335643522381
265.14736680193124,121.51225280930765,72.80120110659422,342.38500346752403
263.36258902834504,117.47066102188043,76.37075665376659,344.28398644778355
261.5342699678849,113.53771170984874,80.02739477468701,345.87026913251543
259.6232477691658,109.90033982081428,83.84943917212512,346.77297887918655
257.60434881471986,103.12103799652127,87.88723708101702,347.4161430907064
255.58412221464474,99.71407175057323,91.92769028116726,347.6865795692355
253.53536706419735,96.21475460520679,96.02520058206204,348.06153202039127
251.39223024616274,92.74910255454282,100.31147421813122,348.2868285881204
249.27959602006445,89.31434406581005,104.53674267032784,348.3669987265434
247.14048341971622,85.80555714898523,108.8149678710243,348.5154967490202
245.0301255841119,82.35255664303128,113.03568354223295,348.4711532029595
242.8913787154332,82.4566962317648,117.31317727959032,348.26287402549247
240.7826445279407,79.1632875342309,121.53064565457532,347.746881948426
238.64073857382184,79.42509548430945,125.81445756281305,347.2232660482689
236.57104998026404,76.09606713147545,129.95383474992866,346.6387823037076
234.4698595351424,76.54353810264598,134.15621564017192,345.74384036136655
232.35767820805222,73.25446271401853,138.3805782943523,344.95043645404326
230.25243000468055,73.73480698084117,142.59107470109564,343.989747920398
228.2203048232532,70.60762257291759,146.65532506395033,342.74731698833534
226.26975010760887,71.43009234154712,150.556434495239,341.1023774510763
224.352865878392,68.40925854111185,154.3902029536727,339.54814651613384
222.4514287633885,65.34062959789688,158.19307718367972,338.0446999146366
220.56763793068862,62.26800055810264,161.9606588490795,336.50457527519865
214.83100379249606,59.29987692812685,165.70532985250443,334.71222526219
212.96880067078402,56.46871369654377,169.4297360959285,332.6071331663858
211.13495179363923,53.589555599230096,173.09743385021804,330.564460404565
209.3367544540661,54.59038257123993,176.69382852936434,328.56280646054535
207.61812107251023,55.65842441118522,180.13109529247606,326.42672278065476
205.97893485143712,52.96935431168541,183.4094677346223,323.9111832750784
204.44087936466144,54.200174519544106,186.48557870817362,321.449542859361
203.01434019989853,55.71592299582508,189.33865703769948,318.418045906799
201.78866510575835,57.283455993829506,191.7900072259798,315.2829799107902
200.81611997336609,59.45929995868801,193.7350974907644,310.9312919810732
199.8683100219086,61.590923584864896,195.6307173936793,306.6680447287194
199.08675994234827,63.76028173973344,197.1938175528,302.3293284189823
198.37441397897845,65.9906326733475,198.61850947953963,297.8686265517542
197.71670235937438,68.37633896047456,199.93393271874774,293.0972139775001
197.16709519504522,70.86372516137581,201.0331470474061,288.12244157569756
196.55065166873342,73.07659272010352,202.26603410002969,283.69670645824215
195.8977296193294,75.23726115196155,203.57187819883774,279.3753695945261
195.38078912468728,81.23993037918586,204.605759188122,274.9520419173177
194.95987327937942,83.46175876087423,205.44759087873769,270.50838515394094
194.65978597554,89.29217502152082,206.04776548641658,266.32539498210315
194.35542773844884,91.39967607245688,206.65648196059882,262.110392880231
194.13389425019437,93.48451787330617,207.09954893710778,257.94070927853244
193.96875607886832,99.05638570495103,207.42982527975988,254.10949256840792
190.34194867169674,100.99715294462798,207.4244039101221,250.227958089054
190.28410358881524,106.32319521713674,207.54009407588512,246.77511242439937
186.65406276739833,108.14533598535527,207.65227866348084,243.1308308879623
186.59211655487098,113.37316852147798,207.77617108853553,239.768613613445
182.91759623798959,115.04757055557351,208.08176568256457,236.41980954525394
182.68736410320224,116.6283068911395,208.54222995213922,233.25833687412197
182.45413138186183,118.28781740140019,209.00869539482008,229.9393158536006
182.20771092726216,119.8704892451319,209.50153630401937,226.77397216613716
178.36612346381327,121.30939079818769,210.31557703091548,223.89616906002558
178.1510002608166,122.77713969300032,210.74582343690884,220.96067127040033
177.98141399518443,124.28444998714582,211.08499596817316,217.94605068210933
177.91360824826018,125.68551864192604,211.22060746202166,215.1439133725489
177.87022246680473,127.08888299231774,211.30737902493257,212.3371846717655
177.86875642207787,128.57261021389064,211.31031111438628,209.36973022861972
174.47208917544143,129.99174194750623,211.4787806885509,206.53146676138851
174.61007414768875,131.4090927609634,211.20281074405622,203.69676513447413
174.80293177740248,132.76358227835453,210.8170954846288,200.9877860996919
175.04205438046614,130.8680800900587,210.33885027850147,198.2941360865234
175.3842792993313,132.10588631646587,209.65440044077113,195.81852363370905
175.7293865074816,133.34218897070542,208.96418602447056,193.34591832522992
176.09131529712954,134.51103523546303,208.2403284451747,191.00822579571474
176.44242620729102,135.61552617872047,207.53810662485174,188.79924390919982
176.85852605242607,136.62738444869336,206.7059069345816,186.77552736925406
177.0576193338013,137.45905565407887,206.30772037183115,185.11218495848306
177.17865516404993,141.57794380600438,206.06564871133386,183.0362418947699
177.17689497591573,145.61605351640674,206.0691690876023,181.08492760489045
177.28421598893777,149.37609396468696,205.85452706155817,179.6585869522705
174.34323663790357,150.22674450667873,205.66891812193427,177.957285868287
174.42324485685322,154.1199095043567,205.50890168403495,176.20837162191953
174.42283692533363,154.68767794252403,205.50971754707413,175.0728347455849
174.42867954612055,158.1828851106836,205.49803230550032,174.07105283318913
174.27378929398532,161.4856652140968,205.80781280977078,173.43783420591046
171.24499966122568,161.60215089955256,205.89846092769494,173.20486283499895
171.07314468238258,161.80744978164438,206.24217088538114,172.7942650708153
170.89172968740664,161.96916287860574,206.60500087533302,172.47083887689257
167.84845210072535,162.36416443976398,206.72791131803274,171.6808357545761
167.67899867842226,162.6487867451965,207.06681816263895,171.11159114371102
167.55914632009714,162.8524509214688,207.30652287928916,170.70426279116643
167.30508590468017,166.11467105719044,207.8146437101231,170.12576751977622
167.07525308960848,169.38087677239264,208.27430934026648,169.53777055904968
163.79503888308432,172.6328308728256,208.89276447812745,168.97583563337105
163.4977400062868,175.70030324173712,209.4873622317225,168.78327110961212
163.24099019253055,179.07722378215448,210.00086185923496,167.97781959290148
163.14438475590322,182.58168553714472,210.19407273248967,166.91211219437142
162.8753691988413,185.92751702679982,210.73210384661348,166.14934240763557
162.69186807748974,189.381560562735,211.0991060893166,165.16600549814802
162.58219045758193,192.69402366067968,211.31846132913225,164.4554657419297
162.40542506658196,195.80539843177868,211.67199211113217,164.1389000812282
162.24261209760058,199.01115608133097,211.9976180490949,163.63381994313443
162.1724102562597,202.24431130853299,212.1380217317767,163.07069460448201
162.1966278069213,205.5755721099648,212.08958663045348,162.3043268505812
162.16266098649686,205.87767535124826,212.15752027130233,161.70012036801432
162.07795120167623,209.13022918585034,212.3269398409436,161.06911390278935
162.03467474184933,209.43856120306594,212.41349276059742,160.45244986835817
158.88833884263352,212.71015185199468,212.84853137694358,159.76690175258616
158.79111496393176,212.9689650297494,213.04297913434706,159.2492753970767
158.7338730608227,216.08811908843103,213.1574629405652,158.85851657487035
158.5350137676676,216.22818547923487,213.5551815268754,158.57838379326267
158.42898027546124,216.24597863828427,213.76724851128816,158.54279747516384
158.2032667601283,216.3313681624825,214.21867554195404,158.3720184267674
155.13034829970684,216.3897501233179,214.51344345938415,158.25525450509662
154.80028327216843,216.38681999269892,215.17357351446094,158.2611147663346
154.6657881157783,216.40903490234922,215.44256382724117,158.21668494703394
154.4318731208717,216.37817517360514,215.9103938170544,158.27840440452215
154.08504145235617,216.36862579540022,216.60405715408544,158.29750316093197
150.7803433566487,216.28826273145643,217.32736947326563,158.45822928881955
150.50085913475107,216.15695498758078,217.88633791706096,158.72084477657086
150.2628989395033,215.81796693610693,218.3622583075565,159.39882087951855
149.99245986950407,215.49616393346395,218.9031364475549,160.0424268848045
149.6838613261139,215.19738266063177,219.52033353433524,160.6399894304689
149.50956668940182,211.87137587042582,219.86892280775942,161.32320515747617
149.39456699069257,208.48989350100334,220.0989222051779,162.10087081348422
149.27822335693992,208.15193733475562,220.33160947268323,162.77678314597966
149.3197440499107,204.76729405694405,220.2485680867417,163.5299114728851
149.48211176184373,204.364560084279,219.9238326628756,164.3353794182152
149.7066422454971,204.06482738823814,219.47477169556885,164.9348448102969
149.9362462065981,200.49403797510075,219.01556377336686,166.037980599672
150.32821314806887,196.9990026070301,218.23162989042532,166.97858127399022
150.76827695537682,196.54650094521884,217.35150227580942,167.88358459761278
151.1042384382509,196.11891576681688,216.67957931006129,168.73875495441666
151.486983128329,195.57369083615927,215.91408992990506,169.82920481573188
152.0358919342606,195.15035767993353,214.81627231804185,170.67587112818336
152.4831997721654,194.79795897519085,213.92165664223225,171.3806685376687
153.02467513012218,191.36475077509488,212.8387059263187,172.18858475356933
153.43472286917776,187.77613764637323,212.01861044820754,173.31084328752956
153.94350291059294,187.14825519004452,211.00105036537715,174.56660820018698
154.4407903426802,186.50138393564947,210.00647550120266,175.86035070897708
154.78838100023984,182.62543396385502,209.3112941860834,177.54155878113454
155.26154567451948,178.8799966583619,208.3649648375241,178.9454005592028
155.729673106287,178.151077715989,207.42870997398907,180.4032384439486
156.28639984597677,174.53735189359614,206.3152564946095,181.52680861799655
156.97920567649766,170.71322517215495,204.92964483356775,183.07043254692968
157.8147549528058,167.14668410641724,203.25854628095146,184.09570194859387
158.60852765621487,166.5979827913274,201.6710008741333,185.1931045787735
162.4201777146689,162.90542737910448,200.13866712090055,186.48724903954403
163.10626206720792,162.20753454166197,198.7664984158225,187.88303471442907
163.9509588748521,161.60576270395634,197.0771048005342,189.08657838984033
164.648285470352,160.96615746841337,195.68245160953438,190.36578886092627
168.62439627326728,157.38883060204,193.8095857157676,191.44108688160918
169.39974041847736,157.05979376355998,192.25889742534747,192.09916055856922
170.5202390202789,156.74699870292775,190.01790022174444,192.72475067983368
171.50421433831139,156.49945555778015,188.0499495856794,193.21983697012888
172.2477023057605,156.04985677946337,186.5629736507812,194.11903452676245
173.02725315650596,155.47032440507488,185.00387194929027,195.27809927553943
173.83415781537735,155.02979190535873,183.39006263154752,196.15916427497172
174.52837205010212,154.660301757891,182.001634162098,196.89814456990717
175.1746817380986,154.13620620733752,180.709014786105,197.94633567101414
175.79972886354733,153.71859512447423,179.45892053520757,198.7815578367407
173.40448835726346,153.21191750505727,178.29480202488958,199.7949130755746
173.9739649435748,152.7723144369295,177.1558488522669,200.6741192118302
174.59449726804934,152.36716458739562,175.91478420331785,201.48441891089797
172.16683930047975,151.9791175154091,174.83021681555962,202.260513054871
172.82743024032192,151.62551101039276,173.50903493587532,202.96772606490367
