287.0,32.0,100.0,332.0
281.2782553699883,36.011191043444825,103.89018857323202,329.53091859990167
280.1677349335656,36.752649641457765,106.11122944607745,328.0480014038758
278.7131635757197,38.24508878698887,109.02037216176922,325.06312311281357
277.48084848932956,39.83527863767392,111.48500233454953,321.88274341144347
276.79474818293676,41.50055503207676,112.85720294733517,318.5521906226378
276.0618569885915,40.1343789901334,114.32298533602565,314.6865787312936
271.46630927018964,39.11203773054382,116.94481413939913,310.1619946170424
263.17175149893086,-0.18719638374858505,120.43039375711908,303.5874793344429
208.74442537883107,-21.097415948964795,124.96749048870609,299.7689879298573
203.2870834570866,-22.359708647339843,129.3365568956661,295.74795589007846
201.15326698034363,-20.115172207064475,133.604189849152,291.2588830095277
198.92852042700747,-14.689274654879569,138.05368295582434,286.9816766160755
196.63756308847098,-9.354272969853128,142.63559763289732,282.9016208201933
194.15233298677023,-10.352453783792583,147.60605783629882,278.28824856155177
195.06291827948138,-7.6977916067432375,152.41247959023565,272.9789242074531
192.28157640780876,5.208804429086683,157.9751633335809,267.06014008106075
193.04087595611043,11.26688383267674,163.0946934467016,261.58211048360465
190.12031940002814,34.64690233745189,168.9358065588662,254.67833458464654
187.0902796886831,25.349283941340644,174.9958859815563,246.7262204945514
184.14502261015113,48.93078289410471,180.88640013862022,239.26661821639385
181.09618996057316,43.10902391046612,186.98406543777617,231.10835030176443
178.28521697276858,40.54522021925892,192.6060114133853,223.08603906955645
172.32639577692368,64.03622902006218,197.98172319925288,215.35560510288335
169.57232317517946,60.890546436143964,203.48986840274134,208.63134717516502
167.38435647638642,63.62556265263056,207.86580180032743,203.16131474219182
165.38009731290808,72.88417386364735,211.87432012728408,197.58961628008163
163.62803701094157,69.66356127769106,215.3784407312171,191.13630164053484
162.2424881729019,81.92811452339788,218.14953840729646,185.80407679952458
161.08065295489428,77.93453860538396,220.47320884331168,181.078480957856
163.32900275088681,92.76588303186622,222.29254531809516,176.67993637196582
165.71043939267474,88.47899612239466,223.8024297433174,172.70819477331273
165.17838212104402,92.92649854515611,224.8665442865788,170.04447764810106
167.95042606718943,94.28627894531328,225.52652827527768,167.3249168477867
170.6254704271219,89.9554134763439,226.34607938180048,163.64736813295
173.29150352285188,94.34601173733165,227.1357676357046,160.98792605633867
175.9722761421114,95.84753743230063,227.86417406222142,157.9848746664007
178.5986232320985,97.35753785655842,228.66287915359277,154.96487381788512
178.03260283128776,99.01070910437686,229.79491995521428,151.65853132224825
180.4481733704888,100.38806236997965,230.93933019130546,148.90382479104267
179.8473765272081,104.44617846207501,232.14092387786684,146.73439557851867
182.50305955545895,105.47437651947673,232.75807864429441,144.67799946371522
182.15357023051882,109.42292506840944,233.4570572941747,142.684176860058
181.84956754516293,110.00930207677604,234.06506266488643,141.5114228433248
184.43873351126476,110.42444151570523,234.75625155632332,140.68114396546642
186.84750228768976,116.77721647128391,235.8045271632007,139.7072203737639
189.31361335102454,120.20038247854637,236.73726606435986,138.72584938706774
191.815222661757,123.6756602684266,237.5962718203647,137.63751818477695
194.3576230371974,124.07391614545764,238.36801257823106,136.84100643071486
196.77212828877,124.59174467974687,239.3934770708209,135.8053493621364
199.08002946298592,128.20915413536773,240.62974862840358,134.42260435690926
201.5116526963455,128.77570502575796,241.61333458114441,133.28950257612877
201.3025899342196,132.13376002036745,242.03146010539615,132.41543735321594
204.05173566329063,132.54402325708344,242.36646061312763,131.59491087978392
206.75948974863223,132.96694177512867,242.77515965235511,130.74907384369345
209.5142065003863,133.20302959901449,243.08148275227651,130.27689819592186
209.34990981522014,133.45936748324766,243.41007612260887,129.76422242745545
209.14071674943256,133.7248493785437,243.82846225418405,129.2332586368634
208.8085561447163,133.96058116558157,244.49278346361652,128.76179506278763
208.51903753487107,137.09407772341848,245.071820683307,128.301760493079
208.1879835875071,137.31513813692905,245.73392857803498,127.85963966605784
207.79647604886054,140.34984882290183,246.51694365532805,127.59990952340607
207.88478514745216,140.52002949580427,246.34032545814483,127.25954817760118
207.77229096654435,143.54631791760355,246.5653138199605,127.01523749369362
207.6057361056112,146.45122432053557,246.89842354182682,127.01278484436382
207.18772865443705,149.29800533318192,247.73443844417505,127.13142956044744
206.53627143352912,148.98035032428803,249.03735288599088,127.76673957823522
205.80956863668735,151.4707243510308,250.4907584796745,128.64258013528786
205.26993546684503,153.98900750342665,251.57002481935913,129.49902619426572
201.47712456777077,153.98310451753048,253.2320357284108,129.51083216605804
206.607239805276,160.30949463941943,254.86820508566217,128.754451754542
191.27823373148203,163.23129877114246,255.73056572050598,128.8699737936448
193.6241263003442,163.1969540787313,257.0125420580748,128.9386631784671
198.50322028562806,169.13730306653028,259.24180710235123,129.0454182177133
200.8042404825127,172.2375917068016,260.6679764674198,128.87305069600845
200.0223258444093,175.33672160247954,262.23180574362664,128.72088118640897
202.61669224373082,178.27243521880726,263.1093919355701,128.91577294434006
198.9229242253601,178.34604714026966,264.4143999196147,128.7685491014153
201.20910765174514,181.51725799064832,265.9410747276053,128.52516906141872
206.76560912861348,181.6958249383312,267.06228901000594,128.16803516605293
212.5542106953498,181.70548702683885,267.73960884609755,128.14871098903762
214.9491408561323,181.85503951406585,269.0865556975918,127.84960601458364
221.13616873889305,178.97619145238264,269.0149825842883,127.45606081184103
230.05104850222557,175.95456572061516,269.6152379436313,127.35597398003996
232.8624551911752,172.97212632312917,270.14276617038087,127.17051117036316
241.778628805526,169.9110445953727,270.77479726508955,127.13788185140608
237.97012681627564,166.810312629095,272.2283707790964,127.17591531946758
246.25964892088723,163.69491375048034,274.20511634275874,127.22144981906834
255.03598911352,160.60625999068068,275.2969357224919,127.18392408366812
261.1690404846124,157.48209011939537,275.49095878841774,127.20220092218341
271.3834579257697,157.38459406237243,273.7617394685788,127.3971930362293
283.35051261045504,154.0652072956581,274.6734402023485,127.82451404387285
296.78611455829093,153.49650938036615,272.7310031838791,128.96190987445675
290.94584897691925,150.15903435201386,271.96402054795936,129.41310303182976
314.6512906305883,149.3428783423808,268.09622166513094,131.04541505109586
318.55365438887304,148.55950415933188,266.4838619409203,132.6121634171937
329.0233866788883,147.84119065988472,264.1322457396028,134.04879041608805
332.6835529954263,144.2210127691112,262.9982584673601,135.10280083680183
337.4751509830975,143.64053010289626,259.6029596830642,136.26376616923167
345.6211858342861,142.95618090013775,255.6269108574886,137.63246457474872
350.3626827827615,142.4873920454338,252.266889805511,138.5700422841566
354.8798010855557,142.11227037376858,249.32210897895894,139.32028562748704
356.32925571537294,141.8159775553866,246.4231997193244,139.91287126425104
360.54509395875823,141.43584331895056,244.01747506909135,140.67313973712308
361.24124314925376,141.07079067868486,242.62517668810028,141.4032450176545
361.7768659578938,140.91373801473708,241.55393107082023,141.71735034555005
359.0716128610929,137.86238119855943,240.98008087399828,141.83570758748155
356.32678991555304,138.00787712254174,240.49189087168583,141.544715739517
353.63596827665526,138.22312716080987,239.90787025151243,141.1142156629807
351.1429453441524,138.48672655620462,238.9442067888922,140.5870168721912
348.78695248851994,138.86201304141616,237.72971181612687,139.83644390176812
346.6155805519146,139.1606194420732,236.1767067204838,139.23923110045408
344.2423869755577,139.4368047444783,235.06051168781565,138.68686049564383
341.35560858634244,142.67550966451003,234.99740675852428,138.0461123633023
335.9443847420153,143.01931299620864,234.17007515347575,137.3585056999051
333.5956006797935,149.10718910481984,233.06667110346936,136.78469783158255
331.1526707780333,152.4615437978767,232.17765066020735,135.85086869225128
329.6228361763442,152.6596608081573,229.49144001981557,135.45463467169012
328.1175475455968,152.90628180441695,226.80273294379253,134.9613926791708
326.53594699491975,155.95571963241792,224.31494489468292,134.51350617363252
327.8218700005491,156.1364825437517,221.7430988834242,134.15198035096503
328.8664514699591,158.8895219582534,219.65393594460414,134.20795055652684
326.9879325820956,158.78399446501226,217.87910962265448,134.41900554300912
328.0852637848392,158.5468990619589,215.68444721716736,134.89319634911584
329.23093226785716,158.3503197172783,213.39311025113136,135.28635503847704
327.1524969402139,158.29662611281282,212.09351630535676,135.39374224740803
328.0397042647307,158.0985772325003,210.31910165632314,135.78984000803302
329.05580403692016,157.85705465892002,208.28690211194422,136.2728851551936
329.8631900140033,157.49817041250822,206.67213015777799,136.99065364801717
330.2642703750463,157.21449893328054,205.86996943569193,137.55799660647253
327.9077466761938,157.04323200086483,205.20151706463793,137.90053047130397
328.1932943978717,156.80010475699083,204.63042162128232,138.386784959052
328.4842085482359,156.57074463041275,204.0485933205538,138.84550521220814
326.0233863857821,156.29122784693485,203.59479288990727,139.40453877916394
326.6477069316554,155.98437926614895,202.3461517981606,140.0182359407357
327.2992184430113,155.7049067720866,201.04312877544888,140.57718092886043
325.028324731266,155.51166612443632,200.22617777948557,140.96366222416097
322.84442149414326,155.1702680004104,199.24121710165724,141.64645847221283
323.5950846293587,154.64263867771308,197.73989083122638,142.70171711760747
321.64743520153456,154.07498597785332,196.29144869344037,143.83702251732697
319.6645994011466,153.57583742581033,194.91671435694155,144.83531962141296
317.7727973255053,153.0458052979517,193.36444462066768,145.89538387713026
315.880557996377,152.64814177790095,191.81933935262902,146.69071091723174
313.981647615973,152.17185881813137,190.29814956292773,147.6432768367709
311.94484994206385,151.60741733798585,189.06044145891534,148.7721597970619
309.90644891541024,151.14678566878658,187.82651133454482,149.69342313546048
305.1572239217658,150.57623019684235,186.71138751410294,150.8345340793489
300.1993717450232,150.10056914571126,186.01074768757246,151.7858561816111
294.3286795582454,152.35312969922813,187.1265296822287,152.59353626402705
290.8781307846272,152.1411788115327,188.68461948687775,153.0174380394179
284.21363258371963,154.6780196725427,191.26601373248013,153.31755739550434
276.71840052586595,154.7080567450305,195.4199180393954,153.2574832505287
268.98112636591503,154.82459502140603,199.93259148912477,153.02440669777766
261.2608136579383,155.11438121474086,204.28103200726923,152.44483431110797
226.49808120585263,155.76936190307688,212.17478327889575,151.13487293443592
237.18548187750156,159.12089374002807,219.3059242057478,150.13299771456352
221.96666525046766,159.54908945311382,226.5740213526955,149.27660628839206
200.88229077840245,159.90921213360707,233.41758377058744,148.55636092740556
198.12417684099384,157.24763355109883,238.93381164540466,147.90140815608376
189.7819027426396,157.03364212648466,243.51920708932346,148.3293910053121
184.83666235836617,157.23310352117306,247.2845325882269,147.93046821593532
180.39767560606404,156.9904372031112,249.98801061517685,148.41580085205902
179.3252555993887,156.8201644015044,252.13285062852756,148.75634645527265
175.48942964632215,153.85771647611284,253.5439821348822,148.42072190627727
175.1460814420012,153.4707917259931,254.2306785435241,149.19457140651673
174.89782150268343,153.2492527601912,254.72719842215963,149.6376493381205
171.65946078314835,153.15015809243795,254.8899612003156,149.83583867362705
168.63951439005984,149.69914420030193,254.610125958662,150.4181384300685
165.53211312786496,149.48850826695696,254.49951246401673,150.83941029675844
162.68541316107007,146.11785061400622,253.86202181163708,151.24983501669053
159.78429161811744,142.87901706785735,253.33592081523872,151.39915802668463
156.97384534893442,142.63064235461934,252.63377361142517,151.89590745316062
153.96952424338696,139.22974369811908,252.32144486837592,152.37673381201702
154.29282376225365,139.13969064074382,251.67484583064254,152.55683992676757
148.26892157572507,138.96031596149834,251.08699022772214,152.91558928525853
141.91995533874058,136.0915715180543,251.1546999055031,152.3379667740526
135.19909060554124,127.71499571027091,251.98363656540755,150.1719291798781
135.15100049389585,134.59272581299848,252.07981678869834,148.98089921636304
131.59929081331728,129.16020188657353,252.91970826483282,147.3188912991676
131.25057412579696,141.42977717520503,253.61714163987344,147.77127059150007
114.35106775267712,128.50899613064797,256.08669142616,148.54926231265168
114.57904368985734,128.44226839624827,255.63073955179954,148.68271778145103
117.99314023851463,131.21572748540405,255.11375357705225,149.4470067257068
117.42793906991693,128.48152531142554,256.24415591424764,148.59893780402092
