277.0,137.0,122.0,159.0
252.0160223318158,138.30771640621816,131.2275903582606,155.3845671875637
240.33752916447102,137.75056616376978,141.05587415966323,151.98930016136484
223.33849180383015,134.72698213537552,151.98354104348698,148.8083050831701
225.59242521253256,135.9470663419612,161.68611467986403,146.36813666999873
210.78518802777276,132.493235892973,171.90159528895066,143.5763006877587
211.03245390896234,143.12571856826983,181.3333575760034,142.16392343602877
204.60608372474508,138.90506032641832,189.10099713157217,140.43503829400024
201.29014395707182,141.80900352487444,195.73287666691868,139.8025287866189
198.56866172113087,141.79678264008564,201.1758411388006,139.8269705561965
193.55813350311897,141.56524484372324,205.84854527085253,140.29004614892128
191.75835239003442,141.27546344391277,209.4481074970216,140.8696089485422
190.35412349948848,140.9841884330085,212.25656527811353,141.45215897035075
189.3648961293066,135.11929548823946,214.23502001847726,142.0974539384151
188.21438439056965,140.60240218242888,216.53604349595113,142.296667063191
187.7173436887653,137.35762909378693,217.53012489955984,143.1656209385219
186.99415134612735,139.6066896026906,218.97650958483575,144.3174867652243
186.36245783947922,136.52477206306546,220.23989659813202,144.7904391763779
185.67273159211106,136.40647317113655,221.6193490928683,145.0270369602357
185.02918477145613,138.91069144741496,222.90644273417823,145.7609765887717
184.60358825676605,135.5628628115633,223.75763576355837,146.6827128669866
183.9530417111469,132.59547472261295,225.0587288547966,146.81543643521783
182.77421259232003,144.56069281279414,227.4163870924504,146.1801571598677
185.05832445286552,141.8716315788189,228.69669788617162,145.70974511300602
184.5005443932536,139.02305045359753,229.81225800539545,145.54706344763062
183.98161730775402,136.1755420049904,230.8501121763946,145.3682658953965
183.47773237185274,136.3917691471089,231.85788204819715,144.93581161115944
182.828415309484,133.76596155522117,233.15651617293466,144.29327234073932
182.23423636673382,131.42045504041454,234.34487405843498,143.08152120486758
184.3652332862561,137.55786303107055,235.98300235727618,142.60694949932704
183.66832177500157,132.0584368089207,237.3768253797853,141.7727273119182
182.7864566811765,129.52241377274203,239.1405555674354,140.92155902653647
181.85501507791383,132.56973528750933,241.00343877396077,140.76197004442136
178.0797681815854,129.5340413845642,242.59391659313928,140.87334187683322
177.585140409759,129.32985613996078,243.58317213679211,141.28171236604007
177.2327788033671,126.22635528134452,244.28789534957588,141.48161756790023
176.97881847950885,126.02173617811142,244.79581599729238,141.89085577436643
173.46428019681886,123.26992156274989,245.78948698330458,141.3590794257217
170.0211614298084,122.93545655998521,246.6346025965148,142.02800943125104
160.7860772251263,122.29664944924623,246.9097832792344,143.305623652729
185.04303008645178,136.40382556867985,247.1217603284956,145.54494814630684
185.01532659477743,132.64711148687525,247.1771673118443,146.92659188188466
184.8648070169167,126.0446446431311,247.47820646756577,147.81961711130023
184.4298639551436,122.48101151680406,248.348092591112,148.7713773821072
184.11657259411646,119.01699682982644,248.97467531316622,149.49490232575482
184.12038200509903,118.18335735775203,248.9670564912011,151.16218126990364
183.91771254997033,114.64719638866931,249.3723954014585,151.9804929798212
181.0299458325656,113.69650517433786,248.8741050924933,153.88187540848412
175.28075143674417,112.62429276688222,247.7757814452769,156.0263002233954
163.03996544982425,111.0696092328581,246.98568266882145,159.13566729144364
188.50957880601112,109.99587216929937,246.91120631882825,161.2831414185611
192.1264964365265,108.55624159077246,246.0701715869103,164.16240257561492
192.4769202574881,107.00645006834557,245.36932394498712,167.2619856204687
183.52309397285538,105.287333455231,243.87009337560374,170.70021884669782
209.6650520499672,122.82393920990087,243.6117376754014,174.64617767787402
209.92082341839352,124.18281091582976,243.10019493854873,178.49274994604022
210.28645570034217,125.54060790571455,242.36893037465146,182.39689641834917
190.7030217694056,117.12509303028466,241.50057761430807,185.88285262847012
217.87390050451853,119.02181734830127,240.88829933175305,188.80558889089573
214.93075437164907,117.3432359996101,240.02019708566135,192.16275158827807
185.09189454879922,111.42988489566885,238.53760062902342,197.19386311812306
182.18710632555778,105.65301751477807,237.49299073572791,201.89341154012618
182.24181486398976,117.66167574957436,237.38357365886395,205.531258188856
186.0504875415407,112.30118987889487,236.7367543820111,209.2817038519659
186.34808161399593,110.68198022435408,236.1415662371006,212.52012316104748
190.07551156425444,105.46994998514404,235.74979622241153,215.88109375363962
186.32331180666927,118.04012660961543,236.14361911235412,219.18304700560796
193.26387674476337,113.04317461515258,236.60099910125538,222.00769606198892
189.6430852704178,107.97856322602338,236.62131204778262,224.9156488380834
186.05925672719843,106.93531949223464,236.52125497675908,227.00213630566088
189.32523879081373,109.59865395834471,237.28848698403738,228.97466350794954
181.49361077532575,104.54605283307443,238.26687309670652,231.7374307993367
183.72948354755624,121.86603406488992,241.1965915701235,234.10478842509556
186.11528596612146,117.03623804534038,243.90983953656087,236.2795276606268
189.0779258941481,112.30958550385405,245.54635827966956,238.17103414443747
187.94807844749596,115.03762495932092,247.8060531729739,240.33233059747025
182.6301919912667,121.93501503845485,250.754832697962,241.9115372141432
165.60950941607047,116.48976124092007,253.76334572135957,245.043831777464
164.16977859378207,115.34907715836874,256.64280736593633,247.32519994256666
166.6478417754906,114.44099774900828,259.622845936174,249.1413587612876
148.843683460614,117.77335715257446,263.1847240324179,250.48824958753252
155.9986104946517,128.82545111105625,265.0523107428221,252.6502228382884
159.92377903360438,127.60175731642963,265.354184596865,255.09761042754167
150.4948700687458,122.74312086326054,267.8206158006857,256.6191899709316
137.61971977926737,121.44168755104022,268.79564557320316,259.22205659537224
149.17570569923697,117.11801098456004,270.62836684287095,259.55451202513024
131.1874065937544,115.9460470433404,273.2094396475574,261.8984399075695
137.82949802690027,112.02796211299292,276.77810693949283,261.3081846891509
140.7710294055216,107.74156370917655,279.3679684961708,261.40805718286305
139.54890129356983,103.72843619113979,281.81222472007437,260.91932857505293
133.79056687333167,100.34555664644336,284.7835233584134,259.13971746230845
128.14064253063486,97.28257507159918,287.52003197362444,256.70234054181424
122.14229630778027,98.5917478468473,290.94972930871404,254.083994991318
103.7758956487921,95.9157586120512,293.36933766479785,250.85767522043705
111.19450323405732,93.18461863217925,295.6600519685335,247.75599044304795
114.67556754637306,119.0966873271449,297.2473394314157,247.22834957819856
96.84529777955211,115.19574920571739,298.64639845986954,246.46485569475658
100.54858883067243,132.4448245847036,299.81440694311874,246.26506727874357
96.09303923850379,127.96695683970604,300.1361724489735,246.63146909025622
82.46107937612757,124.18705072436774,301.59948852246356,245.59108010384534
77.37114121221646,116.38210262391178,303.17348300752434,243.98921261923442
80.25932073535716,141.5866333883664,306.00124830221563,245.20489713616146
70.70192485883442,136.80284414658178,307.7816368833085,246.10527403375443
73.59472178609866,153.2802230960512,310.70514180112235,247.98691122418484
72.53685033518576,147.64314769719124,312.82088470294815,250.47663252984967
66.83643655515195,150.7522249943513,315.36447849692394,253.1157117016214
65.83380462050681,149.6569266592278,317.3697423662142,255.30630837186843
64.51733248723016,148.80606421897352,320.0026866327675,257.008033252377
67.52778654604589,143.587248061884,323.05501324080393,258.3724308408882
70.64855341038623,147.45801055379692,325.955641276976,259.7730676219151
73.2016484666213,142.33911361308296,330.0587929021512,260.8015197656977
75.33748716452871,137.43764390216376,335.0760083729634,261.31556632090917
77.69127039759456,132.59032686544046,339.7424602629499,261.63618203823756
80.10261129171113,127.7764714916249,344.3703179997008,261.81335326088475
82.35838444311676,122.94092454960187,349.3828125674117,261.9604062744086
79.49860327450034,113.44715841768587,355.10237490464453,261.74231538355656
81.89814728099134,108.34399962725331,359.9895213324726,262.26239852361164
79.21183196627112,103.26502559350615,365.362151961913,262.651363927049
76.91492173732914,103.43431886816217,369.955972419797,262.31277737773695
79.89221962005558,108.87530836817879,373.9222241349736,261.3516458583332
77.95675949811141,109.6067007764778,377.79314437886194,259.8888610417352
76.11574039251977,115.62205600613461,381.4751825900452,257.85738156568533
79.64143910127967,116.60217770589819,384.4448527863394,255.8971381661582
78.25800783209863,117.53120174073828,387.2117153247015,254.039090096478
76.97075740768793,118.69555543271292,389.7862161735229,251.7103827125287
75.76656610070566,119.93436537777905,392.19459878748745,249.23276282239647
74.53083300523707,126.41301131112114,394.66606497842463,246.31376997020018
73.48547807967103,127.7349054114818,396.7567748295567,243.66998176947885
72.48246932746542,129.15899847144794,398.7627923339679,240.8217956495466
76.49390996872188,130.69207666269338,400.7350379635244,237.7556392670557
75.29414120374275,132.43461800027512,403.13457549348266,234.27055659189222
79.09299343187115,139.16899786393208,405.4862941085843,230.75121993593677
78.03776743429796,140.62426531239407,407.59674610373065,227.84068503901278
81.82087215148096,147.07626719215847,409.93682043589865,224.84296504601798
85.97430123120529,148.53605770704286,411.5196814477057,221.9233840162492
90.02855704981451,149.9969362640827,413.27430951104867,219.0016269021695
94.03699155363807,151.45240580860502,415.0963361003221,216.09068781312487
98.02408821877566,153.12833030438046,416.93780688340553,212.738838821574
101.95599260219333,154.72406379425138,418.85894308933354,209.54737184183216
105.68262874286864,151.5285283912326,421.1636277101369,206.1804857457157
109.65352943186372,148.34873219266436,422.9551570463275,202.80674742867149
113.85477195731906,149.91483738782742,424.25353136890845,199.67453703834536
117.91439941313746,151.4388442819241,425.7994799248022,196.62652325015196
123.06689960443612,148.50230061420766,425.12892994744846,192.86516018034132
124.1949071998539,150.10615073499093,422.8729147566129,189.6574599387748
124.60102836463153,147.0718904029793,422.0606724270576,186.25623870480482
129.86585605831633,148.24896823047197,420.92915581786264,183.90208304981954
131.02214863965114,149.44174646458904,418.616570655193,181.51652658158537
136.8407504105417,150.5423199840048,416.2440509765508,179.31537954275387
144.01153058296958,151.50787649946182,411.0939629623038,177.38426651183985
145.57622692133242,152.3348456583094,407.96457028557813,175.73032819414465
162.3661985389944,152.72085578936395,401.40959323748984,174.95830793203552
172.7706998711724,153.2239667119025,398.4001834253509,173.95208608695842
198.35181085442852,153.23441773451168,391.4302660206051,173.93118404174012
192.19486763509454,153.25762880068174,386.2700212823219,173.88476190939997
217.47883444403791,152.95280223698933,379.0089242086552,174.49441503678483
215.88431595534487,152.88971598111033,373.6314170706716,174.62058754854277
218.7586103559768,152.79170206470144,367.88282826940775,174.81661538136055
221.7714370179096,148.24291347093478,361.85717494554217,175.50403533223823
224.58768633351463,148.0848209999015,356.2246763143321,175.8202202743048
227.75506470822353,143.7580136106472,349.8899195649143,176.21646875237212
234.78940342276024,143.32057826220853,343.9927455259326,177.09133944924943
237.4460641296184,142.76853553616922,338.6794241122163,178.19542490132807
239.64195135031346,142.36293858208913,334.28764967082617,179.00661880948826
241.5019288897661,141.66762038686664,330.5676945919209,180.39725519993323
243.2318879241409,140.8141290683146,327.1077765231713,182.10423783703732
244.86215905216673,139.94307473964753,323.84723426711963,183.84634649437146
246.2663941312084,139.11290479297992,321.0387641090363,185.50668638770668
247.63587318201814,138.25086374426184,318.2998060074168,187.23076848514285
248.71316458006896,137.313496265033,316.14522321131517,189.10550344360055
249.1128253782626,136.5172823745918,315.34590161492787,190.69793122448294
249.09570910401405,135.7075606455612,315.380134163425,192.31737468254414
248.84262100947106,134.73670665852217,315.886310352511,194.25908265662218
243.91064464748047,133.55734154938528,317.7737642335719,196.61781287489595
238.56002312269945,132.55618994972212,320.4307222136078,198.6201160742223
233.75533456837658,131.38940387041433,321.9225379672433,200.95368823283786
233.6674913444604,130.1342024752413,322.09822441507566,203.4640910231839
228.8890577925619,133.12497733570157,323.43140323173907,205.70622958939686
228.04449881124935,131.85745435050387,325.1205211943642,208.24127555979226
226.8870761087687,130.58431945540147,327.4353665993255,210.78754534999706
220.96070428030157,129.38167355358755,330.86207123150814,213.1928371536249
215.4500791409257,128.20734732299724,333.3657728940865,215.54148961480556
210.52335691373858,127.0011530587243,334.6249386562692,217.9538781433514
205.59223993493276,126.01940312980969,335.8337716752518,219.91737800118062
201.40631704966887,124.90497351352275,335.5013542317365,222.1462372337545
197.5286799930838,123.71599107875404,334.52025276205075,224.5242021032919
188.453903407396,122.67520677672952,335.14752051089295,226.60577070734095
185.33825250193283,125.9348297161702,332.57369482252346,228.8916523277554
177.1171970590942,129.3010255654112,331.4073981163112,230.96346442521815
173.87257472364368,128.07540425624967,329.0757945625215,233.4147070435412
170.18321256932396,131.20063545043402,327.6284840275294,235.9902794988041
164.9593455833036,134.56899104472603,329.2297100333083,238.10007627648193
161.0993953522546,133.27172074209,328.04414485788186,240.694616881754
156.6387934159672,132.03746653906848,328.03528039768446,243.16312528779702
151.38954173174423,130.98323909307706,329.5633920893561,245.27158017977985
141.75195016023787,130.00526815028206,330.7822647489959,247.22752206536984
84.79792279287602,129.54680855135345,335.7458121223501,248.14444126322707
82.0330823892397,124.18232449831606,341.27549292962277,249.7041955817573
79.90188524891101,123.38985673178473,345.53788721028013,251.28913111481995
73.689066341717,118.17600794257736,348.5940182228758,252.3473218914423
67.26620638098396,117.44820340974815,352.0064880097326,253.80293095710073
60.92651087652007,116.73951577434929,355.1769616477011,255.22030622789845
60.15637076577062,116.1817553586339,356.7172418692,256.33582705932923
54.507435212177626,120.53627899263117,358.393143593698,257.24874917402263
