231.0,135.0,247.0,299.0
230.2506308772577,138.54286490174223,247.49873824548462,299.50294107916875
234.3097554769973,142.61100777650847,247.9849507138951,299.971116997526
233.950801360551,142.49157802615153,248.7028589467877,300.2099764982399
237.98069498893526,146.75513128640839,249.2778489766767,300.31764726438365
237.69461779569485,151.03511705063846,249.8500033631575,300.403387254776
241.79659532796123,155.2825350802247,250.30230850606546,300.56481140304425
241.61824827958387,159.54216174932083,250.65900260282018,300.7115984058562
245.77712083918436,163.7457345171455,251.01531017239986,300.9785055589875
245.71430778630491,168.0121398293716,251.1409362781587,301.1296040618459
245.5930099263833,168.07541483185406,251.38353199800196,301.00305405688096
249.85716217480768,172.36013220320962,251.5454504131552,301.12384222617186
249.72746562137007,172.22065818825348,251.8048435200304,301.40279025608413
253.91257194650598,171.95897960961858,252.13780433370246,301.92614741335393
258.16941670811525,171.5825154499231,252.3407198482802,302.6790757327449
258.1764322616268,171.12078501779663,252.326688741257,303.6025365969978
262.6481181649191,170.70631209097488,252.12879308387608,304.43148245064134
262.8372178130662,170.32707003282445,251.7505937875818,305.1899665669422
263.0632085517557,170.05116914972155,251.29861231020286,305.741768333148
267.6879158356166,169.70062362660576,250.81100637057435,306.44285937937957
267.9157749934895,169.25683271526188,250.3552880548285,307.33044120206733
268.1397143513396,168.78547477288146,249.9074093391283,308.2731570868282
268.4185828043345,168.3419891679534,249.3496724331385,309.1601282966843
268.79028597549024,167.82578090526545,248.60626609082703,310.1925448220602
269.17617818611313,167.09626428909104,247.83448166958127,311.651578054409
273.9447774359224,166.35343185987176,247.09374641713245,313.13724291284757
274.4041358846211,165.53703859762584,246.17502951973506,314.7700294373394
274.9122994952407,164.70010670650606,245.15870229849585,316.44389321957897
275.41383968894877,163.87802157801644,244.15562191107972,318.0880634765582
275.984402749208,163.04198728128688,243.01449579056128,319.76013207001733
281.0252762363408,157.6759037850876,241.7747153900545,321.650332488657
281.5815040404459,156.5862377856654,240.66225978184437,323.8296644875014
282.22210264590626,150.87155359234842,239.38106257092363,326.3935495030468
282.9001841538786,149.47798388746156,238.02489955497884,329.18068891282053
283.5749227719048,143.42740733290606,236.6754223189265,332.37835519651424
284.2462226874179,137.25554441544315,235.33282248790033,335.79234395139434
284.9648540613295,131.01020707164454,233.89555974007712,339.3237736707103
285.71316209225427,124.84543946801011,232.39894367822768,342.664484420667
286.47577294113654,118.64918924557901,230.87372198046307,346.04258378376403
287.3078265364288,112.39255427573212,229.20961478987851,349.51592867842925
292.72665760343955,110.74096878898817,227.43637584301413,352.81909965191716
293.60113066139576,109.28223322949222,225.68742972710177,355.73657077090905
294.54870131964356,103.37934321121523,223.7922884106062,358.44350842908403
295.5969040804846,102.07540427125596,221.69588288892413,361.05138630900257
296.7379836095206,100.90690377859079,219.41372383085212,363.3883872943329
297.96958403790495,99.79787285999933,216.95052297408333,365.60644913151583
299.3504936910011,98.8178335145569,214.18870366789108,367.5665278224007
300.7947803464766,97.90208383415879,211.30013035694003,369.3980271831969
302.4243507084599,97.12069786278778,208.0409896329735,370.96079912593893
304.1976787752902,96.49237046956131,204.49433349931275,372.2174539123919
306.0650447926153,95.9519162624137,200.75960146466267,373.2983623266871
303.6745837770087,95.48341139783577,196.6029066753534,374.23537205584296
305.68234610429016,95.22475228404832,192.5873820207905,374.75269028341785
307.7345006024525,95.2466684413798,188.48307302446582,374.7088579687549
305.6834922800193,91.09478190116292,183.83798112759865,374.26552250745505
307.79920982026,91.39233284046361,179.6065460471172,373.67042062885366
305.98966509787584,91.68363825709409,174.64765216224836,373.0878097955927
308.19527114426,87.69461791892468,170.23644006948007,372.58279778075246
306.48403905861926,88.14472556976727,165.26036354249806,371.68258247906726
308.7614205857473,88.66047675441396,160.70560048824186,370.6510801097739
307.0854925009491,89.24261247855566,155.8545513943554,369.4868086614905
309.2556529148066,89.94288410167661,151.5142305666404,368.0862654152486
311.2827449167562,90.62448998485809,147.46004656274127,366.72305364888564
309.3544538319138,91.20988615247961,143.40545351764484,365.5522613136426
310.8969038000401,88.17516006081166,140.32055358139226,363.79982851552404
308.2716756394224,89.31378932456943,137.82958110043754,361.5225699880085
304.69750341555766,90.72416257295413,137.31390801630442,358.7018234912391
304.45461465182365,92.09929562857539,137.7996855437724,355.9515573799966
300.0378433311295,93.39162796193114,139.0497255589379,353.3668927132851
299.0877855034552,94.6649552827941,140.94984121428652,350.8202380715592
294.045772116689,96.18358597472036,143.46782110632293,347.78297668770665
292.67694502686254,101.4154940013996,146.20547528597598,344.8862688058552
291.1430995817626,106.65898216108155,149.27316617617575,341.9731393442395
289.4464338235874,108.17664490477264,152.66649769252615,338.9378138568573
283.7507624951247,113.52379814852674,156.45624501993467,335.84510269886607
281.8735828840744,115.13239932781454,160.21060424203532,332.62790034029047
276.0477287976129,120.65002824561361,164.2207375631196,329.23421735653096
270.18450601639324,122.4268283488517,168.2856334037684,325.6806171500548
268.1614940815911,128.12297162585864,172.3316572733727,321.9679685820094
262.2374411450976,130.1223917915465,176.48520398995677,317.9691282506337
256.35432593108135,136.0288703765283,180.54485782224498,313.8627476764144
254.2983885257721,138.07934332058983,184.6567326328634,309.76180178829134
248.33346001109803,143.91456754244356,188.86303721074222,305.8149057960532
246.40976145922758,145.91162122806188,192.71043431448308,301.8207984248166
240.57606556668975,151.7087397406438,196.6374664084204,297.96692109079106
238.71248570488024,153.57498480226826,200.36462613203946,294.23443096754215
236.85912784287297,155.41060245104504,204.07134185605403,290.5631956699886
234.996365706597,157.15982692771632,207.79686612860593,287.064746716646
233.09182106954472,158.85682232424918,211.60595540271052,283.6707559235803
231.16251869218644,160.39289866703598,215.46456015742706,280.5986032380067
229.27264924674733,161.87890775654796,219.24429904830527,277.62658505898276
227.39900155553013,163.27830284224552,222.99159443073967,274.82779488758763
225.49617766271848,164.6605859302363,226.79724221636295,272.0632287116061
223.5289004111359,166.0243350194068,230.7317967195281,269.33573053326506
221.5782175221076,167.32220366804117,234.63316249758472,266.73999323599634
219.747429689708,168.5661464846944,238.2947381623839,264.2521076026899
217.95941690405326,169.7736079270701,241.87076373369342,261.8371847179385
216.24412122993826,170.94377372956473,245.30135508192342,259.4968531129492
214.57719441381494,172.11172240302977,248.63520871417006,257.16095576601913
213.04900533061624,173.35170020664802,251.69158688056746,254.68100015878264
211.48699575931107,174.51051929298967,254.81560602317776,252.36336198609933
209.92408838244606,179.54471648321254,257.9414207769078,250.2820146278857
208.36987593072394,180.536036322222,261.04984568035206,248.29937494986675
206.92101854133728,181.50151442120625,263.9475604591254,246.3684187518983
205.31247535971622,182.4965299001738,267.1646468223675,244.37838779396319
203.82144446295098,183.50334262083308,270.146708615898,242.36476235264462
202.39975505607438,184.49932210334185,272.99008742965117,240.3728033876271
201.01147853261202,185.3732043406182,275.7666404765759,238.6250389130744
199.55061235869593,186.25040755512384,278.6883728244081,236.8706324840631
198.19049571912032,187.15008208728804,281.4086061035593,235.0712834197347
196.9104003048092,184.0416561397689,283.96879693218153,233.16278147525765
195.7493767256688,180.8422211616697,286.2908440904623,231.4276787270523
194.65269175851384,181.62896650689885,288.48421402477226,229.85418803659397
193.6716500041437,178.32096629111973,290.44629753351256,228.32044402769822
192.8072669508944,175.07912934451682,292.17506364001116,226.64922174534826
192.04502378052945,175.98240113312238,293.69954998074104,224.84267816813716
191.41713260067053,176.85077363410085,294.9553323404589,223.1059331661802
194.91176539194086,173.70818569302878,296.10487265271905,221.25230315352346
194.4306476875798,174.60492311040352,297.06710806144116,219.458828318774
193.9176992679099,171.4553302402397,298.09300490078095,217.64673392320805
193.4198682830731,172.43532009235864,299.0886668704546,215.68675421897018
192.97806840270835,173.37094413396255,299.9722666311841,213.81550613576235
192.6161555671532,174.30723190566079,300.69609230229435,211.9429305923659
192.27439554536934,171.22734794929752,301.3796123458621,210.05994760042955
191.96142477087167,172.1279900535793,302.0055538948574,208.25866339186595
195.65909314752014,169.01466786723407,302.61189796773806,206.4836269383789
195.37671150154813,169.87618219591639,303.1766612596821,204.7605982810143
195.14242269931748,166.73832774300834,303.6452388641434,203.0749205974551
194.86765109598755,163.6396329843929,304.1947820708032,201.3318546271182
194.62850689408654,164.41860979280338,304.67307047460525,199.77390101029727
194.33219064398077,161.32538118440192,305.2657029748168,198.05936839667353
194.01977964402946,158.28073753316784,305.8905249747194,196.26735469258958
197.66447669271494,155.21217380496682,306.4618791681798,194.5437338581603
197.41762712446462,152.07419950481244,306.95557830468044,192.9791994279869
197.14619734974235,149.03534513365247,307.498437854125,191.2352376221858
196.90366079933867,149.97038403974753,307.98351095493234,189.36515980999565
196.72260507853107,147.017482181041,308.3456223965475,187.49459064533312
196.5051552798442,147.87316678504436,308.7805219939213,185.78322143732643
196.25458333896665,144.89958950653835,309.28166587567637,184.00242024261416
196.07017951075937,145.73300391853508,309.6504735320909,182.3355914186207
195.96050138031686,146.5595499542959,309.86982979297596,180.68249934709905
199.5854578204281,143.69591930364348,310.2778859846654,178.75179157649194
199.48760062708376,144.50729271514712,310.47360037135405,177.12904475348466
199.4715802071339,141.72242644659394,310.50564121125376,175.09211704085737
199.42856054926403,142.49800734848202,310.5916805269935,173.5409552370812
203.197558934724,143.26013065340456,310.60106127942595,172.01670862723614
203.27278256332687,144.0065847784344,310.4506140222202,170.52380037717649
203.36355118259294,144.7497816967487,310.26907678368804,169.03740654054786
207.19411523410423,145.5617020321564,310.07371337387633,167.41356586973248
207.27842954732503,146.3334559464978,309.9050847474347,165.87005804104965
207.3059428262857,147.06169165938076,309.8500581895134,164.41358661528372
211.05100617892603,147.79588370566478,309.74033449197196,162.94520252271573
214.7255982532199,148.482865092164,309.74472925942393,161.57123974971728
218.39320574570226,152.9396606308743,309.7395403241018,159.9876747219392
222.06211276452038,153.45337480628012,309.70442064996763,158.9602463711275
225.69610373444561,157.67865779475932,309.72091395123994,157.79415563529196
229.31443873809027,158.21597923367284,309.748848686652,156.7195127574649
232.92746808677163,158.64327271898472,309.7692503666324,155.86492578684113
236.41619349510282,162.8412417553941,310.0237913352409,154.70097949929337
236.3121837733094,163.2767431537702,310.2318107788277,153.8299767025411
239.80600332973785,163.68549374795901,310.4477206286409,153.0124755141635
243.25853556369748,164.06604630433804,310.7351959078177,152.25137040140544
243.0490943217922,164.36688601819498,311.1540783916282,151.64969097369158
246.47982534233063,164.6408541832696,311.4718348584129,151.10175464354236
246.30128747620938,164.9400934171298,311.82891059065537,150.50327617582195
246.14608000016977,165.24829969044248,312.1393255427346,149.8868636291966
249.55730438214175,165.506051612099,312.4798379458383,149.37135978588353
249.2879637540053,165.7102300860681,313.01851920211124,148.96300283794534
248.9703203801532,165.90927083721647,313.6538059498154,148.5649213356486
248.59233838743515,165.96295171461784,314.4097699352515,148.45755958084584
251.7931512439378,169.56233450868825,315.179313113415,148.4299628838738
251.32616570658445,169.5732404280923,316.1132841881217,148.40815104506572
250.8687549244407,169.61755086884645,317.0281057524092,148.31953016355743
250.46885393643316,169.67484372298588,317.8279077284243,148.2049444552786
250.13039749680547,169.6838000978651,318.5048206076797,148.18703170552016
249.84442450321816,169.67144622152335,319.0767665948543,148.2117394582036
249.558647007457,169.68618170725594,319.6483215863766,148.18226848673845
249.33010156138175,169.70127046036714,320.1054124785271,148.15209098051608
249.16105842456292,169.74679354749222,320.44349875216477,148.0610448062659
