1
345.2775,217.8943,228.2950,154.2765
346.1321,217.3806,226.5858,155.3037
346.4039,217.5263,226.0423,155.0124
346.6238,215.2404,225.6025,153.6095
346.8364,215.4759,225.1772,153.1385
346.6568,212.8771,225.5364,152.4054
346.7423,213.1409,225.3654,151.8778
346.5513,210.4225,225.7474,151.4020
346.6684,210.4783,225.5132,151.2905
346.5797,210.5608,225.6905,151.1255
346.5729,210.8964,225.7042,150.4543
346.5309,208.6684,225.7882,149.0162
346.3061,208.7301,226.2377,148.8927
346.1646,208.9494,226.5207,148.4541
346.0571,209.0759,226.7359,148.2012
346.2382,209.2182,226.3736,147.9165
346.1801,206.5954,226.4897,147.3002
345.9722,206.8132,226.9057,146.8647
345.8015,206.9008,227.2470,146.6895
346.0699,207.0488,226.7102,146.3934
346.1745,207.2239,226.5010,146.0433
346.3466,204.4706,226.1569,145.7174
346.0785,204.2972,226.6930,146.0641
346.1016,204.4428,226.6469,145.7730
346.2611,216.7085,226.3277,144.5623
346.2813,219.6847,226.2874,144.4152
346.7081,222.9100,225.4338,143.7666
346.5567,226.0271,225.7366,143.3111
346.3737,229.3167,226.1027,142.5073
346.0018,232.3955,226.8465,142.1171
345.6756,232.5462,227.4988,141.8157
345.4985,232.5347,227.8529,141.8388
348.6382,232.4933,227.3559,141.9214
345.5825,232.2706,227.6911,142.3670
322.2257,229.4029,228.0940,142.3135
319.5117,229.0334,227.7280,143.0524
328.2949,228.5967,227.5642,143.9258
343.2274,227.9613,226.7645,145.1966
340.2954,227.9136,226.8061,145.2920
337.5984,227.8018,226.3756,145.5156
337.4607,227.8505,226.6510,145.4182
334.4872,225.0381,226.7736,145.2188
333.9457,225.1660,227.8567,144.9629
333.8217,225.2143,228.1047,144.8664
333.9407,224.9629,227.8667,145.3691
334.1122,225.1392,227.5237,145.0166
331.3107,224.9334,227.2961,145.4281
325.6159,224.3920,227.0173,146.5110
322.8365,224.1234,226.7280,147.0480
317.1274,221.0919,226.4408,147.2584
314.5883,220.9331,225.6669,147.5760
311.4316,220.5484,226.1349,148.3454
305.9088,220.3549,225.4496,148.7324
302.7833,220.0530,225.8391,149.3361
299.7808,219.8728,225.9666,149.6966
296.7476,219.6833,226.1475,150.0755
293.7729,219.6398,226.2026,150.1626
287.8608,219.6038,226.2334,150.2346
284.8488,216.7391,226.3591,150.0656
279.1661,213.8781,225.9294,149.8902
279.0318,214.0481,226.1981,149.5502
276.0521,211.0685,226.2711,149.6231
272.9784,210.7328,226.5297,150.2943
269.9698,208.1758,226.6431,149.5045
270.2261,208.1997,226.1306,149.4567
270.3042,208.4062,225.9743,149.0437
276.1449,205.2274,226.0423,149.5268
279.0483,204.9278,226.1192,150.1259
279.0700,205.1555,226.0758,149.6705
278.9026,202.7445,226.4104,148.6059
278.7099,203.0067,226.7960,148.0816
278.8957,202.9412,226.4243,148.2126
278.7523,203.0398,226.7111,148.0154
278.8205,202.9140,226.5748,148.2669
275.9756,202.7876,226.3939,148.5198
275.9413,202.8559,226.4624,148.3832
273.1652,202.7990,226.1437,148.4971
270.5536,199.9969,225.4987,148.2330
267.8142,197.1980,225.1235,147.9769
268.0251,194.6968,224.7017,147.1351
268.4210,192.1008,223.9099,146.5033
268.7869,189.3194,223.1782,146.2649
269.0225,186.5965,222.7069,145.9242
269.2986,183.7417,222.1549,145.8602
269.5250,180.8717,221.7020,145.8360
269.4732,180.7047,221.8056,146.1699
269.8893,177.9448,220.9733,145.9255
281.6562,174.9103,220.4302,146.2469
285.1869,171.5475,219.1135,147.2276
285.9699,171.1215,217.5475,148.0796
284.0882,170.8104,215.5790,148.7018
284.7827,167.8683,214.1900,148.8736
285.2602,167.7084,213.2350,149.1933
285.7153,167.2275,212.3248,150.1551
286.1261,169.5751,211.5032,151.1472
286.0387,172.0301,211.6781,151.9286
289.1413,174.2286,211.1796,153.2383
289.6479,179.0744,210.1665,154.9880
292.8207,190.4439,209.5548,155.1851
296.4402,198.6395,208.0439,155.9778
296.9225,204.3284,207.0793,156.0359
300.1763,213.2744,206.2758,155.2565
300.3626,225.1724,205.9032,154.1774
300.5308,227.8279,205.5668,154.5223
303.4108,236.4720,205.4632,154.2035
309.0828,245.0290,205.4184,154.0383
308.7400,251.1656,206.1041,153.0576
311.2441,253.9079,206.7366,153.2137
310.9326,256.5634,207.3596,153.5555
319.3805,259.3218,207.4675,153.7067
319.2975,262.2792,207.6333,153.4639
321.7262,268.1479,208.4465,153.0675
321.6062,271.3616,208.6865,152.3165
323.9377,274.4016,209.6914,151.9044
332.2015,277.0448,210.1923,152.2942
334.3643,279.9999,211.5570,152.0741
333.7790,283.1825,212.7275,151.4163
335.8558,283.2596,214.2882,151.2621
337.9812,286.5670,215.7727,150.3824
337.6809,286.8478,216.3733,149.8209
337.0835,287.2214,217.5680,149.0737
336.6060,287.5733,218.5231,148.3698
336.2623,287.6884,219.2105,148.1396
338.9433,287.8829,219.6062,147.7507
338.5595,288.0601,220.3739,147.3963
338.6180,285.3182,220.2570,147.1171
338.3499,282.6314,220.7931,146.7339
338.0202,282.8219,221.4526,146.3528
334.9533,279.9724,221.8243,146.2901
331.5837,280.0747,222.7971,146.0853
331.3120,280.1076,223.3404,146.0195
331.1053,277.2794,223.7539,145.8912
330.4286,280.5956,225.1074,145.0476
329.7270,283.7050,226.5105,144.6240
329.1437,286.7932,227.6771,144.2564
328.6333,286.8855,228.6978,144.0718
328.2372,286.8999,229.4900,144.0430
327.8240,286.9693,230.3166,143.9043
327.5623,286.9649,230.8398,143.9130
330.1043,286.8152,231.6176,144.2125
329.7026,286.8596,232.4210,144.1237
329.9788,286.6880,231.8687,144.4669
330.1098,286.3898,231.6067,145.0632
330.4569,286.1920,230.9125,145.4589
330.6185,283.0027,230.5892,145.9486
333.7027,282.8575,230.3130,146.2390
334.0966,279.6240,229.5251,146.8132
334.3456,276.2947,229.0272,147.5810
342.8953,273.0495,229.6161,148.1754
348.1381,275.5630,230.9601,149.0632
348.2271,293.0438,230.7820,149.8003
350.9184,295.1813,231.3588,151.4846
351.1842,294.2550,230.8272,153.3374
351.2573,296.0121,230.6812,155.8419
351.7017,298.0110,229.7922,157.9026
352.2155,299.9357,228.7646,160.1324
352.8136,299.2005,227.5685,161.6027
349.7395,301.5666,227.6100,162.9773
349.0586,301.1698,228.9718,163.7709
367.6690,300.3112,228.7325,165.4881
364.6699,299.8165,228.5426,166.4774
361.5194,299.2391,228.6419,167.6323
361.3166,298.8017,229.0476,168.5070
345.1086,294.8866,230.2510,170.0948
341.6867,294.2245,230.8078,171.4189
341.4594,293.9730,231.2626,171.9218
356.8004,290.1279,232.2413,173.2799
356.4396,289.4662,232.9627,174.6033
352.7797,282.8650,233.8808,175.0020
332.9058,273.5627,235.0943,174.3394
332.8657,263.2852,235.1744,175.6045
332.5123,250.2534,235.8811,175.8603
325.8151,246.0651,236.3418,177.7699
322.1843,249.0590,237.0984,178.2874
318.8968,248.1115,237.1482,180.1824
318.7366,247.4213,237.4686,181.5627
318.7579,240.3802,237.4260,182.4765
334.8397,219.6907,238.2548,184.2646
334.9591,195.6226,238.0160,185.9190
341.5717,168.1550,238.1178,187.5461
345.1696,147.2134,237.6134,189.2800
351.4277,129.7620,238.5212,190.6231
357.3928,106.1396,240.0863,190.6344
357.2130,101.7698,240.4460,192.6021
357.1552,111.5806,240.5615,193.4083
364.3214,111.0165,239.8773,194.5365
384.5743,100.7909,240.3624,194.4922
381.6048,79.9754,239.4629,195.0917
361.2327,59.8119,239.2005,194.4121
351.9852,41.4639,237.2371,197.0110
358.1884,22.2076,238.4931,201.3673
361.6930,10.2650,238.4048,204.4904
364.5411,2.0378,239.6781,207.0054
364.4500,0.6970,239.8604,209.6871
357.6799,2.6051,239.2496,212.9464
354.0966,11.3238,239.2980,216.8636
356.9097,13.1020,240.8531,220.4886
360.2293,7.8638,241.4775,223.7016
359.8753,2.8812,242.1854,226.3425
359.2426,1.2950,243.4510,229.5149
362.2291,-0.2765,244.9254,232.6578
365.2993,1.9600,246.3053,235.7052
371.5086,7.8543,249.0672,239.0971
371.5914,34.5507,248.9016,239.5150
371.9570,58.1207,248.1705,238.5223
373.4199,77.1332,245.2447,238.8177
370.7035,88.6616,243.0546,238.6295
363.8705,115.3730,241.5495,238.3052
368.3918,123.2993,240.0638,237.5661
384.3669,130.7247,238.2002,237.7587
385.2610,134.5088,236.4121,237.6858
363.2361,131.0440,235.6653,237.1495
348.4920,134.7865,235.3699,237.1103
345.7653,138.2814,233.3827,237.5612
353.2192,137.7984,233.3077,238.5271
356.8809,138.4819,233.4146,237.1600
337.7922,141.8539,234.5392,237.8268
338.2576,153.2514,233.6084,237.3481
338.1693,172.2510,233.7849,236.4317
333.8155,172.7774,235.0877,235.3789
326.0923,176.8063,235.7163,234.7301
325.8593,191.9092,236.1822,234.1587
325.6409,195.8792,236.6190,233.6255
329.0858,191.9473,237.1346,234.0840
332.2404,207.4953,238.2462,232.6710
336.1057,196.0546,237.9314,233.3047
343.1469,196.5370,238.6910,232.3400
343.1106,184.7852,238.7635,233.5906
346.4904,196.5889,239.4425,232.2987
346.9311,196.9663,238.5611,231.5439
347.1960,211.9409,238.0313,231.2069
351.1780,208.1190,237.4567,231.4612
355.0455,211.5128,237.1061,232.0580
355.4503,222.6497,236.2964,231.9492
355.9335,218.4572,235.3301,232.9603
352.1626,229.9323,235.4972,232.1340
345.1872,229.9012,234.7196,232.1962
349.7354,233.8234,232.9762,231.7048
358.0298,237.5928,231.0229,231.4837
358.7750,238.1057,229.5326,230.4579
359.8394,245.9821,227.4037,229.1929
360.7112,246.4879,225.6602,228.1814
361.8479,250.7728,223.3867,226.7587
362.8788,247.5170,221.3250,226.1815
367.3506,251.9967,219.4286,224.2693
371.7458,252.4671,217.6255,223.3286
372.5450,256.9051,216.0270,221.3966
373.7427,257.0280,213.6316,221.1507
374.4895,258.1137,212.1380,218.9793
378.6630,262.4821,210.5802,217.0316
382.8943,263.5631,208.8513,214.8696
383.7346,264.6933,207.1708,212.6092
384.3024,265.4241,206.0351,211.1476
384.7518,265.9596,205.1363,210.0766
375.3934,266.2007,204.2372,209.5943
366.0076,266.5380,203.4581,208.9197
365.8937,259.9829,203.6859,209.0420
365.6652,250.3107,204.1428,208.8877
361.4682,237.3006,206.0325,208.8907
358.0873,234.1027,206.2602,208.7523
355.0514,230.8379,205.7964,208.7464
355.5080,207.8524,204.8832,209.0201
356.0928,201.5647,203.7135,208.5593
356.6782,195.1827,202.5428,208.3386
357.0296,192.6440,201.8398,206.9456
357.4398,182.8129,201.0194,207.2954
357.7925,180.3710,200.3141,205.7493
358.1417,171.2387,199.6157,204.8302
358.5663,168.7339,198.7666,203.4707
362.3917,165.6843,197.4502,203.2355
365.9170,163.1190,196.7092,202.0563
369.5738,163.6652,195.6753,200.9638
369.9727,160.9144,194.8776,200.2193
370.3838,161.4983,194.0554,199.0516
370.8790,158.2058,193.0649,199.4460
371.2260,158.4879,192.3708,198.8817
371.8960,154.7984,191.0310,200.0995
372.5299,154.7679,189.7631,200.1606
373.6065,154.9245,187.6100,199.8473
374.2214,151.3072,186.3801,200.9811
375.0681,151.5172,184.6868,200.5610
366.2927,147.9200,184.0407,201.6899
363.9606,148.0896,182.6321,201.3505
358.4269,144.1635,181.6091,203.1577
352.9506,143.8114,180.4478,203.8618
350.6529,139.6761,178.9940,206.0832
348.1806,138.3332,177.8780,208.7689
345.5509,137.9948,177.0534,209.4457
346.1056,133.3366,175.9440,212.6809
327.8264,136.6671,175.8230,212.1330
328.0242,132.0953,175.4273,215.1738
328.5150,135.0144,174.4458,215.4789
328.9716,127.1150,173.5326,219.0137
326.0226,125.7199,173.2590,221.8039
323.1296,124.4653,172.8353,224.3131
319.9539,122.9714,172.9455,227.3008
316.8009,122.2162,172.9631,228.8112
313.5591,121.1605,173.1348,230.9227
310.4561,124.2173,172.9940,231.1559
314.0537,123.6026,172.1468,232.3852
320.3886,123.4818,172.1828,232.6269
329.9755,122.8615,172.0806,233.8675
333.4433,122.7604,171.5193,234.0696
333.6626,122.5412,171.0807,234.5081
333.9299,119.0522,170.5461,235.1184
330.8248,118.6780,170.3881,235.8667
327.7493,118.6228,170.1623,235.9771
321.7832,117.2751,169.3447,238.6726
315.6591,117.7931,168.7884,237.6367
312.8995,114.1415,167.9302,238.5623
310.0409,114.8419,167.2702,237.1617
307.2490,111.6348,166.5089,237.2307
307.7929,112.2458,165.4209,236.0086
308.2707,112.6405,164.4655,235.2191
311.8067,109.6545,163.6629,234.9216
312.4966,106.9558,162.2831,234.0672
312.7911,100.4462,161.6941,234.6543
316.3654,103.9179,160.7608,233.9261
313.4214,106.8802,160.4600,234.1902
335.4478,102.0446,159.7217,231.4859
336.3025,91.1449,158.0123,234.8810
336.7491,95.4146,157.1192,232.4991
340.4839,96.1836,155.7564,230.9612
361.9748,97.2792,155.2029,228.7699
362.8822,101.4040,153.3881,226.5393
363.3976,95.5849,152.3574,226.2670
366.9411,102.2941,151.2045,224.7168
367.3494,101.7864,150.3879,225.7322
368.0042,103.0172,149.0782,223.2705
365.2356,116.6111,148.7808,219.4211
365.7807,109.5884,147.6907,216.1514
363.5744,107.5362,146.3989,214.5513
363.8662,108.9228,145.8152,211.7783
364.3858,110.4996,144.7760,208.6245
364.7531,108.3227,144.0415,207.4358
362.5369,109.1875,142.9614,205.7062
362.9557,106.3106,142.1238,205.9913
363.5145,107.5386,141.0061,203.5354
344.2526,116.4332,141.7057,201.9566
352.8886,114.0266,140.6072,201.3787
353.6209,119.1328,139.1425,196.5305
354.1031,120.1916,138.1781,194.4131
354.6553,121.3797,137.0737,192.0368
355.0455,122.2702,136.2933,190.2558
353.2548,126.1356,134.7498,187.6499
353.8231,123.4249,133.6133,188.0113
351.6921,129.2883,132.8285,186.3780
349.3838,126.1940,132.4360,187.5575
349.8163,129.8878,131.5708,185.1904
337.6635,135.6522,131.0242,183.6025
338.2599,136.5906,129.8313,181.7258
339.0688,141.1170,128.2135,177.5624
339.5896,142.2140,127.1720,175.3683
339.7174,156.3155,126.9163,170.9118
333.0456,155.2476,126.2278,168.3701
331.5155,155.8867,124.6605,167.0919
331.9198,161.6291,123.8519,164.7719
328.0367,164.3739,122.5505,163.8160
313.6923,167.0630,124.2513,162.9358
316.9723,169.6364,122.2038,162.3014
318.1707,173.2072,119.8070,159.6290
319.1550,176.2853,117.8384,157.8622
320.1041,182.4258,115.9401,154.2418
318.7077,185.5831,114.4888,152.1713
319.5510,193.4354,112.8023,149.0335
317.9224,199.7239,111.9460,144.6834
316.5174,200.7473,110.7228,142.6365
314.8851,206.6682,110.0054,138.7588
313.6692,209.9327,108.5262,136.1408
312.0879,210.3634,107.8419,135.2794
310.9014,217.9556,106.3923,131.5628
309.7813,223.5522,104.8903,127.8538
308.6029,234.4956,103.5864,124.2710
309.3094,235.6258,102.1734,122.0106
302.9938,245.8745,100.6966,119.1481
303.8737,248.7708,98.9369,116.8146
304.6836,253.4347,97.3169,114.2763
305.3018,258.2359,96.0806,111.3328
304.4201,266.2684,94.5797,108.3245
304.9974,268.9248,93.4252,106.2052
305.6703,268.9648,92.0794,106.1251
306.2673,273.2379,90.8853,103.8176
305.4344,277.4898,89.4866,101.4428
305.9785,283.0925,88.3986,99.2533
306.5295,285.1890,87.2965,98.0142
299.7262,288.4654,86.3179,97.2956
297.4422,293.2798,85.1054,96.3374
288.0594,293.6640,83.8789,95.5692
280.0537,297.1059,82.9436,94.3344
278.8439,300.4754,82.5729,93.1759
271.0897,302.4902,81.4826,91.9128
264.6432,304.5441,80.7287,90.5344
263.8295,310.5865,79.6601,89.2333
262.9414,312.7091,78.7775,87.6468
256.8538,313.1584,77.8531,86.7483
257.3533,316.4917,76.8541,85.2640
257.9150,317.0688,75.7308,84.1099
257.0978,321.5167,74.8488,82.7630
254.8752,323.3242,74.3315,81.6293
255.2331,324.1583,73.6156,79.9611
255.6637,325.6376,72.7545,79.4205
255.7886,329.1420,72.5047,77.2035
256.1263,329.5298,71.8293,76.4278
256.3788,332.5625,71.3243,75.0314
257.8111,334.0046,70.7642,74.4518
262.7670,335.3738,69.9992,74.0001
264.1048,338.0683,69.5911,73.1460
264.3218,339.6459,69.1571,72.2386
264.5495,342.4516,68.7017,71.0803
264.7568,343.5883,68.2871,71.0080
266.1911,344.9396,67.6120,70.4991
270.8011,346.1875,67.0916,70.1780
270.8083,347.9545,67.0771,68.8057
270.8758,349.3964,66.9420,68.0618
270.9930,351.0184,66.7077,66.9438
271.1403,351.4373,66.4130,66.1060
270.1762,352.8747,66.2543,65.3180
270.1788,353.2781,66.2492,64.5112
270.3308,353.7292,65.9451,63.6092
270.4570,354.3830,65.6927,62.3014
271.7115,354.8399,65.1993,61.3877
271.8464,356.3380,64.9295,60.3848
273.0863,356.8622,64.4228,59.3364
279.0104,358.5339,64.2658,57.9414
284.9335,359.1887,63.9630,56.6319
286.0886,359.6913,63.5511,55.6267
289.0606,360.2121,63.2342,54.5851
291.0274,360.6844,63.0092,53.6405
295.8232,362.0593,62.5951,52.7262
301.4651,363.4312,62.1977,51.7967
297.9679,364.8393,62.0190,50.7740
297.1870,365.4361,61.8068,49.5804
293.7358,365.7045,61.7031,49.0436
293.7479,364.2068,61.6790,48.5565
293.8618,360.9652,61.4512,48.1080
293.9936,356.0590,61.1875,47.5877
294.0629,356.2298,61.0490,47.2461
292.5952,351.1867,60.5803,47.1204
292.7169,347.6110,60.3371,47.5008
292.7521,345.0990,60.2666,47.4392
292.8887,339.1226,59.9934,47.5400
292.9870,334.9100,59.7969,47.5122
286.4133,330.7876,59.4472,47.3213
281.5935,329.9261,59.0146,47.3655
282.6368,324.8893,58.6008,47.4027
284.6024,324.8757,58.0037,47.4299
285.5052,321.7683,57.8563,47.0115
284.2772,320.9336,57.0138,47.0317
284.4444,320.2784,56.6793,46.7054
285.4767,315.5479,56.2411,46.4091
287.8181,314.5912,54.7876,46.7079
288.2413,312.3498,53.9411,46.3994
283.8507,308.6039,53.2481,45.9961
284.1080,305.8611,51.1716,46.7961
280.4156,306.9935,50.8442,46.0735
280.8496,306.7349,51.5021,45.0649
282.1642,305.6869,51.9129,44.1212
282.1392,306.0940,51.9627,43.3070
282.0933,303.2992,52.0546,42.9015
281.2532,303.7638,52.2411,41.9723
283.0608,298.5005,51.5888,42.1288
287.7344,298.6046,51.0856,41.9204
290.9297,297.7534,50.5465,42.1601
289.9118,297.5797,49.6655,42.5074
292.9113,293.5159,48.0178,43.3828
293.2120,294.2476,47.4164,43.3583
293.3027,293.4945,47.2349,43.4354
296.9836,291.9149,47.0110,43.7394
296.3332,291.9102,46.8829,43.7487
291.2852,290.5114,46.9894,43.6923
290.4138,287.8350,47.3045,43.3338
285.6180,287.1150,46.9069,43.3469
281.2264,283.6007,47.1637,43.2701
279.2519,283.1895,48.2651,42.6688
277.3909,280.4972,49.1244,42.3279
277.6337,279.3220,50.0779,41.8000
277.3097,278.6801,50.7260,41.6384
277.8660,278.1617,51.0662,41.2222
279.3093,273.7407,51.0821,41.3566
279.1476,273.8568,51.4056,41.1242
281.3793,271.7283,51.3069,41.0167
281.1987,271.1234,51.6681,40.7747
282.8484,266.7045,51.2753,40.8930
286.5512,266.7895,51.1155,40.7231
288.0508,262.4861,51.0042,40.6659
291.8075,262.5402,50.6975,40.5579
296.8268,261.9959,50.7031,40.2115
299.8559,259.8259,50.3621,40.2635
303.5341,259.9023,50.1306,40.1106
308.0096,255.4539,49.6930,40.4938
308.7832,254.8716,49.5643,40.2401
314.4416,254.2242,49.5462,40.1226
316.0629,252.1915,49.1240,39.9575
319.1800,251.4685,48.4936,40.0025
324.9068,251.4560,48.1763,40.0275
329.3648,251.4844,47.5856,39.9708
333.5841,251.5278,47.4122,39.8838
337.8722,255.1386,47.0769,39.5296
339.3730,255.1730,46.8003,39.4608
345.0307,255.2908,46.3428,39.2252
350.4861,256.6857,46.2027,39.1282
351.2730,259.5585,45.9716,38.7530
352.0717,258.9179,45.7072,38.7013
356.2456,259.6692,45.3283,38.5269
357.8240,259.5288,44.8104,38.8075
358.7111,260.2002,44.3522,38.7808
360.0547,260.4141,44.2819,38.3529
360.2160,260.5529,43.9592,38.0754
361.0786,260.6866,43.5252,37.8078
360.6593,260.6563,43.0837,37.8685
360.7073,261.5112,42.9876,37.4329
360.8028,262.1989,42.7967,37.3233
360.9789,262.9303,42.4444,37.1214
361.7943,263.5973,42.0659,37.0398
361.8544,267.5822,41.9457,36.5406
365.0704,266.9512,41.6902,36.5674
366.5131,268.3061,41.2681,36.3212
368.4426,268.4985,41.0730,35.9363
369.2015,268.6505,40.7672,35.6323
370.4087,268.8990,40.7578,35.1352
371.6525,268.3432,40.6589,35.0526
372.4688,268.5077,40.2177,34.7236
372.5010,268.0716,40.1533,34.4163
372.6158,266.9415,39.9238,34.3297
372.6333,265.8795,39.8887,34.1166
375.1495,265.3217,39.5145,34.0678
374.1909,260.9616,39.1159,34.6821
374.4624,260.3456,38.5727,34.7525
374.5539,260.4614,38.3898,34.5208
376.3771,259.2663,38.1867,34.6154
377.6306,258.8867,37.9721,34.2285
377.8050,257.7831,37.6232,34.1623
381.3509,256.7943,37.3123,33.8797
382.5599,255.7280,37.1359,33.7707
383.1968,255.3175,36.9784,33.4754
384.3965,250.6494,36.7973,33.9382
385.6700,250.5424,36.4779,34.1521
386.8532,249.6220,36.3357,34.8809
387.5100,249.0604,36.1435,34.8825
386.9778,247.9569,36.0895,34.8526
385.1285,239.2290,35.3195,36.6682
382.5804,234.8499,34.7476,38.6249
382.2032,240.1345,34.3469,39.6062
377.6883,237.1308,34.0657,40.9580
374.2431,239.1996,33.8747,41.5415
370.7316,236.7612,33.7811,42.8600
366.6109,238.2942,33.5886,43.4083
362.3801,237.2567,33.5796,44.2733
358.9348,235.7481,33.1315,44.8442
356.3286,235.7077,33.4459,44.9250
356.9384,231.7701,32.2263,47.8767
353.0984,235.0716,32.3737,47.5509
353.1969,235.3743,32.1767,46.9454
353.2484,235.5291,32.0737,46.6358
353.3096,236.2699,31.9513,46.3886
353.3738,239.5861,31.8229,45.8984
353.9375,239.1215,31.9144,45.6086
354.4476,241.8890,32.1102,44.9379
357.9366,241.4073,32.3870,44.6921
358.0350,240.7619,32.1903,44.7730
358.2809,243.8306,31.6986,44.6753
362.8855,240.0641,30.8780,46.2163
363.6074,240.0199,30.6424,46.3047
366.8751,238.7952,31.3397,46.3433
366.9178,238.1887,31.2544,46.3387
367.0990,236.7029,30.8920,45.6618
367.8584,227.3576,30.5732,45.1532
369.0162,222.3009,30.6315,44.5837
373.2066,218.3985,30.5065,44.1326
374.9231,217.4620,30.5851,43.6646
378.3696,219.0187,30.6804,42.8808
382.5109,215.1330,30.4790,42.5709
387.6850,209.7053,29.3023,44.2547
390.4608,209.8799,29.5126,43.9056
394.6831,205.1842,29.1224,45.2427
398.7336,206.7000,29.1708,44.5395
402.1350,205.1358,29.2949,44.2044
406.2057,205.4420,29.2140,43.5921
408.9317,205.1181,29.4666,43.0988
411.8369,204.8226,29.3450,42.5522
415.8358,204.4636,29.2392,42.1427
418.0210,204.7668,29.3470,41.5363
419.1721,204.9439,29.2689,41.1821
419.4080,201.9925,28.7972,41.5574
419.4804,204.4455,28.6523,41.0649
419.6847,202.2614,28.2439,42.1526
419.5736,205.4608,28.4660,41.2696
418.9619,203.0236,28.5958,40.6762
419.0309,203.7253,28.4578,40.3596
419.1182,203.8551,28.2833,40.0999
419.2250,203.9023,28.0697,40.0056
418.6285,202.4601,28.1947,39.6861
418.6391,202.5850,28.1735,39.4363
418.7666,201.6448,27.9186,39.1948
419.4629,199.4571,27.5791,39.3575
420.0966,200.1614,27.3616,38.9989
422.8830,196.6334,26.9941,39.8088
423.5596,197.3615,26.6879,39.3997
427.1992,194.8816,26.6602,39.1799
427.8752,194.9976,26.3404,38.9479
431.4619,193.1870,26.3305,38.4756
433.6735,192.2321,25.9716,38.3533
437.3000,188.2561,25.7766,38.2389
440.9737,185.2791,25.4525,38.1731
443.5356,184.3418,25.3136,38.0538
447.7509,182.2732,24.8258,38.2194
448.2874,179.3936,24.7402,38.0553
453.4039,172.7467,24.3405,38.5658
456.6823,172.0233,24.6737,38.0441
445.3092,165.6655,24.8326,37.9929
437.4681,161.7413,24.7718,37.9698
439.0602,159.8756,24.5353,37.7710
438.9263,158.4506,24.8031,37.6940
438.9067,158.0511,24.8424,37.5141
434.4983,156.2503,24.8671,37.2080
427.6586,156.8771,24.9284,36.9271
420.5661,154.4434,24.5707,36.9469
414.2811,153.0412,24.6103,36.8599
407.6872,153.8712,24.3132,37.1261
407.9671,151.1215,24.7156,36.8520
403.6718,148.3231,24.6227,36.6597
393.6563,148.4626,24.4849,36.3806
384.9797,147.6371,24.6675,36.1238
377.5453,148.1562,24.2871,36.0388
369.3707,146.5064,24.5628,35.5564
369.7777,146.5917,24.6915,35.3858
382.2344,146.9463,24.2790,35.6189
385.8498,146.6441,24.5607,35.2842
393.1584,144.4021,24.9617,35.0750
411.6367,145.6930,24.7472,35.3194
414.9964,146.0911,24.6236,35.4656
401.7614,145.7777,24.7056,35.1500
372.0501,145.1105,24.9704,35.5452
360.9338,144.8727,25.3677,35.0716
351.1657,145.1830,24.9806,35.3997
354.8854,143.3925,25.1198,35.1913
361.6239,143.6105,24.8934,34.7553
361.5773,144.2996,24.9866,34.3134
365.5255,143.9542,24.5380,34.0732
375.7029,141.8195,24.4221,33.7428
386.1352,141.6973,24.5573,33.0742
391.1213,141.5556,24.5412,32.4525
394.6885,141.2282,24.5698,32.2119
394.5197,139.9295,24.9074,32.1328
390.1073,140.0394,24.7676,31.9129
383.3961,140.3355,24.8274,31.3208
376.7346,138.2673,24.9092,31.0434
370.3090,138.5695,25.4431,30.4390
364.9359,139.6147,25.6394,30.1069
359.1891,138.9383,25.7296,30.5826
354.9150,138.9189,26.3039,30.6213
348.2227,141.4632,26.2512,30.9076
343.2686,141.4202,26.2661,30.9935
339.5561,142.2992,26.4834,31.0376
333.6603,142.8037,26.5084,30.9337
337.1968,143.7984,26.6667,30.7521
338.4733,144.1829,26.8248,30.8869
341.5353,144.6809,27.0588,30.7992
341.9979,144.2782,27.0442,30.6938
345.4900,144.3441,27.3305,30.5621
350.3005,144.5283,27.7342,30.1937
353.7658,141.0879,28.0998,29.7781
360.3198,140.7622,27.7512,29.5181
366.6690,137.9675,27.6775,29.6969
370.2024,138.0466,27.8379,29.5386
376.8026,138.2174,28.1894,29.1971
380.3648,138.2513,28.2946,29.1294
383.3202,137.3892,28.7138,29.0448
386.2341,137.4782,29.2530,28.8669
388.8733,137.5543,29.4663,28.7146
391.9557,136.7906,29.7150,28.4096
395.6375,138.0471,29.6738,28.6426
398.7007,138.0924,29.9756,28.5520
402.3730,138.5620,30.0039,28.5343
405.3266,139.3504,30.5495,27.8792
404.2404,138.8942,30.8819,27.8718
403.7509,138.3993,30.9361,27.9366
401.3586,137.8863,31.0865,28.0358
401.3367,135.6797,31.1303,27.7954
400.0717,135.4542,31.8050,27.3187
396.0534,134.7012,32.3984,26.9639
393.1312,134.7691,32.6397,26.8280
392.4786,134.8002,33.0095,26.7659
389.5481,131.8950,33.2300,26.9360
388.3048,132.3668,33.8244,26.9384
385.7774,131.9715,34.1022,26.7738
385.3121,130.9252,34.0760,26.9526
383.7578,130.4189,34.3064,27.0057
381.0195,130.4187,34.9636,27.0061
379.3298,131.0280,35.4213,26.7614
377.1624,131.4155,35.8487,26.9633
373.3745,132.4899,36.5178,26.7878
370.0475,132.5605,37.2078,26.6466
370.0087,136.0134,37.2854,26.7557
366.1950,136.6676,37.8770,26.4525
364.5829,138.6369,38.0741,26.5501
361.4074,139.2160,38.3430,26.4054
359.1056,140.6848,38.8855,26.5140
356.9119,141.8359,39.1716,26.2624
356.2475,142.3125,39.4750,26.3346
352.7261,143.8574,39.2994,26.3383
347.8911,143.9639,39.7120,26.1254
342.8749,144.0025,40.4629,26.0481
337.7366,143.4433,40.3270,26.1253
333.9386,142.9672,40.6394,26.0369
331.6592,142.6121,41.0235,25.7034
329.5424,143.5764,41.0815,25.8627
