1
297.0340,161.0140,47.9319,241.9720
297.4413,161.3710,47.1173,241.2579
297.7285,161.4901,46.5430,241.0198
297.9742,161.4993,46.0515,241.0014
298.0880,161.4493,45.8240,241.1015
298.2281,161.4445,45.5439,241.1109
298.3536,161.3938,45.2928,241.2124
298.4475,161.3217,45.1050,241.3567
298.4637,161.0735,45.0725,241.8530
298.4265,160.8878,45.1471,242.2244
300.6300,158.4200,44.9911,242.9088
300.5538,158.2968,45.1436,243.1553
300.4428,158.1351,45.3655,243.4787
302.6214,155.7605,45.2812,243.9551
302.4532,155.6016,45.6177,244.2728
304.6863,155.3038,45.4402,244.8683
306.8653,152.8432,45.3759,245.4960
306.7681,152.6188,45.5703,245.9447
309.0011,150.0210,45.4155,246.8292
308.9050,150.0114,45.6076,246.8484
308.8750,147.7253,45.6677,247.0962
313.5819,144.9649,44.9119,248.2878
313.3602,142.8278,45.3555,248.2313
313.2755,142.8887,45.5247,248.1096
315.5355,140.0925,45.3451,249.3616
315.3544,139.4302,45.7073,250.6862
317.5752,136.9474,45.6454,251.2722
319.7691,134.7777,45.6442,251.2250
319.4435,135.0836,46.2954,250.6132
321.6024,132.9364,46.3679,250.5172
323.6852,132.8038,46.5925,250.7825
323.4028,133.0840,47.1573,250.2220
325.4023,130.9010,47.5602,250.1864
325.0992,128.9990,48.1662,249.5813
329.7495,127.3915,47.6909,248.3836
329.6439,126.0021,47.9022,246.7758
331.7213,124.3264,48.1158,245.7588
333.8980,120.5558,48.1207,244.5831
333.7575,121.0810,48.4018,243.5327
336.0022,121.2604,48.2454,243.1740
335.8475,119.5801,48.5548,242.2095
337.9966,117.3202,48.5741,242.4118
337.8289,113.8888,48.9095,240.6329
340.0864,112.4775,48.6972,239.1530
339.9283,111.1253,49.0132,237.5796
339.7391,109.6011,49.3918,236.3659
339.5735,108.2547,49.7229,234.8062
343.7215,106.9171,49.9013,233.2441
343.3930,105.6413,50.5582,231.5770
343.0511,104.5549,51.2421,229.5415
342.7458,103.5061,51.8526,227.4461
342.5017,102.2980,52.3408,225.6870
342.2090,101.0309,52.9263,224.0609
342.0194,99.8003,53.3055,222.3736
343.9978,100.4661,53.4810,221.0419
343.9103,99.0624,53.6559,219.7323
343.8441,99.0563,53.7883,219.7446
343.8233,99.0266,53.8299,219.8039
343.7582,98.1378,53.9600,217.4754
343.6087,99.1661,54.2591,215.4187
343.5073,98.0082,54.4619,213.6817
343.3761,98.6863,54.7243,212.3253
343.2924,99.6476,54.8916,210.4028
343.2360,98.4638,55.0044,208.7760
343.1155,97.1685,55.2456,207.3930
342.9836,96.2533,55.5093,205.2647
342.9411,96.0568,55.5943,201.7238
342.8153,95.8692,55.8459,198.2136
342.6472,95.8624,56.1820,194.3867
342.5067,95.8302,56.4631,190.6579
342.3735,95.6052,56.7295,187.3625
342.3008,97.2130,56.8749,184.1469
342.3203,98.4996,56.8359,181.5738
340.6125,99.8159,56.6277,178.9412
340.6306,99.4322,56.5917,176.1260
339.0636,100.7513,56.1837,173.4879
337.4911,101.9225,55.8316,171.1454
337.4159,102.9429,55.9820,169.1047
337.5265,104.0506,55.7609,166.8891
336.1103,105.2755,55.1980,164.4393
334.7273,106.4847,54.6138,162.0210
333.2079,107.6358,54.3474,159.7189
333.2117,108.7352,54.3398,157.5200
331.7772,110.0107,53.9730,154.9689
330.3409,110.9951,53.6528,153.0002
328.9552,112.1242,53.2651,150.7420
327.5984,111.7439,52.8589,148.3830
326.1435,112.9066,52.6902,146.0575
324.7241,114.0363,52.4867,143.7981
323.3844,115.2233,52.1598,141.4242
322.1126,116.3002,51.7368,139.2703
320.8352,117.4966,51.3638,136.8775
318.2356,118.4450,50.7890,134.9808
316.9372,119.3189,50.5364,133.2329
315.7979,120.4609,49.9952,130.9490
314.6906,122.9503,49.4325,128.7474
313.5368,123.9746,49.0046,126.6988
308.4690,125.1421,48.3461,124.3638
307.1678,126.0218,48.2953,122.6044
305.9213,127.0329,48.1614,120.5822
304.7153,129.3383,47.9779,118.5670
302.3952,130.0871,47.4918,117.0693
301.3744,131.0293,47.0005,115.1850
300.3814,133.0423,46.4893,113.6560
297.0630,133.7450,45.7286,112.2506
296.0297,134.5270,45.3630,110.6865
294.9164,135.3018,45.1866,109.1369
291.6770,136.1656,44.5328,107.4094
290.7531,137.0547,44.0395,105.6311
289.9351,137.7177,43.3690,104.3051
288.9680,138.5033,43.0277,102.7340
287.9973,139.3574,42.7221,101.0257
286.9993,140.1680,42.5015,99.4045
286.2154,140.8649,41.8799,98.0107
284.3527,141.5446,41.2890,96.6513
283.5563,142.2025,40.7536,95.3356
282.7716,142.9709,40.2233,93.7987
281.9124,143.7206,39.8738,92.2993
281.0966,144.3743,39.4652,90.9919
280.3226,144.1951,38.9993,89.3363
279.6252,144.1308,38.4122,87.4831
278.9236,144.8539,37.8708,86.0369
278.2638,145.6465,37.2764,84.4518
278.4856,145.5058,36.8328,82.8525
277.8086,146.2788,36.3371,81.3065
277.9857,146.0524,35.9831,79.9409
277.2279,145.9334,35.7062,78.3864
276.5073,145.7108,35.3824,77.0666
275.8476,145.5591,34.9615,75.6298
275.9444,145.3819,34.7679,74.2723
276.0431,144.3805,34.5705,72.8975
276.0349,145.0820,34.5869,71.4945
275.3098,145.1323,34.3920,69.7489
275.3173,142.7720,34.3771,68.0047
274.4723,143.7112,34.4766,66.1263
274.4040,143.6958,34.6132,64.5924
274.2194,143.6376,34.9824,63.1644
274.2088,143.5723,35.0035,61.7654
274.1723,143.5579,35.0766,60.2851
274.0394,142.9986,35.3424,58.4263
273.0632,142.4200,35.8293,56.6528
272.9163,141.7579,36.1233,55.0826
272.8143,141.7374,36.3271,53.6952
272.6596,141.7111,36.6365,52.3366
272.4404,141.6454,37.0749,51.0723
272.1352,138.8322,37.6853,49.7799
271.8651,139.5722,38.2255,48.3000
271.6107,138.9190,38.7344,46.8857
271.9995,138.3424,39.3035,45.3453
271.7824,137.7280,39.7378,43.9097
271.5285,137.8422,40.2457,42.3643
271.9666,136.6823,40.6702,40.7817
271.7446,136.7741,41.1143,39.3154
271.5157,137.4281,41.5721,38.0075
271.3017,136.2665,42.0000,36.5718
271.0418,136.2545,42.5198,35.3593
270.8156,136.8483,42.9721,34.1716
271.2067,135.7779,43.4029,32.6738
271.5229,135.2278,43.9655,31.3838
271.2447,135.6593,44.5220,30.5208
271.5538,135.8838,45.0803,30.0719
271.2700,135.6162,45.6480,29.4295
271.6376,132.6726,46.0882,28.2642
272.0200,133.2064,46.4858,27.1966
272.9807,132.7390,46.8652,25.8308
272.8633,132.8816,47.1001,24.4128
273.8519,132.4702,47.3467,23.0116
273.7730,132.3993,47.5045,22.0622
275.4213,132.1976,47.4392,21.3885
277.8141,131.9421,46.9108,20.8352
277.5711,131.6309,47.3968,20.4107
276.5007,131.6533,48.4911,20.3659
275.3823,130.9520,49.6663,20.7069
274.9749,130.1739,50.4811,21.1786
275.2186,129.4208,51.0985,21.5802
275.1378,129.2179,51.2599,21.9859
276.2084,129.0161,51.3792,22.3895
276.1295,128.8197,51.5370,22.7823
277.1502,127.9374,51.7921,23.3986
277.0258,127.6754,52.0411,23.9227
277.6556,127.5222,51.9569,24.2291
278.7755,127.3156,52.0766,24.6424
279.2811,127.0729,52.2542,25.1278
279.7661,126.7106,52.4838,25.8523
279.7339,126.3560,52.5483,26.5614
279.7100,126.1355,52.5962,27.0025
279.7021,125.9240,52.6120,27.4255
280.2737,125.6604,52.7135,27.9527
280.8336,126.0666,52.8490,28.3955
281.4303,126.4137,52.9205,28.9663
281.4721,126.1801,52.8368,29.4335
282.1203,127.8033,52.8228,30.0344
282.1511,127.5908,52.7613,30.4593
282.1895,128.6923,52.6845,30.8537
282.1908,128.4667,52.6818,31.3051
282.1590,130.2333,52.7455,31.7074
282.1232,130.0668,52.8170,32.0403
282.1555,131.4088,52.7524,32.0089
282.1897,133.3550,52.6841,32.0911
282.1889,133.9116,52.6856,32.3029
282.1747,134.4723,52.7141,32.5103
282.8963,135.8205,52.6035,32.4791
282.9166,135.7739,52.5630,32.5724
282.9991,136.3316,52.3979,32.7884
283.7231,138.8308,52.2824,33.1205
284.5354,139.2526,51.9943,33.6133
285.2810,140.5514,51.8435,33.6963
287.5123,142.5371,51.3993,33.7434
287.6003,143.0084,51.2233,34.1345
289.8669,144.8547,50.7026,34.4542
290.0413,145.3873,50.3538,34.7241
291.6002,147.9157,49.9042,35.0038
293.1758,148.5908,49.4170,34.9854
293.9650,150.7524,49.1629,34.6352
294.7628,152.1269,48.8819,34.5155
297.4601,154.1869,48.7211,34.3210
298.1846,154.9440,48.5750,34.1097
300.1838,156.9154,48.4681,34.0583
301.5764,158.2802,48.2723,33.9180
303.0214,159.6731,47.9609,33.7109
304.4969,160.9707,47.5726,33.6783
306.6398,162.7468,47.1113,33.9507
307.4658,165.1294,46.7317,34.2749
311.5690,166.3851,46.1568,34.3073
311.8660,168.8712,45.5627,34.3900
314.6164,170.0803,45.0861,34.4839
316.0016,171.8041,44.8162,34.7871
318.2221,172.2900,44.1285,35.0663
321.6329,174.0520,43.5324,35.2776
322.5066,175.8152,43.0245,35.4696
325.2217,176.9942,42.5330,35.5808
328.5724,178.7836,41.9763,35.6888
330.0847,180.5764,41.3958,35.7695
332.1750,182.3776,40.8583,35.8101
335.4471,183.5932,40.3478,35.7924
336.9523,185.9614,39.7344,35.8501
340.1417,187.7907,39.3051,35.7612
341.5952,188.3649,38.7618,35.7947
345.9594,190.1644,38.2506,35.7174
346.7445,191.3580,37.8451,35.6595
350.5245,194.2573,37.2296,35.6481
351.9499,195.4071,36.6741,35.6438
355.6105,197.6347,36.1859,35.7438
358.1336,198.8165,35.6707,35.6458
360.0674,199.9335,35.1723,35.6578
363.6557,202.6903,34.6884,35.7215
365.6342,203.2918,34.0578,35.6273
368.6698,204.4181,33.4732,35.5693
371.6024,207.7163,33.0437,35.4959
373.4848,208.2886,32.5165,35.4304
376.3232,209.2855,32.1886,35.5762
379.2540,211.4269,31.6612,35.5607
381.6404,213.0692,31.1212,35.4507
383.4379,215.2116,30.6696,35.3572
386.6625,216.7469,30.4552,35.4040
389.4250,217.8115,30.1123,35.3475
391.4940,220.4396,30.0945,35.2416
392.0661,220.9784,29.9783,35.1921
395.7274,222.0186,29.8340,35.1626
398.2122,225.0946,29.9779,35.1469
398.6306,225.0073,30.1660,35.3215
400.4231,227.0900,30.7031,35.2780
402.7535,229.1578,31.2344,35.2963
403.0813,230.2000,31.6262,35.3063
405.9948,232.2209,32.1210,35.4792
406.3659,232.7082,32.4431,35.5688
408.3281,235.8966,32.8017,35.6167
409.7148,235.9197,33.2599,35.5705
412.7190,238.7503,33.7544,35.3281
413.0117,239.3539,34.2569,35.2089
416.1017,240.9076,34.6404,35.3833
417.0077,241.4237,35.0338,35.4538
419.0407,243.1477,35.4079,35.3359
420.4821,244.8636,35.8673,35.2463
422.4960,245.9374,36.3192,35.3384
423.4822,246.4493,36.6035,35.4431
424.3788,248.6933,37.0794,35.4933
427.6079,249.2662,37.4781,35.4903
427.9982,249.7370,37.8466,35.6978
430.1516,252.6402,38.1720,35.6817
430.4961,253.1640,38.6459,35.7969
431.9976,254.2823,39.1592,35.9044
432.3678,255.4426,39.6007,35.9475
435.1178,255.9679,40.0477,36.0862
435.5390,257.1484,40.4037,36.1224
437.1652,257.6968,40.7653,36.2302
437.6678,258.8685,40.9722,36.3109
439.8948,260.0493,41.3842,36.3822
440.3085,260.6140,41.7807,36.4770
442.0141,261.7493,42.0647,36.6698
442.4614,262.3385,42.4092,36.7305
442.9097,263.4604,42.7582,36.9777
443.9814,264.5992,43.1243,37.2098
444.4834,265.1882,43.3848,37.2962
445.6669,266.3477,43.5569,37.5165
446.8263,266.8904,43.7899,37.7070
447.3675,267.4737,43.9900,37.8228
447.8650,267.3378,44.2826,38.0947
448.3591,268.5139,44.5906,38.3352
448.8647,268.9911,44.8844,38.6856
449.4164,268.9014,45.0963,38.8651
449.9701,269.3786,45.3101,39.2321
450.5453,269.8663,45.4902,39.5872
451.0908,269.7407,45.7382,39.8384
450.9687,269.6526,45.9824,40.0145
450.9193,269.5390,46.0813,40.2418
451.5020,269.3156,46.2744,40.6885
451.4662,269.1507,46.3461,41.0183
451.3872,268.8223,46.5041,41.6751
452.0613,267.8593,46.5440,42.2131
451.9905,267.5514,46.6857,42.8288
451.9836,267.3546,46.6994,43.2223
452.7020,265.7190,46.6786,43.6619
452.6213,264.7117,46.8399,44.2541
452.5897,263.6929,46.9030,44.8572
452.5244,262.6894,47.0336,45.4193
452.5020,261.6867,47.0785,45.9688
452.5141,259.2849,47.0543,46.3765
452.5225,259.0824,47.0374,46.7816
452.5408,257.3415,47.0009,47.3084
452.5847,256.1960,46.9131,48.1143
452.6656,254.3816,46.7512,48.7501
451.9358,252.5514,46.7071,49.4027
451.9731,251.3801,46.6323,50.2320
451.2626,248.0060,46.5283,50.8794
451.3543,246.9859,46.3447,51.3861
450.6479,245.8238,46.2191,52.1718
450.7269,241.4661,46.0610,53.1434
450.8243,241.1590,45.8663,53.7577
450.0986,237.4878,45.7501,54.8294
450.1163,237.1273,45.7146,55.5503
449.3519,233.4193,45.6506,56.5951
449.4420,232.1934,45.4705,57.4390
447.9106,230.9995,45.2973,58.2089
447.9142,227.4438,45.2903,58.8130
447.2095,226.2828,45.0636,59.4989
447.2764,224.2435,44.9298,60.2922
446.5673,223.0379,44.6955,61.0507
446.6405,218.5614,44.5490,61.7020
445.8596,218.1278,44.4431,62.5694
445.0644,216.0605,44.3543,63.3457
445.1480,211.4693,44.1871,64.0807
444.3358,211.2052,44.1137,64.6089
443.5344,209.1248,44.0119,65.3605
442.8678,206.3353,43.6310,65.7971
442.0616,205.1331,43.5291,66.4871
442.1450,202.3158,43.3622,66.9524
442.2136,201.1231,43.2250,67.6106
440.6208,198.1064,42.9407,68.4395
439.8304,196.9065,42.7791,69.0968
439.9037,193.9983,42.6326,69.6644
439.1216,192.7732,42.4410,70.3589
439.3199,190.7578,42.0446,70.8643
438.5789,188.8353,41.7630,71.1822
438.5959,186.7670,41.7290,71.7918
437.7883,184.5627,41.5722,72.6564
437.0023,182.5428,41.3622,73.1319
437.0419,179.6553,41.2829,73.5500
437.0596,178.4052,41.2475,74.2598
437.2101,177.1948,40.9465,74.8803
436.4102,175.0497,40.7419,75.5617
434.6505,171.7853,40.6395,76.6577
434.5840,171.4319,40.7724,77.3645
434.5103,167.0914,40.9199,78.6937
433.4394,166.6589,41.2017,79.5586
432.4283,166.4021,41.3461,80.0723
431.4708,163.2388,41.3737,80.7359
431.4394,162.8751,41.4364,81.4632
431.3462,159.4899,41.6227,82.5049
430.3248,159.4094,41.7375,82.6660
429.2996,157.3098,41.8556,83.0003
429.3931,155.2209,41.6685,83.2994
429.3640,155.0398,41.7266,83.6616
428.3786,153.6906,41.7507,84.4131
428.3239,152.5964,41.8601,84.6433
428.3690,149.7088,41.7698,84.5281
428.3865,149.7596,41.7349,84.4265
427.5103,148.5731,41.5291,84.8413
427.6076,147.4343,41.3345,85.1583
427.6613,142.2630,41.2271,85.6914
427.7213,142.2766,41.1072,85.6642
427.7426,141.0714,41.0644,86.1093
428.8453,140.8826,40.8301,86.4869
428.6331,139.6790,41.2546,86.9216
428.6234,138.5720,41.2740,87.1493
428.3253,137.4320,41.8703,87.4394
428.1615,136.3299,42.1978,87.6391
428.1346,135.1453,42.2515,87.9952
428.0867,133.8913,42.3473,88.4839
429.1380,132.9724,42.2729,88.2936
428.8488,131.7894,42.8513,88.6356
428.6311,131.5674,43.2867,89.0797
428.4515,130.3233,43.6458,89.5148
429.3111,130.1197,43.9923,89.9219
430.1737,128.7744,44.3447,90.5349
429.9633,127.5060,44.7656,90.9790
429.6671,126.1995,45.3581,91.4854
430.3459,125.9607,46.1245,91.9631
431.3268,124.6512,46.3073,92.4376
432.0187,123.4070,47.0780,92.7715
431.7198,123.1641,47.6757,93.2574
431.1618,121.8725,48.7918,93.6504
433.1545,120.6721,49.2368,93.8360
432.6718,120.6037,50.2022,93.9726
433.2500,120.3093,51.2899,94.5616
434.0222,119.1631,52.0170,94.5825
434.8506,119.2126,52.6443,94.4834
434.3521,119.0382,53.6414,94.8323
434.9775,119.0161,54.7061,94.8764
435.9684,117.8423,55.0586,94.8898
435.5070,117.6717,55.9813,95.2309
436.2802,116.3586,56.7961,95.4959
435.8316,116.1749,57.6933,95.8633
436.5797,114.6988,58.5968,96.4161
436.0083,114.3903,59.7394,97.0332
435.3012,114.1734,61.1536,97.4669
435.8476,113.8737,62.5423,98.0662
436.6552,113.7669,63.4410,98.2798
436.0945,113.6055,64.5624,98.6027
435.5536,113.5072,65.6441,98.7993
436.2373,113.3816,66.8532,99.0506
435.6241,113.2596,68.0798,99.2946
435.0271,111.8133,69.2736,99.5629
435.6357,111.7568,70.7046,99.6758
434.8595,111.6955,72.2570,99.7983
434.0811,111.6341,73.8138,99.9211
434.7281,111.6585,75.2481,99.8724
433.9944,111.6335,76.7153,99.9224
433.2936,111.5399,78.1169,100.1096
432.5436,111.3792,79.6170,100.4310
433.2039,111.2960,81.1270,100.5973
432.4961,111.1902,82.5426,100.8090
431.8001,111.1532,83.9346,100.8829
430.9922,111.0935,85.5505,101.0023
431.6139,111.0265,87.2423,101.1364
430.8664,111.0109,88.7375,101.1675
430.1477,110.9879,90.1747,101.2137
429.3986,111.0118,91.6731,101.1658
428.6359,112.5872,93.1984,101.0509
427.9514,112.5396,94.5674,101.1462
428.5723,114.1950,96.4072,100.9171
427.8789,114.3055,97.7940,100.6960
427.1966,114.4436,99.1586,100.4199
426.3914,116.0794,100.7692,100.2912
425.6630,116.1629,102.2258,100.1242
424.8383,117.9437,103.8751,99.7490
423.9770,119.6906,105.5978,99.4618
423.2768,119.9112,106.9984,99.0207
422.4208,121.8582,108.7102,98.3704
421.5953,122.1122,110.3612,97.8625
420.7702,124.0450,112.0114,97.2745
420.0094,126.0135,113.5331,96.6313
419.2528,127.9347,115.0463,96.0957
418.4900,129.8730,116.5719,95.5410
417.6392,130.1652,118.2735,94.9566
416.8995,132.1157,119.7529,94.4084
416.2552,134.1160,121.0414,93.7746
415.6337,136.2401,122.2845,92.9024
414.9465,138.3461,123.6589,92.0714
414.3067,140.5013,124.9384,91.1491
412.0321,142.6520,126.0952,90.2404
411.3829,144.7910,127.3935,89.3575
410.7647,147.0013,128.6300,88.3370
408.4469,149.1536,129.8634,87.4346
407.7643,151.2996,131.2288,86.5482
407.0739,153.4629,132.6094,85.6330
404.7894,155.6336,133.7616,84.7086
402.5401,159.5759,134.8415,83.6614
402.0270,160.1184,135.8676,82.5764
399.8309,164.0590,136.8455,81.5240
399.3769,166.2882,137.7535,80.4768
397.3574,168.5459,138.3856,79.3683
395.3734,170.8401,138.9560,78.1774
393.4039,173.1359,139.5091,76.9717
391.3741,175.3675,140.1952,75.8819
390.9986,177.6837,140.9464,74.6144
388.9368,181.6960,141.7156,73.2983
386.9220,184.0058,142.4024,72.0216
385.0439,186.2102,142.8276,70.9438
383.2400,188.4469,143.1168,69.7889
381.3395,192.3731,143.6151,68.5420
379.5116,194.5253,143.9825,67.5259
377.7666,196.6992,144.1966,66.4541
375.9597,200.5503,144.5501,65.2727
374.2520,202.7253,144.7205,64.1674
371.0064,204.8976,144.7561,63.0508
369.2692,207.0159,145.0219,62.0228
366.0195,209.1759,145.1326,60.8972
364.4575,211.2940,145.0804,59.8371
362.9022,213.4057,145.0347,58.7702
359.8214,217.2118,144.9225,57.4315
358.2894,219.2823,144.8753,56.4018
355.1731,221.3081,144.9233,55.4424
353.6961,223.3250,144.8017,54.4843
349.0775,225.3461,144.8686,53.4990
347.4928,227.3858,144.9982,52.4595
344.4854,229.4150,144.9670,51.4240
341.4465,232.9988,145.0373,50.2640
339.9510,234.8773,145.0444,49.4907
335.5778,236.7352,144.8819,48.7446
332.6515,238.6728,144.8268,47.8232
329.7416,240.5421,144.7744,47.0208
326.8718,242.3980,144.6725,46.2296
324.0690,244.2849,144.4688,45.3605
319.8052,246.1380,144.3391,44.5400
318.4043,247.9742,144.2721,43.7364
312.7457,249.7126,144.1773,43.1125
311.5783,251.4629,143.6721,42.4521
307.3500,253.2086,143.6667,41.7814
304.6059,253.4425,143.5387,41.3137
301.8038,255.2032,143.5478,40.5898
297.4901,258.4138,143.8227,39.7368
296.1244,258.5443,143.7821,39.4759
290.6304,260.1896,143.7035,38.9520
289.3536,261.8576,143.5014,38.3716
282.5735,261.9791,143.3521,38.1286
281.2331,265.1394,143.2976,37.2784
278.5885,265.2457,143.1499,37.0658
274.5028,266.8677,143.1845,36.5341
271.8816,268.3879,143.0214,36.1966
269.2505,269.9482,142.8954,35.7700
263.9578,270.0816,142.7440,35.5032
262.5825,271.6281,142.8176,35.0873
257.2750,271.7133,142.7519,34.9167
255.8872,273.2870,142.8615,34.4355
250.6017,273.4174,142.7992,34.1747
247.8616,276.4050,142.9743,33.5045
243.8948,276.5079,142.9816,33.2987
241.3062,276.6506,142.8820,33.0131
237.3581,278.1320,142.8839,32.6820
234.6374,279.6254,143.0752,32.3202
226.7829,279.7521,143.0591,32.0667
226.9098,279.8278,142.8052,31.9154
224.2247,281.3228,142.9568,31.5347
218.9996,281.4777,142.9907,31.2249
217.5720,282.9935,143.2475,30.7918
211.1049,283.0863,143.2126,30.6062
209.6840,283.2046,143.4646,30.3696
205.8195,283.3223,143.4277,30.1342
201.7065,286.2332,143.9030,29.4796
197.9141,286.4243,143.7553,29.0975
195.2550,286.5760,143.9373,28.7940
191.4093,286.7040,143.9348,28.5380
187.5269,286.8439,144.0208,28.2582
184.9424,286.9639,144.0791,28.0182
179.6561,287.0331,144.4458,27.8798
178.3698,287.1111,144.4646,27.7239
171.8488,287.1816,144.7512,27.5827
170.4749,287.2125,144.9467,27.5211
166.6389,287.2825,144.9574,27.3810
162.7453,287.3021,145.0910,27.3418
160.1306,287.3213,145.2157,27.3034
154.9084,287.3792,145.4471,27.1876
153.5283,287.3576,145.6530,27.2308
148.3257,287.3844,145.8266,27.1771
146.9646,287.4325,145.9894,27.0810
142.9561,287.4227,146.3275,27.1006
138.9901,287.4128,146.5653,27.1205
137.5668,287.3763,146.8435,27.1935
132.2563,287.3677,147.1695,27.2107
129.5928,287.3878,147.3394,27.1705
125.6185,287.2667,147.5475,27.4126
121.5985,287.1672,147.8241,27.6115
118.9571,287.0240,147.9158,27.8979
116.3883,286.9488,147.8485,28.0483
111.9038,283.0822,149.0040,27.9683
109.2581,282.8802,149.0576,28.3723
105.2626,282.7802,149.1658,28.5723
102.4823,281.3722,149.4604,28.7553
99.8936,281.1975,149.3563,29.1046
94.0765,275.8219,150.4061,29.2714
92.7493,275.7967,150.3966,29.3217
91.3310,275.6006,150.5684,29.7139
85.9386,275.2745,150.6538,30.3662
84.2570,273.6666,151.3281,30.8932
79.7402,270.7827,152.2366,31.2442
77.0218,270.5071,152.2175,31.7954
74.0659,268.9883,152.6526,32.0947
71.0153,264.7386,153.2534,32.3435
69.7189,264.5366,153.0830,32.7476
66.7556,262.8983,153.4718,33.2552
63.6409,259.8696,154.1332,33.7445
59.5234,259.6371,153.9599,34.2096
57.9026,258.0598,154.3923,34.5549
54.9219,253.6352,154.7098,34.9383
53.5921,253.3203,154.5356,35.5680
50.6317,251.6680,154.7696,36.0291
47.6078,250.0156,155.1061,36.4785
44.5177,245.4423,155.5488,37.0185
44.5211,245.1394,155.5419,37.6243
41.3760,243.5161,156.0384,37.9740
39.7011,238.9412,156.4777,38.3925
38.3073,238.5955,156.3408,39.0839
35.1986,235.4285,156.6867,39.5463
33.5502,233.7114,157.0341,40.0311
30.4302,231.9100,157.3471,40.6704
28.6797,228.6823,157.8680,41.1659
27.0718,226.8369,158.0872,41.8600
25.4235,224.9826,158.3709,42.5557
23.8322,221.7207,158.5236,43.0196
22.2384,219.8788,158.6704,43.6627
20.6203,217.9847,158.8516,44.3959
18.8932,214.6077,159.2345,45.0074
17.3339,212.7422,159.2652,45.6503
17.3362,209.2031,159.2605,46.5274
15.8017,207.1980,159.2127,47.4209
15.7932,203.6508,159.2296,48.2496
14.1634,201.5581,159.3410,49.2868
14.0895,197.9296,159.4887,50.2054
12.6110,195.8910,159.2576,51.0944
10.9835,192.1552,159.3112,52.1635
11.0018,190.0274,159.2747,53.1975
10.9958,186.1831,159.2867,54.4059
10.8207,184.0077,159.6368,55.4944
10.7328,181.8438,159.8126,56.5350
10.6592,177.9567,159.9599,57.6920
10.6422,175.7888,159.9939,58.6962
10.6301,173.5343,160.0181,59.8548
10.7146,169.6678,159.8490,60.8448
10.6381,167.3614,160.0022,62.0706
10.6563,165.0697,159.9656,63.2429
10.8066,161.0177,159.6651,64.4837
10.8457,158.7025,159.5868,65.6646
10.8559,156.3313,159.5665,66.9378
10.7792,152.2574,159.7199,68.1024
10.9079,149.8760,159.4625,69.3507
10.7551,147.4829,159.7682,70.6041
10.8522,145.1581,159.5739,71.6944
10.9814,142.8568,159.3154,72.7211
11.0799,140.5333,159.1185,73.7784
11.1058,138.1984,159.0667,74.8425
12.9322,133.9185,159.0372,76.1555
13.0938,131.5135,158.7140,77.3196
13.1759,129.0315,158.5499,78.6222
13.3128,126.6476,158.2761,79.7084
15.2789,124.2256,158.0403,80.8560
15.4080,121.8126,157.7822,81.9693
17.3037,119.3717,157.7188,83.1229
17.3808,118.8984,157.5646,84.0695
17.4965,114.5138,157.3331,85.3168
19.5058,114.0391,157.0936,86.2663
19.5348,111.5930,157.0356,87.3667
19.6492,109.1516,156.8067,88.4399
21.6947,106.7830,156.5403,89.3527
21.8141,106.2563,156.3015,90.4061
23.8970,103.8077,155.9859,91.4529
24.0910,101.3725,155.5979,92.4600
26.1962,98.9311,155.2621,93.4680
26.4473,98.4635,154.7600,94.4032
28.6194,96.0162,154.3107,95.4029
28.9172,93.5876,153.7152,96.3552
29.1722,91.1542,153.2052,97.3098
31.3709,90.7241,152.7281,98.1700
31.6840,88.2729,152.1021,99.1445
31.9144,87.7821,151.6413,100.1263
34.1841,85.2885,151.0460,101.1694
34.4455,84.8465,150.5230,102.0534
34.8217,82.3719,149.7707,103.0433
37.0695,81.9318,149.2394,103.9235
37.3853,79.5130,148.6078,104.7904
39.6610,79.1303,148.0319,105.5558
39.8961,76.8125,147.5618,106.2119
40.1393,76.4874,147.0753,106.8621
42.4660,75.9829,146.4084,107.8710
42.7973,73.5691,145.7457,108.7059
45.1626,73.1356,145.0117,109.5729
45.5174,72.8845,144.3021,110.0750
45.9258,70.6303,143.4852,110.5864
46.3163,70.2930,142.7042,111.2611
48.6340,67.8922,142.0607,112.0709
49.0265,67.6618,141.2757,112.5318
49.4578,67.4729,140.4131,112.9095
51.7514,67.1409,139.8092,113.5735
52.0997,66.9247,139.1128,114.0059
52.4580,64.6748,138.3961,114.5245
52.7336,64.4214,137.8450,115.0313
55.0304,62.2044,137.2295,115.4871
55.4754,62.0477,136.3396,115.8005
55.7883,61.7840,135.7137,116.3278
56.0696,61.5346,135.1511,116.8267
56.3368,61.2874,134.6167,117.3210
58.5584,61.0991,134.1387,117.6977
58.8759,58.9987,133.5037,117.9347
59.1773,58.7887,132.9009,118.3547
59.4276,58.6282,132.4003,118.6756
59.5916,58.4680,132.0723,118.9960
59.7451,58.3048,131.7653,119.3224
59.8970,58.1810,131.4616,119.5700
61.9690,58.0845,131.2697,119.7630
62.0273,57.9890,131.1531,119.9541
62.1129,57.9181,130.9818,120.0958
62.1796,57.8338,130.8484,120.2645
62.2540,57.7838,130.6997,120.3645
62.4065,55.7623,130.3946,120.4546
62.4378,55.6793,130.3320,120.6206
62.5200,55.5642,130.1677,120.8507
62.5395,55.4154,130.1286,121.1483
62.5317,55.3507,130.1443,121.2778
62.5844,55.3305,130.0388,121.3181
62.6487,55.3073,129.9102,121.3646
