1
28.2788,33.6362,38.9913,11.7275
28.6682,34.1652,38.9819,11.4389
28.6751,34.2436,38.9682,11.2821
29.0501,34.2952,38.9789,11.1790
29.0881,34.7468,38.9029,11.0347
29.7962,35.1760,38.9970,10.9315
30.1498,35.5865,39.0445,10.8651
31.2176,35.5791,39.1708,10.8799
31.8925,35.9988,39.3331,10.7965
32.1709,36.8155,39.5331,10.6768
33.2409,37.6121,39.6651,10.5981
33.9434,37.9718,39.7756,10.6365
34.6053,39.1251,39.9718,10.6100
35.6178,39.8743,40.2338,10.6361
37.8647,39.7914,40.3387,10.8020
37.7841,40.5314,40.5000,10.8640
40.0115,42.1082,40.6920,10.8084
41.1057,42.0407,40.8321,10.9435
42.5839,44.4161,40.9984,10.8766
42.9207,44.7742,41.1064,10.9421
45.5733,45.1113,41.2927,11.0524
47.4446,46.6680,41.4961,11.0957
49.2601,48.2002,41.8294,11.2028
50.2826,48.9567,42.1831,11.2889
52.9721,49.7357,42.4474,11.3434
54.5460,52.5018,42.5433,11.4877
57.3806,52.4479,42.5789,11.5955
58.8528,54.4152,42.9046,11.7485
61.5530,55.5330,43.2791,11.9877
62.7427,57.0805,43.4038,12.2316
65.8410,58.5619,43.9358,12.6331
68.2320,59.2946,44.2902,12.8799
71.0848,62.2608,44.6443,13.0072
74.0166,62.5994,44.8922,13.2031
76.4490,65.2086,45.3085,13.2659
79.4159,67.3827,45.5855,13.3539
82.3844,68.6564,45.8982,13.4851
85.4457,71.7121,46.0733,13.6712
88.8102,72.5167,46.5892,13.8733
91.8847,75.6094,46.8568,14.1045
95.4154,78.2509,47.1932,14.3699
98.8389,80.8518,47.8215,14.7746
102.3209,82.1140,48.4639,15.1025
105.9157,84.8093,49.0020,15.5079
111.6102,86.6555,49.3860,15.7396
114.8371,89.9330,49.8676,16.1202
118.5452,93.2670,50.4885,16.4846
123.3706,95.6652,51.0392,16.7890
128.8177,98.1462,51.5140,16.9947
132.6244,101.0507,52.2533,17.4502
137.5815,104.5521,52.9684,17.8880
141.6400,108.0862,53.5002,18.3876
148.3736,111.0905,54.3046,18.9659
152.4638,114.2063,55.0827,19.4532
158.9037,117.8991,55.8803,20.0458
164.9258,121.6705,56.6172,20.6366
170.4195,124.8817,57.4613,21.3130
175.4813,128.8112,58.2048,21.9061
183.1413,132.2049,58.8590,22.4915
188.3302,136.8906,59.7194,23.1097
196.9164,141.0055,60.3569,23.7848
202.9870,145.1973,61.1498,24.4551
210.4645,149.4411,61.9961,25.1849
218.7946,153.7521,62.7817,25.9569
223.8148,158.8209,63.6778,26.7556
233.8488,163.3364,64.5220,27.4836
239.8813,167.8978,65.2303,28.2957
249.6013,172.4762,66.0042,29.2458
257.3662,177.8883,66.6644,30.1961
266.7888,183.3448,67.2943,31.2678
276.4139,188.9187,67.8823,32.3282
282.1986,193.7504,68.7376,33.5363
293.6731,199.4874,69.5874,34.7550
303.0788,205.3338,70.2177,36.0234
311.8642,211.2905,70.8109,37.3201
320.7125,217.3063,71.6197,38.7469
329.7563,222.6047,72.4376,40.1809
341.7525,227.9817,73.0185,41.7135
348.5728,234.3361,73.6970,43.3240
361.0836,239.9509,74.2572,44.8853
369.1360,246.5751,74.9099,46.5325
379.2599,252.3589,75.5554,48.2605
388.6469,258.2636,76.1611,50.0170
398.2457,263.3557,76.7271,51.6909
407.0570,269.5556,77.2189,53.3800
416.0774,274.8668,77.6109,55.0462
425.2419,280.2421,78.0155,56.7847
433.4854,284.6995,78.4586,58.4513
442.9696,290.2938,78.8428,60.1644
451.5059,291.7410,79.2434,61.6382
459.1555,298.7215,79.4442,63.1772
466.8835,300.3215,79.6846,64.4618
472.4624,305.2947,79.8610,65.8498
478.0926,306.9020,80.0607,67.2192
482.6162,309.7576,80.2820,68.4594
486.0344,312.7138,80.4674,69.5686
489.5251,313.3805,80.5694,70.5964
490.6445,314.1410,80.7099,71.4548
491.7581,315.0145,80.8780,72.1029
492.9169,315.9659,80.9685,72.6083
