1
235.2715,160.7165,34.0063,68.7506
235.8430,163.1229,32.8633,70.3175
230.6830,161.6317,31.9980,71.7021
233.5619,166.9004,31.0487,72.3848
233.6642,171.9072,30.8441,71.9472
233.0157,180.6491,30.5550,71.9104
221.0953,187.7519,30.6894,70.3483
226.3100,204.4466,32.7415,68.1627
240.3671,229.3082,32.7861,68.4997
264.7444,263.7643,32.7036,70.2404
258.8354,279.2391,33.3637,69.5767
266.4005,298.9204,37.3835,65.3225
239.9126,290.9463,39.0829,65.2468
242.2336,298.2198,40.9610,62.1099
206.5639,291.9639,47.7163,58.4757
179.0780,286.7855,54.2533,55.4712
158.2096,275.5376,59.7039,53.7762
146.5389,273.7836,63.3940,51.9246
140.6351,272.7611,62.5050,52.1559
119.2862,266.0282,63.7143,51.1909
111.2304,258.8004,63.5645,51.1919
104.6770,253.6700,64.0393,50.6253
90.3994,246.4129,63.7522,50.7183
93.3107,237.3450,63.3288,50.8565
90.8654,233.3461,62.8328,51.6722
110.7452,233.2812,64.4983,51.8021
166.6227,251.9061,67.9559,52.9564
193.6068,259.7811,71.0016,52.4102
213.7949,257.6365,71.3228,54.7615
221.4998,255.8771,71.7634,56.2989
229.5005,257.6905,71.8663,56.6983
237.4082,263.6442,72.2199,56.9176
243.2416,270.8002,72.7336,56.8161
249.3687,270.6019,72.6971,57.2126
262.1402,274.6750,73.7026,57.2352
269.4359,275.7565,73.5168,57.1302
284.9668,281.7797,73.2556,57.4040
306.0771,289.0719,74.1658,57.1965
324.2771,290.3082,74.9245,56.7883
334.3257,298.5827,75.5204,56.7937
334.3584,304.4882,75.4548,57.4534
328.5377,305.3691,76.6552,57.7798
346.8465,313.3501,78.0510,58.7127
372.0431,330.8507,79.2187,60.2339
366.0697,330.2346,80.2104,61.4660
363.4237,320.5188,81.0499,63.0878
371.9827,324.3581,82.0558,64.4712
392.2096,331.5001,83.0623,66.3106
407.9218,335.3787,84.5187,67.9479
420.3400,335.6506,86.0548,69.8016
433.1649,351.5613,87.3671,72.2955
438.6831,351.6147,88.8885,74.7003
410.8886,340.6418,87.8544,76.0557
391.3637,322.0820,85.6306,77.0612
382.0333,300.8240,83.8019,76.0369
367.7362,286.4626,82.1994,74.5629
359.6835,275.8759,81.0290,73.5246
341.6846,268.2275,80.5288,71.7890
325.0869,260.8451,80.1561,69.7698
307.3613,260.2309,80.2130,68.6386
289.6899,254.9288,80.4207,67.5311
281.4903,247.2443,80.5257,66.6059
264.0114,237.9724,80.7668,66.6342
243.7117,221.9833,81.9499,66.1519
227.6036,211.4643,81.5603,66.2289
217.0210,201.9158,81.8071,66.7320
199.4379,193.4839,81.9305,67.2424
172.4137,180.0866,82.0135,68.2274
151.0992,167.7271,82.0992,69.3113
129.6517,158.9676,82.1131,70.1542
121.4784,152.6358,81.6872,70.8375
113.5545,141.7020,80.7320,71.1012
103.8105,133.0099,81.1010,71.7563
94.0847,142.1207,81.3039,72.7832
102.9298,159.7736,80.5932,73.8621
122.0495,187.2688,78.8306,74.8028
122.3130,187.0966,78.3038,75.1472
119.7398,168.7177,78.6172,75.6588
116.8903,169.6812,79.4575,76.1611
117.7611,185.7915,80.1663,75.7976
119.6856,204.5004,81.2290,75.2182
133.5478,219.6983,83.0641,74.3818
162.2822,229.4998,82.6012,74.6068
199.0007,238.1163,80.9367,74.6982
2
0
0
0
0
1
149.2399,74.2636,40.7931,71.5686
145.4533,65.7378,43.1079,74.5978
154.5648,70.7898,45.0916,75.5155
159.0879,73.5105,47.3503,75.7266
159.4661,74.5742,48.5192,75.5245
159.9142,74.7516,49.5649,75.1697
167.3597,76.0381,50.3055,74.5506
181.9071,77.6187,52.5218,73.3464
191.3681,68.6421,51.3783,75.4966
185.5342,68.0089,51.1123,74.7740
178.6415,62.1170,51.0817,74.7156
171.0511,65.9092,52.4566,73.0481
169.8881,63.5886,52.8127,73.7499
152.8748,62.0510,53.0726,76.8250
134.8457,67.7196,52.4635,77.7102
124.2842,76.0810,53.1833,77.3099
116.5813,85.3047,54.2658,75.2322
108.5565,101.0407,54.0541,74.2499
100.1513,112.3458,54.7503,73.7966
94.2303,112.3053,54.4796,73.8777
94.1115,112.0805,54.7172,74.3271
94.6560,127.1650,55.6545,74.5531
95.3952,134.2406,56.2212,74.7176
96.0526,136.8633,56.9633,75.6427
104.3838,135.7729,56.9658,75.7404
112.8560,127.4555,56.6983,75.6984
107.2912,120.4376,57.4299,75.1768
99.8764,113.5722,57.6742,74.3223
97.8720,103.9742,57.5338,72.7729
