1
308.6008,189.5335,69.7983,49.9330
308.7762,189.5437,69.4476,49.9125
308.9182,189.5202,69.1637,49.9596
309.0905,189.4173,68.8190,50.1655
309.3902,189.2863,68.2196,50.4273
310.7615,189.1286,67.3401,50.7428
311.3197,188.8995,66.2238,51.2009
311.9551,188.5447,64.9531,51.9106
312.6443,189.0126,63.5745,52.8123
313.4229,189.5292,62.0175,53.6101
314.4205,189.1206,60.0222,54.4272
315.5429,188.6583,57.7774,55.3518
317.7350,189.0304,55.1747,56.3890
319.1021,188.5368,52.4404,57.3762
321.4793,188.8125,49.4151,58.5537
324.0506,189.2579,45.9711,59.3617
326.6056,188.8013,42.5166,60.2751
329.0085,188.3640,39.3234,61.1496
329.4320,188.7284,36.9037,61.9936
330.0569,188.3438,35.6538,62.7629
332.4160,188.7704,35.5410,63.4447
332.7423,189.2691,36.4316,63.9907
335.6862,189.0974,38.3763,64.3341
334.4010,189.1367,40.9467,64.2556
333.5495,189.2825,44.2963,63.9638
332.2996,189.6074,48.4938,63.3140
330.8427,190.1755,53.1645,62.1779
329.3067,190.8624,58.0516,60.8040
326.9471,191.7837,62.7707,58.9615
324.6583,192.8973,67.3485,56.7343
323.5185,194.2405,71.5803,54.0478
321.5754,194.8173,75.4664,50.9206
320.9103,196.3112,78.7775,47.9328
319.5392,197.0550,81.5197,44.4647
318.0947,196.0154,84.4089,40.6567
317.0029,197.2987,86.5924,38.0899
314.9330,197.5257,88.8063,35.7100
313.8642,197.1757,90.9438,34.4941
313.0931,196.2441,92.4861,34.4327
311.8526,193.8184,93.0211,35.3925
312.0603,191.0713,92.6058,36.9454
311.7225,190.0892,91.2890,38.9095
313.0447,188.7570,88.6444,41.5739
313.8877,185.9890,84.9415,45.0931
315.3711,184.0590,79.9512,48.9530
318.2176,182.1475,74.2583,52.7760
320.5284,181.4681,67.6433,56.1281
323.8301,180.9642,61.0398,59.0830
328.0925,180.4470,54.4066,62.0090
331.8820,180.1213,48.6599,64.4929
333.1186,179.0210,46.1868,66.6934
330.6664,178.2885,47.5507,68.1584
328.6350,179.0232,51.6133,68.5040
324.9691,179.4933,57.0583,67.5639
321.0178,180.4394,63.0000,65.6716
316.9264,182.9068,69.1566,62.7629
312.0539,186.0055,74.7479,58.6425
309.3507,189.6298,80.1542,53.4906
307.2236,192.4421,84.4086,47.8661
306.3976,195.1249,88.1236,42.5006
304.4030,192.6409,92.1127,37.3412
302.7917,192.9567,95.3355,34.7171
302.0140,192.5828,96.8909,35.4648
302.2120,191.2018,96.4948,38.2268
303.3789,190.3284,94.1610,42.0451
305.3799,189.1375,90.1589,46.5322
308.3610,188.7908,84.1969,51.4756
312.0068,187.4856,76.9051,56.2071
317.2954,187.5028,68.4180,60.3525
322.1457,187.5937,60.7442,64.2244
328.0249,185.4918,54.8893,68.4282
335.2616,185.1168,53.9894,71.1174
334.6048,184.6512,57.2685,72.0484
332.7244,184.9467,63.0625,71.4575
329.3366,185.9132,69.8381,69.5244
327.1438,187.6239,76.4183,66.1031
324.0999,189.8104,82.5063,61.7301
322.1744,189.4218,88.6227,55.7108
319.7646,190.9870,93.4424,50.3222
316.2512,191.9403,98.2307,46.1772
314.3132,190.8536,102.1067,43.8768
312.2015,187.3671,104.0774,44.0915
311.3029,185.3256,103.5894,45.8893
311.4879,182.5154,100.9099,49.2000
312.7231,180.2030,96.1107,53.8248
314.9608,177.6918,89.2978,58.8471
318.1312,176.4103,80.6364,63.7309
322.5373,177.5082,71.8242,68.3439
329.3315,175.2255,62.6501,72.9092
330.8018,174.2962,57.5763,76.9012
329.2626,172.9383,58.5424,79.6170
325.8339,173.7646,63.2305,80.1337
321.4851,174.3311,69.6742,79.0008
316.7590,176.8343,76.7862,76.3346
312.1828,180.2449,83.5272,71.9247
307.8875,183.0395,89.6714,66.3354
305.1000,187.8782,95.2465,59.1080
302.7166,191.1150,100.0134,52.6345
300.1194,188.2934,105.2078,46.4037
298.3338,189.2628,108.7790,44.4649
296.2954,189.6162,110.4962,46.1178
296.8934,187.7371,109.3002,49.8760
298.5598,186.5677,105.9673,54.6773
301.3596,186.3120,100.3678,60.1835
305.0393,184.8402,93.0084,65.6357
310.9209,185.9218,83.7343,70.9394
317.0805,184.4665,73.8486,76.2838
323.1744,182.9570,66.3893,81.6671
332.2858,182.2833,64.4660,85.3428
332.0619,182.5820,67.2673,87.0990
330.2547,182.6423,73.3075,86.9783
327.9881,183.4959,80.3626,85.2712
324.3912,185.1525,87.5564,81.9579
320.9672,187.4501,94.4045,77.3628
317.4667,187.8800,101.4055,71.0997
314.6931,189.7192,106.9527,64.7151
311.9413,190.1144,112.4564,58.5590
309.6213,190.7087,117.0963,54.7107
306.5215,188.7845,120.6352,53.2378
304.3188,185.8331,122.3543,53.7681
303.3957,183.4198,121.4800,55.8743
303.4787,180.2293,118.5692,59.5105
304.4316,177.7849,113.8979,64.3993
306.3973,176.4417,107.1859,69.8664
309.0554,175.0860,99.0969,75.3504
312.5255,173.6634,89.4159,80.9364
318.7749,172.3543,79.5989,86.2365
324.5997,172.6153,70.5604,90.9368
327.0632,170.5540,65.6335,95.0594
325.6339,170.2272,65.9720,98.2328
323.5984,169.5689,70.0430,99.5494
319.2980,171.0409,75.9833,99.2661
314.4868,171.7885,82.8521,97.7708
309.4214,174.5996,90.1408,94.9907
304.4706,176.5799,97.1271,91.0301
298.3261,179.1669,103.4906,85.8562
293.6819,183.8466,109.8005,79.4753
291.1202,187.3024,114.9239,72.5637
288.7833,190.8227,119.5977,65.5231
286.6119,193.9610,123.9404,59.2465
285.7287,192.8708,128.5464,52.9085
282.4223,192.7846,132.3643,50.2860
281.2815,192.3335,134.6461,51.1881
279.5860,192.2606,135.1852,54.1859
280.0188,191.6266,134.3195,58.3669
281.0280,189.2334,132.3013,63.1534
282.6735,188.2119,129.0102,68.2259
284.8706,187.0408,124.6159,73.6371
287.6111,185.9201,119.1349,78.9747
290.8006,184.8330,112.7561,84.2526
294.4311,183.9197,105.4949,89.1736
298.4407,183.1327,97.4758,93.8106
304.3865,182.2514,88.5964,98.5854
310.3719,181.5229,79.5722,102.9890
313.8068,181.0914,72.7025,106.7212
317.7063,180.7878,67.7163,110.1413
320.1144,180.7420,65.6811,113.0137
325.4825,181.0196,66.1021,115.2477
325.9456,180.4633,68.0054,116.3604
325.7005,180.2041,71.3739,116.8787
325.0101,180.3073,75.6977,116.6724
324.0318,180.5548,80.6664,116.1774
321.3823,181.0337,85.9656,115.2196
320.2202,181.6833,91.4497,113.9204
317.5009,182.4681,96.8881,112.3509
314.9548,183.3979,101.9803,110.4912
312.5673,184.4743,106.7554,108.3383
310.2171,185.6537,111.4557,105.9796
308.0560,186.8582,115.7779,103.5707
306.1212,188.1688,119.6475,100.9495
304.3892,189.5308,123.1116,98.2255
302.9280,190.8386,126.0340,95.6098
301.6233,192.0361,128.6434,93.2148
300.4609,193.1736,130.9681,90.9398
299.4616,194.2178,132.9667,88.8514
298.5917,195.1516,134.7066,86.9839
297.9030,196.0003,136.0839,85.2864
297.3380,196.7135,137.2140,83.8600
296.8750,197.2937,138.1399,82.6996
296.5160,197.7290,138.8580,81.8290
