1
126.5136,194.2751,202.5911,114.2972
130.0977,198.1542,200.3645,111.4807
128.3184,192.3768,199.0623,108.4530
138.7131,200.1049,197.4326,107.3665
141.7893,198.5163,196.0275,105.7963
135.6201,187.6472,194.2667,104.0360
136.6268,193.0796,192.2533,102.4585
139.9510,190.9520,190.1918,102.1267
143.6912,193.8668,187.2624,100.8480
146.8493,187.7982,185.4320,99.5277
140.5725,190.9208,184.6767,97.7186
143.1384,191.3182,183.9392,96.9239
146.0773,189.3785,182.4311,96.4336
149.2047,191.9681,180.5152,95.5936
156.3964,196.4720,179.0213,95.1785
160.4450,192.9542,179.4586,93.6796
154.1316,193.3224,179.3414,92.9431
157.1987,193.4701,177.4409,92.6477
159.8312,196.0874,176.3764,91.6137
165.6717,196.2264,177.1970,91.3357
167.7969,198.3730,177.1212,91.2169
165.8901,196.3074,176.7635,91.1768
178.5113,198.4950,176.5132,90.9670
307.3244,147.9622,180.8462,88.0805
325.4315,151.7994,178.0046,88.7494
324.4956,154.0762,175.7348,88.3375
317.8940,156.2573,172.5329,88.0766
321.8038,154.3390,168.7633,87.8633
321.3062,156.4142,165.7676,87.7037
325.6434,156.6805,164.9813,87.1711
332.1559,151.2074,163.7263,86.3473
327.0040,153.7453,162.3580,85.1622
332.8103,156.2224,162.2962,84.0582
337.2591,151.2115,161.0593,82.5889
335.7873,149.8638,160.2160,81.4976
338.0776,146.8707,159.3910,79.9723
341.4860,145.2376,156.2915,79.5212
343.7560,144.5361,155.4157,77.2600
338.0031,145.0725,152.4730,76.1874
347.9233,143.4760,150.3849,75.8299
342.2222,141.7327,147.7321,75.8027
347.3272,138.9863,147.9452,74.3469
326.6837,135.2919,147.8039,71.3785
342.0497,134.6623,151.0602,69.2389
2
0
0
0
0
1
310.9622,80.0877,208.6981,126.9891
314.1120,76.3764,212.8926,123.9176
318.2185,69.2772,215.1948,122.3431
312.8556,71.7740,215.3906,122.6145
314.6631,64.2637,217.0481,121.8176
312.1539,69.6777,216.7830,121.5565
311.3513,62.4499,218.3882,120.1867
305.4401,49.5200,219.6597,119.6689
298.2343,52.8749,218.2148,118.2445
296.6292,61.1519,216.1854,117.4099
2
0
0
0
0
1
292.0086,38.0759,203.2089,132.6431
2
0
0
0
0
1
287.3871,43.7653,204.3312,129.8712
2
0
0
0
0
1
279.4343,43.1138,210.7740,134.5281
2
0
0
0
0
1
333.1568,149.7916,215.1872,142.0417
333.4515,148.9834,214.5976,143.6580
345.1741,148.1763,213.6090,145.2721
259.1957,29.3997,216.7858,140.9075
255.2624,29.1262,219.0512,135.8534
2
0
0
0
0
1
335.6344,153.3998,224.9984,144.9930
292.2382,133.0907,224.9035,145.0639
292.8351,132.6853,223.7097,145.8746
293.1005,132.4892,223.1789,146.2668
296.1758,132.3591,222.8147,146.5271
302.1002,131.9771,222.5367,147.2911
340.3601,128.4670,221.3368,148.5175
305.5522,128.4476,221.3984,148.5563
316.0692,128.4101,223.5554,148.6312
310.0253,128.3773,223.9803,148.6967
302.2411,134.1617,227.8709,148.8059
307.7827,130.5196,228.5860,150.1909
304.4795,135.5256,229.2595,152.0449
309.0993,144.0769,231.9677,152.8640
320.4216,122.5298,233.4362,153.7604
332.2964,128.7112,233.9473,153.5282
314.4973,128.1407,233.1314,154.6692
258.7745,148.4613,229.1374,156.5583
310.2981,167.7100,234.9364,154.3429
339.1008,165.6405,238.3053,152.3845
347.0475,156.6324,240.7579,152.0548
337.5585,117.0546,235.1500,157.4527
296.0540,157.1384,238.1781,157.2661
291.1035,153.6156,241.8843,158.1168
352.9219,138.2025,243.5394,157.6200
344.2015,124.6633,242.1369,159.5738
301.5108,136.0692,239.4211,161.9328
289.8755,144.8319,243.8187,163.2804
291.4298,153.3997,247.0895,165.2834
288.3065,135.1327,246.8742,169.5074
283.8912,139.6462,249.1760,173.5380
281.5557,138.3353,253.8470,176.1598
279.8183,137.6614,257.3217,177.5075
284.7240,137.4211,261.1479,177.9881
283.3735,136.6417,263.8489,179.5469
282.2769,135.6941,266.0421,181.4421
280.9422,134.9859,268.7115,182.8585
283.8928,133.8555,269.8895,185.1193
283.5326,132.6242,270.6098,187.5819
289.5900,135.4754,272.8670,189.0656
288.4087,134.8261,275.2295,190.3642
288.1149,133.4258,275.8171,193.1647
279.7622,132.2059,277.8090,195.6045
304.9952,138.0615,279.3331,198.7476
301.5047,136.8089,278.8121,201.2529
296.9465,135.5105,280.3932,203.8497
299.7329,149.7750,282.4223,205.7287
293.4295,141.0243,279.7018,207.9027
289.0249,140.0658,280.8530,209.8198
284.5211,139.0925,282.1538,211.7664
284.5643,141.8312,282.0675,214.0476
280.2473,140.9560,282.9070,215.7979
283.8718,155.2336,283.4938,218.5861
284.0375,145.8915,283.1624,221.4897
295.4542,141.6324,284.1264,222.0756
304.0556,161.4111,282.8369,222.3015
302.5818,156.1847,277.8438,224.8137
312.0517,171.4196,274.7138,225.9632
313.9913,167.1065,270.8344,226.7142
305.2047,167.9147,272.7523,225.0977
295.9015,171.3884,275.6964,225.9816
293.3077,167.5960,280.8839,225.6757
291.4991,183.0867,284.5011,226.5560
294.0844,186.9214,287.3658,226.9219
291.4319,198.4091,292.6707,228.2015
288.2386,190.4672,299.0573,227.7114
289.4133,198.9734,304.9844,227.2520
287.5652,202.9598,308.6806,227.6385
294.7981,210.7847,311.0586,228.8323
278.0209,206.0599,310.7027,229.8044
279.7607,205.9176,315.7113,230.0891
278.6894,210.0446,317.8538,230.4038
277.7842,193.2971,319.6643,229.4728
273.1244,202.1565,320.3652,228.9913
292.3336,219.8201,325.0536,228.1494
269.3706,193.0879,327.5875,229.5436
252.6971,205.8454,325.9758,230.2475
268.3474,188.1202,329.5829,230.7902
285.2605,200.6537,330.9185,232.0945
266.2151,208.9638,333.6807,233.1387
220.2209,192.5588,336.7578,230.3841
232.1097,211.2314,339.6563,228.6069
209.0126,189.0414,341.3195,228.4559
227.5239,197.3187,340.0118,229.7589
218.3457,183.9380,340.5069,229.7281
218.3510,183.9251,340.4963,229.7541
218.3483,210.7414,340.5017,229.7487
236.6421,192.2619,339.6656,230.9562
224.4834,177.4098,337.1471,233.8246
206.7257,176.2558,336.8432,236.1325
221.1612,193.9503,334.9373,236.6969
201.7196,176.4378,337.9451,235.8466
225.1525,181.1054,336.0806,235.5115
210.0262,188.3196,330.4669,239.0162
224.6868,178.7720,327.9636,240.2329
207.4862,186.9348,326.6798,241.7499
217.8614,176.8594,323.7826,244.0474
231.3622,167.5712,323.5414,244.7835
210.0280,180.5225,321.5674,245.6664
222.9955,162.4328,322.3708,246.1946
226.6073,175.7379,324.0808,246.3854
208.0593,165.6393,325.3254,248.6569
219.2038,161.8195,330.0933,247.2776
204.1474,184.0603,332.9988,248.1412
209.3461,201.5086,331.7289,249.7541
213.3028,177.8441,332.9499,251.4109
198.3675,191.3951,335.2801,251.8492
204.9439,180.7577,331.3501,254.6786
206.6265,175.1745,327.9850,256.6360
208.9701,169.1956,323.2977,259.4041
211.1980,163.3648,318.8419,261.9032
212.7323,157.8672,315.7733,263.7639
213.9680,152.5163,313.3020,265.3482
219.5336,151.6505,311.2756,267.0798
221.1419,150.7416,308.0590,268.8976
222.8645,149.6592,304.6136,271.0625
224.5513,148.8037,301.2401,272.7735
225.5945,144.0111,299.1537,273.3219
225.1559,144.2408,300.0309,272.8625
225.8259,143.9757,298.6908,273.3926
221.0845,144.1707,299.1666,273.0027
215.3927,144.6811,301.5421,271.9819
