1
554.8984,239.2239,23.8918,52.7499
556.0372,237.1975,25.1703,50.8757
558.5856,240.8960,25.9751,49.3805
557.9409,254.7954,26.0924,49.7171
553.3750,261.4809,26.9693,48.1388
540.4632,266.9758,29.3729,46.5170
526.1463,272.4991,30.6948,44.9701
511.1845,273.0330,32.1482,43.9023
497.2866,270.5422,33.6746,42.9136
493.0634,265.9848,33.6936,42.3971
489.1227,265.4810,34.3971,42.2082
482.1886,266.7915,35.0124,41.9969
479.2712,267.1356,34.7897,42.5203
485.5948,259.3425,34.3020,43.5149
464.5786,259.5354,33.5185,45.5757
448.8953,266.2660,32.5943,45.7761
443.1183,266.1210,33.0800,46.0661
438.0851,266.8421,35.6932,43.3817
435.4019,246.3448,33.5968,44.5745
396.0921,247.8728,34.8519,45.2025
403.7890,255.6807,34.5549,44.6836
396.7470,249.4637,34.9406,44.6646
2
0
0
0
0
1
254.7196,295.9956,57.9719,42.4965
229.4809,302.6681,56.3924,41.7714
213.9806,308.6516,55.0196,42.1370
203.8409,317.1627,56.9790,40.3815
193.4395,317.8423,54.8670,40.5499
183.2298,315.8647,51.3121,43.0068
183.3509,315.2915,48.1020,44.1531
185.2558,313.6166,45.7449,44.5978
186.2560,306.6935,43.7443,45.6400
197.6707,301.8018,43.4357,44.1630
213.3139,297.8554,42.4983,43.7788
227.9939,298.0965,43.0287,43.2965
244.8811,297.8107,43.2406,41.1492
265.3470,293.6931,42.1749,40.0824
277.0529,288.6792,43.3736,39.7478
302.1329,283.3479,41.6348,39.9410
309.3491,282.8197,41.3331,39.7128
301.8528,278.6223,41.0105,39.1739
320.7160,274.0102,41.1642,38.2967
325.5889,269.8213,41.4276,37.9165
327.0080,275.3646,42.3370,36.8236
2
0
0
0
0
1
473.2161,275.2285,41.1688,25.7970
463.4763,278.2434,39.6960,26.0530
458.7866,277.9656,39.8070,26.6085
448.9846,281.7433,39.6369,27.3791
446.3106,282.0887,40.7811,26.6882
427.9303,282.0470,40.5572,27.8284
417.3796,286.4133,40.2133,27.6740
404.0539,287.1503,41.3163,27.2644
403.8789,285.7675,39.5177,27.8813
2
0
0
0
0
1
217.8011,299.4402,72.8911,34.4411
216.8381,286.5240,71.4913,35.3295
224.8347,261.2236,70.4195,36.1919
209.3754,276.1151,66.5379,39.5519
236.4559,265.3630,63.7483,41.1704
256.9714,259.5980,62.1415,42.8444
239.4587,207.4848,62.5941,43.3525
234.2404,195.0620,61.3998,44.9363
253.8518,194.7531,60.5767,45.5540
236.7403,165.0206,59.7895,46.6685
237.8441,146.3190,59.2553,47.2587
233.0945,128.1030,62.0554,46.8468
226.9815,118.1638,62.3058,47.9061
227.0046,117.0561,63.9915,48.3897
224.7822,125.6848,66.6708,47.0220
223.2339,130.9070,66.1999,49.0638
224.0503,136.6597,69.9976,48.4193
216.9385,136.8116,71.2217,48.1155
218.3476,141.2206,70.2739,48.6499
216.6118,142.6455,73.7455,45.8001
209.9071,133.0808,72.1974,48.1022
206.8039,138.7694,76.5188,46.1498
192.7018,137.3943,75.9691,46.9831
192.9099,132.9127,75.5529,48.2553
193.4762,136.1757,78.2958,47.5429
197.0528,135.3864,77.0433,47.1546
207.0813,140.0850,78.3446,45.5239
224.0464,139.2981,77.2838,47.0977
239.9611,140.6762,76.5629,48.2302
