1
433.7931,95.7728,131.4137,88.4544
433.9982,95.9322,131.0035,88.1356
434.1611,96.0681,130.6777,87.8639
434.3195,96.1567,130.3610,87.6866
434.4427,96.2346,130.1147,87.5307
434.5049,96.3146,129.9901,87.3708
434.5786,96.3667,129.8429,87.2666
434.6706,96.4327,129.6589,87.1347
433.0057,98.2294,129.5910,86.9388
431.4750,98.3202,129.2590,86.7571
429.9691,100.1277,128.8856,86.5275
430.1685,101.9224,128.4866,86.3140
428.6558,102.0239,128.1458,86.1110
427.1723,103.7740,127.7550,85.9686
425.7155,105.5608,127.3189,85.7447
424.2946,107.3203,126.8215,85.5650
422.8732,107.4034,126.3353,85.3988
421.4836,109.2184,125.7958,85.0875
420.0925,110.9787,125.2724,84.8725
417.1269,112.7387,124.6157,84.6466
415.8097,114.4829,123.9696,84.4385
412.8852,116.2436,123.2841,84.1843
409.9828,118.0291,122.5834,83.8661
408.7919,119.7787,121.7286,83.6038
405.9205,121.4879,121.0321,83.4049
404.7214,123.2256,120.2245,83.1353
401.8885,124.8792,119.5119,83.0172
399.0811,126.5208,118.7738,82.9106
397.8699,128.1563,118.0326,82.8031
395.1295,129.8364,117.2122,82.5934
392.3971,131.4906,116.4077,82.4199
389.6911,134.6364,115.5803,82.3676
386.9281,136.2410,114.8936,82.2646
384.2471,137.8454,114.0672,82.1501
381.5619,139.3968,113.2780,82.1271
378.9413,140.9101,112.3843,82.1679
376.3288,142.3247,111.5003,82.3934
372.1421,143.7034,110.7392,82.6807
370.9966,145.0856,109.9923,82.9543
368.3351,146.4402,109.2530,83.2762
365.6919,147.8232,108.4894,83.5351
361.5692,149.1612,107.6819,83.8768
358.9224,150.4756,106.9538,84.2589
357.7514,150.2555,106.2900,84.6990
352.0625,151.5351,105.6562,85.1427
350.9140,152.7463,104.9528,85.7207
346.6846,153.8665,104.4149,86.4793
344.0197,155.0727,103.7388,87.0697
341.3385,154.7593,103.0973,87.6965
338.6143,155.9269,102.5412,88.3635
335.8066,157.0411,102.1481,89.1395
334.5451,158.1837,101.6605,89.8648
328.8298,157.8381,101.0322,90.5561
327.5230,158.9905,100.6298,91.2673
324.7242,158.6008,100.1853,92.0466
321.8714,159.7444,99.8375,92.7860
319.0240,159.3204,99.4666,93.6341
316.1490,160.4472,99.1352,94.4211
313.3102,160.0186,98.7172,95.2782
310.4931,161.1655,98.2414,96.0395
307.6082,160.7600,97.8922,96.8504
304.7478,161.9028,97.4795,97.6315
301.8870,161.5083,97.0559,98.4207
298.9503,161.0686,96.7726,99.3001
296.0393,162.2235,96.4192,100.0778
294.6568,161.8507,96.0899,100.8235
291.6608,162.9619,95.8802,101.7019
288.6768,162.5970,95.6258,102.4318
287.2498,162.2549,95.3612,103.1160
285.8026,161.8358,95.1307,103.9542
282.7638,163.0164,94.9395,104.7272
281.2588,162.6686,94.8060,105.4229
278.2001,162.3106,94.6192,106.1390
275.1444,161.9654,94.4102,106.8294
273.6134,161.5911,94.3046,107.5778
272.0975,162.7809,94.1589,108.3758
270.5566,162.4371,94.0531,109.0635
269.0356,162.1102,93.8986,109.7172
267.5335,161.7558,93.6985,110.4260
264.4095,162.9253,93.5229,111.2988
264.4525,162.6039,93.4369,111.9417
261.2864,162.2517,93.3070,112.6460
261.2953,161.9518,93.2891,113.2459
259.7030,161.5283,93.2252,114.0928
258.1098,161.1545,93.1507,114.8404
256.5129,160.8056,93.0736,115.5382
256.5115,160.3968,93.0765,116.3559
254.8654,160.0799,93.0757,116.9897
254.8201,159.7430,93.1662,117.6634
254.8055,161.1012,93.1953,118.2615
253.1164,160.8526,93.2495,118.7588
253.0547,160.5266,93.3728,119.4108
253.0198,160.2303,93.4426,120.0034
253.0038,161.6550,93.4746,120.5089
251.2791,161.4094,93.5609,121.0002
251.2674,161.1506,93.5842,121.5177
251.1756,160.8801,93.7679,122.0586
251.0629,162.3023,93.9933,122.6057
250.9998,162.0846,94.1196,123.0412
250.9581,161.8882,94.2030,123.4340
250.8981,163.4018,94.3228,123.8265
250.8000,163.2245,94.5191,124.1810
252.4526,163.0601,94.6500,124.5097
254.0995,164.5510,94.7996,124.9713
254.0147,164.3471,94.9692,125.3791
255.6566,165.8130,95.1471,125.9091
257.2904,165.5951,95.3524,126.3449
258.9190,167.0760,95.5779,126.8660
258.8448,166.8878,95.7263,127.2423
260.5251,166.7069,95.8682,127.6041
262.1967,168.2104,96.0354,128.1075
263.8953,167.9711,96.1589,128.5860
265.5802,169.4822,96.3192,129.0940
265.5143,169.1956,96.4511,129.6671
267.1994,170.7259,96.6321,130.1579
268.9022,172.2790,96.7884,130.6133
270.5970,172.0777,96.9699,131.0159
272.3147,173.5959,97.1149,131.5598
274.0615,173.4562,97.2121,131.8392
275.7615,174.9822,97.4090,132.3841
277.4777,174.7334,97.5848,132.8817
280.9766,176.2397,97.8245,133.4877
282.7881,177.8414,97.8334,133.9163
284.5568,179.4441,97.9346,134.3493
286.3380,179.2306,98.0189,134.7764
288.0580,180.7378,98.2334,135.4165
291.6613,182.3051,98.3625,135.9498
293.4908,183.8978,98.3818,136.4425
295.2978,183.7027,98.4536,136.8328
297.0898,185.2608,98.5625,137.4095
300.7650,186.8234,98.6190,137.9877
304.4578,188.4842,98.6598,138.3793
306.2696,190.2009,98.7560,138.6656
308.0945,190.0074,98.8319,139.0528
311.7444,191.5708,98.9975,139.6587
313.5027,193.1799,99.2259,140.1853
317.3016,194.8268,99.1408,140.6478
319.1705,194.6853,99.1650,140.9307
322.8351,196.2550,99.3693,141.5581
324.5558,197.9229,99.7075,142.0019
328.2746,199.5844,99.8536,142.4708
330.0884,201.3261,100.0272,142.7887
331.9531,203.0832,100.1069,143.0835
335.7369,202.8658,100.1689,143.5184
337.5274,204.4820,100.4102,144.1083
341.3061,206.2027,100.5235,144.5022
343.1305,207.8746,100.7178,145.0014
346.8481,209.5780,100.9902,145.4485
350.6296,209.3559,101.1574,145.8928
352.3957,211.0163,101.4999,146.4464
354.1896,212.7114,101.8005,146.9449
357.9435,214.3945,102.0950,147.4798
359.7787,216.1613,102.3387,147.8603
363.6031,215.9366,102.5374,148.3095
365.4437,217.7493,102.7901,148.6181
367.2819,219.5106,103.0564,149.0383
371.1658,219.2431,103.1955,149.5731
372.9951,220.9290,103.5008,150.1652
376.8142,222.6808,103.8181,150.6394
378.6695,224.4103,104.0978,151.1707
380.4994,226.2090,104.4409,151.5762
384.3816,225.9894,104.7057,152.0153
386.2664,227.7038,104.9616,152.6122
388.1353,229.5934,105.2628,152.8719
390.0354,229.4533,105.5104,153.1520
393.9286,231.2319,105.8364,153.6509
395.8430,233.0846,106.0764,154.0147
397.7285,232.8929,106.3840,154.3981
399.6193,234.7623,106.6918,154.7485
401.5370,236.6018,106.9560,155.1692
403.4364,236.4058,107.2678,155.5614
407.3967,238.2011,107.5901,156.0923
409.2747,237.9861,107.9691,156.5222
411.1555,239.9336,108.3552,156.7749
413.0721,239.7394,108.6798,157.1632
414.9933,241.7361,109.0064,157.3390
416.9721,243.7448,109.2259,157.4987
418.9240,243.5010,109.5052,157.9862
420.8598,243.3551,109.8289,158.2781
422.7655,245.3029,110.2224,158.5873
424.6993,245.0978,110.5708,158.9976
424.4959,244.8717,110.9776,159.4497
426.4232,246.8699,111.3644,159.6948
428.4181,246.6832,111.6264,160.0683
430.3605,246.4892,112.0031,160.4563
432.3920,248.4840,112.2139,160.7404
432.2724,248.3005,112.4531,161.1074
434.3228,248.1636,112.6432,161.3811
434.1913,248.0258,112.9064,161.6568
436.2258,250.0634,113.1440,161.8884
436.1376,249.8725,113.3203,162.2702
438.2024,249.7857,113.5137,162.4438
438.0477,249.5980,113.8231,162.8192
440.0683,249.4944,114.1214,163.0263
439.9039,249.4189,114.4501,163.1774
439.7315,249.3228,114.7950,163.3695
439.5935,249.2357,115.0710,163.5438
441.6923,249.2189,115.2444,163.5773
441.6411,249.1925,115.3468,163.6302
441.5291,249.1046,115.5708,163.8059
441.4178,249.0873,115.7932,163.8405
441.3340,249.0168,115.9611,163.9815
441.3667,248.9836,115.8956,164.0479
441.3746,248.9673,115.8797,164.0805
441.4372,248.9153,115.7545,164.1845
441.4462,248.9072,115.7366,164.2009
439.3195,248.8998,115.5979,164.2155
437.2695,248.8436,115.3081,164.3279
435.2776,250.9505,114.9053,164.5009
431.1113,250.8833,114.4724,164.6354
429.1148,250.7998,114.0877,164.8022
424.9296,250.7439,113.7105,164.9140
420.8375,252.8767,113.1564,165.0177
418.8880,252.7796,112.6938,165.2120
414.7545,252.7249,112.2469,165.3214
410.6384,254.7658,111.7769,165.5906
406.4299,254.5499,111.4990,166.0225
402.3434,254.3732,110.9736,166.3759
396.0992,254.0218,110.4243,167.0786
391.9805,255.9240,109.9671,167.6216
387.9316,255.6848,109.3692,168.0999
379.5133,255.3942,108.8256,168.6812
377.5591,257.3575,108.3893,169.0994
369.0475,257.0339,108.0377,169.7465
364.8171,256.7237,107.8037,170.3669
356.2234,256.4410,107.5798,170.9322
352.0178,258.3866,107.2757,171.3987
345.6404,258.0186,106.9523,172.1346
336.9071,257.6841,106.9588,172.8036
330.3400,257.3612,106.9677,173.4495
323.8704,257.0421,106.7523,174.0875
314.9888,256.6422,106.9525,174.8874
308.3317,256.2780,107.0485,175.6159
299.4336,255.8994,107.1704,176.3731
292.7556,255.5116,107.2308,177.1486
285.9739,255.1132,107.4609,177.9454
276.9305,254.6177,107.7068,178.9365
270.0370,254.2651,108.0567,179.6416
260.8932,253.9534,108.3622,180.2650
253.8466,253.6754,108.9257,180.8210
244.4902,253.3531,109.5279,181.4656
235.0039,250.7321,110.3106,182.1603
227.8242,250.2956,110.9572,183.0332
220.5033,247.6696,111.8145,183.6902
210.7630,247.3025,112.8186,184.4246
203.2695,244.6486,113.8650,185.0854
193.3813,242.1660,114.9438,185.3762
185.8049,239.5889,116.0063,185.8337
178.1606,237.1478,117.1303,185.9944
170.4385,237.1217,118.3465,186.0466
160.2468,234.6424,119.6744,186.2413
154.8901,232.3047,120.8099,186.1276
146.9386,229.8404,122.2941,186.2501
138.9441,227.3439,123.7849,186.4103
130.8955,222.5412,125.3019,186.2956
122.7813,220.1641,126.8799,186.1664
117.0981,215.3631,128.4308,185.9530
111.4129,213.0285,129.9411,185.6920
103.1942,208.2379,131.5248,185.3709
97.4420,205.7411,133.0844,185.3921
89.1326,203.2553,134.7078,185.3652
85.8587,200.7780,136.2309,185.2952
77.5298,195.7728,137.7429,185.2083
74.2370,193.1885,139.2563,185.3047
65.8659,188.0963,140.7035,185.2924
62.6077,182.8884,142.0983,185.4647
59.4318,177.6628,143.3029,185.6216
53.6880,175.0150,144.4520,185.7480
50.5867,169.6844,145.4648,186.0296
44.8830,164.3110,146.4511,186.3552
41.8278,158.9013,147.3298,186.7112
38.8300,153.4667,148.0740,187.0779
35.8881,148.0449,148.6888,187.3834
32.9793,145.2818,149.2228,187.6258
30.1374,139.8817,149.6104,187.8338
30.0212,134.4607,149.8429,188.0647
29.8708,131.7407,150.1436,188.1920
27.1408,126.3611,150.2840,188.3118
27.1599,121.0452,150.2457,188.2959
27.2674,118.4392,150.0308,188.1850
24.8332,113.1737,149.5814,188.0806
25.0594,110.5436,149.1291,188.0319
25.3429,107.9174,148.5620,187.9834
25.6526,102.6990,147.9426,187.8387
26.0445,100.1945,147.1587,187.5690
26.4816,97.7213,146.2846,187.2537
26.9300,95.2453,145.3878,186.9631
30.0377,92.8316,144.3960,186.5669
33.1780,90.4333,143.3168,186.1621
36.2887,88.0408,142.2731,185.7695
36.7855,85.7522,141.2796,185.1920
39.9296,83.5083,140.1209,184.5501
43.0484,81.3141,138.9843,183.8376
46.1946,81.6975,137.7634,183.0708
49.2969,79.5150,136.5987,182.3959
52.3773,79.8136,135.4485,181.7986
55.4456,77.6135,134.2945,181.2161
61.0797,77.9298,132.9361,180.5836
64.1621,78.1874,131.6944,180.0684
67.2920,78.3997,130.3295,179.6438
72.9522,78.5782,128.7410,179.2868
78.4494,78.6721,127.4157,179.0990
81.5256,78.8312,126.0731,178.7807
87.1125,76.6461,124.4650,178.3681
90.0850,76.8945,123.2701,177.8714
98.0274,77.0882,121.5540,177.4839
100.9641,77.2364,120.3692,177.1875
106.2863,77.4402,119.0537,176.7800
109.1742,77.5907,117.9146,176.4790
114.4980,77.7921,116.4931,176.0760
119.7549,77.9915,115.1463,175.6773
124.9405,78.1499,113.8851,175.3605
127.6818,78.2617,112.9319,175.1368
132.8033,78.3882,111.7087,174.8840
137.8694,78.5149,110.5482,174.6304
142.8669,76.3458,109.4784,174.5061
145.5433,76.4242,108.5683,174.3494
150.5252,76.5775,107.4548,174.0427
155.4512,76.6304,106.4066,173.9369
158.0310,74.4882,105.6298,173.8387
162.9296,74.6051,104.5689,173.6049
167.7994,74.6909,103.5231,173.4333
172.5964,74.7592,102.5823,173.2966
175.0600,72.6595,101.9638,173.1874
179.6882,72.7712,101.3008,172.9639
184.2091,70.6116,100.8232,173.0010
186.5061,70.6166,100.5036,172.9910
193.1252,68.4821,100.0725,172.9910
195.2900,68.2990,100.0047,173.3572
199.6503,66.1500,99.8161,173.3892
203.9371,66.1413,99.7690,173.4067
206.0058,63.9513,99.8943,173.5238
210.2158,61.8750,100.0075,173.4099
212.2795,61.8477,100.1469,173.4645
216.4524,59.7228,100.3410,173.4442
220.6534,59.8327,100.4851,173.2245
222.6338,57.9890,100.7964,172.6398
224.5840,56.0957,101.1648,172.1576
228.6177,56.4172,101.6330,171.5146
230.5065,54.5772,102.1216,170.9284
234.4593,52.7119,102.7475,170.3932
236.2228,52.9502,103.4889,169.9166
237.9648,51.0253,104.2786,169.4928
239.6885,49.1333,105.1119,168.9960
243.5775,47.2351,105.9084,168.5052
245.2287,47.4329,106.8991,168.1096
246.9193,45.4384,107.8219,167.7946
248.6728,43.4231,108.6296,167.5105
250.3569,41.4106,109.5852,167.2118
252.0490,39.4587,110.5365,166.7801
251.5498,39.6049,111.5348,166.4878
253.2061,37.5418,112.5789,166.2572
254.8330,35.4357,113.6960,166.0986
256.5128,33.3299,114.7231,165.9232
255.9651,33.4307,115.8186,165.7217
257.6249,31.2956,116.9153,165.5757
259.3074,29.1832,117.9824,165.3682
258.7629,27.0008,119.0713,165.2865
260.4840,24.8416,120.0926,165.1417
260.0013,24.9699,121.0580,164.8850
259.4749,22.8712,122.1108,164.5926
258.9969,23.0980,123.0668,164.1391
258.4847,21.0550,124.0910,163.7137
257.9792,21.3189,125.1020,163.1860
259.7876,19.3458,126.0153,162.6021
259.3243,19.5819,126.9419,162.1298
258.8098,17.5581,127.9709,161.6335
258.3186,17.8568,128.9534,161.0363
257.8433,18.1337,129.9040,160.4824
257.3726,15.9724,130.8454,160.2384
256.9765,16.1558,131.6375,159.8716
256.5213,16.3304,132.5479,159.5222
256.0446,16.4578,133.5014,159.2674
255.6483,16.6533,134.2939,158.8766
255.2944,16.9058,135.0018,158.3715
254.9538,17.3034,135.6830,157.5763
254.6041,17.5774,136.3823,157.0283
254.2541,17.9221,137.0824,156.3389
251.6770,18.2166,137.6183,155.7500
251.3231,18.5589,138.3260,155.0652
251.0618,18.8713,138.8487,154.4405
250.8421,19.1282,139.2881,153.9267
248.3333,21.7105,139.6895,153.3783
245.7089,21.9215,140.3243,152.9562
245.3882,24.4583,140.9657,152.5001
245.1190,24.7203,141.5042,151.9761
242.4285,27.3058,142.2641,151.4263
242.1485,29.9297,142.8241,150.8028
239.5049,32.5535,143.4877,150.1789
239.1884,35.1137,144.1207,149.6828
236.5342,37.6253,144.8024,149.2863
236.1435,40.1248,145.5838,148.9184
235.7718,42.5572,146.3274,148.6913
233.0805,47.3113,147.0639,148.4750
232.6588,47.3282,147.9073,148.4412
229.9191,51.9722,148.7198,148.4870
229.4904,54.2289,149.5772,148.6541
229.0389,56.4433,150.4802,148.9218
228.6042,60.9234,151.3498,149.3916
228.1789,65.4538,152.2003,149.8029
227.6514,67.6713,153.2554,150.1237
227.1911,72.1623,154.1759,150.6970
224.2336,74.2345,155.2898,151.3536
223.7065,78.6574,156.3441,152.1656
223.1615,80.6214,157.4341,153.0960
222.5463,82.4559,158.6644,154.3170
221.8632,86.7570,160.0306,155.5723
221.1709,88.6990,161.4152,156.6583
220.5085,90.2491,162.7401,158.5670
219.9238,91.5450,163.9093,161.0350
219.3201,95.6805,165.1168,162.9985
218.5602,97.4697,166.6366,164.5873
217.6926,99.1701,168.3719,166.4024
216.7668,100.7757,170.2233,168.4633
215.7772,102.2723,172.2027,170.8037
214.7890,101.0851,174.1789,173.1781
211.1485,102.6963,175.9899,175.4260
210.3688,104.2681,177.5492,177.8164
209.6732,105.8008,178.9405,180.3473
208.9372,104.3750,180.4125,183.1989
208.0192,105.8029,182.2485,186.0692
207.1650,104.1221,183.9568,189.4309
206.3372,102.4835,185.6123,192.7080
205.4779,100.9415,187.3309,195.7921
204.5177,99.4333,189.2515,198.8085
203.5705,97.8491,191.1458,201.9769
202.8271,95.4673,192.6325,206.7405
202.1170,96.2828,194.0529,211.3978
201.4952,94.5875,195.2965,214.7885
201.0002,93.1002,196.2865,217.7630
200.4580,91.8812,197.3708,220.2010
199.9387,90.8499,198.4094,222.2635
199.4073,89.8253,199.4723,224.3129
198.9373,88.7513,200.4122,226.4609
198.4676,87.7766,201.3516,228.4102
197.9426,86.8989,202.4017,230.1656
197.4318,86.0821,203.4232,231.7991
196.9869,85.2995,204.3130,233.3644
196.7292,84.6113,204.8285,234.7408
196.5314,84.1630,205.2239,235.6375
196.5083,83.8822,205.2702,236.1991
196.6282,83.7939,205.0304,236.3756
196.9038,83.9128,204.4792,236.1378
197.3017,84.2057,203.6834,235.5520
197.7376,84.7782,202.8117,234.4070
198.2366,85.6273,201.8137,232.7088
198.7628,86.5969,200.7612,230.7697
199.3483,87.8348,199.5902,228.2938
200.0603,89.3213,198.1661,225.3208
200.7397,91.0206,196.8075,221.9222
201.3911,92.7438,195.5046,218.4758
202.0758,94.6100,194.1352,214.7435
202.7344,99.8741,192.8181,210.6522
203.4291,101.9748,191.4287,206.4508
204.2930,107.2865,189.7009,202.0920
205.1204,112.3205,188.0459,198.1934
205.9791,117.1005,186.3286,194.7152
206.8546,122.0649,184.5777,190.7869
207.8074,124.1977,182.6719,186.5212
211.7273,129.2566,180.6462,182.2174
212.8143,134.3006,178.4722,177.8438
213.9060,139.3284,176.2888,173.3994
214.8864,144.3140,174.3280,168.9350
218.6291,149.3625,172.2481,164.2437
219.5507,154.2389,170.4049,159.7896
220.4234,158.9998,168.6596,155.4669
221.4025,163.6273,166.7013,151.3152
222.4282,170.6804,164.6499,147.2224
223.3610,174.9660,162.7844,143.5606
226.6031,179.2179,161.1221,139.8788
227.5666,185.6687,159.1951,136.4518
228.4897,189.4631,157.3489,133.5153
229.4246,195.5582,155.4790,130.4784
230.2765,199.0986,153.7752,127.8966
233.3105,204.8460,152.1384,125.2641
234.0948,208.0823,150.5698,123.1549
234.8420,213.4901,149.0754,120.9496
235.5411,216.6354,147.6772,118.9058
236.2363,221.8776,146.2868,116.8054
236.8941,226.9542,144.9712,114.9255
239.5401,229.7923,143.7653,113.3354
240.1680,234.6543,142.5095,111.6947
240.7030,237.3910,141.4394,110.2173
241.2642,239.9846,140.3171,108.9855
241.8264,244.5134,139.1926,107.7645
242.2760,246.9878,138.2934,106.6969
242.6784,251.4038,137.4886,105.5650
244.9364,253.8036,136.7919,104.5849
245.3356,256.2400,135.9937,103.5047
245.7346,258.6021,135.1956,102.5434
246.0802,260.8707,134.5044,101.7413
246.3917,263.0249,133.8813,101.1444
246.7044,265.1985,133.2560,100.4894
246.9712,265.4420,132.7223,100.0023
247.2025,267.4961,132.2597,99.5500
247.4083,269.5346,131.8482,99.1144
247.5868,269.7522,131.4912,98.6793
249.5062,271.7514,131.2679,98.2964
249.5742,271.8329,131.1318,98.1334
249.6158,271.8891,131.0487,98.0211
249.6584,271.9569,130.9636,97.8854
249.7009,272.0161,130.8785,97.7670
249.7624,272.0210,130.7555,97.7573
249.8057,272.0383,130.6689,97.7226
249.8033,271.9571,130.6736,97.8851
249.8539,271.9256,130.5724,97.9481
249.9018,271.8102,130.4766,98.1789
251.7471,271.7554,130.3779,98.2884
251.8079,271.6938,130.2564,98.4118
253.6574,271.6559,130.1498,98.4874
253.8114,271.5692,129.8417,98.6608
253.8964,271.5284,129.6717,98.7423
255.7551,271.4229,129.5431,98.9535
255.8491,271.3070,129.3552,99.1852
257.7800,271.1839,129.0845,99.4315
257.8760,269.2599,128.8925,99.6883
259.7138,269.1089,128.8092,99.9903
259.8088,267.1206,128.6192,100.3710
261.6783,266.9610,128.4796,100.6901
261.7200,266.7694,128.3961,101.0733
263.5979,264.8258,128.2477,101.3533
265.4805,264.6310,128.0920,101.7429
265.6370,262.6539,127.7789,102.0836
267.5803,262.4778,127.5067,102.4357
269.4467,260.4246,127.3896,102.9264
269.5818,260.2629,127.1194,103.2499
271.4802,258.2040,126.9456,103.7447
273.3380,257.9716,126.8582,104.2094
273.5055,255.8656,126.5233,104.7870
275.3338,253.7551,126.5054,105.3693
275.4651,253.5378,126.2428,105.8040
277.3157,251.4413,126.1922,106.3461
279.1819,251.1880,126.1187,106.8528
281.0817,249.0246,125.9846,107.5138
283.0471,246.9095,125.7282,108.0698
285.0063,244.7767,125.4889,108.6561
286.9491,244.5462,125.2883,109.1172
287.0569,242.4665,125.0727,109.5873
289.0335,240.3796,124.8130,110.0677
290.9856,240.1309,124.6058,110.5652
292.8365,238.0016,124.6058,111.1219
294.7206,235.8440,124.5483,111.7264
296.6162,233.7338,124.4766,112.2272
296.6594,233.4736,124.3903,112.7476
298.5761,231.3512,124.2901,113.2591
300.4257,229.2156,124.3309,113.7903
302.3212,227.0456,124.2889,114.3815
304.2182,226.7361,124.2527,115.0004
306.0157,224.6028,124.4248,115.4999
307.9855,222.5016,124.2629,115.9246
309.8729,220.3253,124.2700,116.4952
311.7609,218.1808,124.2851,116.9933
313.6790,217.8786,124.2481,117.5976
313.7231,215.6502,124.1599,118.2461
315.6261,213.4442,124.1711,118.8412
317.5641,213.1470,124.1216,119.4354
319.5060,210.9679,124.0733,119.9584
321.4230,208.7225,124.0822,120.6062
323.2854,206.4963,124.2107,121.2053
325.1729,206.1974,124.3004,121.8031
327.1062,203.9832,124.3095,122.3560
329.0400,201.7216,124.3263,122.9948
328.9809,201.4220,124.4445,123.5939
330.7940,199.1646,124.7243,124.2027
332.6985,196.9077,124.8355,124.7963
334.5938,196.5838,124.9760,125.4440
336.4868,194.3752,125.1338,125.9176
336.4586,192.1300,125.1901,126.4545
338.2936,189.8341,125.4829,127.0834
340.2008,189.5297,125.6461,127.6922
342.1355,187.1447,125.7662,128.4727
343.9641,184.8610,126.1127,129.0364
343.7759,184.5512,126.4891,129.6559
345.6190,182.2762,126.8365,130.1722
347.4784,182.0301,127.1650,130.6645
349.3179,179.7437,127.5463,131.1771
351.1308,179.3792,127.9947,131.9061
351.0141,177.0236,128.2281,132.5245
352.8802,176.7397,128.6022,133.0922
354.7343,174.3884,129.0151,133.6739
356.5321,174.0258,129.5560,134.3989
356.3129,173.7567,129.9945,134.9371
358.1823,171.3952,130.4276,135.4882
357.9810,171.0758,130.8303,136.1271
359.8865,168.6360,131.2230,136.8028
359.6100,168.2648,131.7761,137.5451
361.5341,167.9781,132.1689,138.1186
361.2637,167.6369,132.7098,138.8009
363.1075,167.3453,133.2977,139.3841
362.7875,166.9919,133.9376,140.0909
364.6791,164.4885,134.4695,140.7827
364.4929,164.1789,134.8420,141.4018
366.4584,163.8133,135.2609,142.1330
366.2090,163.4336,135.7597,142.8925
368.1574,163.0715,136.2507,143.6167
367.9277,162.7679,136.7103,144.2239
367.6693,162.4646,137.2270,144.8306
367.3604,162.1210,137.8449,145.5177
369.3463,161.7967,138.3349,146.1663
369.0259,161.4708,138.9758,146.8181
368.7342,161.2092,139.5592,147.3413
368.3532,163.2541,140.3212,147.7692
368.0409,162.8822,140.9457,148.5131
367.6709,164.9997,141.6858,148.8359
367.3416,164.6644,142.3443,149.5067
366.9386,166.7276,143.1503,149.9759
366.5616,168.7709,143.9044,150.5052
366.1434,170.7428,144.7408,151.1974
365.6516,172.7192,145.7244,151.9048
365.1776,174.7126,146.6725,152.6048
364.7081,176.6674,147.6113,153.4080
364.1798,178.6013,148.6680,154.2804
363.6123,182.8674,149.8030,155.2894
363.0764,184.8158,150.8749,156.1971
362.5091,186.7097,152.0094,157.2449
361.9081,191.0266,153.2114,158.3511
361.2703,192.8794,154.4870,159.5518
360.5694,197.2170,155.8889,160.7673
357.3501,199.1294,157.3407,161.9291
356.5714,203.5776,158.8982,163.0882
353.2568,205.3948,160.4569,164.5243
352.4155,207.2542,162.1395,165.9232
351.5366,211.7703,163.8973,167.2235
347.9782,216.2568,165.7996,168.6794
347.0471,218.0900,167.6617,170.2804
343.2948,220.0322,169.8446,171.7178
342.2714,224.7198,171.8914,173.1003
341.1820,226.8309,174.0701,174.3112
337.2598,228.8784,176.4283,175.7025
336.0542,230.9569,178.8394,177.0908
331.9632,233.0800,181.4163,178.4497
330.7000,235.1987,183.9426,179.8795
326.4419,237.3932,186.7295,181.2199
325.1329,239.6537,189.3474,182.4933
323.7514,241.9745,192.1104,183.7071
319.4240,241.3349,194.8474,184.9864
317.9342,243.7517,197.8269,186.1340
316.3478,246.1472,200.9996,187.3889
314.8048,245.7064,204.0856,188.2703
313.2707,245.2729,207.1538,189.1374
308.5545,244.9654,210.3471,189.7525
306.9329,244.7495,213.5902,190.1843
302.1219,244.5866,216.8563,190.5101
300.6007,244.4910,219.8987,190.7012
299.0670,244.5539,222.9660,190.5754
294.3417,241.4531,225.9092,190.2696
292.9598,238.5635,228.6729,189.5008
288.3115,235.7406,231.3914,188.5685
287.0634,229.7209,233.8875,187.3978
285.8589,230.4032,236.2966,186.0334
281.3432,227.5842,238.6890,185.0322
280.3074,227.8632,240.7605,184.4743
279.4269,224.7348,242.5215,184.0491
278.6812,224.6836,244.0128,184.1515
278.0612,221.1130,245.2528,184.5665
277.4867,217.3909,246.4019,185.2587
277.0407,217.1139,247.2939,185.8127
276.6944,213.3189,247.9866,186.5994
276.4015,213.0427,248.5724,187.1518
276.2925,209.3629,248.7902,187.6666
276.3830,205.8276,248.6094,187.8808
276.6186,205.7810,248.1382,187.9739
277.0308,205.6873,247.3138,188.1614
277.4931,202.1022,246.3891,188.4894
277.9601,202.0818,245.4550,188.5302
278.5148,202.0583,244.3458,188.5773
279.1222,202.2597,243.1310,188.1745
279.8921,199.1067,241.5911,187.7021
280.5751,199.2006,240.2251,187.5142
281.2434,199.3431,238.8885,187.2292
285.2661,199.5940,237.5414,186.7275
285.8749,199.9016,236.3238,186.1122
286.5999,200.2501,234.8738,185.4152
287.5571,200.7578,232.9593,184.3998
288.6001,201.5157,230.8733,182.8842
292.9046,201.8457,228.7691,182.2240
297.0635,202.2634,226.9134,181.3887
298.3062,202.8111,224.4279,180.2933
302.5185,203.3184,222.3675,179.2787
303.7990,206.9430,219.8066,178.3455
308.2100,207.2887,217.2460,177.6542
309.4550,207.7030,214.7560,176.8256
313.6035,211.0626,212.6185,176.2657
314.6740,211.4179,210.4775,175.5550
318.7132,214.8410,208.4720,174.7820
319.7125,215.1824,206.4735,174.0992
320.6682,218.4918,204.5620,173.4683
324.4647,218.9068,202.9173,172.6382
325.3957,222.1868,201.0553,171.9876
326.1790,222.5994,199.4888,171.1625
329.9015,225.7927,197.8765,170.6086
330.6847,226.0587,196.3100,170.0766
331.4173,226.2666,194.8448,169.6608
332.1376,229.3965,193.4043,169.1378
332.7025,229.5890,192.2745,168.7528
333.2130,229.7862,191.2534,168.3584
336.5040,229.9839,190.3318,167.9630
336.9719,230.0757,189.3960,167.7794
337.3815,230.1916,188.5768,167.5477
337.7004,230.2823,187.9390,167.3662
