1
757.3072,240.2404,150.8606,94.2708
755.7021,244.5222,154.0707,93.3763
754.2120,245.0499,157.0511,92.3209
752.6779,245.3994,160.1192,91.6219
753.2693,245.8565,162.8640,90.7076
753.8189,246.1849,165.7174,90.0509
752.3447,246.5091,168.6659,89.4025
751.9559,246.4003,169.4435,89.6201
755.1739,246.2909,171.0695,89.8390
754.8616,245.8933,171.6940,90.6341
758.0159,245.2510,169.4670,91.9187
758.2812,245.3174,168.9364,91.7859
759.0480,245.0292,167.4028,92.3622
762.9769,244.2642,163.5930,93.8924
764.7752,243.3118,159.9962,95.7971
765.4754,241.2712,158.5959,95.8819
768.2027,241.0034,157.1183,96.4175
776.4152,238.8627,156.5491,96.7349
776.6281,236.2488,156.1234,98.0019
778.5414,235.6600,156.2726,99.1794
780.4200,233.4123,156.5128,99.6772
784.1509,231.1377,157.0703,100.2169
789.9647,229.1141,157.5236,100.2370
794.4169,224.4772,156.6874,101.4428
797.0563,223.6345,155.4503,103.1281
801.9021,221.2695,153.8612,103.8068
804.5448,220.5548,152.6143,105.2363
805.2945,219.6581,151.1149,107.0297
808.3284,218.5362,149.0976,109.2735
811.9165,217.1843,145.9781,111.9773
822.0718,214.6887,141.8813,116.9685
823.7917,212.7462,138.4415,120.8535
825.4661,213.1754,135.0928,124.0762
829.1542,214.3047,131.7970,125.8980
830.2435,216.2119,129.6183,126.1417
830.8770,217.6794,128.3515,123.2066
831.3693,217.6355,127.3667,119.3330
833.9213,216.8722,126.1474,116.9751
836.7839,215.5528,124.2501,115.7858
837.8367,216.4397,122.1446,114.0121
840.7761,215.7796,119.9843,111.6139
843.7582,216.4031,117.6665,110.3668
847.0227,216.7669,114.7282,109.6392
847.7988,217.4595,113.1761,108.2541
850.5486,215.9868,111.1632,107.7126
853.8741,215.6128,107.9590,108.4605
855.5536,213.6880,104.5999,108.9020
862.5568,211.3974,100.6799,110.1211
866.1094,209.1600,96.8935,111.2770
871.4319,208.5244,92.8012,112.5482
874.8278,204.8927,89.2394,113.3515
878.1168,202.6964,85.8462,114.5592
880.8582,201.2798,83.5112,114.2446
881.8782,200.9046,81.4712,114.9950
882.5723,200.7846,80.0831,115.2349
884.5986,198.4119,79.0938,113.8536
885.1693,198.9945,77.9525,112.6883
887.1960,196.7202,76.8887,111.2575
889.6905,199.0979,74.8504,112.4033
890.5485,198.6901,73.1345,113.2188
891.1862,198.2726,71.8589,114.0537
893.3011,201.6982,70.5379,115.9292
893.8434,201.9707,69.4533,118.2989
894.2804,201.2874,68.5794,119.6654
894.6313,201.7535,67.8776,121.6703
896.7164,200.8636,66.6621,123.4501
898.8766,201.4590,65.3022,125.2197
899.2819,201.7603,64.4916,124.6171
899.2280,202.4028,64.5994,123.3320
899.3524,204.2136,64.3506,122.6336
899.6708,203.0833,63.7136,121.9855
901.2987,204.8051,63.3461,121.4301
901.4467,206.5253,63.0501,120.8634
901.8743,207.8276,62.1949,121.1192
902.2912,209.2400,61.3611,121.1437
902.4091,206.0511,61.1253,121.8508
902.5269,208.7598,60.8897,122.1166
902.6603,207.2577,60.6228,122.2794
902.7189,207.1089,60.5056,122.5769
902.8448,207.1566,60.2539,122.4817
897.8657,203.3820,61.7050,121.5236
897.0051,208.0198,63.4261,120.7885
894.9644,206.6901,64.6419,120.5823
894.5135,209.7251,65.5436,120.2792
894.1613,207.9610,66.2482,120.9128
892.1291,209.6189,67.3968,120.5130
891.5651,208.2659,68.5248,120.2895
893.3594,206.0809,67.8814,121.7141
892.0110,205.5973,67.6228,122.6812
892.1978,204.9279,67.2491,124.0201
892.1595,206.1653,67.3257,124.5240
892.2919,205.9532,67.0609,124.9481
893.9846,207.0193,66.6647,125.8052
894.0166,207.0638,66.6008,125.7162
894.0328,206.9106,66.5683,126.0226
894.0005,206.7668,66.6330,126.3101
893.6204,208.6770,67.3932,125.4916
893.1906,210.5029,68.2528,124.8428
892.9916,210.4758,68.6508,124.8970
892.8265,210.0168,68.9809,125.8151
892.7004,209.8638,69.2332,126.1211
892.6576,207.4366,69.3188,124.8881
892.3743,208.0618,69.8854,123.6378
869.3886,237.7866,76.6218,115.4954
863.1319,242.9007,83.1153,108.2772
860.2262,247.5412,88.9267,102.0037
857.9327,250.4782,93.5137,96.1296
854.4003,252.9700,97.5920,91.1460
853.1189,254.9260,100.1549,87.2341
850.8054,257.9610,101.8325,84.1133
850.0803,259.1099,103.2828,81.8154
851.1136,259.9378,104.1263,80.1598
850.5323,261.1714,105.2887,77.6926
850.1505,262.0355,106.0525,75.9644
849.6805,262.1418,106.9925,75.7518
847.7955,259.1810,107.8951,75.9386
836.3272,244.7018,107.7592,78.9406
835.2294,233.6594,109.9547,80.5056
829.0380,247.9334,110.3760,84.8520
832.6230,229.0652,112.4097,85.7739
833.1002,232.1746,114.5692,88.8969
834.3120,232.3921,115.3435,91.6596
834.1107,239.4994,115.7460,93.7179
835.5714,238.2287,116.1188,96.2592
837.1648,229.8931,116.2728,99.5668
837.2264,222.7619,116.1495,103.6398
837.0139,211.9492,116.5746,107.9659
836.7189,210.0412,117.1646,111.7820
836.5677,206.3246,117.4670,115.6100
836.4088,204.4045,117.7847,119.4501
836.4315,204.0800,117.7395,123.8352
836.1788,204.8058,118.2449,126.1874
835.9522,205.5084,118.6979,128.6311
835.5239,204.6040,119.5546,130.4399
835.2441,203.9492,120.1141,131.7495
834.9058,203.1517,120.7907,133.3445
834.6395,202.1283,121.3233,135.3914
834.4363,201.5084,121.7297,136.6311
834.1632,201.3746,122.2760,136.8988
833.9280,203.2449,122.7463,137.2381
833.6184,203.2375,123.3656,137.2528
833.4272,202.9503,123.7480,137.8271
833.2578,202.8697,124.0869,137.9884
833.0363,202.7454,124.5298,138.2370
832.7689,202.5251,125.0646,138.6777
832.5426,202.4157,125.5172,138.8965
834.9701,202.3089,124.8249,139.1101
837.5803,201.8305,123.7594,140.0668
837.8493,198.9755,123.2214,141.6241
835.9337,195.7571,122.8843,143.8925
835.8447,192.7452,123.0623,145.7184
832.7291,190.3725,125.0644,146.2348
832.2156,189.9613,126.0916,147.0572
832.0602,189.4337,126.4023,148.1124
831.9664,188.8348,126.5899,149.3103
831.6492,188.5855,127.2243,149.8087
829.2136,188.9208,127.7365,149.1382
829.0665,188.7982,128.0307,149.3834
828.8794,188.7173,128.4048,149.5451
826.3362,188.6788,129.1171,149.6222
825.9886,188.7084,129.8124,149.5630
825.5320,189.1020,130.7257,148.7759
825.1539,187.4324,131.4818,147.7157
824.7638,188.1605,132.2621,146.2594
824.7546,188.4673,132.2804,145.6459
824.6875,189.3396,132.4146,143.9013
824.5225,190.9112,132.7445,140.7581
825.0375,190.9016,131.7145,140.7773
828.0971,199.4622,129.8860,140.8186
828.6706,200.8558,128.7391,138.0313
829.0792,206.7115,127.9219,134.7209
828.9171,211.2074,128.2461,129.8649
828.7883,213.5295,128.5037,125.2207
828.8619,215.3529,128.3565,121.5739
829.0088,217.0776,128.0626,118.1245
829.2576,218.3968,127.5650,115.4860
829.5715,217.7375,126.9373,112.9782
829.8329,218.6045,126.4143,111.2442
829.8958,219.2284,126.2887,109.9965
829.9963,221.4383,126.0876,109.2956
829.9424,221.5271,126.1953,109.1179
818.7632,215.6676,130.0374,106.0237
816.6871,218.1731,134.1895,104.7255
808.3928,220.5958,139.5125,103.6354
803.4931,221.3360,145.4931,102.1550
801.2434,221.2782,149.9925,102.2705
799.6412,223.0066,153.1969,102.7686
798.2546,224.7945,155.9701,103.2041
797.1494,224.4669,158.1805,103.8594
795.9497,226.2018,160.5799,104.4938
792.9214,226.3031,162.4856,104.2912
766.7333,227.0859,168.9241,102.7257
763.5794,228.0570,175.2319,100.7836
756.0688,228.7814,181.6391,99.3347
752.8547,229.1172,188.0674,98.6630
748.2303,229.4742,192.8560,97.9491
750.2673,229.5059,197.8184,97.8858
748.3554,229.2297,201.6422,98.4381
749.0763,228.8251,204.8557,99.2474
747.7964,228.3078,207.4155,100.2820
746.7278,228.0736,209.5526,100.7502
745.6583,227.5840,211.6917,101.7296
741.9797,227.2738,214.1897,102.3499
740.6140,227.0560,216.9210,102.7855
736.9083,227.1996,219.3786,102.4984
736.1012,226.9235,220.9927,103.0506
735.7162,226.1590,221.7626,104.5796
735.6423,227.9820,221.9105,105.9893
735.6219,227.7233,221.9513,106.5066
735.7098,227.7014,221.7755,106.5505
735.7623,227.5847,221.6706,106.7839
735.9581,227.5443,221.2789,106.8646
736.4202,227.5897,220.3548,106.7739
739.6638,227.2466,218.9410,107.4601
740.2028,226.9636,217.8631,108.0260
740.0679,226.8322,218.1329,108.2888
739.8128,226.8421,218.6429,108.2690
739.6288,226.9002,219.0110,108.1528
739.3933,227.3599,219.4819,107.2334
739.3197,227.6007,219.6292,106.7518
738.9873,227.8988,220.2940,106.1557
738.8575,228.6663,220.5536,104.6207
738.8178,229.1634,220.6329,103.6264
738.8856,229.4823,220.4975,102.9887
739.1957,228.8126,219.8771,104.3281
742.3364,227.9046,218.6196,106.1441
743.0381,224.2856,217.2161,108.3450
743.6388,220.6712,216.0149,110.5190
743.8896,220.0132,215.5131,111.8349
743.5501,219.6638,216.1922,112.5338
740.3604,216.7556,217.4595,113.2381
739.2303,216.7867,219.7197,113.1760
732.1293,214.5990,223.5721,112.3765
727.8137,215.0180,226.9857,111.5384
725.9557,213.0881,230.7015,110.1452
724.7783,213.5389,233.0564,109.2436
720.9274,214.3602,235.4565,107.6010
714.7964,215.1648,237.1029,105.9919
713.3834,213.5296,239.9288,103.9587
712.2931,208.6231,242.1095,103.1543
657.0140,188.5862,235.4957,105.9461
657.5073,173.6160,229.2296,109.4896
655.3212,176.5739,223.1014,114.0741
655.7756,166.8697,216.9528,117.7626
636.5123,146.1491,208.5629,122.7134
621.8609,143.3215,201.6550,128.3685
603.6311,145.6977,196.7940,133.9462
570.9348,192.1394,194.7823,139.5769
564.7506,194.2924,191.4080,145.7659
564.0639,196.7194,187.4838,151.5071
582.0647,201.7021,183.4677,157.5345
575.5190,196.7068,180.4605,162.1589
582.0037,197.1268,178.2785,166.7126
588.7145,197.5739,175.7211,171.2504
589.8174,198.4159,173.5153,175.0305
2
0
0
0
0
1
428.8872,200.8402,145.0279,96.9668
428.4737,200.7344,145.8549,97.1785
427.9761,200.6025,146.8501,97.4423
425.7823,200.6054,147.4102,97.4365
424.8742,201.0336,149.2264,96.5802
423.8162,201.4537,151.3424,95.7399
422.5988,201.2589,153.7774,96.1295
419.4003,201.1666,156.2649,96.3141
416.4440,201.1163,158.2280,96.4148
413.2566,200.9849,160.6224,96.6774
410.2000,201.2725,162.7150,96.1023
405.7677,201.2164,163.4958,96.2145
403.5402,201.0262,163.8952,96.5948
403.4804,201.0278,164.0148,96.5916
401.1711,200.8986,164.5640,96.8500
396.4992,202.8498,165.7435,97.0297
394.0604,202.3127,166.5184,98.1040
394.0078,201.8695,166.6237,98.9904
392.5391,201.4398,165.4122,99.8498
393.2988,200.7305,163.8929,101.2684
393.6101,199.9873,163.2702,102.7548
393.8329,199.7320,162.8247,103.2654
394.4220,201.1625,161.6464,104.5684
395.3908,201.1583,159.7087,104.5768
394.3171,201.5080,157.7170,103.8773
396.0873,201.9202,154.1766,107.1507
396.1730,202.1676,149.9064,110.7547
396.3090,202.2886,145.5412,114.6059
397.9941,200.8064,142.1709,117.5705
399.0771,200.1060,140.0049,118.9711
400.2128,199.7827,137.7336,119.6178
398.9273,199.2563,136.2543,120.6706
397.1336,200.1882,135.7974,118.8068
397.3343,199.1405,135.3961,116.8950
397.5238,199.7179,135.0171,115.7400
397.6943,200.2429,134.6761,114.6901
394.3996,204.7193,133.4177,113.5850
391.8318,210.2586,130.7801,114.1665
391.6860,215.2021,127.2164,115.8450
391.0381,214.8714,124.6855,116.5064
390.4383,219.9950,122.0874,117.6525
389.4430,215.4569,120.3027,119.1781
387.5805,211.0982,120.2564,116.5815
387.3254,214.0044,120.7665,114.4988
386.6917,217.2086,122.0338,111.7949
386.6342,220.1959,122.1490,109.5019
386.6713,221.1718,122.0748,107.5501
385.1171,221.6454,121.5688,106.6029
385.2999,223.6385,121.2032,106.2080
385.3634,225.2541,121.0762,106.5561
385.2734,225.9197,121.2561,105.2249
383.4098,226.4484,121.4191,104.1674
381.5502,226.8222,121.5883,103.4200
381.6853,225.7937,121.3181,101.9363
380.0674,226.0342,121.0413,101.4554
380.2031,228.2505,120.7700,100.5233
378.4681,228.7400,120.7586,99.5442
378.6193,228.9749,120.4562,99.0743
377.0492,228.8895,120.1434,99.2454
375.4545,229.0423,119.8817,98.9397
375.6373,228.9388,119.5161,99.1467
376.1132,228.9601,118.5644,102.5438
376.1228,227.1423,118.5452,102.6997
376.1495,228.3366,118.4918,103.7931
376.2861,227.3049,118.2186,105.8564
376.3725,223.0304,118.0457,107.3506
370.5587,224.0770,122.5762,105.2575
368.2703,225.6485,127.1532,102.1145
368.0054,226.9706,131.2880,99.4702
363.9859,226.0519,135.7016,97.6822
359.1260,226.8586,138.0951,96.0688
358.1215,227.3624,140.1042,95.0613
355.4354,226.1824,141.7901,93.7350
355.1819,226.0632,142.2970,93.9732
354.6353,224.4718,143.3903,93.4549
354.1134,226.0060,144.4341,94.0955
365.2825,221.4865,144.5082,91.9284
364.4791,223.7301,142.4146,91.1414
364.5425,224.6888,142.2878,89.2239
362.2909,223.4563,143.1692,88.0673
360.7220,223.2645,142.6915,88.4507
355.6020,223.1805,142.0869,88.6189
353.7094,221.5851,142.2633,88.2009
351.4247,222.0545,143.2285,87.2621
349.0941,220.3539,144.2867,87.0604
348.5813,218.2721,145.3123,87.6086
348.5418,212.6954,149.0311,87.8428
345.8007,212.4355,150.8143,88.3626
344.8289,212.1501,152.7579,88.9334
342.2297,213.7708,154.1833,89.4648
343.6415,211.4610,155.1628,90.2814
333.4524,213.3056,156.3842,90.4236
319.2715,215.2426,157.7828,90.4014
313.0583,217.2763,158.5927,90.2063
310.5444,217.3393,159.7395,90.0802
312.2114,217.1159,160.3013,90.5269
313.0549,216.7446,162.5259,91.2695
312.1714,216.1426,164.2930,92.4736
311.2108,213.8546,166.2142,93.0458
304.8613,215.6453,166.7871,93.5064
306.7457,215.2717,167.0766,94.2536
305.6468,215.4193,169.2744,93.9584
308.8683,217.8557,171.0370,93.1883
307.9642,218.4485,172.8452,92.0028
305.4146,219.3529,173.8223,90.1940
301.3474,222.2030,173.7463,88.5990
295.0711,222.6390,174.0689,87.7270
288.9668,224.8127,174.0785,87.4459
289.3822,224.7830,173.2477,87.5054
286.8591,225.2395,174.2435,86.5923
280.2475,225.3044,175.3188,86.4625
268.7552,225.0656,173.9270,86.9401
279.0984,225.2033,173.4938,86.6648
287.3134,223.3939,173.2219,86.2440
263.1997,225.2733,173.1101,86.5135
255.5697,226.8929,172.2449,87.3056
259.4139,221.1634,172.6211,86.6677
252.8018,223.3712,173.7648,86.2789
258.2478,221.9873,174.9834,85.0098
262.3406,220.1577,174.8629,84.6363
249.9962,222.3934,175.4056,84.1894
249.9517,218.4507,175.4947,84.0257
246.2243,218.1613,174.9034,84.6045
250.9720,217.5736,173.4569,85.7800
245.7348,217.0619,171.8602,86.8034
250.1891,216.8724,170.9877,87.1822
255.8365,215.4017,171.7281,86.1120
255.5660,215.6055,172.2691,85.7043
253.7759,215.6200,171.8443,85.6754
259.8432,215.7081,171.7046,85.4991
258.6542,217.5222,170.0893,85.8641
249.5929,219.6558,168.3329,85.5728
244.8416,221.8540,166.0002,85.1213
245.4236,220.3471,164.8362,84.2321
245.3657,219.0193,164.9521,83.0171
245.1313,219.6268,165.4208,81.8020
228.5385,219.1237,167.9089,78.9711
221.8780,218.7710,169.7571,75.8521
221.2916,218.1264,170.9298,73.3449
219.0000,215.7649,171.7437,70.5293
218.2647,213.4431,173.2142,67.7105
210.8262,205.8347,176.9852,64.4171
199.4073,214.6994,177.6421,61.4750
193.0565,208.4952,179.3851,59.2722
196.9321,213.0849,178.9088,57.3677
197.9508,204.3133,180.4671,56.9322
200.9760,206.6007,181.6363,55.9674
196.0151,210.5104,180.7324,55.3651
194.9288,206.7474,179.3204,55.7218
198.5311,210.8908,179.2581,54.5774
194.2686,214.6805,177.1357,54.0963
189.0908,211.5418,176.9607,53.3534
186.3238,216.9237,175.5067,53.0715
138.7997,231.4541,169.9783,58.6922
117.7426,244.1607,163.1923,64.7148
117.2688,243.1905,157.1313,70.1596
119.4108,242.6592,152.8473,74.7354
120.8441,238.9229,149.9806,78.6773
115.2888,238.7395,146.8638,82.6009
119.5161,235.4457,145.5652,85.6105
123.2346,230.4695,145.3477,88.3432
123.7149,229.5325,144.3872,90.2173
122.1047,230.5648,143.9377,91.8225
115.1934,231.7513,143.0002,93.1396
119.0922,231.5232,142.5986,93.5958
120.9588,227.7108,142.5650,93.8215
120.9177,227.6100,142.6472,94.0232
120.4480,227.3993,143.5865,94.4445
121.9496,227.3635,144.3118,94.5161
118.0590,229.0984,144.6119,94.7869
123.1534,221.4490,145.6718,95.0873
124.2929,221.7914,147.1633,94.4026
127.2179,223.8518,148.8763,94.0632
124.2258,224.1172,151.0590,93.5322
127.3635,224.4280,152.4339,92.9108
126.2524,226.8040,154.6560,91.9938
119.5235,231.1460,156.5555,91.0156
117.3608,233.2299,157.0164,90.7120
122.4466,228.1320,158.4432,89.3095
114.3220,230.3841,159.2387,88.6688
108.2106,234.4283,159.8685,88.3089
110.4222,234.1501,159.3127,88.8655
112.8693,233.8360,158.2873,89.4935
115.3296,233.9438,157.2311,89.2780
110.1391,233.6311,156.0771,89.9033
110.6893,233.4407,154.9767,90.2841
110.7776,233.5348,154.8001,90.0959
100.9723,233.2801,155.2966,90.6054
97.9263,233.1793,157.5498,90.8070
101.8182,233.0492,157.5173,91.0672
108.7036,231.1726,159.2647,90.9408
100.9459,231.2817,163.0703,90.7226
108.3029,229.5214,168.1358,90.2873
66.8478,244.2747,166.5582,92.9665
65.8193,244.9935,164.5697,95.5746
68.5761,243.8948,163.1165,97.7720
71.1100,240.9844,162.1250,99.5166
74.5401,239.9351,159.3555,101.6152
77.5589,237.0699,157.4023,103.2612
78.3338,236.5211,155.8526,104.3586
78.8250,234.0849,154.8703,105.1534
77.6964,233.3892,153.0512,106.5449
75.7003,232.9850,152.9718,107.3531
75.7729,234.5768,152.8266,108.2534
73.5051,234.4343,153.2657,108.5385
73.3841,234.3086,153.5077,108.7899
73.6144,234.2973,153.0471,108.8124
73.8539,234.2663,152.5681,108.8743
73.7789,232.2466,152.7182,108.8110
73.9248,232.0685,152.4264,109.1672
71.9885,232.5293,152.1933,108.2456
67.2515,229.0064,153.4939,107.1179
67.1852,229.6672,153.6264,105.7962
66.5779,228.3859,154.8410,104.2909
76.5070,229.1674,155.2898,102.7278
69.8947,229.4238,156.3878,102.2150
71.6571,229.6230,156.9132,101.8167
69.5599,227.6320,157.0562,101.7473
69.2910,227.8333,157.5941,101.3448
62.3068,227.9690,159.4015,101.0733
52.2867,228.0842,163.1369,100.8430
36.9929,228.2933,168.9558,100.4247
36.4822,226.5196,174.1849,99.7644
29.7168,226.9350,179.1675,98.9335
25.5406,227.2054,183.1862,98.3928
21.7606,227.4187,186.3624,97.9661
20.4344,227.5817,189.0147,97.6402
22.3068,227.0746,189.7266,98.6543
24.0153,226.3538,190.7939,100.0961
21.7670,225.7513,190.7657,101.3010
19.9103,222.8308,189.9338,102.5967
22.4254,222.5540,189.4588,103.1503
21.8104,221.9466,190.6887,104.3652
19.0262,221.4145,191.6605,105.4294
18.4514,221.1277,192.8102,106.0030
17.9574,220.7636,193.7982,106.7311
15.3442,220.5028,194.3418,107.2528
14.8149,222.7845,195.4004,107.3892
14.5111,222.5749,196.0080,107.8083
16.6808,222.3479,196.4024,108.2624
19.2066,221.7376,196.0983,109.4829
22.4761,220.9349,194.3231,111.0884
33.2253,220.3975,191.8836,112.1631
31.3437,222.5441,190.9001,112.6167
29.0210,222.3160,190.8055,113.0730
23.3168,222.3242,192.7216,113.0565
22.6278,222.3687,194.0996,112.9676
19.0441,222.6624,196.4736,112.3801
15.3358,222.7088,199.0717,112.2874
11.1390,223.0270,202.6098,111.6509
11.9884,223.0930,205.8079,111.5189
10.7817,223.4437,208.2214,110.8175
10.2477,223.0477,209.2894,111.6096
10.4366,219.8501,208.9116,113.0100
13.7995,218.9102,207.1988,114.8899
17.7134,215.4107,204.3910,116.8691
18.7648,214.9644,202.2881,117.7616
19.4750,212.2061,200.8678,118.2822
20.6007,214.7994,198.6163,118.0793
21.8546,211.4706,196.1086,119.7900
22.8358,208.1637,194.1462,121.4654
23.5131,210.7161,192.7916,121.2979
24.2548,210.6021,191.3082,121.5259
21.8671,208.0111,191.1877,121.8121
23.9781,211.4366,191.8645,119.8598
29.4412,217.0850,190.6907,118.3155
32.5737,217.5787,189.2585,117.3280
31.0392,217.9410,187.5327,116.6035
32.0037,217.9788,185.6037,116.5279
35.4021,220.4868,183.5336,116.2386
35.7398,218.4455,182.8582,115.6303
33.6861,218.7548,182.2948,115.0116
37.2607,220.9973,179.7976,115.1785
37.8261,221.2977,178.6669,114.5779
38.2736,221.4605,177.7718,114.2523
40.6313,221.6065,177.6280,113.9602
40.4972,221.6739,177.8963,113.8254
43.1177,223.9644,177.2215,113.8106
41.3130,224.1759,176.2750,113.3876
46.5226,226.1820,174.9250,113.9101
47.2104,228.5795,173.5494,113.6382
48.2996,228.5355,171.3710,113.7262
49.5337,228.2475,168.9029,114.3023
50.4476,228.3627,167.0750,114.0718
51.4472,228.4429,165.0759,113.9113
53.9957,228.8042,164.3538,113.1888
54.4156,228.9688,163.5141,112.8596
57.1251,229.3094,162.4291,112.1784
55.6494,227.3861,161.0741,111.7187
58.4820,227.6582,159.6873,111.1745
61.1458,227.9191,158.6081,110.6527
63.2531,228.1529,158.6169,110.1850
59.3311,228.2061,158.0292,110.0786
62.2095,228.3196,156.4776,109.8517
58.6407,228.1951,155.2590,110.1006
59.3701,228.2697,153.8002,109.9515
61.8287,228.4615,153.0222,109.5678
47.2689,217.6686,153.2943,110.5482
49.9056,219.5574,152.1621,110.9119
54.8756,221.9965,150.4825,110.1638
57.6863,226.5275,148.9534,109.2866
60.4006,228.3332,147.5796,109.7299
61.4057,228.2434,145.5693,109.9095
62.1974,228.1116,143.9859,110.1731
63.0579,228.1349,142.2649,110.1266
63.2748,228.1917,141.8312,110.0129
66.1514,228.0557,140.0361,110.2850
66.4416,228.3775,139.4557,109.6414
64.9916,228.4628,138.4399,109.4708
65.9221,228.2824,136.5790,109.8315
65.0574,228.0541,134.4337,110.2882
64.2135,228.0188,132.2721,110.3587
66.2233,227.8078,128.2527,110.7807
66.1274,227.7855,124.6826,110.8253
67.6491,227.7176,121.6391,110.9611
69.1501,227.7961,118.6372,110.8041
70.3030,228.2783,116.3313,109.8397
71.1433,226.3348,114.6508,106.6041
71.8516,226.9226,113.2342,105.4284
72.4729,227.6337,111.9916,104.0063
72.6667,228.3943,111.6040,102.4850
76.3925,227.6882,114.2644,100.5266
76.3232,226.6591,117.7839,99.2038
84.2866,226.2272,122.3411,100.0676
78.0314,225.6385,124.3572,101.2450
72.1463,225.2559,125.4830,102.0103
70.8507,225.0691,128.0742,102.3839
73.0742,224.8191,130.8745,102.8839
72.0658,225.0054,132.8912,102.5113
70.8978,225.2209,135.2272,102.0804
68.3808,226.9094,136.5333,102.4313
67.1423,226.8515,139.0103,102.5471
66.0198,226.7409,141.2553,102.7684
63.2949,228.0039,142.8740,104.0732
62.4151,227.9916,144.6337,104.0979
61.5511,230.6826,146.3618,102.6199
63.1972,233.0390,146.9754,101.8128
62.1451,234.3312,149.0795,99.2285
70.1925,237.2242,152.4378,97.3329
70.2626,238.0711,156.2070,95.6392
71.4188,236.9195,157.8319,94.0052
74.9077,239.3613,158.7219,93.0556
77.6229,239.7013,157.2228,92.3754
81.1312,239.8163,154.1035,92.1456
84.6981,240.1164,150.8168,91.5452
88.0448,240.4628,147.9116,90.8526
87.6263,240.7041,145.0153,90.3699
92.1472,239.3071,143.3371,89.4820
95.1752,237.6385,140.9231,89.1775
94.5890,239.6747,138.4949,88.7058
95.5494,238.2585,136.5740,87.9816
98.0283,238.3726,135.1316,87.7535
96.9849,238.1607,133.7283,88.1773
97.0875,236.4302,133.5233,88.1622
99.2443,236.4208,132.6824,88.1810
99.7515,236.2776,131.6681,88.4674
99.8044,236.2755,131.5621,88.4715
99.8804,236.2186,131.4102,88.5854
100.2233,235.9581,130.7243,89.1063
100.4994,235.6374,130.1722,89.7478
102.1255,235.6284,130.3687,89.7658
102.1651,237.4456,130.2894,89.5834
102.9137,238.9137,128.7923,90.0947
105.0304,239.5153,127.9923,92.3252
102.7965,235.7389,129.0019,92.9615
106.4653,239.5236,128.6323,95.8440
105.7078,239.1376,130.1474,96.6159
106.9344,240.0021,131.2554,98.4482
104.9197,237.6981,131.6766,99.4481
105.1812,240.0958,131.1536,101.9146
105.2427,240.4350,131.0307,101.2362
96.6060,237.5304,130.0530,99.7449
97.8665,239.2325,127.5320,99.9516
101.8784,236.2033,126.6598,98.8585
104.8595,239.5453,127.7871,99.2640
105.2309,231.4186,130.6129,97.6745
106.2452,231.5149,132.1700,97.4819
107.0472,227.9116,134.1722,97.4761
104.0822,227.9449,136.4656,97.4094
107.7745,229.1861,136.4215,98.5973
110.1551,228.5093,135.3494,99.9510
106.2916,228.5291,135.6863,99.9112
107.0584,229.3872,134.1526,101.8946
108.9825,231.3410,134.0132,101.6956
109.2999,231.3540,133.3783,101.6696
108.0080,231.2109,132.2689,101.9558
109.3956,232.5798,133.1745,102.8988
111.6213,234.6857,136.1434,102.3971
115.7113,239.9526,139.2047,99.3575
114.2962,241.6883,142.0349,95.8860
116.6244,247.4454,144.8368,91.8302
115.5294,248.7971,147.0267,89.1267
117.3389,249.1874,147.0987,88.3462
119.1400,249.6713,147.1754,87.3783
121.2918,249.9117,146.5353,86.8976
121.6981,250.2894,145.7227,86.1422
121.8441,250.7050,145.4306,85.3109
122.2920,250.9646,144.5349,84.7919
124.3226,253.2971,144.0544,83.7075
124.7330,253.6153,143.2335,83.0711
121.0798,253.8561,143.4754,82.5895
123.2255,250.6302,142.7117,81.9860
123.8018,252.1702,141.5592,82.4121
126.1139,253.6134,140.4312,83.0219
124.9101,249.8368,139.3491,83.5956
125.9882,250.9996,137.1928,84.7532
127.0115,245.1192,135.1462,86.1019
129.4184,246.2798,133.7952,87.2434
131.7523,246.0888,132.5889,87.6254
130.5950,249.1431,131.4536,88.4166
132.6718,243.8880,130.7459,88.5890
133.2288,238.3100,129.6319,89.4307
133.5945,244.5741,128.9007,90.6436
134.1954,237.2759,127.6989,91.4628
136.2490,239.9855,127.0312,92.9227
132.8498,231.5289,126.9226,92.5689
132.6763,233.4393,127.2698,92.1941
134.8315,233.5195,126.4043,92.0337
133.4830,228.8575,125.6721,91.0697
134.0390,230.8539,124.5600,90.4793
136.3078,229.3029,123.3983,90.2055
135.1092,226.5277,122.4418,89.0487
134.7805,227.2055,123.0991,87.6930
138.4759,227.8011,122.3241,86.5018
142.2679,229.3962,121.2930,86.5881
143.9921,230.8009,121.1070,87.0410
142.8187,230.4554,120.1868,87.7320
152.0374,233.7445,121.3352,87.6824
159.0577,235.2446,123.6995,87.9631
129.0158,224.1751,130.6412,86.8525
121.9686,225.0268,137.9202,85.1491
120.0543,225.7416,145.2372,83.7195
127.9564,226.0525,150.8706,83.0978
133.3311,224.3950,154.7038,82.7671
133.6656,224.7476,157.7314,82.0618
139.5639,224.9263,160.8508,81.7044
142.0992,223.3138,163.3173,81.1609
144.4962,223.7607,166.1140,80.2671
144.9037,224.3190,169.1195,79.1505
147.3418,224.7377,171.9336,78.3131
148.0609,225.1022,174.3666,77.5840
146.9338,225.2988,176.6207,77.1909
149.9332,225.4050,178.4612,76.9785
150.9658,225.4596,180.3386,76.8692
149.6495,225.7355,182.9711,76.3174
150.8324,225.6302,184.6013,76.5280
153.7687,225.5896,186.7753,76.6092
150.8717,225.4714,188.5132,76.8457
150.5550,225.0702,189.1466,77.6480
152.2879,224.8024,189.7896,78.1837
154.0724,224.5002,190.3481,78.7880
155.6499,222.3433,191.3393,78.9556
155.1244,222.0586,192.3904,79.5250
158.7661,221.6072,193.4848,80.4277
158.4891,221.1727,194.0387,81.2967
160.5950,218.8188,194.0711,81.7605
166.6044,218.7174,194.8108,81.9632
167.1349,220.0971,193.7498,83.4709
174.2709,220.0033,196.5916,83.6584
239.2208,223.2193,192.0552,85.8722
260.9037,225.9340,187.3551,89.0353
262.6641,214.0424,183.8344,91.4024
266.9611,215.1968,179.5133,93.3665
270.9433,214.1930,175.7923,95.3741
272.4233,213.4198,172.8323,96.9205
273.7015,212.8737,170.2759,98.0127
277.0886,212.4277,167.6883,98.9047
278.1005,212.0816,165.6646,99.5969
279.0042,211.8549,163.8572,100.0504
281.9118,211.7607,162.1674,100.2388
282.4512,211.6336,161.0887,100.4930
282.4944,211.6843,161.0022,100.3916
282.5526,209.5989,160.8859,100.4737
294.9616,209.5254,160.5978,100.6206
296.6746,209.5554,161.2583,100.5606
294.1374,209.7369,162.2372,100.1976
293.6871,207.7916,163.1379,99.9844
288.2632,208.2465,165.7584,99.0746
287.3887,208.6337,167.5073,98.3001
286.7838,208.8076,168.7171,97.9525
288.3524,208.9624,169.7423,97.6428
287.6725,209.1125,171.1020,97.3426
284.8275,209.2431,172.6047,97.0815
286.8418,209.1226,172.7812,97.3225
283.7129,209.1598,174.8272,97.2481
281.8064,209.2591,178.6402,97.0493
272.2594,209.6011,184.8528,96.3655
266.8455,209.8409,191.3072,95.8859
256.7811,209.9510,198.0564,95.6656
249.1772,209.9278,204.1546,95.7120
244.4164,209.8841,209.0318,95.7995
240.1934,207.4209,212.7608,96.0088
236.5418,209.4987,215.2892,96.6280
235.5296,209.1935,217.3136,97.2385
232.4525,203.9197,218.6053,98.0610
231.5549,215.3353,220.4005,99.7084
231.1244,219.1988,221.2615,101.8828
230.7369,215.7381,222.0364,103.8028
229.6848,212.8563,224.1407,104.5203
228.6108,212.3684,226.2886,105.4961
226.1752,221.2730,226.0223,108.2375
226.0602,215.8904,226.2521,108.6396
225.8029,215.1076,226.7668,110.2051
225.7390,214.5773,226.8947,111.2658
225.7178,214.0913,226.9370,112.2377
225.5163,213.5872,227.3401,113.2459
225.4760,215.1788,227.4207,115.3505
225.3973,212.1106,227.5779,116.1616
225.2811,211.5963,227.8105,117.1901
222.6804,215.2562,227.6491,120.5959
222.7740,213.6340,227.4619,123.8404
223.0381,211.8991,226.9337,127.3102
222.9700,210.2741,227.0699,130.5603
223.0343,208.5537,226.9412,134.0011
223.1182,207.0172,226.7735,137.0740
223.2257,205.5665,226.5584,139.9755
220.2710,204.1787,226.7361,142.7511
219.8517,202.8931,227.5746,145.3222
219.6288,201.8029,228.0204,147.5026
219.0339,200.8892,229.2102,149.3300
218.2534,200.0260,230.7712,151.0564
214.4962,199.0995,232.3054,152.9094
213.6632,198.3080,233.9715,154.4923
213.0047,197.8564,235.2885,155.3956
212.8085,197.3895,235.6809,156.3293
212.5892,196.8929,236.1195,157.3226
212.2837,196.3473,236.7305,158.4137
211.8492,195.9681,237.5995,159.1722
211.4621,195.7396,238.3736,159.6292
207.7350,195.3544,239.5908,160.3997
207.0350,195.1190,240.9908,160.8703
206.1826,194.9252,242.6955,161.2580
205.4512,194.7714,244.1584,161.5656
205.2675,194.7854,244.5258,161.5376
204.9578,194.8237,245.1452,161.4610
211.6278,194.3010,244.5436,162.5064
220.8990,193.9080,245.1340,163.2924
219.6435,190.2868,247.6451,164.1352
221.7699,190.3276,249.8437,164.0536
238.2579,186.7923,249.2825,164.6414
227.3191,186.7921,251.7071,164.6418
226.4751,186.6654,253.3952,164.8951
218.7613,186.5542,255.7222,165.1175
221.0444,186.6307,257.7448,164.9645
217.3492,186.9231,258.5187,164.3796
219.0437,186.9298,261.7480,164.3662
217.1441,186.9122,265.5473,164.4016
205.6073,186.4842,268.4492,165.2575
209.0060,182.7093,268.4335,166.0258
209.4245,177.4479,267.5965,169.7544
210.8110,175.5959,264.8234,173.4585
211.8275,173.9660,262.7905,176.7182
209.4221,172.6025,260.7131,179.4451
210.3389,171.4518,258.8795,181.7466
210.8046,170.2497,257.9482,184.1508
211.4394,169.1022,256.6786,186.4458
212.0465,168.0132,255.4643,188.6238
215.6610,167.0844,255.2090,190.4814
216.4657,166.3120,253.5997,192.0262
214.5985,165.6777,250.3330,193.2947
216.2632,165.3584,247.0036,193.9334
217.6521,165.4222,244.2259,193.8058
218.7953,165.3658,241.9394,193.9185
219.7709,165.2918,239.9883,194.0665
220.6812,165.3588,238.1676,193.9325
221.4781,165.0714,236.5738,194.5073
222.3286,164.7379,234.8729,195.1744
222.9777,164.3805,233.5746,195.8892
223.6374,164.0113,232.2552,196.6276
224.0407,163.9413,231.4487,196.7676
224.1685,163.7782,231.1929,197.0938
224.1062,163.3548,231.3176,197.9405
223.9248,163.0432,231.6804,198.5638
223.8968,163.0476,231.7363,198.5549
223.9313,163.3864,231.6675,197.8775
224.0065,163.3368,231.5171,197.9766
223.8600,163.2584,231.8100,198.1334
220.5328,163.0524,231.6988,198.5454
220.4352,163.0190,231.8940,198.6121
220.1797,163.2999,232.4050,198.0505
220.1213,163.2989,232.5218,198.0523
220.0223,163.0813,232.7199,198.4876
219.8422,162.7271,233.0800,199.1959
219.8390,162.9482,233.0864,198.7539
219.7762,163.3055,233.2121,198.0391
219.7658,163.7291,233.2328,197.1919
219.4737,163.6477,233.8171,197.3547
219.3864,163.2399,233.9915,198.1704
219.6055,163.1610,233.5535,198.3282
219.8135,163.1645,233.1375,198.3212
219.9102,163.0574,232.9440,198.5354
219.9387,162.8687,232.8871,198.9129
219.9423,162.6328,232.8799,199.3845
220.0243,162.9043,232.7159,198.8416
220.0283,163.1176,232.7078,198.4150
220.1887,163.0370,232.3870,198.5762
223.5694,162.8563,232.4073,198.9375
223.8154,162.6115,231.9151,199.4271
224.2440,162.6480,231.0580,199.3541
224.4813,162.7273,230.5835,199.1956
224.6098,162.7101,230.3265,199.2300
224.5560,162.4717,230.4341,199.7068
224.8355,162.1451,229.8751,200.3600
225.0061,162.1713,229.5338,200.3075
225.3042,162.4806,228.9377,199.6889
225.5486,162.5600,228.4488,199.5302
225.3840,162.2905,228.7781,200.0692
225.5307,162.3945,228.4846,199.8612
225.8495,162.5474,227.8470,199.5554
226.0259,162.6168,227.4942,199.4165
222.7405,162.7531,227.3456,199.1440
222.3395,162.5245,228.1478,199.6012
222.1330,162.5909,228.5607,199.4685
221.9232,162.9231,228.9803,198.8040
221.7285,163.3215,229.3698,198.0072
221.6426,163.5786,229.5415,197.4930
221.5212,163.3026,229.7843,198.0450
224.9187,163.1985,229.7221,198.2531
221.8396,163.5266,229.1452,197.5969
225.3459,163.3376,228.8483,197.9749
225.8135,163.2697,227.9131,198.1107
226.0478,163.1464,227.4444,198.3574
226.4248,163.0466,226.6905,198.5569
223.3804,163.3239,226.0862,198.0023
223.4606,167.3534,225.9256,196.6182
227.0785,167.4568,225.3402,196.4113
227.4155,167.4099,224.6661,196.5051
227.2169,167.5414,225.0633,196.2423
230.1114,167.5324,225.9052,196.2602
232.6723,168.0573,227.4275,195.2104
231.7484,169.4124,229.2755,192.5002
230.5177,170.7797,231.7368,189.7656
229.6710,172.1207,233.4302,187.0836
229.1701,173.0879,234.4320,185.1492
228.5384,173.5782,235.6954,184.1686
231.5619,173.6284,236.2479,184.0683
231.8192,174.4278,235.7334,182.4695
232.3799,174.7530,234.6120,181.8190
235.8985,175.0884,234.1195,181.1482
236.2554,175.1138,233.4057,181.0975
236.3714,175.4509,233.1738,180.4232
236.6900,176.0724,232.5366,179.1803
236.6143,177.0244,232.6878,177.2763
239.9267,181.7183,232.5044,174.3298
257.8466,186.7592,235.0074,170.6385
259.0754,188.8878,238.9176,166.3812
260.5710,190.9202,242.2835,162.3165
259.0924,192.6088,245.2408,158.9393
257.9589,194.1794,247.5078,155.7981
257.1035,195.6145,249.2186,152.9278
256.1716,194.3915,251.0823,149.0865
258.9306,195.6230,251.8149,146.6233
258.8506,197.0954,251.9749,143.6786
261.8435,198.0449,252.1612,141.7796
261.7122,190.7611,252.4238,144.0620
261.7053,194.0282,252.4376,143.7132
265.0517,197.9148,251.9243,142.1195
265.8162,201.4720,250.3954,141.1499
269.9196,202.5760,248.2944,138.9420
270.7517,203.4372,246.6301,137.2195
271.1367,203.8865,245.8600,136.3210
280.7796,204.4707,244.4438,135.1526
299.0107,203.2040,243.4754,131.7702
313.8202,204.8321,243.0741,128.5142
316.5190,203.6857,243.4583,125.0252
322.5269,199.2824,242.8975,122.3768
326.6140,199.9818,240.3969,120.9780
327.8997,200.8366,237.8253,119.2683
331.8421,201.6461,235.4861,117.6493
333.1194,199.4923,232.9316,116.4737
340.4697,199.8499,229.0819,115.7584
344.7945,200.3695,225.7891,114.7194
346.3784,200.9618,222.6212,113.5346
350.5236,201.5067,219.5545,112.4450
354.3811,201.8485,216.9994,111.7613
357.7141,204.8165,215.4439,110.9359
358.3999,204.8593,214.0724,110.8504
359.1753,205.1174,212.5216,110.3341
360.1944,205.4348,210.4834,109.6994
363.5657,205.6365,208.7201,109.2958
367.6552,220.6127,205.4877,109.0229
374.3893,220.0185,201.8082,110.2113
379.5196,219.1316,196.4081,111.9850
389.5768,218.4822,190.7263,113.2838
394.4991,220.3901,185.6303,114.2166
414.1937,226.8302,179.0599,115.4016
423.7841,230.8190,173.7090,116.6440
434.7252,225.5832,170.0284,118.0150
447.4346,215.1864,167.1975,120.7382
441.2492,203.5839,161.4897,125.8646
464.9306,197.0510,159.2925,129.8973
472.7876,190.4528,157.2234,133.9972
475.8596,182.0465,155.6620,137.0621
481.6376,177.9118,153.3209,140.7241
551.3946,187.1392,152.6939,145.4172
550.1196,185.4229,150.5496,148.8497
550.7401,186.7672,149.3086,150.8761
556.0908,190.4551,148.0619,152.9548
558.9709,189.5132,147.0419,154.8387
561.5853,188.4364,146.5668,156.9922
559.4578,184.8936,146.0419,159.2982
2
0
0
0
0
1
718.4946,230.9131,144.6359,69.5582
720.2283,230.2198,144.4893,70.9446
719.9363,229.4028,145.0732,72.5786
723.2960,229.7742,145.1134,75.2156
721.7328,230.2307,144.8139,77.7284
722.6487,229.4050,146.4467,79.3797
723.5341,230.0685,148.1928,81.5698
715.8758,229.4197,149.1891,82.8673
715.0784,229.0818,147.1671,83.5432
716.8903,228.2905,143.5432,85.1257
718.5333,227.6373,143.8288,86.4321
721.4994,227.7523,148.6902,86.2022
756.7985,236.0595,151.4164,84.2525
757.8827,238.0227,152.9216,83.9996
755.5607,237.3748,153.8741,85.2954
753.4617,236.6263,154.3447,86.7925
751.7102,235.9278,154.0876,88.1893
757.2310,235.3779,154.3858,89.2893
761.5461,234.4345,153.3617,91.1761
765.2166,233.5337,153.6602,92.9776
768.9494,234.7597,153.9036,94.3801
726.2030,220.1710,157.8789,92.5034
724.5394,220.7183,161.2060,91.4086
726.9039,219.0420,164.3572,90.8213
727.7218,221.0116,166.6979,90.8586
733.0607,220.3659,168.0555,92.1501
739.2383,221.5203,167.8621,93.8951
739.0923,221.1216,168.1542,94.6926
739.3048,220.9627,167.7291,95.0104
743.8131,220.5959,166.9081,95.7441
