1
243.7917,169.9089,140.4165,48.1821
244.8315,191.3741,138.3370,48.4502
245.1151,186.3889,137.7699,49.8554
245.8557,196.8337,136.2885,49.0732
246.6389,199.3851,134.7223,49.6446
247.3432,202.3971,133.3135,49.2708
246.8454,209.2933,131.5111,49.4692
246.4249,213.6317,129.5761,51.8960
246.1947,218.5939,127.2449,53.1380
245.8211,224.4091,125.2120,55.4081
245.5200,228.3931,123.0235,58.6034
245.0902,235.6532,121.0681,60.9727
243.4264,240.5597,118.7407,62.4695
243.0691,246.7971,116.6363,64.0903
244.2355,254.2813,114.3034,66.0169
242.6454,260.4033,111.8555,67.8437
242.6649,265.1269,109.0079,69.6309
240.8381,271.6419,107.0694,70.5812
240.8864,277.6013,104.1898,72.5767
240.9990,283.6320,101.1921,74.3782
241.0777,288.3672,98.2779,75.9349
241.2003,293.1146,95.2949,77.3917
242.6266,299.2073,92.4422,78.7853
242.7143,301.3351,89.5724,79.9183
242.8080,307.4045,86.7171,81.1199
244.2166,309.6244,83.8998,81.9656
245.6486,311.8685,81.0358,82.7014
247.1514,318.0366,78.0301,83.2578
247.3126,319.0177,75.1681,83.8351
248.6912,321.3326,72.4110,84.2114
250.0573,322.4983,69.6788,84.3448
251.3861,324.9084,67.0211,84.3701
253.9519,326.1060,64.2697,84.3553
256.5151,327.5123,61.4786,83.8779
260.3723,328.8709,58.3286,83.4429
262.7036,329.1877,55.8899,82.8093
264.9969,329.5557,53.4773,82.0734
268.4527,330.0548,50.8112,81.0751
271.7034,330.4266,48.4361,80.3315
274.8157,330.9866,46.2360,79.2115
278.8913,331.5427,43.9601,78.0994
281.7464,330.1525,42.0564,77.0731
284.4712,329.7630,40.3182,75.9964
288.9356,329.4268,38.6297,74.8587
292.3772,329.1888,37.0394,73.5704
295.6302,328.9644,35.6872,72.3013
298.8885,327.1394,34.1986,70.9234
304.4294,326.8262,32.8971,69.9196
305.6733,326.5952,32.0019,68.7891
308.5136,325.7063,31.0031,67.4455
311.8904,324.7430,30.3438,66.3250
315.0394,323.7874,30.0288,65.2446
318.2745,321.9729,29.4568,64.4502
319.5357,321.7701,29.8403,63.4028
322.1584,321.6489,30.3724,62.2007
324.6793,319.3113,31.0753,61.1315
326.4970,319.0836,31.7378,60.1540
327.5258,318.0735,32.5397,59.3150
330.0087,317.7893,33.2982,58.4523
331.0092,315.9958,34.1596,57.7455
332.0451,315.6085,34.9586,57.0847
332.2960,315.2026,35.8959,56.4575
334.6714,314.0879,36.9263,55.7963
334.9006,313.6000,37.9206,55.3195
335.0537,312.3303,39.0763,54.9350
335.2910,311.8025,40.0769,54.5153
335.5264,311.2778,41.0916,54.0794
335.1355,310.7600,41.8732,53.6197
334.6320,309.3845,42.8803,53.3689
334.1055,308.8036,43.9333,53.0171
332.7679,308.2017,45.0833,52.6958
331.3915,307.5100,46.2975,52.5405
330.0222,306.7851,47.4804,52.4347
328.6423,306.0697,48.6672,52.2924
326.4713,305.3595,49.8299,52.1232
325.0380,304.6259,51.0910,51.9849
320.4011,302.2740,52.2487,51.8191
318.9717,302.2420,53.4686,51.8831
316.7606,301.4751,54.5728,51.7578
312.0112,301.4560,55.6999,51.7960
310.5676,299.7431,56.8945,51.8367
304.8385,298.8636,58.0816,51.8838
302.4908,297.9775,59.3149,51.9250
298.4102,297.0686,60.4729,51.9919
295.2576,296.0917,61.4683,52.1759
290.2279,295.0872,62.5869,52.3968
285.1315,295.0212,63.7349,52.5287
281.7972,293.0182,64.9169,52.8770
275.6392,291.9136,66.1175,53.2337
272.2493,290.8340,67.2668,53.5161
269.1003,289.5586,67.8677,54.1679
261.7556,288.5464,69.1256,54.2736
258.2612,287.4543,70.2951,54.5180
251.7428,287.3558,71.5622,54.7150
247.1344,285.1721,72.8423,55.1139
241.5799,284.9754,73.9001,55.5073
235.9545,283.7467,74.9871,55.9320
232.2639,282.5175,76.1995,56.3341
226.7325,281.0623,76.8560,57.1632
219.7223,279.8835,78.2473,57.4160
216.9707,278.7288,79.4902,57.5953
208.7657,278.4890,80.8368,58.0749
204.9855,277.2044,81.8565,58.4639
198.9031,275.9027,83.0108,58.8652
195.1891,274.2587,83.7605,59.9270
187.7604,272.9686,85.0878,60.2523
184.7807,271.6350,86.4864,60.6390
177.1803,271.3960,87.8391,61.1171
174.5120,268.5465,88.5031,62.1434
167.8381,267.1721,90.0346,62.5288
164.6569,266.9834,91.6114,62.9063
161.8303,264.0553,92.4190,63.9168
154.9991,262.6769,93.8226,64.2219
153.0340,261.2477,95.2749,64.6025
147.4085,259.7945,96.5014,65.0026
144.2121,258.3470,97.8316,65.3664
140.9991,255.5340,99.1430,65.8778
139.0903,254.0406,100.3752,66.2791
137.1904,252.4993,101.5643,66.7509
135.2933,249.6368,102.7219,67.2032
132.0788,248.1057,103.8284,67.6040
131.4538,246.5642,105.0784,68.0024
129.5746,243.6512,106.1268,68.4084
127.5996,241.9984,107.3443,68.9815
125.6908,240.3584,108.4016,69.5012
125.1523,238.6755,109.4786,70.0821
124.5796,238.3148,110.6239,70.8035
124.3388,236.3118,111.1055,71.9696
122.3402,235.9737,112.2362,72.6459
121.7415,235.6220,113.4335,73.3492
121.1848,235.2543,114.5470,74.0846
120.6815,234.8101,115.5536,74.9730
120.1828,232.8096,116.5509,75.9907
119.7212,232.2373,117.4742,77.1354
119.3263,231.6706,118.2639,78.2687
119.3286,230.9011,118.2593,79.8078
118.8034,230.3718,119.3097,80.8663
118.3299,229.8089,120.2569,81.9922
119.5067,229.1780,121.0738,83.2540
120.8187,228.5209,121.6539,84.5681
122.0918,229.4289,122.3421,85.9866
123.4016,230.3315,122.9908,87.4495
124.7950,229.5685,123.5062,88.9757
126.2594,228.7431,123.9126,90.6264
127.6832,229.5822,124.4332,92.3167
129.2639,230.4569,124.6758,93.9712
130.8580,229.6435,124.9225,95.5979
134.3015,230.5024,124.9656,97.3452
136.0886,229.6256,124.8856,99.0988
139.6999,228.6911,124.7058,100.9679
141.5306,227.7157,124.5934,102.9187
147.1537,228.5716,124.0837,104.7857
149.2981,227.6272,123.3959,106.6744
155.2339,228.5436,122.3867,108.4623
157.5476,227.6193,121.3929,110.3109
163.5412,226.6997,120.3494,112.1503
166.0404,225.7870,119.0116,113.9755
172.2254,224.9270,117.6483,115.6956
176.7211,224.0723,116.0063,117.4050
181.3350,223.2659,114.1301,119.0177
185.9293,222.5630,112.2843,120.4236
192.4981,221.9218,110.1391,121.7061
195.4059,219.4770,107.9733,122.9457
202.2186,218.9194,105.2518,124.0608
209.9293,216.4358,100.6550,125.4199
212.5409,214.3154,98.9867,126.1058
217.1684,213.9587,96.8083,126.8191
221.8179,212.0112,94.5369,127.2003
226.5377,210.1122,92.0622,127.5161
231.3168,208.2274,89.3972,127.8390
236.0901,204.7875,86.6659,127.9036
242.4808,203.1238,83.9747,127.8675
247.0309,201.5689,81.5107,127.6592
251.3242,200.0876,79.4720,127.3477
255.4827,197.0687,77.6252,126.9155
259.5365,195.8900,75.9129,126.0752
263.4729,193.1393,74.3526,125.2639
267.1107,192.0547,73.3130,124.3153
268.9139,190.9798,72.7928,123.3787
270.6083,188.4419,72.4675,122.3276
271.9352,187.5246,72.8561,121.1198
271.6949,185.1545,73.3366,119.7979
272.4693,184.3762,74.8072,118.3350
272.1838,183.6205,75.3783,116.8243
271.8416,182.9458,76.0627,115.1645
271.4376,182.3134,76.8707,113.4336
270.9607,180.1251,77.8245,111.8441
270.5266,181.0343,78.6927,110.0258
270.0988,178.9256,79.5483,108.3198
269.6612,178.3529,80.4236,106.5154
267.7459,179.2561,81.3173,104.7089
265.8060,178.7517,82.2734,102.7939
262.3806,178.2386,83.3042,100.9102
260.3960,177.6743,84.3758,99.1410
258.4560,177.0800,85.3680,97.4421
255.1181,177.9816,86.2892,95.6388
253.1639,177.4265,87.3335,93.8849
249.8361,176.8332,88.2825,92.2181
248.0139,177.7122,89.0846,90.4602
240.5376,178.5944,89.8998,88.6957
240.2785,178.0298,90.4180,87.0124
237.0259,178.8542,91.3351,85.3637
232.4080,179.6577,92.2241,83.7566
229.1544,179.0422,93.1902,82.2170
227.3584,179.7915,94.0212,80.7186
222.8875,180.5716,94.7135,79.1584
219.7430,181.2674,95.5319,77.7666
215.2538,181.9413,96.3336,76.4189
210.7428,182.5691,97.2076,75.1633
207.5664,183.2411,98.1425,73.8192
204.4154,183.8404,99.0420,72.6207
199.9447,184.4157,99.8975,71.4701
195.5647,184.9561,100.5893,70.3892
192.3832,185.5020,101.5882,69.2975
186.5428,187.3838,102.5526,68.2130
184.6065,189.2720,103.7496,67.1121
180.0931,189.7434,104.7507,66.1693
177.0045,190.1431,105.5789,65.3699
171.0806,191.9660,106.7331,64.3976
169.2857,193.7520,107.6487,63.5000
163.3665,194.2012,108.7961,62.6014
159.6951,194.8910,110.7897,61.2218
155.0870,197.8802,111.9642,60.6047
153.2307,199.5760,112.9894,59.9004
147.1219,199.9197,114.4456,59.2130
145.1525,201.5179,115.6843,58.7165
140.2450,203.1664,117.3706,58.1293
138.1386,204.8605,118.8592,57.4650
131.9510,205.0384,120.2971,57.1094
129.8673,206.6082,121.7153,56.7189
126.2703,208.3118,123.3832,56.0747
123.9503,209.8956,125.2472,55.6829
118.8997,211.4656,126.9601,55.3391
116.6055,211.6196,128.7335,55.0311
114.1635,213.2570,130.7824,54.5915
111.6498,214.8794,132.9529,54.2037
109.0810,216.4915,135.2091,53.8609
106.5400,218.1052,137.3833,53.5411
104.0216,218.2546,139.4868,53.2424
101.3508,218.4108,141.8703,52.9299
99.9635,220.1377,144.6448,52.4629
98.6722,221.8971,147.2274,51.9622
97.0111,222.4394,150.5495,50.8776
95.7057,224.0484,153.1605,50.7331
94.4132,224.1798,155.7454,50.4702
93.1063,224.2808,158.3591,50.2682
91.7468,226.0296,161.0783,49.9439
90.1705,227.8047,164.2309,49.5997
88.6472,227.9604,167.2775,49.2881
88.6128,229.8456,170.6278,48.7993
88.2994,230.3699,174.5743,47.7507
88.1519,230.7571,178.2249,46.9763
89.6688,232.7902,181.9763,46.3026
91.3339,234.7373,185.5112,45.8410
93.1819,234.6945,188.7620,45.9265
93.3186,236.3900,192.0092,46.0561
98.8753,237.9849,195.1702,46.4350
99.3856,237.7186,197.7695,46.9676
105.2602,239.1769,200.6869,47.7176
105.9233,238.8574,203.0827,48.3567
112.1923,240.3697,205.6149,49.0995
114.8988,240.0240,207.8364,49.7909
119.4863,241.4987,210.2462,50.7030
122.3596,241.1297,212.3249,51.4411
129.3265,240.7182,214.2147,52.2640
132.3107,242.3144,216.2424,53.0698
139.6216,241.9097,217.7880,53.8793
142.9282,241.5329,219.3327,54.6329
148.4655,241.1680,220.6029,55.3626
154.1112,240.8167,221.7511,56.0653
161.9627,240.5117,222.7521,56.6753
163.7529,240.2167,223.3734,57.2652
171.8536,239.9579,224.0581,57.7829
175.9045,239.6576,224.4383,58.3834
184.2435,239.4069,224.7909,58.8849
186.2966,239.1968,224.9566,59.3050
197.1469,238.9720,224.6676,59.7545
199.3397,238.8171,224.5689,60.0644
203.7979,238.7079,224.2347,60.2828
212.7058,238.6234,223.5814,60.4518
215.1632,238.6024,222.9511,60.4939
221.9550,238.6336,222.1968,60.4315
224.5855,238.6632,221.2005,60.3722
233.6458,238.6750,220.0781,60.3486
236.4656,236.7077,218.6718,60.0500
241.3737,236.7232,217.2714,60.0190
244.1353,236.7420,215.9359,59.9814
253.1881,234.8606,214.5023,59.5761
253.8951,234.8699,213.0882,59.5575
258.7138,233.0031,211.6907,59.1712
261.4050,233.0436,210.4012,59.0901
264.0513,231.2216,209.1820,58.6609
266.6137,231.2370,208.1052,58.6300
271.2286,229.3771,206.9401,58.3176
271.7321,229.3914,205.9330,58.2891
274.1510,227.5739,205.0905,57.9288
276.5686,227.6046,204.2320,57.8674
276.8985,227.6352,203.5722,57.8061
279.1315,225.8660,203.0591,57.3916
279.2988,225.8677,202.7244,57.3882
279.3768,224.0582,202.5685,57.0741
279.4109,224.0486,202.5003,57.0933
279.4200,224.0739,202.4821,57.0427
279.3313,224.1287,202.6596,56.9330
279.0921,222.3939,203.1380,56.4789
278.8358,222.4594,203.6505,56.3480
278.5083,220.6991,204.3054,55.9418
278.0886,220.7327,205.1450,55.8746
277.6422,220.7965,206.0377,55.7469
277.2237,220.8919,206.8746,55.5562
276.7024,219.1692,207.9173,55.0443
274.1369,219.2493,209.0859,54.8841
273.5689,217.4828,210.2219,54.4413
272.9539,217.5429,211.4518,54.3211
270.3209,217.6051,212.7196,54.1968
269.7153,217.7294,213.9308,53.9482
266.9283,216.0024,215.4786,53.3761
264.3217,216.1024,216.6549,53.1761
263.5700,214.3469,218.1583,52.6374
262.9898,214.4906,219.3188,52.3499
260.2718,212.7252,220.6836,51.8096
257.6870,212.8320,221.7730,51.5961
255.0810,212.9988,222.8939,51.2624
252.3084,211.3061,224.3386,50.5474
251.7493,211.5056,225.4568,50.1482
249.0302,209.7903,226.7802,49.4641
248.4795,208.0605,227.8815,48.8034
246.0123,208.1673,228.6933,48.5900
243.5453,208.2787,229.4973,48.3670
241.0215,206.5491,230.4080,47.6894
240.6434,206.6769,231.1642,47.4338
238.3957,204.9506,231.5175,46.7443
236.1362,205.0663,231.9031,46.5129
233.7560,203.3420,232.5292,45.8272
233.6626,203.4837,232.7159,45.5439
231.5707,199.9228,232.7729,44.4122
229.4016,200.0013,233.0058,44.2551
227.2264,200.0725,233.2505,44.1127
227.1861,198.4428,233.3312,43.2659
225.1960,198.5259,233.2206,43.0997
223.2912,196.8140,232.9445,42.4376
221.4616,196.8077,232.5345,42.4502
221.6218,193.2535,232.2141,41.4314
219.7540,193.3030,231.9107,41.3324
218.0325,193.3783,231.3207,41.1818
218.4685,191.5685,230.4487,40.7797
218.7113,191.6861,229.9632,40.5446
217.1725,191.6849,229.0504,40.5469
215.6522,189.9619,228.1134,40.0152
215.9482,190.0157,227.5213,39.9076
216.3065,190.0601,226.8048,39.8188
216.7037,188.3506,226.0103,39.3056
216.9668,188.3476,225.4842,39.3115
217.2978,188.3090,224.8222,39.3889
215.6642,188.2579,224.1931,39.4911
215.8781,186.5431,223.7654,39.0311
215.9910,186.5475,223.5396,39.0223
216.1432,186.5626,223.2352,38.9922
214.2897,186.6718,223.0757,38.7738
214.3789,186.6859,222.8974,38.7456
214.4504,186.6580,222.7543,38.8013
214.3993,186.6228,222.8565,38.8716
214.2670,186.6179,223.1211,38.8814
214.0098,186.5821,223.6355,38.9530
213.7021,186.6058,224.2510,38.9057
213.3221,186.6737,225.0109,38.7699
212.7984,186.6349,226.0584,38.8475
212.0916,186.5636,227.4719,38.9902
211.1900,186.4474,229.2752,39.2224
210.4432,186.3373,230.7688,39.4427
211.5080,186.1799,232.6189,39.7574
210.5310,185.9426,234.5729,40.2321
211.4224,185.7237,236.8382,40.6699
212.3706,185.4781,239.0299,41.1610
213.4708,185.1860,240.9576,41.7454
214.6997,184.8769,242.6663,42.3636
216.0973,184.6210,244.0737,42.8754
217.5326,184.3223,245.4351,43.4727
221.2859,184.0273,246.4540,44.0626
225.2795,183.7423,247.0439,44.6326
227.3210,183.4017,247.2688,45.3140
229.7195,183.0248,246.7964,46.0677
234.7398,182.6200,245.4213,46.8773
237.8912,182.2218,243.4480,47.6738
241.2726,184.1054,241.0030,48.2241
251.2172,183.8082,238.2912,48.8184
252.8939,183.5514,234.9378,49.3321
257.1234,183.3526,230.7102,49.7296
261.6389,183.2121,225.8593,50.0107
266.5411,183.1087,220.1729,50.2175
271.6931,183.0631,213.9113,50.3087
278.8557,183.0868,207.4989,50.2613
283.9883,183.1052,201.0996,50.2245
287.3275,183.2854,194.4212,49.8640
290.9321,183.4741,187.2121,49.4868
296.7210,182.0919,179.2004,48.6847
300.6097,180.7435,171.4231,47.9431
304.4820,179.4769,163.6784,47.1615
308.0973,178.2465,156.4479,46.4312
309.9786,177.0242,149.6101,45.8005
311.7502,175.8717,143.1001,45.1388
312.0505,174.7840,136.7749,44.4519
311.3389,171.0416,129.9186,43.6571
311.4728,169.9344,124.3553,43.2237
312.7107,168.8583,119.3190,42.8154
310.4202,166.6815,113.9750,42.2067
311.5389,165.6536,109.3439,41.8687
308.8869,164.6450,105.3628,41.5646
308.8107,162.6994,100.9979,40.9386
308.3004,161.7528,97.6494,40.6471
305.8253,158.8254,94.0749,40.1084
306.0713,157.7777,91.5129,40.1339
304.1880,156.9030,89.1796,39.8499
304.2443,155.9866,87.0725,39.6882
303.2885,154.0806,85.0621,39.5782
303.0988,153.1058,83.5116,39.5979
300.9481,151.0877,82.0900,39.8187
301.4692,149.9857,81.0478,40.1320
300.9934,147.9304,80.1184,40.4808
301.2944,146.7518,79.5163,40.9645
301.4463,145.5728,79.2127,41.4496
301.4893,145.2845,79.1267,42.0262
302.2773,143.0480,79.4360,42.7284
305.0842,142.7610,79.5282,43.3024
308.5919,141.4121,80.1656,44.0871
309.1826,140.9645,80.9202,44.9823
315.4780,140.4666,82.0663,45.9782
316.8510,139.9491,83.3132,47.0131
323.1488,139.4166,84.9442,48.0781
327.4847,138.8031,86.6455,49.3051
332.7804,138.1499,88.7781,50.6115
338.1473,137.4238,91.0908,52.0637
341.3541,137.7959,93.6108,53.5529
348.0074,136.9731,96.3760,55.1985
352.2497,138.4319,99.7158,57.0105
357.8073,138.7058,103.2712,58.9079
363.4308,138.9394,107.2044,60.9707
364.8751,141.6242,112.1856,63.4709
372.3135,141.9015,116.4854,65.6560
373.7009,144.8452,122.2315,68.2894
378.6281,145.2348,127.2277,70.4803
381.4774,150.0879,133.8542,73.0993
383.5110,150.5824,139.4585,75.3341
383.2128,154.2689,146.7442,77.9951
386.6164,156.5513,153.9271,80.4254
384.5982,160.7760,161.6084,82.9108
384.5311,165.2815,169.3438,85.3013
382.5587,168.0694,177.2436,87.6358
380.5181,173.1049,185.4361,89.8985
378.9178,174.2572,192.9069,91.8641
374.6836,179.8830,201.3754,93.8528
370.8784,181.3950,208.9857,95.4004
366.8348,185.4534,217.0729,96.7021
363.0130,189.7909,224.7166,97.7264
359.6648,191.9073,231.4131,98.4721
353.9254,194.3038,237.8033,98.7675
345.7757,196.8851,243.7307,98.7909
340.4159,199.6604,249.1784,98.5123
332.6780,202.6057,253.9634,97.9670
325.3775,203.0361,257.7555,97.1062
318.4767,203.6355,260.6706,95.9073
311.9200,204.4318,262.8569,94.3148
305.6136,202.8073,264.5379,92.0979
297.0473,203.8043,265.3213,90.1038
294.3329,204.8871,265.3255,87.9382
286.5913,203.3522,264.6537,85.6231
281.9447,201.5183,263.2809,83.9578
277.7134,199.2213,261.1776,83.2690
273.7770,196.4412,258.5698,83.5888
270.0684,193.3064,255.5687,84.6493
266.5245,190.0540,252.2845,85.9681
263.1687,184.1431,248.6695,87.4631
259.7944,180.8205,245.1400,88.9694
259.1149,174.9318,241.3833,90.5152
255.8212,171.6208,237.7907,92.0471
252.5939,168.3804,234.1135,93.4619
251.9728,162.7066,230.3173,94.7328
248.6220,159.5917,227.0063,95.9563
247.6858,156.6078,223.8984,96.9437
246.6516,153.7588,221.0139,97.6890
243.0495,151.0284,218.3699,98.2258
241.8823,145.9463,215.8092,98.5997
240.5146,143.3236,213.6800,98.9805
239.0794,140.7427,211.7102,99.3021
237.5361,138.2047,209.9796,99.5609
235.8145,138.1040,208.6264,99.7622
234.1378,135.6148,207.1995,99.9604
230.0070,133.0992,205.9353,100.2287
230.5909,132.9390,204.7676,100.5490
228.7797,130.4492,203.6523,100.7911
226.8466,130.2177,202.7931,101.2541
224.9325,130.0128,201.9003,101.6638
222.9998,129.8102,201.0508,102.0692
221.0216,129.5606,200.2976,102.5683
218.9862,129.3195,199.6613,103.0505
216.9887,129.0546,198.9503,103.5802
214.9772,128.8074,198.2688,104.0747
212.9171,128.5570,197.6857,104.5755
213.2023,128.3001,197.1153,105.0894
211.1042,128.0351,196.6079,105.6192
211.3399,127.7522,196.1364,106.1852
209.1876,127.4779,195.7330,106.7337
209.3748,127.2354,195.3586,107.2187
207.1711,126.9855,195.0518,107.7185
204.9937,126.7960,194.6884,108.0975
202.8601,128.9607,194.2363,108.4874
203.0747,128.7714,193.8073,108.8659
203.2507,130.9798,193.4552,109.1685
201.1288,133.1931,192.9797,109.4613
198.8902,135.4292,192.7397,109.7061
199.0923,137.7338,192.3355,109.8149
199.3214,137.6198,191.8773,110.0428
197.2702,142.3623,191.2689,109.9794
197.5006,144.7320,190.8080,109.9408
197.7455,147.0898,190.3182,109.9183
195.7137,149.4987,189.6964,109.7861
196.0313,151.9384,189.0611,109.5808
196.3564,154.4035,188.4110,109.3119
196.7133,156.8836,187.6972,108.9986
194.8041,159.4379,186.8845,108.5210
195.2747,164.3852,185.9433,107.8483
195.7351,166.8452,185.0225,107.5140
196.2028,169.3868,184.0870,106.9971
196.7144,172.0171,183.0638,106.2800
197.2555,174.6619,181.9816,105.5067
197.8682,179.6803,180.7563,104.4442
198.4287,182.2899,179.6351,103.6759
199.0222,184.9556,178.4482,102.7660
199.6744,187.7257,177.1439,101.6141
200.3218,190.4873,175.8491,100.4403
201.0248,195.4104,174.4430,99.2147
201.6039,198.0892,173.2848,98.1258
202.2363,200.8190,172.0201,96.8992
202.9518,203.5393,170.5891,95.6521
203.6793,206.2705,169.1341,94.3407
204.4318,209.0208,167.6291,92.9473
205.1914,211.7373,166.1099,91.5756
205.9412,214.4321,164.6102,90.2013
206.6647,217.1096,163.1633,88.8160
207.4068,219.7253,161.6791,87.5093
208.1759,224.4102,160.1407,85.9007
208.8992,225.0049,158.6943,84.7112
211.5182,227.5717,157.2448,83.3663
212.3126,230.1494,155.6561,81.9552
213.1038,232.6929,154.0737,80.5647
215.6979,235.2204,152.5349,79.1592
216.3918,235.7563,151.1471,78.0875
218.9158,238.2355,149.6629,76.6929
219.7564,240.6326,147.9818,75.4168
220.5453,243.0591,146.4040,74.0351
221.2769,243.6374,144.9407,72.8785
223.6981,245.9585,143.4814,71.6192
224.4200,246.5459,142.0375,70.4446
226.7960,247.1787,140.5839,69.1790
227.5710,249.4101,139.0339,67.9713
229.8059,250.0173,137.7757,66.7568
230.4836,250.5795,136.4202,65.6325
232.7814,252.7457,134.9574,64.4327
233.4365,253.3096,133.6472,63.3050
235.5623,253.8978,132.4473,62.1285
236.2653,255.9687,131.0414,61.0006
236.8567,256.4786,129.8586,59.9807
238.9373,257.0142,128.6360,58.9096
240.9772,257.5299,127.4581,57.8782
241.5809,258.0393,126.2508,56.8594
243.5588,258.4967,125.1263,55.9445
245.4954,258.9730,124.0521,54.9919
246.0419,259.4495,122.9590,54.0390
246.6134,259.8658,121.8160,53.2064
248.4691,260.3526,120.8074,52.2328
250.3044,260.7639,119.8078,51.4100
252.1671,259.8745,118.7244,50.5469
252.6715,260.2394,117.7157,49.8170
254.3720,260.5956,116.8983,49.1046
256.1079,259.7279,115.9856,48.2809
256.5497,260.0306,115.1019,47.6755
258.2065,261.6030,114.2963,47.0387
259.8971,260.7532,113.3999,46.2533
260.2829,260.9821,112.6283,45.7956
261.8479,261.2539,111.9371,45.2519
263.3544,261.5377,111.3432,44.6843
263.7036,261.7701,110.6448,44.2195
265.2713,260.9080,109.8913,43.5617
266.8096,260.0475,109.1742,42.9231
267.0067,260.2592,108.7801,42.4997
268.3895,260.4628,108.3390,42.0926
268.6263,260.7132,107.8653,41.5918
270.0932,260.9630,107.2266,41.0922
271.4313,261.1151,106.8274,40.7880
271.5857,260.1887,106.5187,40.3750
272.8461,260.3914,106.2517,39.9695
274.1779,260.6052,105.8307,39.5421
274.3302,260.7534,105.5262,39.2456
275.5425,260.8769,105.3209,38.9987
275.6530,261.0096,105.0999,38.7333
276.7964,261.1006,105.0172,38.5511
276.8575,261.1895,104.8949,38.3734
278.0542,261.2796,104.6962,38.1933
279.1742,261.3421,104.6445,38.0683
279.2720,261.4087,104.4490,37.9351
280.3592,261.4462,104.4548,37.8601
281.3214,261.4932,104.7093,37.7660
282.1806,262.5030,105.1719,37.9274
282.9647,264.6229,105.7941,38.0684
283.6831,265.6062,106.5592,38.3038
285.3928,268.8012,107.5741,38.5651
285.8326,271.9879,108.9308,38.9005
287.2506,275.1098,110.6184,39.4423
287.6193,278.1531,112.1768,40.2428
288.9802,282.4396,114.1200,41.0000
290.3091,285.5493,116.2103,41.9026
292.8287,288.6273,118.4317,43.0073
292.6493,292.9856,121.2625,44.1788
293.9380,294.8086,123.7526,45.6001
293.6391,297.9332,126.9454,47.1360
294.6678,301.1323,130.2248,48.7430
297.1254,303.0359,133.5427,50.4247
296.7768,303.5564,137.0622,52.2059
296.1557,305.5632,141.2091,54.0018
297.2540,306.0364,145.0056,56.0520
296.8661,305.0996,148.8693,57.9254
296.4105,304.0868,152.9572,59.9511
295.6616,301.3839,157.7270,62.0849
294.9900,298.4673,162.4491,64.5396
294.1458,292.0461,167.6279,66.9103
293.5882,287.2798,172.3504,69.2281
291.3790,278.7204,176.7689,71.4801
289.4148,271.9597,180.6973,73.5399
287.7057,263.2627,184.1155,75.2787
284.2264,254.5269,187.0800,76.7743
280.9124,245.8934,189.6447,77.7875
277.8723,237.3224,191.6063,78.4560
275.0244,228.8783,193.1436,78.7099
270.4475,220.6684,193.9269,78.3885
266.2243,216.9113,193.9916,77.5212
262.3608,207.1887,193.3660,76.0850
256.8611,205.7725,191.9407,74.7756
255.8278,196.7246,189.9096,72.3831
250.9663,195.7313,187.5557,70.3440
248.2854,194.8955,185.0073,68.0605
244.0024,194.3125,181.9408,65.3490
239.9698,193.7721,178.6522,62.6452
238.0270,193.2572,175.1607,59.9865
236.1567,194.3669,171.7206,57.7671
232.7451,195.4804,168.0415,55.5401
232.8378,196.5819,164.4484,53.3370
229.7469,197.6124,160.6815,51.2761
228.2491,198.6062,157.2273,49.2885
226.9925,201.1566,153.4621,47.3269
224.1528,203.6425,149.9928,45.4046
224.2831,207.6461,146.7674,43.3273
222.8612,211.3695,143.8498,41.6418
222.5999,213.2828,141.5642,40.6234
222.2002,215.1431,139.6068,39.6596
219.2710,219.9590,137.3316,38.1613
220.0555,220.1349,135.7626,37.8095
220.7181,221.7065,134.4374,37.2887
220.0709,223.2736,133.1380,36.7483
219.2262,223.3626,132.2620,36.5704
219.5312,223.4150,131.6520,36.4655
