1
206.9631,190.8219,333.0737,86.3563
204.1457,191.0141,332.3954,85.9719
203.8013,190.8420,333.0844,86.3159
203.1530,190.5501,334.3809,86.8997
203.3111,190.5087,334.0647,86.9826
203.5849,190.6672,333.5171,86.6656
203.8659,190.7124,332.9552,86.5753
207.4936,190.6637,332.0154,86.6727
207.8784,190.7194,331.2457,86.5611
208.4104,190.6901,330.1816,86.6199
211.7599,190.4723,329.7600,87.0553
212.2399,190.2585,328.8000,87.4831
212.5228,189.9034,328.2342,88.1932
215.9470,189.7550,327.6655,88.4901
216.1309,189.5525,327.2976,88.8949
219.3001,192.5775,327.2389,89.1247
219.3799,192.2608,327.0794,89.7579
219.5886,192.2200,326.6619,89.8397
222.9388,192.1524,326.2499,89.9749
222.9020,195.3311,326.3236,89.9027
223.2344,195.4228,325.6588,89.7192
223.4771,195.4410,325.1733,89.6828
226.9866,195.3839,324.4188,89.7969
227.4118,195.3792,323.5684,89.8063
227.5287,195.4266,323.3347,89.7115
230.8999,195.4676,322.8313,89.6296
231.1463,195.3971,322.3387,89.7706
231.3662,195.4256,321.8988,89.7135
234.5774,195.5447,321.6954,89.4754
234.6501,195.5872,321.5499,89.3904
234.6543,195.6261,321.5416,89.3126
234.5491,198.8798,321.7518,89.0116
234.7506,198.9143,321.3489,88.9426
235.0037,199.0626,320.8427,88.6459
235.2975,199.1018,320.2551,88.5675
235.8044,199.2022,319.2414,88.3668
236.2072,199.2682,318.4357,88.2348
236.4333,199.3465,317.9834,88.0782
236.6602,199.4474,317.5297,87.8765
236.6653,199.2810,317.5196,88.2091
236.5855,199.1184,317.6791,88.5343
236.5475,199.0512,317.7551,88.6688
236.5837,199.0184,317.6826,88.7343
236.5818,198.8730,317.6866,89.0252
236.8138,198.9372,317.2224,88.8968
237.1202,199.0709,316.6096,88.6294
234.1545,196.1105,316.4170,88.4262
234.5475,195.9561,315.6311,88.7350
231.6962,192.7986,315.2215,88.9378
232.0203,192.5679,314.5733,89.3991
229.1182,189.3453,314.2677,89.7347
226.1523,186.1429,314.0878,90.0278
225.8533,182.9068,314.6859,90.3854
225.6826,182.2518,315.0273,91.6953
222.6099,178.6041,315.0138,92.8318
222.5876,175.3717,315.0582,93.1167
222.5639,175.1756,315.1057,93.5090
219.6340,171.7579,314.7718,94.1505
219.5643,168.3998,314.9112,94.6658
219.7479,168.1547,314.5439,95.1559
219.8393,164.8763,314.3611,95.4963
220.1703,164.6676,313.6990,95.9136
220.6019,161.4096,312.8359,96.2113
221.1841,160.9507,311.6715,97.1291
221.7444,160.6568,310.5508,97.7167
221.9426,160.5137,310.1545,98.0030
222.2192,160.3096,309.6013,98.4112
222.6398,160.1598,308.7602,98.7108
223.1103,160.0792,307.8192,98.8720
226.7464,160.0161,306.7366,98.9981
227.3977,163.1578,305.4341,98.8915
227.8946,163.0871,304.4402,99.0329
231.5682,163.1623,303.2375,98.8824
235.1900,166.6265,302.1187,98.0788
235.7172,169.8726,301.0644,97.6806
236.4490,170.0846,299.6007,97.2567
237.4074,173.5512,297.6839,96.3668
237.8927,173.7958,296.7133,95.8776
238.4066,177.0935,295.6856,95.2589
238.8504,177.3935,294.7980,94.6589
239.2344,180.6971,294.0299,93.9790
239.8091,181.0379,292.8807,93.2973
240.1293,181.2201,292.2401,92.9331
240.2199,181.3754,292.0589,92.6225
240.3892,184.5817,291.7203,92.0607
240.9397,184.8117,290.6193,91.6008
241.4733,185.0844,289.5522,91.0554
241.7094,188.4866,289.0800,90.0374
242.0959,188.7449,288.3070,89.5207
239.8096,188.9076,287.1391,89.1954
240.0217,189.0462,286.7148,88.9182
240.1023,192.1796,286.5537,88.3582
240.3573,192.2386,286.0437,88.2402
240.5370,192.2075,285.6844,88.3024
238.2955,192.3738,284.4864,87.9698
235.5609,192.3532,284.2979,88.0110
235.6919,192.4030,284.0361,87.9115
235.7651,192.4457,283.8896,87.8260
233.0360,192.3797,283.7014,87.9579
233.0683,192.4522,283.6367,87.8129
230.0849,192.3994,283.9608,87.9186
230.1160,192.4061,283.8985,87.9052
227.4168,192.3830,283.6489,87.9513
227.5186,192.3884,283.4451,87.9406
224.7376,192.4780,283.3649,87.7613
224.8612,192.4524,283.1176,87.8125
225.0617,192.3262,282.7166,88.0650
222.4815,192.2927,282.2428,88.1319
222.5669,192.2050,282.0719,88.3074
222.3754,192.1546,282.4549,88.4082
219.3954,192.1378,282.7779,88.4417
216.6901,192.1298,282.5464,88.4578
216.8093,189.2853,282.3080,88.5077
216.7546,186.3013,282.4174,88.8389
216.6040,186.0761,282.7186,89.2894
216.2789,186.0568,283.3687,89.3280
213.3987,186.1487,283.4623,89.1441
213.4238,186.1638,283.4121,89.1138
210.7868,183.3994,283.0226,88.9791
210.6782,183.1871,283.2398,89.4038
210.7452,183.0804,283.1057,89.6172
210.7843,183.1354,283.0276,89.5071
207.9355,183.2780,283.0598,89.2220
207.9684,183.3042,282.9940,89.1695
205.2922,183.4207,282.6878,88.9366
205.4342,183.4923,282.4038,88.7934
202.7116,183.6032,282.2057,88.5715
202.6799,180.8667,282.2690,88.4081
202.4429,180.8158,282.7430,88.5098
202.4108,180.8158,282.8072,88.5099
202.4693,180.8519,282.6903,88.4377
199.6689,180.8626,282.6501,88.4163
199.7678,180.8847,282.4525,88.3721
199.9517,180.9653,282.0846,88.2109
200.0276,178.3968,281.9327,87.7198
200.2151,178.4906,281.5578,87.5323
197.6649,178.4199,281.0501,87.6736
197.7355,178.5250,280.9089,87.4634
197.8651,178.6268,280.6497,87.2599
198.0337,178.6918,280.3126,87.1298
195.4299,178.8040,279.9371,86.9055
195.3972,178.8262,280.0026,86.8610
192.5768,176.1532,280.0698,86.6335
192.6158,176.0725,279.9918,86.7947
192.7344,175.9007,279.7545,87.1385
190.0516,175.8022,279.5449,87.3355
190.0201,175.7360,279.6078,87.4679
187.1159,172.9869,279.8371,87.3867
187.1311,172.8989,279.8066,87.5628
187.2729,172.8919,279.5231,87.5767
187.1640,170.0650,279.7408,87.6505
187.2550,169.8466,279.5589,88.0873
187.3752,169.7416,279.3185,88.2974
184.6231,169.6742,279.2322,88.4322
184.6291,166.8309,279.2202,88.5271
184.7576,166.6525,278.9633,88.8838
184.9724,166.5909,278.5336,89.0070
185.0522,166.4055,278.3741,89.3779
185.2113,166.2766,278.0559,89.6357
185.3459,166.1588,277.7867,89.8713
185.3098,163.3063,277.8589,89.9785
182.4442,163.2284,277.9895,90.1344
182.3860,163.0690,278.1057,90.4533
182.3852,162.8915,278.1075,90.8082
182.1651,162.8559,278.5477,90.8795
182.0496,162.8522,278.7787,90.8868
182.0777,162.9076,278.7223,90.7759
182.0404,162.8750,278.7970,90.8413
179.0984,162.7968,279.0513,90.9976
178.9898,162.7767,279.2685,91.0378
178.8787,162.7244,279.4907,91.1424
175.9573,162.6235,279.6882,91.3442
175.7790,162.4588,280.0448,91.6737
175.6346,162.2183,280.3336,92.1546
172.8822,161.9396,280.1627,92.7120
169.9767,161.6899,280.2902,93.2114
169.9461,161.5294,280.3515,93.5324
167.1947,161.2876,280.1529,94.0161
167.1800,158.3510,280.1824,94.1819
167.5664,158.0662,279.4095,94.7515
167.9794,157.9020,278.5836,95.0800
168.0952,157.7278,278.3520,95.4283
165.2982,154.7840,278.2387,95.6086
165.8255,154.6123,277.1840,95.9520
166.0979,154.3741,276.6391,96.4283
166.1941,154.1756,276.4467,96.8254
163.5214,153.9881,276.0867,97.2004
163.9395,153.8718,275.2503,97.4331
161.0332,150.8695,275.3633,97.7380
161.2258,150.6202,274.9782,98.2367
161.2969,150.3799,274.8361,98.7172
161.2934,150.0986,274.8431,99.2799
161.4231,149.8967,274.5836,99.6836
161.6948,149.6331,274.0402,100.2109
162.1230,149.4246,273.1838,100.6279
162.4662,149.1959,272.4975,101.0852
162.9152,149.0225,271.5994,101.4321
163.2331,148.8847,270.9637,101.7077
163.8065,148.6283,269.8168,102.2204
164.6755,148.4274,268.0788,102.6223
165.4912,148.2958,266.4475,102.8855
166.3105,148.0957,264.8088,103.2857
166.7050,147.9462,264.0198,103.5847
167.8500,147.6913,261.7298,104.0944
168.4709,147.3895,260.4880,104.6980
168.3496,147.0728,260.7307,105.3314
168.6489,146.7067,260.1320,106.0636
168.7686,146.3778,259.8926,106.7214
168.8431,146.0671,259.7436,107.3428
168.9381,145.7427,259.5537,107.9917
169.1494,145.4433,259.1311,108.5904
169.2390,145.1064,258.9518,109.2643
169.5646,144.8322,258.3006,109.8126
169.6646,144.6384,258.1006,110.2002
170.1701,144.4649,257.0896,110.5473
173.7750,144.3148,255.5532,110.8475
173.9838,144.1877,255.1357,111.1017
178.0256,147.0047,252.7070,111.1226
178.5230,146.9224,251.7122,111.2871
178.6956,146.7929,251.3670,111.5462
181.7177,146.7299,250.9309,111.6721
182.0684,146.7240,250.2294,111.6840
185.1589,149.3805,249.6426,111.9650
185.4880,149.3985,248.9843,111.9289
188.4902,152.0789,248.5602,112.1485
188.8993,152.0741,247.7420,112.1581
191.8858,152.1904,247.3352,111.9255
191.9064,152.2151,247.2941,111.8760
194.7971,155.0102,247.0674,111.8406
195.0214,155.0985,246.6189,111.6641
197.8153,158.0181,246.5724,111.3663
