228.5,236.5,80,64
230.60689888163554,236.26171452132803,81.57884504199937,63.47657095734391
232.3268740847081,238.69856183746163,82.6986664510869,63.16264814030931
232.84680245887216,246.73091409840436,83.95068176725968,63.141048069930456
232.15511810892508,255.08587513374627,85.33405046715383,62.605344293626715
228.65673451214235,257.3114107801263,85.36220706480172,62.80001339814498
228.213394418983,249.33876874106818,86.24888725112046,62.459866497120274
228.03280904589553,236.2183217677475,86.61005799729536,63.02272463175008
227.02185821189153,229.30636775187224,86.28286855506465,62.75208600206794
225.7610519770616,243.53462351956827,86.46479872284677,62.37176208920896
221.00839233929386,263.16767168132134,86.62534635487266,62.82094525061886
220.8043319136338,268.8723218285947,87.03346720619278,63.14169063830101
224.34519067595625,253.61713172806526,87.02415650877785,63.00497458802997
231.44046554569218,230.18987641178177,86.96409663173282,62.757852345840874
231.2095992851169,222.17422761971,87.42582915288332,62.33838321974355
232.53706375063985,235.88315129766886,87.12110461267471,63.12298855387283
241.69998790810766,244.46463486539645,87.66318470828077,62.46945877764161
250.95201087533025,236.23446645052599,88.00679116888406,62.43809976171506
249.91432551960708,220.8111744640798,87.7215206280765,62.59634745530657
234.29260741116693,212.9221775233468,88.29887836489189,61.861837539814516
207.54978680975347,221.2084046555934,89.9622976765103,61.77827205888764
181.5837387080252,231.39740226126165,89.55005499794754,62.81387002655905
198.85370643602835,241.31923228200765,88.47262141958655,62.09163962943579
229.83366348498538,249.7900804959071,87.92403506239813,61.68376220875528
236.48197961948887,254.4055925983327,88.70910887778825,61.84054206016877
215.59166204101442,253.19436511716629,87.98450167485753,61.901594669174955
189.97087026898777,246.19482184391612,87.49398395721192,61.79192632612107
171.0679471847199,241.38689408730949,87.8241130740818,62.038852576417874
165.2088740884236,242.45748155338444,87.7857740140729,62.24897469478825
181.46216614465385,247.25340796427534,88.23771368356711,62.07384295356492
198.80668203013954,238.70881871558615,88.92061895860147,62.656117496140645
201.22257955240588,227.4682105687412,88.84494332574744,63.73479643727684
192.7335616973142,222.42368047661896,89.06020434477199,64.24512822657347
194.00452873780708,229.36413231156365,88.92460750604062,64.80224801021016
204.47674885680547,229.79417333110237,89.70106122549699,63.94216597113274
214.14159107493415,223.59544293990808,89.65987479577001,64.28431549943978
214.12249331626822,221.07785863900793,89.69807031310185,64.4873439955915
205.74569058482552,226.9033926816527,89.51175543679025,64.93621900972846
205.46656060951835,247.04754894320806,90.07001538740457,63.44057308404767
213.81876642625969,273.21890543352356,90.22425747817988,64.08220037965627
215.12598391731802,274.296990995068,90.03111146070702,64.34731822121125
206.91532600732458,265.9246218478308,89.49331464214532,64.13294387713704
193.32047042907573,266.01852817864204,90.16140942872934,63.94513121551447
183.57462322421563,274.179547311216,90.30846806937024,64.54964924831093
182.48846435491643,278.8081186957068,90.0505243352419,65.01355237023643
194.82738138292586,279.3019264191929,89.71252262472078,64.0259369232642
210.66161842008188,281.6406048060394,89.40804440954386,64.17381028174586
217.7300325417381,288.7087783027515,89.73383482127366,64.50008194336388
216.11150903049506,282.52894925861926,90.55014171596457,64.75603939265237
215.8727850797191,264.5761063732674,91.0275896175165,64.10194135781002
227.66509176573032,246.16879171087737,91.78065266647569,64.41005605111755
246.28146060660166,244.91470738274379,91.30145980999345,64.46798838570074
258.7009310636928,254.9205942977186,90.90197832080838,64.0077820957489
257.71986369112045,262.2178698835691,90.43379791145551,63.995121851033815
232.01944203445714,255.31193206374593,90.95111795375203,63.26884798467155
209.0723432799615,245.7523895446302,90.88698025618433,63.037055041193966
199.43451203867102,238.3519660063219,90.85015515268296,63.35353642824886
205.7756843939537,240.4786894765948,90.2614790307726,63.93755692316506
214.07484319100644,248.95301686544477,90.59944389034978,63.92518459914794
225.215677610284,252.29653558467703,90.1371743611688,64.51128026380809
234.6069564506615,241.10385503273147,90.77090025748718,65.0533223434916
235.98878044918158,228.54011212810605,90.45280746440966,65.72525611311619
233.69914721062247,227.37570471938042,90.12851779452163,65.60229285706434
238.92499804796378,226.22071803889978,89.4561689951535,65.46742799919703
257.3560629035605,223.95298187715449,89.08032035362268,65.13806284673255
275.4496980441941,216.01037962953143,89.2126692649574,64.07411171876439
283.1266751919919,224.2711446308304,90.69956643131272,64.39343317811745
275.2089203879033,240.98593725612704,91.93341433384211,65.03439190736957
262.198055333919,251.05618185473526,90.86386877553208,64.5966486492648
252.17293349318743,249.42676024077105,91.39855373039697,65.41604703636844
260.39175942716446,236.78869955869754,92.18812743132618,66.0818461592537
269.1545176597344,227.06755344520906,92.05025639011642,65.6525436160249
272.01168307579843,225.60562389023545,91.28551590570206,66.10160755211518
274.23753744894105,210.74263881707097,91.7749913248143,66.18047270605916
263.8227481538145,191.32298774184,92.77008734473824,65.35080971586262
238.349761896205,177.9952867079906,91.6210328324604,64.71834048344401
215.63357660737995,175.64808887228398,90.44816113547759,64.5069211785801
204.7463548385847,174.39457794229392,90.33754266888124,64.58226948253944
208.72175380760189,173.08519031550256,89.68046098158598,64.76980598587579
217.64440466738878,169.49574965667603,91.23008594106845,64.67558979888273
225.01018252528831,159.79779269802918,91.17625822990519,64.5011997099954
225.70025674360917,169.37804432626774,92.2387092438701,64.88149205837121
228.1776266457909,187.58314348936938,92.21384821134666,65.4453845209681
220.48528806619055,203.373970926035,92.75536737235427,66.02390531038849
219.521994660879,210.63276000053324,92.19036801075994,66.45584419469651
205.68983787385264,208.24992783345883,92.46320204164239,66.2412395209962
188.15616327374633,198.3621250684278,92.66020039927882,66.09093028387191
182.97256237022833,187.10091237411507,93.0624062513898,66.19211477391596
194.1699899944888,168.74254666295627,93.15859300083324,65.42377619962632
212.15678237157258,176.749491407523,96.98970249523127,64.33664705370498
230.76016788769687,207.79627456405493,102.75092294192288,62.903774593262675
242.49536159540943,235.34513144448948,99.99892443065261,64.78163031881937
241.1700634071529,250.58912908655057,97.48929993069308,65.25496029353275
231.4127696540002,243.68306533788513,96.60146575456594,66.31557423934325
222.72698595610325,226.6406198227728,96.09142248053308,67.19175973988965
222.21888018195426,215.05687375615219,94.54633398531293,67.30755148146719
222.52661536818843,214.17915650545126,93.93086361284456,66.52314570789366
229.02872087543545,214.53052255826265,93.5146633915169,65.82041360227088
238.05262365973434,213.34323173801275,92.96489998505518,65.6952749338941
238.20197331121474,201.70908813723813,92.66620068209436,66.55948366024383
229.15730418938222,199.32305585197528,93.26218356493543,66.33344669910548
216.76630049404218,209.15857926824458,93.00062374333356,66.6972536363924
217.5529151342446,226.72626245730538,93.93377890639447,66.65126946679194
248.27000095550537,227.2180754022854,92.97378904671534,65.66764357683196
282.6915803682553,220.56587303245715,93.82321762469819,66.52694342300941
280.44897929847906,210.52382496205175,93.2763480313378,66.48275263216878
254.34714334865416,215.92959090694782,95.3394192471546,65.69934087914322
231.65267757999223,224.70096899434026,95.27328172504843,65.83355600524784
214.63102352182503,222.5596105535692,93.94554069305315,67.589769376195
213.3311169189963,209.1531675747852,94.00996974851303,69.04881383178652
213.3691383035587,198.72521521560327,93.93392697938815,69.4221424223716
214.90448788467938,199.36562814280384,93.4285139206971,70.70660267152077
216.36460072129424,211.123115731165,93.08689389094052,70.39907828605644
245.1109803781407,221.0387819766949,92.0984265852418,68.54638416117655
282.89082986829806,224.69347870014178,92.22972466344113,68.80609042013421
290.37831183235204,218.08747424461774,92.43044845903614,69.37169289476319
262.4885213343987,210.84231800153574,99.91985392843767,63.52929989608289
216.14071783611516,199.0899398997209,97.96932050251205,64.01202194289002
151.838642389872,190.91314018410952,94.65803208009652,65.1446091454703
132.03670928424052,189.2420768164696,94.16871015874648,65.98091162246178
141.59220677022188,189.0999312063435,92.64350680592534,66.26520284271399
160.56798947264994,188.98047703586815,92.0999158597586,66.50411118366466
166.91221209522016,186.1703809194806,91.8592538169985,67.14519013548768
177.05879330566694,184.89720844068648,91.53756268191583,67.19510118234953
196.00289123867483,177.5876396856953,91.03488160037898,66.86003277854039
208.18709052997326,179.92722793650572,91.458855708548,67.1393308150727
217.97829637134407,192.07711684434608,91.79850430372514,67.74212834679041
219.33576601881902,200.64231061443402,91.58886529434153,68.1488428055784
226.948186057631,200.44182457457993,91.41667188662692,68.5498148852866
229.5086224513507,196.21000917189366,91.3212280046559,69.4753023324565
237.02277363741828,194.94671332397218,91.45120289839296,69.47551448398745
236.88210906704305,203.8738032238352,91.73253203914346,69.31988798507405
235.59114369078222,206.2208347086048,91.78435147241197,69.68604765404112
254.9894389100407,208.88769994108108,91.04097000383936,69.42607838508115
273.31959344529383,220.31444618472273,92.20019502851233,69.2643063549054
283.21539018410436,245.18249867031307,92.6992136664974,70.25473167273978
281.9293747886872,265.18846239630784,92.71113324660679,71.20458359234875
279.3463002712828,281.6140023663111,92.72570382909798,71.83876359240682
279.34416527485604,286.71959005875345,92.72997382195149,71.97295861171715
279.0350895757552,277.68756927918594,93.3481252201532,71.91685372745982
278.7992706995912,267.588079330325,93.81976297248116,71.33886142224848
279.98276170922145,255.28302122916688,94.04767349233686,72.59494477251904
280.2387365108469,223.91594893410073,93.5357238890859,75.09551384055244
281.53521517718053,194.78614172281473,93.59440418150128,75.01910051130648
278.8538968837457,195.05908892467988,93.65444181169076,74.47320610757615
266.64207689113994,225.3673535682957,94.28776766842576,74.65414625978437
256.0341128107485,264.56119052716593,94.2556382463644,75.94668827770985
253.59147079625873,293.9327257069866,93.78797872719754,76.08599694767923
252.37904797325209,292.4807505954066,93.54127734720743,76.31840014483576
241.6543545046656,261.9002953029383,93.61853850014055,76.03444910008281
229.81315673170351,253.06041732474577,93.2879396084142,75.03743160496191
220.6082693766634,261.3157983196536,93.16944848042245,74.40804033349363
221.66365204958186,250.621577168795,93.69356069111993,74.71746218293517
221.65933117562065,235.8118613804661,93.70220243904234,75.20966661397847
223.1121369353216,228.24172182703978,93.45263198976792,74.41369930006661
233.71277856707334,229.9413540379931,93.36583012244508,73.65374505268255
237.87336074938688,220.3503641381958,92.92160336145248,74.45620377712999
236.33813589913268,194.77252581745273,93.3601952442846,75.6065818827656
226.9351881860776,165.6821099130271,93.56555387895447,75.32858377566163
226.8440129104121,164.89342793603106,93.74790443028547,74.25007674587314
230.90364983133418,175.59987059200313,93.5521681395804,73.9666249036335
241.48075455053643,185.21855670438924,93.46659698710592,73.16431117905003
243.98946117183738,185.64591937816243,93.68765358085122,72.30958583150365
235.2625667804778,185.91417067438414,92.8805111344517,71.77308323906018
215.2375268713427,188.44189913422744,91.52838159957913,71.89290248851641
193.54658826862848,184.3129328078729,91.23870153513036,72.44408974065897
185.36726057362876,175.55578746831543,92.1567763573953,71.94436975741702
202.91307418543838,161.24430154943394,93.17625398875822,72.19433063769401
214.41371061638804,140.55146224164832,93.56612010095746,71.99576218820108
213.16997384768703,122.0825571979066,93.45185789082558,72.50927181020982
208.1306870334639,121.88469981529693,93.09701684659079,72.90498657542919
208.0100386767263,140.0984668281196,93.33831356006597,73.0085688479382
213.31500024468758,148.4105425002492,93.18735245037449,72.07286054302557
227.6987924779238,144.6708726593753,92.98904702560674,71.76057866794478
235.6212553291067,144.8941314685107,92.67867421275147,71.31406104967402
235.56506587010517,148.58088148493937,92.79105313075453,71.6717948071169
235.33248363520426,167.06556865849328,93.25621760055638,70.8871286724513
225.89916437476842,195.72708429212952,94.07036852618488,70.30048699022882
215.81285348670838,213.79555282919122,93.5890541394656,70.30793820107424
209.55830187295868,213.80242967867576,93.22547292414802,70.29418450210514
209.22311579130806,193.8002652660108,93.89584508744925,69.19811923296692
199.97248379372024,161.21305619243017,94.46985690976052,67.78560073806062
186.2389564561045,114.87843437098542,93.92485356421525,68.77901813113517
186.35643449558478,104.74552531248071,93.68989748525465,68.60800360120902
195.3069164265009,122.71298551295378,93.62654846375793,68.34831288093389
208.3050160480769,147.87988829360629,93.06042554614844,68.87465997071399
229.3484685295822,157.1053359757148,91.66213085832692,68.2250316018921
248.273892499547,158.24567418,91.47832446858968,68.4554912966679
247.15702908662843,150.44054383275343,91.19994099144955,68.99309017329755
241.1665803513397,141.38109275974693,90.59755002134149,69.49538850235075
249.96236323474716,149.85657312183224,90.61565502137535,70.15409854502894
247.56423638546386,161.24323393456547,90.35855755933063,70.1208571423135
237.46313443498713,162.39841152672537,90.383113512392,70.33270795148026
232.44240195106485,172.27048874749704,90.32046267330482,70.79678512380033
232.17737446109155,182.51753082169697,90.85051765325143,70.56364569665301
234.8157361286977,182.71137963206434,90.64765686859896,70.17594807591824
243.50856024827047,181.65403563809758,90.95465043789675,69.76311580550268
252.35473654860593,173.68350874236393,90.9406719604364,70.55127749136099
251.14064737260614,159.61992833094365,90.83074256852142,70.7592531311409
241.83143328428167,169.1914948423113,91.67048768306356,71.93461503652759
237.86382940935434,215.96328536958293,91.89039292467413,70.97466408091404
245.8346922810151,255.6142641945725,91.30573340362237,71.01754857932846
256.17837822373184,268.1602381624516,91.02856671962942,71.43835714537109
266.41764011698115,273.3218121701849,90.98108323659542,71.33072928163683
257.2022143897734,257.9446206865841,91.55210523357758,71.46826175038127
246.21828561125136,239.93687149052374,90.45859155585529,71.61051599953205
247.3269455273294,248.82082426275753,90.7892225869959,71.67826649814165
258.8985635683115,266.9632973796591,90.63301326007208,71.15091743884578
267.80958525390076,268.13331747836406,90.61306222608985,71.35403328960676
266.8968166640252,256.63363797071673,89.89244841639976,71.43803339993113
256.80611346996574,245.4830408804098,89.7820257453362,70.91091988896467
247.80974033306705,237.79851692072708,90.09115281418974,71.12257991837814
250.38465355020077,233.75723163360266,90.01012978804737,71.60194538043933
265.4517973910955,214.74514212902017,90.36713678393922,71.51200604250263
266.6401027715494,189.1619619230356,90.53547699920288,71.77934693104591
258.9176015924786,186.5839805807899,90.66926557610981,71.83157168845915
258.7741879603519,200.8570887597667,90.95609284036321,71.38778129287043
265.3396634129239,226.30656193361156,90.58488758164133,71.52781753086919
257.933809573784,227.64083022685685,90.10534180402502,71.40782318702792
248.9570987708496,216.44201686769844,90.28401352297989,70.9522000507412
231.60511431820476,206.55259331988992,89.50377570274235,70.45435758891412
222.64653462404385,217.85873832913148,89.81904297820373,70.47307171553722
231.48799908950642,250.90143016375586,89.77390773201141,69.8994931610103
241.63238200736112,269.94262643227887,89.56248135217245,69.46211210372135
245.05731411095098,251.44939639055943,90.21057125064519,68.95880165889781
233.33047922744103,217.59937250700716,91.15512854202397,69.13151199907888
224.53870312391513,207.6632213561697,91.11103453016801,68.85793290771633
247.96594121720648,218.5174065664315,92.0053679327359,67.25432441946663
278.25998183206383,222.16502761268987,91.42792030298871,67.46041152694585
294.0733614036662,204.74665391184067,92.23682957938048,67.36643909215576
272.3884844763311,184.0644920137927,95.51383419015698,66.1322168166147
234.49141565377226,173.51918415108702,92.72072734598797,66.94225331898429
195.24751985080275,184.0666463477818,93.517212066366,68.40286963430594
176.0363946730065,191.70234073463374,93.80581691576228,68.3849390630806
176.05525806621176,179.8402275202388,93.7680901293518,69.19219647555798
177.14587350155918,165.52643586394066,94.14585678063186,69.6708070464301
197.35834265261755,160.56368722343473,92.30964377925615,69.30597758057777
229.8413196852486,159.72494324010978,90.81054859349726,68.44479119204752
257.16849417766684,154.76039102324154,91.19508064802176,68.36682634590014
257.03942504664144,155.03426985685067,91.45321891007251,67.8190686786819
239.09819017339532,159.8852720522072,89.81601064306611,68.12231175823517
218.87722367288038,159.9399458614017,88.07507703041853,68.01296413984618
198.29033599558338,169.55061419807174,90.00088189620368,68.4156127109105
189.1833699132715,188.0842340542796,90.79215298239195,68.68264673799942
180.6077489593777,205.35099722042048,90.40578427977954,69.22434162651771
162.13521510498262,206.5675797400284,89.72602937430646,69.29949809491937
140.99529886614317,191.58900186980637,92.01916078446581,69.26662803472381
141.82161130730742,172.4843364090477,90.36653590213726,69.47184627448434
165.58135188806614,180.79156381347627,93.08220038921186,67.92793516020473
191.4450150524145,200.7618294551234,91.9117746468484,68.43292434597717
200.87886627004872,227.0242518045322,90.67242887635118,68.79314964147311
194.05668454920823,237.12809901991736,89.2846761582432,68.62827675708816
184.45401209591967,227.03706384246146,88.63807320272929,68.95839924990891
175.96005703030858,217.47690301995686,88.28703977779489,68.26278540216768
176.09380477501105,223.5293117437778,88.01954428838988,68.45949038501504
191.63234145814732,227.11382479904262,86.45549902574834,68.66872130039317
227.462974420842,227.64595841394208,85.52184359302727,67.60445407059424
265.3456169237053,218.0424143262061,86.79038919680472,67.55308459369014
293.2550570890381,199.93652669279828,86.76678003023642,67.37663953609457
293.3935793433491,199.97853297539547,86.48973552161442,67.29262697090019
270.69549184267487,220.22633745545085,85.96200804716509,67.88682548913478
257.644259553805,228.86636332608575,85.45951662677977,67.53720029212631
249.01060517997385,218.1686572545562,85.88999988133145,67.28526537261467
238.0473912194849,195.2631165317769,86.14661941844157,67.3489735633413
213.0380451855093,179.4724347786389,85.49824143039878,67.56500798733524
194.0157596417648,182.89203782439768,85.04192773680587,67.94471779227057
193.59599697988824,202.17932838753617,85.88145306055895,67.85772566667971
225.05903240011628,239.75150759864388,88.2123937040253,65.2211577821559
251.89417219211265,255.20246394649723,87.55078689286754,65.64255172494268
242.3719994704356,245.43594658284076,87.34458762607979,65.92504174211379
220.7011596167989,227.3527658051567,87.34595327635913,65.97447491665346
202.77055999014374,217.58504307776616,87.07779794126179,66.24093125761712
209.94286052058789,227.03709610204123,87.18652023938103,66.60792302107697
244.9112037784551,251.47198738855403,87.32929969375277,66.06880663433158
274.2993304559644,256.0475904887725,86.39090463524292,66.55724348331277
282.43350382546413,242.63640307714707,86.94750617034083,66.94041387583935
266.70452794035066,224.44770903732922,86.96747941664002,67.04321135094287
243.87042466847288,209.70178849923656,86.65025398061809,67.49162170305831
237.29260505832593,200.19753454231994,85.26945894889538,67.11821728086926
264.47946906087947,208.9321357658502,85.99329282513398,66.41783801508785
284.9245974091362,218.52565044176794,85.82179109871926,66.3925757080047
267.7563132274672,211.84136743903403,86.6677031658859,65.40800330082766
241.85640030804066,194.16361999105868,85.90875059200361,64.92796746082249
242.29117645979133,189.25353073640397,85.0391982885023,65.26962735563859
261.609223775617,186.86520013353078,84.19420816815332,65.32240049747216
280.2324131780932,185.92632171101297,84.5462078150301,64.85025868926846
271.82823197036964,177.83869217857585,84.9214879819313,64.59243550559665
254.37636961542395,165.88297895753556,84.58867448827634,65.01283647864634
252.93845449836078,173.00168251963115,85.1136232670498,64.88071808657274
255.3629664449067,182.69933003078717,84.97807331365131,64.33931882303435
263.5127530693147,183.094748971184,85.09932907422902,63.54848094224067
272.78347803616475,172.66366725785926,85.23589392760898,63.39787773342504
288.98651114691614,172.79491858707078,85.51093390888995,63.13537507500202
298.05356620904547,191.47301473703382,86.05080049482271,63.12713619545878
306.24923375970286,211.20447960430337,86.05566568212105,63.483550018979784
298.16018556212634,212.28198576692554,85.79613989345893,63.67676943428045
292.38423087958915,204.24429397671386,85.61079036913665,63.31999056954841
281.36980246425935,196.95132019028122,84.25174858159644,63.87319897149378
237.0090356616741,199.30711893527499,84.54154917880999,63.81590321876711
195.05890059344586,212.923593089789,84.5390931993353,64.55053028171619
204.18613246443218,212.81512382589466,85.02532375750167,64.76746880950489
229.751754304549,194.23507660712332,85.67201316691178,64.27088463639755
246.49767957937655,184.66760273081667,85.15415129164253,64.56355314650474
238.7333992477774,183.28058952769453,84.21746538058414,64.9854014707123
222.26060107505782,191.4632506841669,84.33633116473266,65.03344443841289
231.7655300902033,210.2407333796018,84.10538818282944,65.03630914431845
262.6056341895129,216.31922445364646,83.36615685545821,64.59874562531532
288.418648451272,203.7011160061143,85.22583243738654,64.25484316560085
305.65481935115065,183.6648516962155,85.97690722029571,64.40749965837637
306.0512970115127,166.86877915060856,85.18395189957164,64.92939593894802
286.41409057652584,175.81344085248895,86.72070332587916,63.550299416791205
277.75511156703743,202.96688488349548,87.52265693073716,63.51028300116833
299.9368212039259,227.8139374650145,85.83623837073557,63.60601200420143
324.8691375370194,213.08602851736856,87.60346494395797,62.55209489438772
334.5564761251423,186.3308643163029,87.08009027615769,64.22134139829427
325.665955840641,182.36305887963363,85.85399709193923,65.029277114175
307.32685310097065,195.3096411841029,86.97545369818218,65.21106167884152
294.8213830150821,202.29395607165895,85.69085965605396,65.58545056585962
294.9598509481857,202.8876322445857,85.4139237898467,66.77513643209099
296.38217556261964,198.66140472292722,84.96145491900411,68.05105040133203
288.2069731334535,189.9121498395935,84.47011145708944,68.70781184775248
288.28254543641367,186.07398628358212,84.3189668511691,69.15697159172369
288.6375532805289,183.61553600707356,83.60895116293861,69.245885024052
281.6635877459528,183.66781031257113,83.12985491788298,69.1413364130568
272.2360143311093,184.5397979627367,82.82147756914752,69.7928016350285
267.79607757937714,185.25040961232898,82.09661509698097,70.77276232975167
267.67222311696054,192.5758287072423,82.34432402181419,70.55636405936357
267.73418621674745,197.5950768077875,82.22039782224033,70.14224870666156
267.53796434665463,198.92489773628452,82.61284156242596,69.8801330943491
282.94795407856196,210.61938236019256,82.9846779954147,68.08549792893534
298.451357947286,219.18288433878635,82.86799664915961,67.59163895162094
291.32124491166746,227.9184998658745,82.92989528461116,66.68512323919452
276.944350060754,225.74606757537856,83.45167627025907,66.32465303415663
268.541600032527,214.94385585137883,83.77340897860009,66.73566132029654
269.519068538051,215.28602480953825,84.18489387405445,66.05132340397766
287.1953962949374,223.9928213180737,84.25642180279463,65.16901599341281
282.2920696431514,224.51100426767692,84.66966714547218,64.13265009420638
238.76080513538483,224.08440387370172,85.23517448654094,62.64809353960367
221.31772738062077,215.17442427197352,85.29028938946391,64.21356712664428
233.1920117271042,204.28923153758186,85.02707113795583,64.84713719811474
242.7987096235735,200.13464913070882,84.65262711502628,66.09169509810745
245.36640666921414,199.8603242709255,84.25607958746231,66.6403448176741
252.70035440317795,199.50199476793262,83.8218042337109,67.35700382365982
245.55814241899617,206.66104850878963,83.84281134172628,67.30231320229397
244.5389885049894,207.44854657540213,83.5044468517134,68.10398938709548
255.20853021877508,205.34681454349038,83.62543989053268,67.53854756949877
256.261579799109,205.63130017883975,83.89650355838938,66.96957629880008
246.80593053419736,204.35187755585105,83.83098368295252,67.15631924411994
249.80669101349307,196.37852417983476,84.95183777642531,66.4841508746695
258.9897937509582,187.95077548424655,85.62868221067802,66.67697959531083
250.6286054968007,179.52898871171726,85.59398457713661,66.76347899851314
248.548836675313,177.973154323446,84.9640334788426,67.48040340442088
254.3711187184794,187.32038367215563,85.30321616306273,67.95993953988635
260.55202921619946,195.74297026670106,84.99002809282348,67.98285244607649
252.1601879587393,196.0007962389067,84.93663317349578,67.46720050166522
235.04229084316856,187.77692133242377,85.62681321136102,67.14214321799297
225.33629683605062,170.43464372396846,85.82757285887496,68.20704879314026
