400.5,48.5,87,319
395.95396028300047,51.83197121643278,88.9649010389603,317.46323596217326
373.4723379993797,55.57980134893515,90.93164455758914,316.1099329898275
346.05880947019955,59.48542829534793,90.3186318917661,314.4586868441334
300.10823301190356,72.73593025992938,90.34095622663301,312.4587038700972
260.8397886436295,76.72880856216375,89.61128913266067,310.57037463720695
224.78696913878412,80.14137220552587,89.03109183902893,309.8024003757596
197.56991797505952,98.4591439814518,89.14581589028872,309.3797756747007
175.91634854818852,110.71008222054112,90.23134572371083,309.00453292241906
172.79833551985237,123.200514962478,90.42078676177367,308.210007512983
172.5435095939664,132.45539058315347,90.9304386135456,307.81690194180237
175.23502606873225,135.32849717096974,91.59020888712814,308.11349198928406
193.2745245292674,138.17772787266398,91.86675865572971,308.4742883675076
214.57314804000345,135.14215437337856,91.75599378285537,308.4759379162788
247.97774200464113,128.61196603261516,91.68890596213485,309.40138730534113
274.6793344236411,119.16282990971445,92.99947552748353,310.06174141669305
297.9823904983134,112.58606311515277,95.29722040923937,310.9893107480413
318.5131210478934,103.1757997121052,97.41656537945134,311.3037778101199
339.3719876717297,99.88033755684336,99.18494403863731,311.6824004196638
363.4820293122569,99.33401719916841,100.9669902429132,312.7750411350137
384.91269137892755,95.36119813318368,102.1955800743099,314.42212012916343
387.8285851181172,94.12436265960218,102.70832019486949,316.8957910763264
391.06539992980566,92.86508903539666,102.62378440890409,319.41433832473746
390.8157765470409,88.51950484941497,103.1230311744335,321.6821890586333
390.65010073706094,84.49319753984062,103.45438279439351,323.2700986668654
387.09582205151594,83.9059799431248,104.06959220807255,324.44453386029704
386.81041872801023,82.9681703473843,104.64039885508394,326.32015305177805
383.2713210781623,81.99557290802198,105.16012003914521,328.2653479305027
379.18752368139275,91.21765009274577,106.73205926589038,329.608160261437
375.2857374689897,100.54005358062443,107.89200868823026,330.89422229307854
371.55588686697286,109.91318955779059,108.66851435936218,332.19753693745156
367.7173386900605,119.06356162172494,109.6296417309278,334.04469975635993
361.0946958534478,121.59434039661289,109.35521194270092,335.7429999373103
354.19567985212103,113.599500225394,109.59531151703285,338.1747478514266
363.9063159460368,111.76893255624651,110.62783445709152,341.8358831897216
390.56769644255263,113.43767623525821,112.41639817928021,345.3873114211008
417.7947085046789,114.821659828517,113.74016760272717,349.59156842804566
473.30536097520815,123.19578286784426,115.61926238014411,354.0121472966053
512.2764634552746,116.33042165937752,116.36656893736104,360.5892777574161
507.3259730301986,115.10913788917946,119.00677309013173,363.0318452978122
480.64303996057856,118.69559147275734,120.9649412916879,363.20289497889695
450.8335949539761,118.62458469351245,121.52574009123481,363.34490853738674
421.0269408596137,106.91753562813065,121.98271135052319,364.5753803196117
407.2065641015987,99.03272801803138,119.94180665787279,365.5041664354701
397.2613553792394,98.69402283911882,117.64345912302417,366.1815767932952
387.5648042364905,119.24700368808365,114.94552055881823,361.8940165115384
366.6293160633022,125.66414423192282,113.2975250457779,356.3128974004295
363.28661678320697,131.654580048872,112.83932366144566,351.4756257110539
363.6181255263918,132.9624207552188,112.17630617507601,348.8599442983603
367.5018018119911,133.5555478527403,111.42610464490117,347.6736901033173
387.0985320063732,134.30878124326495,114.15169766165764,346.167223322268
417.6489511476223,130.68012111302315,116.18709678882259,346.40940609278897
455.62815826438936,128.0540297192004,117.84289777450445,351.66158888043446
458.8519318263173,126.75488539825315,118.5562330123777,354.25987752232896
458.22775129996063,121.21935362623142,119.80459406509101,358.12002728635133
457.87880377969213,91.5369232494769,120.50248910562804,359.17535534296667
457.1568080371039,61.987190173036254,121.94648059080454,359.74301390640915
426.23579063459306,55.12144211094383,124.98099209276667,358.7726292048291
391.5600114471976,44.76027678420161,127.80091449234786,357.31774786657695
361.08723178396997,42.15089964907372,129.36382339943182,355.1136708344113
356.9645066512089,50.89390867700345,130.18966597877227,352.4668681509151
356.88315967543144,63.29595632859622,130.35235993032717,349.85269292277826
333.8683357181605,68.6872492838603,132.2092298364994,346.43223668031175
326.9411196490749,70.55679410661978,131.37066320525466,342.6931470347928
324.0908138175685,75.77000266973005,129.7934997226729,339.54450505416685
321.3768808844523,77.20251273917754,128.01710517325353,336.67948491527187
290.0019312371811,79.60218496636548,126.58591839950206,331.880140460896
241.9997971376048,77.66679895660101,124.07706586522167,328.7142609994654
219.02702573168787,61.485357438096855,121.39970104078198,326.3464957248498
234.38171252825816,62.85208538282541,118.14621421836407,323.61303983539267
262.0938301690973,47.18363606208814,116.85081398799147,321.11941656980116
283.3824402652028,45.77605834402843,114.51563619556937,317.2275649392891
268.084268530555,47.15889047542808,112.06651133223285,314.4619006764898
268.52988631346636,54.83294483190497,111.17527576641007,312.1641700946753
279.10331094621415,62.51525225296871,109.45701984539923,309.7519508155376
282.649177897372,66.9351111800261,108.77584991656214,307.3227969349014
266.90178740583065,74.38845354445232,108.45309225820367,305.14312766262543
254.98195157989198,78.73790563142418,106.98669427455502,302.7707408975632
254.901624314986,82.77335257903059,107.147348804367,300.9658679705438
261.45191314264537,87.10348713895843,106.53308305386969,298.54875480309886
264.9586249835068,87.96933405582541,105.71714087183614,296.8170609693649
265.52303583319815,88.68283375173766,104.58831917245344,295.3900615775404
266.1946691494665,83.06123226751833,103.24505253991676,294.3991063338376
263.3761624908831,70.8752750367577,102.80353154911802,294.4568835634964
239.21464605431862,71.01120443074882,102.55590401333839,294.18502477551414
221.50584242870266,76.83532586252386,101.59581195936214,294.66268168036675
222.18032674278658,74.05434483253248,100.24684333119436,294.1723556180914
222.46442807512955,59.09265128091761,99.67864066650841,293.9922025863868
207.70760130157376,59.09984573314668,99.15343571899807,293.97781368192864
213.5624091667231,77.21389142970949,99.43977047798873,293.73757375667117
252.60348238916453,89.66468220980292,99.35480698771173,292.8351254132861
282.83093229109164,96.34710432083605,98.75367418992835,291.441034592434
286.2094634179303,102.78624232192456,97.95115497605089,290.47184466985675
266.03600761259713,106.56192204982835,96.81549094079533,288.8465674491809
240.44773425278146,116.00789193300344,95.05237551364056,287.6011817317595
218.26978670777228,122.46128007720768,92.75070677164429,286.35879640135465
214.00837705242634,132.0427104644488,89.728898114229,284.5128775790333
214.8282990902466,149.57164878961586,88.08905403858847,283.5980314280328
229.8982748743208,149.74211032913686,86.18547548699961,283.2571083489908
272.42727407546147,150.56674177096917,85.23606951592556,281.6078454653262
295.00709990000627,131.9950923219156,84.60681473298234,279.7870471055553
314.65260731490065,127.73875632978428,84.01782880855045,277.2419965454303
333.96830003663143,109.21990031888714,83.75985485736037,275.9062970749531
326.7369523679996,79.98889751051496,81.84787537664877,274.32782835912144
305.25379936359457,61.178116460941055,81.61076667177412,274.14640258379507
264.6390919312155,47.45168022302249,81.93831805097938,274.6319872311146
208.03476812565987,42.08969598353201,81.6123798443922,274.54313801317187
167.02374977119817,44.839627648238235,82.64792904416186,274.44237385103634
153.87016138414077,47.52610793340065,81.87064253191517,274.4863059379838
185.98378164084625,58.05806518216323,82.48049951404974,275.0347572723071
226.2766359369259,66.59579972082867,83.22734627053477,274.22579926470513
247.32174683161347,72.59885542550069,84.53365212232286,273.0688197656519
246.99134343716298,81.57856778463804,85.19445891122382,271.40642677691574
260.6825528117218,82.59245510068959,84.91689890384102,269.37865214481263
263.2800194457718,82.93840058604357,85.10905401058066,268.6867611741047
244.40617978442185,94.44261309103865,85.19105007700668,267.2015837391281
222.74164306087616,96.92659605036758,85.6301898161584,267.59485953396273
225.41686494643645,110.24155636650724,85.65465209414883,267.8394691472387
281.5400790621141,118.07424394464275,86.36363800444018,268.3105817254886
311.73405848191,113.15528938697503,85.3598191413515,267.3513744814598
311.2809959704203,113.02257574775163,86.26594416433093,267.6168017599066
310.6023509801689,115.92564114139932,87.62323414483365,267.1975789194215
328.87779847221736,113.4555529915167,88.91341239733754,266.73188761395807
328.05918129798886,111.04270964930168,90.55064674579455,266.1346983931697
297.99382569835177,111.50376655609134,90.7941875488001,265.2125845795904
278.5831254975425,111.06071014239103,91.56646177387857,266.098697406991
297.07788817619667,113.65430562591106,92.81301597332285,266.373803519487
321.52720102393033,119.35884499839577,93.31461490572651,265.94255246960006
321.5174449912032,124.66044519585222,93.33412697118078,266.3231095146838
302.684339750109,124.67991560580651,92.51668014937638,266.2841686947752
300.24012158809046,124.23128834523982,91.92287262532719,267.1814232159086
278.4422192485937,131.47908162827366,91.64485276645958,269.13852085153883
240.00391017490733,136.17737678901113,91.42271473108532,270.75603855617055
215.14088584504267,138.1244670631617,91.41439436559318,272.3878990106718
193.04507753375208,140.22516033606468,91.21300458189145,273.7356382656511
174.11107112572168,139.66021100326498,90.12863374157523,274.8655369312505
176.9758051255942,139.0288062331665,89.96000090050948,276.12834647144746
202.23933438277268,132.7931121238867,89.61418054134732,277.4483484332971
241.63266891551913,130.08323705466285,89.06090178119469,277.27999926422046
263.93188567085133,128.00678323971172,89.06677387768522,275.85736869322835
294.525473926078,122.94090935709278,88.98942875307291,274.878238024677
319.32083456076924,115.5025866763875,89.25967692026065,273.13456024056416
339.28021021930766,102.17167282734536,87.98294138216805,272.19494809651684
322.82287832924743,97.28551644843171,87.99663374875183,271.00027038316523
293.3828132099395,89.39734339982115,86.74227210044832,270.37630051122653
253.01168018134624,84.17971359469783,85.96166998578524,269.9418443652266
204.4954097721835,78.94443625203101,85.5363325457046,269.5837459107373
166.5715352385006,78.64907575495576,85.76431384047714,270.1744669048878
151.19437196338103,81.16694206900848,84.0346729625533,270.55272884814286
154.0295301630577,86.49331646492368,83.75181727289541,270.67490147570334
175.3486527584254,94.76776020668257,84.18530854027807,270.27791516397986
194.0759790685483,100.58019445074959,84.43507939417505,269.42573909702946
215.44728223840414,103.47511166031458,84.7234437680216,269.0147760170943
239.07810288951154,106.5118749715734,85.86704066108115,268.31960919405157
255.1946795261089,107.35330992949389,85.9712118767847,266.6367392782106
252.07546525784468,107.984141400538,86.8420708833914,265.3750763361224
249.1454034645035,108.32769099821616,87.3365646532668,264.68797714076607
245.99416444262607,111.39775513162522,88.2741180882872,263.91277348268244
263.65994530940804,116.87404099938738,90.5399558265198,263.70231588195713
303.00520340698716,114.65556842274194,92.99084056256619,262.72983430650106
326.4686398084194,101.56805585699007,95.02511112141079,261.70422423705526
344.39797988340285,99.19239477852159,97.40272445644956,260.9932187532771
343.2545934344214,94.14455057668235,99.68949735441237,260.0987582178992
333.74289330981054,92.01189183016078,102.14275589133361,258.84069514017557
310.4868792808527,92.9617292438164,104.26066302223705,256.94102031286434
268.48741524468045,93.9318549060495,104.86378304330958,255.00076898839814
227.30122358707757,94.37241159656028,104.09890310192125,254.11965560737656
192.46801235767978,93.71073538191625,102.05507285310199,255.44300803666462
192.97744874936575,96.06498284912294,101.03620006973003,256.23332596879436
212.9612218406154,101.33554685838064,99.51249500085348,256.6761525541712
213.56264192202121,112.14640294667603,98.3096548380419,256.938674547629
211.83013739440582,117.39659230929234,96.32141859142678,257.3447864260881
212.5749366761072,122.73497386147014,94.83182002802404,257.5146406467748
213.077168964916,122.83354938723383,93.8273554504064,257.3174895952474
189.2370586804376,122.78823217496515,93.10637552962062,257.4081240197848
157.66202822098265,119.9381203422675,91.86243458762367,257.74218086343785
157.75767385653285,117.23062139134385,91.67114331652326,257.8087715604362
168.57948673796568,122.77070305259866,91.4110743566637,257.4203866394296
189.67778871734538,122.61513808710569,91.89945493693712,257.7315165704155
222.24175071371474,117.94941314360906,90.95864450349885,256.3651141975254
238.49953172277043,117.87819596321341,90.31712491692875,256.50754855831667
241.42085314932785,117.70875839581913,89.77721024221088,256.84642369310524
259.8659943370095,117.40314914275814,89.97120397217941,257.4576421992272
262.731525532251,117.47539586041938,89.55014513542321,257.31314876390474
243.8604835383201,117.42579300034114,90.19024164775048,257.4123544840612
224.90935772597638,120.25860000466147,90.89911984913664,257.06007953589216
214.6316242768453,128.77065054433535,90.1698430167943,255.9995362544978
214.1327633475376,142.89789346101918,91.16756487540962,254.2090500865071
253.55502856670117,147.85522862585623,91.6028532950175,254.86502227122438
293.1696103422555,148.1403967474054,91.91244289707129,254.29468602812602
296.55153451180877,148.845141456096,90.44862907665673,252.8851966107448
315.3937228038004,138.42585827852042,89.53785714141492,252.71027459518652
324.45200606545654,128.51318944992664,87.12435451142133,251.59819372794928
309.50011479090904,126.4359966375783,85.98045489743092,250.57796565879838
268.0676143968486,110.9125665916217,86.61778784712908,250.78945031130309
208.66501834322304,101.51354470294959,86.88429083303727,248.97206989363116
190.58503326163734,104.152873995605,87.11479748512035,248.82619180990434
183.6599119152982,120.27960631373794,85.56037130413469,247.38206492096637
198.75040983423844,138.68921384601651,85.89541835488917,246.16489989315008
237.27567383340156,143.06826670768,84.96599043198336,247.55627417987915
275.6725082260647,140.76291269921552,84.33727374184588,247.0893187237956
293.8440293011099,141.31513006606204,83.41104300972655,245.98488399010256
311.7472630309382,146.4549236047909,82.79292221532009,245.75911024557345
347.16558165353456,147.0784897840212,82.12991074665928,244.51197788711286
355.71972114547566,152.8862426142116,79.96921376708099,242.86152689626806
346.5960514359987,155.5736274956652,78.53857416135392,242.40625188953112
326.7278538992025,156.5814008559218,79.18076934943048,245.27748015470738
305.16935256749184,155.00180810952136,77.84348562549786,248.43666564750828
270.63262022463346,148.25975954762106,77.48275102856846,252.00159144521663
249.952428518539,140.65621855023744,78.8154720073158,252.1983000274432
247.6522676087106,136.2168772167096,78.38492708349621,251.0152492075461
285.21227053897877,133.4212649258979,78.35709068212721,251.60032915855834
325.34927032347093,118.88727383923239,78.30591932646661,250.58475075189295
362.94447998292884,118.77352734745376,78.09422744839847,250.8122437354502
400.4499837312635,128.7081894560948,78.05171919508014,250.9345193163951
437.6190715453412,132.52210658586063,78.69627311253014,253.3043823296108
468.21476678163384,132.43240375486653,78.0370688537646,253.48378799159903
476.415023343178,132.14599753127754,76.74068489898228,254.056600438777
474.71166631074345,122.40883555684944,75.12857741055383,253.4556381744433
457.76943307554376,119.51707284722366,74.15024849035647,254.25876425218104
420.46724683033926,114.4177300967798,74.15130761345102,254.5103413040935
380.06624436445634,112.62684733809658,75.31925216940263,253.11497804797153
327.58046223156214,115.16792816088466,75.72922353866961,253.01193987365832
288.10107525393096,120.46232891728633,74.9235630051025,252.39369267195866
264.150225898814,120.53737017099866,73.20954604039997,252.243610164534
244.5208901771417,130.15232476607983,73.04773540886045,252.7239420118138
242.3975594413107,135.4210120064272,72.36306731485944,252.04922666244502
258.6434054982191,143.14934995992115,74.23459869106455,251.31964653689502
292.16266227575267,145.66931810450663,76.26619449286076,251.21328948749994
310.9702129852756,142.68076136237585,78.40929403477695,252.22062785164124
310.31770132605413,139.52124311370733,79.71431735321993,253.51597935182076
289.12062701336936,136.7233993670327,81.57937398185943,254.04553034557875
265.5928362273549,131.84326337447158,82.66299477826297,253.5898110472286
224.11961715433048,132.30086710035695,83.66659646461228,252.67460359545788
164.70667771671015,129.77797939735734,84.57579621655069,252.59356686566136
115.50915754955612,123.04949965430782,85.26718482361363,255.76593143310305
94.38940736202193,118.8808250498054,85.90590481808778,258.90318309453363
91.79552792858155,117.63609509777396,85.8372337359789,261.3926429985965
96.86424515557285,117.01588823090077,86.28096067826024,262.6330567323429
134.0015355913835,117.09202777237343,86.43533415643725,262.48077764939757
157.65659694028423,116.91697125064118,86.97837397107783,262.83089069286206
184.1643248272256,116.74682368377472,87.2823888938302,263.171185826595
221.4904799069516,113.69466801828429,87.423056408778,263.9331416094044
247.90056137179897,110.65755316026497,88.16060931279671,264.6515997420717
268.83973190800333,107.52374463758909,89.31823560627397,265.53972086668773
282.2620869101667,104.48544645234068,89.54006576296847,266.2030092049803
282.0202914156402,101.40945975652556,90.02365675202148,266.9281760632717
278.88065881374774,89.33315851457257,90.85695281544766,269.29690198574315
243.55635912857468,85.49546975671572,90.07151860016437,271.47735384102384
221.17712224575484,81.84995393853126,90.7372017755555,273.2567866536117
193.61483694694329,78.66565666125595,90.37073389717472,274.0762773605619
157.5577418358351,80.83399643796045,90.28228114980664,275.2936472663517
146.94843914451593,91.91428046393324,89.22192797950166,275.41203776734943
152.55546959117197,93.95003671635789,89.11179235642805,276.8924878976194
180.677930798475,104.85109781076395,88.57657155639494,277.37424635463645
219.25295601625146,110.03379822944629,89.37806280068732,278.14478004296393
241.03174092766847,121.64923107608291,90.56970586313415,277.28852079233104
260.34401402632864,125.23142872320565,91.16876467911209,275.7274976428425
266.3267384003387,128.70109917590108,90.38762891484828,274.38031322932983
269.4032786218134,129.36667900358538,89.79323161721946,273.04915357396123
266.3820240811651,128.85643846561868,90.30688262251428,274.0696346498946
243.73686327941186,125.86914259279766,91.1749249011393,274.49144147992644
224.30737402715994,123.00761798725603,91.0111135589225,274.6398064271924
226.76001394977266,122.75611000062887,91.67962963399611,275.14282240044673
263.3767817189268,120.036756771831,91.15757167945877,274.98833827467547
269.1189932261558,109.87135148122519,90.83602122502431,272.99340373583993
249.16158914564062,112.03589142629696,91.92067465322603,274.21148880752907
229.48464618055658,111.5207005121423,92.18415704589174,275.2418706358384
229.21993192947525,113.36126085721222,92.71358554805441,277.16457922980123
223.5073298773729,114.81142743678399,92.85702850640676,279.90512664358386
181.08263657898115,123.57624725487494,92.46882572606688,279.4230048828266
132.41449965477102,122.16404974505139,93.43995069272663,282.2473999024737
109.12972586051282,121.03740848304022,94.19747310998461,284.50068242649604
96.96863212887983,128.35948886469612,95.42993437441336,287.17381631231217
76.37890324512954,132.89628223199236,95.77818759667193,289.7662880192174
75.98530526396112,131.24976967912303,96.56538355900875,293.0593131249561
99.55167018288704,127.39531633256559,96.93305047024526,294.8306702244349
136.47537155171162,109.3136656860967,94.719398059715,295.1770963538133
163.7250275358746,109.87833524306095,93.62391040196474,294.0477572398848
184.8504644509895,107.74920562990113,92.6560069561324,292.40844926843334
203.04550237864402,94.49338351544802,91.40478847367972,289.6377123532926
203.6356134529741,89.58409029077842,90.2245663250196,287.8680880491551
184.26750355063842,84.72332094640763,88.73010580561802,286.09514664530445
162.27461822152463,84.93868477116584,87.15976712723707,285.664418995788
137.37283037547678,82.03652477306335,86.0290017273574,285.8093677595513
137.3665218654166,84.48760323653286,86.0416187474778,286.5476827340626
154.74814814610005,95.75630363944896,85.18529411118654,286.61490054494755
184.60459414873117,101.82632507230835,87.47070706392006,285.7472767625007
226.13485848728263,101.7299755576039,89.4046757107322,285.9399757919096
243.19647485125162,100.93179702787378,89.51005208397142,287.5363328513698
241.80494565520632,109.37429527108316,92.29311047606197,287.8393829838265
267.1306370419511,112.72074179304198,93.70613751150009,286.9314243631231
269.42147798014093,112.11923216848706,94.92244692453777,288.13444361223293
248.5129971067383,114.39740823967443,95.87761149930355,289.4154910658638
251.2493050147793,120.20576445545336,96.27811518541871,289.54501763870024
298.32445428018394,123.2612451880309,96.24453432282509,289.31635102780865
321.5776583415351,116.57830308623886,96.76553727756324,290.92538246203264
327.7300896889726,112.76435128291189,96.28239101817059,292.6424278509454
339.90140024290133,104.07975224674229,95.64550711525077,292.2323230195814
340.0669927507308,95.1248484051932,95.31432209959186,292.41535463475435
296.0853046189973,96.07628238053445,94.69593522953389,290.51248668407186
229.00675184087362,93.39849926646693,93.91075630188412,290.0009970650809
179.01833623974676,95.06754268490417,94.51627669825982,292.50828145208163
155.16473836263575,100.06063808373642,95.08653568986063,294.3063248450724
130.8647594521111,114.67436340043923,96.26138412264794,294.7195675793306
103.55973273214337,126.4414685983694,97.27120138928676,295.00768437160207
85.34368398964332,135.7188317138092,97.83413429946808,294.38754042813184
87.65453650342286,141.69098839605832,99.19211115223517,294.40259082428594
110.39755790214839,143.7879186976954,101.74391593058525,296.21346116798696
154.83462612369277,140.3942636954197,104.02623845414266,296.9236739080953
178.34101746483748,137.44417606973343,106.04358687504347,296.6950827715691
202.11578514044507,128.98505406770832,107.79100478920934,295.1269693011014
226.1538385819327,130.30642730056798,109.08548899096581,292.48422283538207
248.0535447339486,125.12746057171768,108.38399250037588,290.52846606067067
245.34629207094218,111.16694414299997,107.68231845185235,287.86860204542427
223.83286238266163,105.52913620844015,108.25123470310265,287.013377021598
199.7173326170052,103.25692187197907,107.97506253933035,285.4944017326345
173.39183253901203,101.37629562528846,106.2961867008475,283.21900133774136
165.8539173428927,102.55475828463597,103.45057769794761,280.86207601904636
169.03873258375555,106.42907082097875,102.96968993526237,279.00219366540125
195.63510508373093,116.06650869000947,102.45783742917331,277.2876154252937
231.42396031355617,119.90053459339524,100.71584723064345,275.4392069736156
254.44944464651104,123.14979109623738,100.75868600647654,274.7024198981492
278.06236186573005,126.62973720826477,99.54849162151856,273.49448268077936
293.65181681407216,128.50019894168355,96.9335719204899,269.7535592139418
294.24546514182157,129.42985567112996,95.74627526499107,267.894245755049
294.5927392607091,126.36679220606055,95.05172702721593,268.45648601160906
294.1644769256402,112.37972622278897,95.9082516973538,268.63401316763054
291.2199115632778,111.66971721071715,96.21998821786016,270.0540311917742
290.76919336577635,113.93053604956975,97.12142461286305,271.1357300901638
329.85103597571276,100.13842053322583,97.8496327557907,270.5442849218515
347.39450437820165,97.28722952176406,96.60189894436925,270.6067997791823
328.3546347981111,97.19379895795208,95.35452044218265,270.7936609068063
318.75956135664717,97.81824049170703,92.15189525196836,269.5447778392964
