246.5,226.5,94,114
245.69938992257667,236.9926619445657,94.60122015484664,111.6454927708531
245.48615290594896,237.72320464153898,95.0276941881021,110.18440737690653
245.2244802013251,239.9693689479901,95.55103959734979,108.92156099709446
245.221758271865,241.96231169979103,95.55648345626999,108.1539949202432
248.47651427111558,243.8673027769578,95.4599817222706,107.55051789816054
249.97186692536354,245.69990237051243,95.66487438767307,107.08091668494974
249.92717517470288,245.78010784078364,95.75425788899437,106.92050574440731
249.8992773674248,245.80181328718555,95.81005350355058,106.87709485160349
249.86428918742038,247.5224594520139,95.8800298635594,106.62653637254823
251.39009382035096,247.35204340220022,96.016377565829,106.96736847217555
256.1338330065055,247.3728308921929,96.11519281873166,106.9257934921902
256.1736611105222,247.28962738029549,96.0355366106983,107.09220051598504
260.9250795224183,247.34688166253568,96.12573097814646,106.97769195150467
265.73824778783097,245.68668818138252,96.09140695863648,107.10074141003915
267.3846717468107,244.0132649014741,95.99726095194453,107.24888605858861
267.35191504428366,242.37071569877855,96.0627743569986,107.33448412681375
267.3085852656128,237.51332169903674,96.14943391434028,107.44364239506274
276.67318692751815,235.79421290519275,96.64997016005788,107.67690338782924
282.9668726229973,235.74076982877742,96.92889631377655,107.78378954065994
276.40850373749225,235.67249713246667,97.15487971645192,107.92033493328145
269.98008549447485,225.9183776257791,97.09804308762929,108.05806427437052
269.9386787778476,217.8101607704355,97.18085652088385,108.1262377587073
279.53617191113426,212.70914422468738,97.37807255050991,108.63216970210378
290.7775007608922,203.03949635354684,97.59673212764908,108.51319349296628
313.3643594600579,203.01057624462834,97.84863617894595,108.57103371080326
324.872508698942,204.6644496060723,97.57958584643549,108.51289386580926
321.6033845675864,211.10445462341556,97.6290163208058,108.61051940780462
310.26309389279226,212.7031127403335,97.58258940200248,108.6599186408819
297.2176036508553,219.0714751751397,97.69963301487189,108.91016220677169
282.48683562977834,220.55712669437042,97.88866953695774,109.19135911498446
258.0659873577511,220.40374606530543,97.83204326910105,109.49812037311452
257.9786570347295,215.47101222076446,98.0067039151443,109.57233953240237
269.3309003523552,208.92659066525988,98.17606522833492,109.59041238715893
290.3133889360904,207.15732156022838,98.72990700506713,109.85827221689867
311.47848781887586,205.39906708315615,99.0876050248805,110.09109687985979
329.5504501073792,205.46845768162248,99.16682541876901,109.95231568292712
337.80138448420087,216.8847103765857,99.12555475413512,110.16464761761382
324.6492368003253,228.26100792183422,99.07175159491752,110.47538873821452
299.9140959495345,239.69261998929915,99.06103672064407,110.70329633868366
271.71198365134603,241.23196731682802,99.3295085838412,110.92670478557766
245.19523164009215,231.3093938019574,99.40522005426277,110.9126796082866
238.61137757546726,219.468896204115,99.32951516450314,111.41770202070501
253.3075098792057,207.78835976651882,99.79464837053314,111.55635437428094
278.12365656910526,204.32232507086712,100.0684579931533,111.83427669859512
296.2616878783505,204.36538204894183,100.48580688841221,111.74816274244569
319.65890531146346,204.49890662399878,100.46663991531206,111.48111359233181
326.4246829988583,216.13346939553114,100.2816162937265,111.56841861737432
309.7119191814856,221.15005974875794,100.35677302333094,111.54034918246307
288.02228691771,220.9503886924399,100.37063180884924,111.9396912950991
274.56532812900946,217.55961609398275,100.54672174794422,112.03677958243694
274.53530624389776,205.76778589962265,100.60676551816766,112.19459735794143
286.0414046624897,204.02152163064892,101.04429012986213,112.33716568890637
311.19424236883833,203.81143175238276,101.12603256181734,112.75734544543867
324.708965240803,209.14324921352193,101.03256127616562,112.19470094501447
329.91203190022065,210.95057720106942,100.69670556998241,111.93680417413687
314.67235882672196,212.5284956083668,101.04954725979987,112.12835674367325
275.94319872258393,214.21381001938357,101.31989592489523,112.11372668438659
238.9033136489212,208.96435065995473,101.47780279936737,112.53239132058253
213.5569841760361,196.81064363131148,101.63373619842818,113.25600012273799
213.34132623809467,184.68181932817905,102.0650520743111,113.83367960260559
236.80002500000592,170.70783090033086,102.72969230310865,114.59192059966185
257.30677904082955,160.44663226777863,102.76953771091449,114.58764112003973
271.1132325404334,172.36166692728588,102.53009118720189,114.70934971708341
284.9965887780886,189.7771493431284,102.12137206769097,114.07587658014792
285.1551198717951,215.27546583639486,101.80430988027805,114.1299378433439
275.0229632501451,240.7073564528552,101.67369848759407,114.2534682003833
263.0033069852751,240.51877715727016,101.92011726922163,114.63062679155337
259.54974516334295,226.785408311673,102.00968286313368,114.82713228293832
257.90090887179264,206.23494792804092,101.8940942200791,114.96891833633934
261.2225845518122,201.2390324928637,102.07796975337035,114.71990886669836
274.9102280441297,209.86314700049232,102.0041897646261,114.53512172387292
276.68851747067487,235.50957218877556,101.85625104242895,114.3718733107053
264.82418725624024,260.9526506507576,101.7587245916346,114.54183112887748
254.48253351217906,274.6993935569778,102.01310907584872,114.2869093216481
240.6532782757779,261.1105483323562,102.43219374777085,114.22517397001107
232.32886014265932,223.68484126320493,102.0277139360735,114.04199736540193
244.2080468407538,184.42070935735842,102.0788418302499,114.33904265160898
257.6756438815797,167.38264715865017,102.39795308524916,114.34728537821172
281.38211830868653,181.28135254475296,102.75319732644387,113.8459849462396
293.7440181690944,210.69767305947965,101.89864338723365,112.98151224354208
285.4205088574538,249.65757285993794,101.63159184217484,112.86643541698899
270.0029099374804,276.404986357565,102.07592159204827,113.39981835964323
242.37865120299608,277.8210005729302,103.05008592409669,113.95993699997024
218.7420102861226,253.99339177924168,102.49375617080979,113.7855430003134
218.70722610489574,216.24758482524274,102.5633245332635,114.3712816128921
233.96038766583249,202.32190866961568,102.79224965142049,114.90241326634141
261.435883078764,216.3538457079837,102.67223505196672,114.25402730281003
289.00010536344803,244.11814555156653,102.1828969850774,113.36453411812312
301.15179124416636,276.3834271197014,101.6326651551257,113.30677936731244
285.6504673823285,294.711110621188,102.18269005451506,113.87128470513366
257.9386744681172,294.5997808989736,103.18739949390724,114.09394414956253
232.20312999106207,269.1214090461551,103.34835448642578,113.74055389360775
232.21784319375462,234.62642516228678,103.31892808104064,114.37565103769707
257.7703191618698,222.27271986153556,103.62130795519397,115.0929734610205
295.6226685105645,232.6360764002722,103.66557378646348,115.02506889136326
321.5665882905794,246.60327904363353,103.4195155214199,114.63294696196664
340.62353489363466,258.62871870889626,103.06600114336823,114.61139961293311
337.20067964865666,260.2543191364791,103.05814178451871,114.78698368217005
306.1178039742343,259.98729530005585,103.49489846137439,115.32103135501666
264.5286704368082,259.71834583540624,104.00128366667319,115.8589302843159
224.52627168187846,249.24463932694817,104.40063263380118,116.03970455095417
182.4712699008746,238.54024754966707,105.22364138812344,116.62673940359505
161.5438509737211,233.08248425516445,105.16784544219486,117.06460754254138
185.78397174634927,219.06500151082048,105.66618061242289,117.11181490809528
224.4606247867722,197.8685315894669,105.47033157818474,117.41886908901643
250.98490968881657,185.48245552096495,105.05383732845621,117.62938596731894
289.708770227477,173.20915036752177,104.72544754739079,117.63802722539675
302.1874008403298,161.1528970282784,104.27036087569724,117.24835934987128
286.41550938287855,159.42932841059505,104.4312631364879,117.20850984589224
265.54860226314094,159.39954648109173,104.2977992887871,117.26807370489887
249.88570852842432,157.54286149143485,104.23400413297719,117.49371228140788
251.63059236631824,152.31870574746037,104.2344502368861,117.47138243026659
274.02116256417696,155.78243297246007,104.82167652463474,117.52367670080048
308.9570279629687,171.73476932601534,104.9514042373695,117.11966032333314
333.67954654269397,185.94837500406453,104.44853822421729,116.65940390797658
344.33391085034634,196.43274000522905,104.02393228792138,116.57479658465638
326.7412104148674,194.70870552676882,104.48343530960311,116.55027575664926
284.72391573364325,194.75932279135338,105.00885284633641,116.44904122748014
230.57796343970182,184.28531235995933,105.22352477218138,116.47888802664794
183.15538806767296,171.67540924616716,105.83188303408511,117.2669332403405
163.6487233375102,171.27173013922874,106.21086689038216,118.07429145421739
187.99614754619506,181.7624390216922,106.94741823466144,118.2777593014257
228.73093851250604,185.43340326057327,107.02964883799837,118.02729278331215
269.60367471493214,199.7454408818372,106.77652869734811,117.74838354572404
310.45992264939946,203.58162840813134,106.36373814083481,117.1455480855202
337.2820325714564,203.62125691023607,105.50162793393851,117.06629108131074
325.0247585526294,203.56510146964285,105.48941131969721,117.17860196249715
296.95719647976875,193.11586269888937,105.53853974197789,117.0448311077139
256.38727380282603,178.96826554939713,106.08457145750309,117.30739457596441
221.30107633880266,152.15085066167876,105.9194929909039,118.18911930541665
221.39736263630823,136.00907690626667,105.72692039589278,118.72114466715804
245.92575285221645,134.12338448853964,106.13401600833339,118.95939549945092
260.41961943032595,150.49046509265412,105.49299747965546,118.11528824720571
276.4978351883206,184.3838378058246,105.0164532502998,117.20830487042474
289.1373234869461,212.56368158807467,104.22547552668775,116.82118615995643
273.445373068331,238.6165381124369,104.29264652982249,116.91002283472459
248.9493327812842,243.92979628492105,104.5354727609253,116.72977527754009
233.20106101517877,233.48179176566498,104.68349607228116,116.7267708354823
224.67962683467266,207.2439444931274,104.29893393656735,116.92017389037915
243.85343621099565,182.76349184467037,104.25713995676867,117.12821129457838
268.23666328658214,179.32945255105494,104.27942755950274,117.02646963125108
280.5730468527805,191.72318481112126,103.99246680659853,116.62481149061088
291.39600623478077,218.06206931703025,103.1837302654381,116.03999803589295
289.9068372705199,257.98111108840516,102.71121048770479,115.57164173700973
279.64860077831617,292.3892304968947,102.61148311530883,115.47607077604167
281.33281803732575,302.81267337780906,102.67600412371996,115.22691817279497
281.314018529751,287.3652912811488,102.71360313886942,115.25061383378467
283.19583492130147,237.62519069986834,102.38105790399342,115.22927609782386
295.1152141103401,184.48705423386747,102.5203850115646,115.31688473623957
294.89862257968525,144.63886566949742,102.95356807287429,116.14561505733533
289.55812815801363,135.7403505666081,103.28810620729735,116.69856074824696
277.4225034566577,173.72213973541517,103.32012434645328,116.91542352466556
279.13321428278357,239.74297681969222,103.36532658272607,116.60545712004372
296.44340006571355,303.91097774988833,103.37033218760597,116.38335079138905
308.21743396032537,330.23760288772314,104.03645923446722,115.61766087875839
315.09352332262233,318.1755247765519,104.11595168453591,115.536392545441
315.2128103266515,266.4572234229161,103.87737767647764,115.2353062234973
304.97910521458175,204.33262682145252,103.6481821226956,115.3048647588959
301.48398890827906,162.4949585398747,103.7446994463278,116.25561785437269
299.5554279219363,158.6172223446073,104.13865030281616,117.08474801251316
289.1110262318722,198.85864957750226,104.1334055032929,116.695744902054
294.3804506240448,263.2967817709343,104.0232088235632,116.43952313878079
311.70325553987516,303.2859852605689,104.08237140253529,116.28209270396712
316.81488678408266,315.53220474366594,104.26603915690944,116.07249097094763
306.43301457910957,289.9092871067245,104.21786821789172,115.28853787242105
306.64657387990087,238.20319999651002,103.79074961630911,115.02987641001266
306.7399246639243,188.22501834453527,103.60404804826227,115.08537017056639
303.12480526895604,172.44266763668853,103.94880468953346,115.66540191726625
292.7891388587941,186.0249244183519,103.87657312103865,116.15897420569773
292.8767997523093,231.0927112783757,103.70125133400828,116.08159862031593
292.66987928294424,284.4405467830014,104.11509227273838,116.63892682723628
287.130778873457,310.355769207161,104.76816608398659,116.93411701754812
274.8615000065081,310.3717148243302,104.8763031224784,116.90222578320984
283.6341570163252,296.2696777569919,104.78744586157242,117.1759691039212
275.0209498218333,270.15427128618785,104.54323288850831,116.99489995938544
273.1614405482091,256.04841656349817,104.77483987657652,117.30731693132316
273.1916968080051,255.82354308080792,104.71432735698454,117.75706389670364
255.6831101672035,268.01467054328407,104.7116912945371,117.88867551258687
229.37312209995935,281.7639450954556,104.77194077257295,118.4219806250183
213.3683270687677,297.34052319202226,105.16254002602406,118.88781524081722
195.49387642063428,309.7671875195102,105.64447601700402,118.72136229954218
193.48491735344203,309.7136353027826,106.13057451664437,118.82846673299727
216.37403848232634,308.08391265648,106.38859378034806,118.54666113933546
242.97170610416364,297.591717270827,106.30816282758059,118.28509019427852
271.42875477378203,295.8352851545487,105.96437146371211,118.26231030337453
305.09634011024895,292.4787983571211,105.6954170381597,117.91568218797907
321.1875140377793,285.7871542536743,105.19414698736799,117.21849137075313
319.44501922777926,282.30712780987733,105.17785528209484,117.17598160780057
293.13810049884205,271.92210171605194,105.28628438237311,116.9438704524129
257.99451859025794,259.53302481325557,105.60377857789454,117.23263989042927
219.40810989056203,248.87544396016577,105.59971316933779,117.4995608308047
193.00801231882133,246.77607686133734,105.71803757960969,118.18617031291421
180.73613056071574,241.37176766913288,105.58901630558022,118.42073807293428
192.99230702398555,235.92040125660543,105.76052165620816,118.74467449348876
224.7967163454084,227.18568422123693,105.7643578077157,118.54392667690541
263.6863304262299,220.1826785403337,105.66669807847691,118.42601650554741
307.91187310091084,211.59964052743692,105.40533140389114,117.95414879638577
337.98786940188137,209.8684353558209,105.0267671644934,117.90047511829178
350.39279162369337,208.20385965509612,104.78133300397384,117.72042505072642
341.6224462817481,206.56946969273935,104.80960772941171,117.48672178374943
313.5531716662605,201.3852835097333,104.95925810384097,117.35717561415913
273.18992137567864,197.85306156517203,105.1930054594445,117.4222496575808
234.59166929922947,183.54220610806146,105.29206401170481,118.00852580793355
220.42164712328554,169.06750850845077,105.51115721278782,118.83696985635001
234.37619650889462,154.68200917406483,105.85392169123415,119.35610527545737
273.0740807775003,154.5660514102659,106.4486090641207,119.5880208030552
299.7086348205669,160.0642072148387,106.55142290409734,119.2660935791316
326.42120089723653,165.60815342353422,106.44786819840093,118.84251665126914
331.7815571270232,165.61749043887488,106.3667681902435,118.82384262058781
305.24594211310637,163.80041247315148,106.26371705783143,118.91304647468488
266.13853851412705,158.5902181640027,106.49530655305938,118.69935995170101
239.53079755878906,149.62149072249412,106.53473043063664,118.91146215701858
225.14769476094315,147.51735476203942,106.90896839485917,119.57073812399432
239.31817856503068,158.1763166730396,107.08972730635037,119.64410919174358
278.6251001132936,172.37156342931027,106.99922897312737,119.80755922949417
305.5904510145708,188.822100344285,106.62357177301575,119.03951216101044
330.5950769007173,203.20456997483635,106.34798116735608,118.69380785226957
336.1115751948564,215.76511916102586,105.94287960339113,118.37113120328813
320.37173735834017,226.4610939606084,105.64222016552083,118.16607167805836
292.20316447090727,238.69221751727937,105.60880252052688,118.36594606090507
263.9622132401646,247.46809154087,105.67901299906953,118.44285175839339
247.9621670994616,236.74576201733572,105.92668248565695,118.71922894224953
244.55591426955777,215.38816381858538,105.6665949670377,118.99886626918828
270.9176862495809,201.19317529218046,105.99026582208414,119.09699542061534
307.8937042209796,201.20725448808497,106.44498049544018,119.06883702880631
334.5217729017395,213.77987226081876,106.43895359754856,118.77365303303188
363.04214846898145,217.71525892286897,106.12340452723602,117.99352996695298
361.25670874629935,217.77597461187736,106.16612122344233,117.87209858893621
320.6874422974706,205.4947626357295,106.1846493777926,117.7458254454427
272.8778023576754,191.10077368286665,106.62112615694839,118.33149132141006
244.487715892357,174.87028702908992,106.73952807306132,118.92021843329377
240.8699628371886,160.3454399107359,106.87022961083699,119.55069437975766
265.53504566819794,147.5979969690674,107.44006267456507,120.09558090022132
292.5056725110486,160.073353165166,107.22659776793029,120.2178366049218
317.5740009789218,181.82120095042538,107.21471643534804,119.68623440854373
342.8192811263877,196.25883989885835,106.73066754860926,119.38610588778815
341.0054052841264,208.7366032331911,106.79891974169712,119.3470756591656
306.95575262460505,208.662146407774,107.25854035472197,119.49598930999977
264.0905298711284,196.12772902103015,107.31769348966533,119.57736380831795
217.3431027238791,179.82670108539372,107.94454406478943,120.03280300749961
173.82667888676292,163.32142168678013,108.84301236753615,120.74296954041972
148.12256473378005,150.04018391772178,109.65086015758112,122.00525482057603
156.91009700483457,142.30138339254694,110.30994850437946,122.89553355979984
184.092683167291,136.6083777682767,111.01262607867908,123.26797482849783
213.69601183786705,142.3535219974712,110.81710616928208,122.84227463856293
252.67757497024613,163.00527494317248,110.10157353250014,122.0017939808622
285.960693740595,190.97795030504238,109.30679390590811,120.86599151887708
312.03758423460494,222.19020327629693,107.88376823581359,120.04311703384886
321.3011743600753,249.18396548390353,107.29720112312363,119.87743203338798
294.4723580311965,265.2940246076557,107.31210905835869,119.8429486193972
251.12826805799256,277.59452909608416,108.17907284087084,120.27312769034324
209.52108530655846,270.40934060067315,108.67596471459434,120.25785709348796
182.4342170246032,243.20379670235292,108.7881497181367,120.60739332976027
189.67433488725914,214.1479990330497,108.75323112214016,120.93772015110548
225.86178415656042,186.85986576008295,108.69648778032547,121.27537029944806
253.2776813015309,187.1133797061193,108.16843471135653,120.76834240737537
278.8065179277976,211.0249075125144,107.565896909657,119.79648399893082
300.53409729777104,234.52107334893913,107.06131306318593,119.33394179401361
300.75831869185834,252.4425799830743,106.61287027501132,119.13062599442452
282.7124222274973,264.86980405859055,107.1681728161012,119.15172111473456
245.05430190216697,252.26620643619944,107.66469921818738,119.41901160999184
214.58077003967247,221.69288910614563,107.83806278355385,119.79194611047691
205.6383160777395,171.1724417918181,107.8055276923658,120.49515985482975
232.3585144813651,143.7243759449452,108.27359653224673,121.48282590144333
270.37661638018847,152.85699009804017,108.18843143393991,121.3011782379534
299.4857218202873,185.8947001642917,107.77077106134277,120.25137742650097
326.6425977655983,220.37335408099574,107.30034429284883,119.49561474778827
337.55487746245433,247.21966095349802,106.89757769196996,119.35748298486669
308.99679570618645,256.11359444859596,107.02620778190827,119.3782201892325
257.03650216389485,252.50065148184268,107.58797444442364,119.4759116108722
203.04042414044318,227.22562746079404,108.34261542587043,119.98178595575646
173.8781632575074,199.67126790277175,109.15526976163257,121.17312935607339
184.1640376462083,172.10801014959202,110.33942684543615,121.90988020941927
224.0971931681088,153.69429661442473,110.91247529213513,122.1739620567993
264.68728977325094,153.69281569840064,110.46307173575349,122.17692388884754
292.500820399175,168.69668719800507,109.7729216300236,121.468866834235
316.6718616239816,183.54155617512143,108.75653680316901,120.90263510939224
315.14941736388266,197.9462721378007,108.18601019295585,121.01652422732175
298.9005508611681,210.52208914523774,108.21107181056301,121.12141240297586
273.5278363754996,208.62569945673687,108.4150418545789,121.30408757088324
229.93895898681993,183.1150739592516,108.80399113006122,121.69853535642551
213.3945341793207,166.45917534242224,109.23597335867174,122.3534652036963
238.2132496748223,153.38588652221222,110.63715098013407,122.98073853788364
283.92887940838614,155.24679512725913,111.14933681051984,122.93665913969032
326.6139768988496,170.21412197916302,110.53931804394968,122.48380585826754
356.0905480065525,188.87980047277998,110.2813767866932,121.83694946987691
358.1481266541906,190.9400192364265,109.8204936027264,121.37078605389323
332.6834256882941,185.61254581039867,109.79449525691497,121.10671856074794
303.60108420995454,174.7281370383638,109.79680267677749,121.0646452785115
252.53402446572034,161.7379742224007,110.164065466088,121.60325673564817
208.50287861637304,157.72040601701883,110.65593693850042,122.34085812755512
195.7198271869529,157.32250433125546,110.54542987451853,123.13666149908187
210.31568151410576,155.33268451063952,110.78329867756274,123.43760395814498
248.80138295518714,155.21531248094126,111.24250958629148,123.67234801754147
289.5873087551207,168.30904993834565,111.02999509426606,123.37193490977324
330.3750927627641,181.35652067590556,110.63639705576585,123.10762024544913
372.72751311493613,181.63870716846822,110.56461234110056,122.54324726032385
393.04606376334203,189.30502582732865,110.29506924177632,121.88972201441663
382.20952233910714,187.5668064452581,110.03627135524205,121.71084732272372
354.902261696722,178.58965810479322,109.92474735993515,121.42312891029442
300.3111395642238,165.76392856065246,109.84253692902692,121.57954856953148
239.9816319889943,150.94742278328448,110.27363146678127,122.06639755149055
171.8735409630118,141.52028796664632,111.15418690303578,122.63206899345458
127.06907396668785,140.9309415113046,112.42958789703016,123.81076190413802
102.72399515273884,142.36670201989548,112.76961281736247,124.65848186446135
115.52898488763233,153.55678030106057,113.32460465321107,124.70544356410453
156.75725437953753,153.55378791256226,113.3116001708956,124.71142834110114
200.13019358607056,155.7714516136358,112.75406404007597,124.02342016861698
256.3729186900323,163.7141819003415,112.10031280577155,123.04885279168815
314.1144503759699,175.02585671763097,111.38336803482758,122.6383003056765
356.7093765647321,186.33742394851734,110.93275879328318,122.12105535763772
381.0550219070409,188.5753512246454,109.93952539050349,121.31428213475373
373.7594017264411,188.69281298895885,109.96800290374935,121.07935860612685
346.60836426742725,186.7602548009366,109.70774152652288,121.30698589582104
306.5141717131006,174.00301998799856,109.88475408563738,121.36329152866205
266.42580137087043,160.9256853606327,109.96874026560886,122.03390253196545
249.76578411396153,149.69937347416828,110.4176284192011,122.57242873141055
251.4755724184789,153.29457559789654,110.66593812622098,122.71779711606322
280.6469200115689,165.96611919162075,111.10898858292393,123.09347364737607
321.1177364516275,180.6918191431988,111.28180322463008,123.1382364794284
348.9498698451198,193.65941560885156,110.97463929955057,123.03635821701202
374.9078261725957,199.57428877537052,110.63456611439534,122.25857748464476
378.8199277575561,210.6322301028682,110.1432955756772,122.14149272325774
366.305930846266,225.31277195509404,109.57363344507175,122.03487296530406
353.8747835943937,245.5806332193967,108.91352176293469,121.60578872879853
352.345252111386,269.16790232485414,108.34373527578336,121.6062934090505
337.84783249194834,269.3203318781081,108.38054079234398,121.30143430254263
327.2735531511587,244.17579458470289,107.8354524125564,120.971999079497
312.742611447706,202.65837832784558,108.08307996851929,121.16584602175217
296.15531832674685,148.06342324203627,108.77892242428557,122.09327690619749
295.7853058674347,105.47914999884094,109.51894734290993,123.67359352748775
293.5390468281569,92.21631928481217,110.34083362902095,124.5048324084336
280.5905421573355,116.19724554722092,110.36111830563206,124.5997542615322
280.92085932994314,158.9744405215119,109.7004839604168,124.1102268612535
279.41869778697844,216.33712482632774,109.0244971961711,123.4744636070503
285.15044903388116,258.81068123774173,108.5398927007953,122.69890210551702
287.10169418926984,277.4571994836636,108.27725117595493,121.80435347304237
287.1613854970751,266.67472846469616,108.15786856034435,121.63869663610015
285.47888023770145,237.9028933145978,107.90559264285207,121.30578395646229
287.3563473054217,181.82003268141273,107.75874402177874,121.62085427744991
299.90394777780614,134.52235590268867,107.93793689147195,122.33988795261016
295.7506421912186,117.92926986878186,108.99525020275463,122.90421964190779
281.1377980703139,128.54034625395178,109.01839777125504,123.58397237654958
270.4152331966759,172.71456872412548,108.49612625436194,123.10513249287912
268.7022650947203,229.38672112957937,108.27661298997698,122.76976119915115
266.855777007447,269.58698167663914,108.33285365438091,122.37742132817228
266.8668084149138,271.38267019405475,108.31079083944724,122.41759357255188
275.986377301728,237.25831793179336,108.2307512896131,121.6617248466568
288.66011477733264,186.60973363006354,108.21493925404864,121.6322417875368
288.63160172181705,159.1667260250491,108.27196536507982,122.2467792031173
304.7081724579334,153.8598337049093,108.77575904832408,121.97491879157121
310.0808938242636,159.146558174112,108.9274635421373,122.29861707963946
289.92487390887817,173.4138276051857,109.20133813989504,122.88274384150162
273.1471673050899,186.2801990295871,109.87723632859161,122.72295711849435
260.412099707425,169.69774293584163,109.71618273156517,122.93348371581286
271.2366368388725,141.8615753622646,110.04088340894074,123.67138151229027
284.27602004793346,141.73550335967678,109.71471733478637,123.9235255174659
297.30410817753653,171.67428925867586,109.40202808002762,122.88820972963345
324.93476929654355,208.66106975318866,108.98929139268907,122.0460961415084
337.9179089660454,236.00880660714074,108.48131007839413,121.90411820083725
321.2825842772918,248.7409725728436,109.11276469801604,121.82582663667577
295.86486867083863,234.40704023193624,109.05189177891856,121.41008895734541
276.0363864884844,181.68201747539698,108.80066048358967,121.64761863941675
261.30001034323,137.69319993845102,109.25183945696304,122.56053376190212
271.9091648993407,135.61153295728582,109.92803534019095,123.07478355832424
299.63477458442117,174.60002963637675,109.49494459772993,122.12317027892246
327.18625487518904,213.26599797236435,109.08459065136617,121.36088289618792
340.1779931930669,235.02780146773523,108.49553887299707,121.37057566096607
314.80153315100597,233.21879814491925,108.58919354127929,121.37006334832375
283.8962192974801,202.4579561957925,108.85970171473055,121.35162771297685
263.8826140397351,147.6241873680101,109.02246480404825,122.29794511534419
267.1339142741493,119.77225612903675,109.80254639241625,123.38169216431783
292.8868218436202,136.51763755344322,109.68563224770128,122.92665138322216
320.47541565421125,179.03854434022284,109.4339681333881,122.10397385352866
337.2458845397582,206.66635111260848,108.69714612513752,121.52188658016289
331.71167780135266,220.99231085002148,108.89328972493486,121.86268677737354
296.9697625346069,219.16618045667272,109.35929349124032,121.88243036579816
256.8850505617757,199.16487627480439,109.44285093134978,121.84210547675829
229.43962968777595,173.40307118394955,109.7190823210566,122.39207932406146
227.21238061490328,160.27646292418262,110.51964890492448,123.06777491045294
241.86686799183377,163.9319601608274,110.62839373850534,123.11121033402391
269.7111979182735,186.21389746974856,110.13412575747941,122.70284921366435
295.68949208785443,212.08097593259245,109.49297224479672,122.28412711445577
310.5978378095462,226.9964756121613,108.86542648659652,121.64227344050141
312.63567663106153,234.58197485707876,108.4183969804651,120.98586749826347
298.0082407308764,234.29550361428886,108.78278843457684,121.55880998384325
270.620544276785,221.42067395471508,109.16770824969282,121.9262485262262
255.84338592631906,206.8373977466871,109.61892054699864,121.98969653865615
270.19934614093523,204.8943988033803,110.07563107499304,122.22961555561635
310.51328397405103,215.8452718798149,109.90391987866397,122.2704597127206
327.1388503671955,228.7609959669,109.54772027126202,122.0239595665737
340.2707922644073,228.91772309514445,108.8021593044892,121.71050531008478
336.60107797289857,225.35171678837116,108.88419289477436,121.58512293089903
307.5296389697908,212.61362888755323,108.97811158327684,121.66487903103547
280.16635735540495,197.8118620602519,109.24268829087573,122.22201987434602
263.4962507706715,183.02719715020584,109.78977669235894,122.64190545623049
274.2343923461151,171.7313769989601,110.26714715831002,123.27989214188364
301.8240384968685,171.74017259211783,110.23503392634103,123.26230095556816
313.1491544551651,182.90937994277147,109.6389561974679,122.97804044198094
324.25879057229054,190.6485920210596,109.39020646807889,122.14663128864589
322.73087609266605,192.65977484050504,108.80116976039169,121.76913131669124
288.1288128074402,192.61672547861497,109.04304191575315,121.85523004047141
248.02686654591037,181.7290804945078,109.28147690705474,121.82175886366076
220.5138509339734,166.74125034631442,109.73628889278109,122.69276889970209
207.62229940808817,157.45265308420898,109.90724519319998,122.97557288723331
233.11609440967203,161.0628550856374,110.24368453961289,123.08717307717362
262.82126105690884,175.9988001997601,109.60310773840034,122.60016109555882
279.513623870383,200.08420967441668,109.11619066900816,121.94839895160442
305.0945832125012,213.03694448467866,108.87800263787493,121.50479465763206
305.29047720940514,215.05734395697908,108.4862146440671,121.09070870658114
288.96239250668316,214.99291358922085,108.61618509153092,121.2195694420976
265.4692506669539,198.63914683404403,108.56716925558058,121.36420328793733
250.73019415861387,185.72975033210437,109.08876869504363,121.8460469117519
275.8859411131402,187.4505321027141,109.67261170970993,122.03986457936952
308.88695999774353,202.29054002905016,109.32945783041353,121.54157489999083
323.7253201756988,216.98905800430157,108.72867729588299,121.22047877086811
336.7225433453303,219.00579740445897,108.07360421320047,120.80691043577903
322.24226906548506,217.10694525914474,108.20997028037507,121.00159191484299
298.57115453832955,202.55229489467195,108.64526932262963,121.24508955944611
269.1877199183042,187.8038145834975,109.50876309849261,121.79036244970115
252.68908102486313,178.6154213946166,109.7350432236648,121.96103901540188
265.2901861147876,180.35235367377248,110.06524226164213,122.1346614882081
291.01291785475587,193.1708806124841,109.7961662227728,122.08580133131849
304.1135688314645,208.08290848712696,109.14767916734195,121.46496260830297
321.0183518267669,208.8298626340404,108.01171205616707,119.9710543144761
321.83963792913084,200.21277935118462,106.3691398514392,119.25999775835672
304.17323130384733,186.100392227003,106.18430629407013,119.07065456037107
277.4454388873128,161.07415810555088,106.45183002719497,119.48093244332735
263.0577667175556,139.29121747707927,106.77503923969246,120.36861100974505
263.02313445396317,138.84371643818636,106.84430376687726,121.26361308753086
266.47404086705257,162.09727419081824,107.12340284667792,121.43242497113353
273.07723295813236,187.25986432096224,108.30718062387362,121.47281156858884
272.2784171432109,199.9735923335033,109.9048122537165,121.3650367446431
258.75348859327056,203.46774000089977,111.468181802293,121.65859499593708
241.5198307652491,203.71299044568514,112.90179968243474,121.16809410636628
226.16396453841816,188.85617058637678,114.12900931306112,121.39721100194754
216.58416956715527,186.69573552918314,114.74543531162082,122.00944832754165
238.42951609066085,199.0327558872046,115.7905576495673,123.43129991939063
270.1311546674808,213.64635699875356,116.42276001694542,124.33844100030117
300.12638332488723,232.35987419797345,117.08834493699322,124.82143299864923
326.43309186181216,243.3102608276057,117.80255399636354,125.77535665362188
330.15732167260506,243.01461941011644,118.02481209762428,126.36663948860041
322.1736009324876,240.77237891840636,118.59975861815644,127.00299673209491
306.54531258823056,226.88208723708598,118.91878401487455,127.71322271441413
294.68774100352346,220.8864629004647,119.3338196774339,128.0544176342293
286.90413469056,220.68779420249933,119.3199420056757,128.45175503016006
284.7573890032175,224.19232133211386,119.7121794672836,129.24520859708522
284.80661990524186,237.77969507362988,119.61371766323488,129.50955213527124
282.7640404173351,237.73163826552093,119.77644941281952,129.6056657514891
269.2938472289289,233.83905431624711,119.23123282604983,129.53780423187044
255.7485629543282,217.90210516161812,118.90432750638996,130.07744669100137
252.0154101026158,206.0610513714086,118.5306618163192,130.23964009093348
254.22761685312992,210.0260027278294,118.02280584961896,130.14285244674795
273.91601736520585,225.69458215130814,117.71555704618001,130.06133537636077
293.92029621557094,229.65785582992598,116.7148714087239,129.93636243177986
307.8171198597193,229.6520821741815,116.10135626770123,129.94790974326887
308.0946666695699,220.07033706848947,115.54626264800008,129.74511302924094
300.75243461063286,202.7710646231592,114.7857746118892,129.59251557343546
293.25824219868883,173.6394626984204,114.38731704543207,130.15506045911843
297.1298554034835,171.68267457532693,114.34220903794869,130.21957750425238
310.6165370921943,185.0636099248608,114.31420519525923,130.40306633991673
324.38716540797634,204.63760773446018,113.73507632810256,129.77239609844284
334.25340175269565,218.21288910882598,113.16602175351736,129.45061871050615
330.53269176901847,222.18174169616145,112.97027722346466,129.1500780332423
309.680650320185,218.40608217417355,112.7556701708857,129.07981708626428
292.5679296246042,193.59762276791645,112.72474308818558,129.2153147698672
275.4230694067584,159.13536948472756,112.74366571095986,129.59822571041016
260.0044255305253,139.695513195447,113.06815717543705,130.3369429289851
263.8654762573981,152.81205430726664,113.0075330918096,130.9190315007593
267.8384310741649,181.72873142898933,112.73917004893904,130.66727668728663
269.81747381484763,206.959481548126,112.61165667545191,130.00321385143113
264.02172535801935,222.5024576810484,112.74839844795758,129.46327529532203
263.69568146230057,213.3291075077537,113.40048623939511,128.7495468705778
286.28415191549203,209.76813508103896,113.96119327227436,128.24855040079686
311.23007241905975,221.52472889047743,113.63402720518143,127.61136660040108
326.75635004148484,225.85544086745375,112.96183664829687,126.54503381843986
338.2043387679807,226.14092346790642,112.68732922430733,125.97406861753451
313.84431910149453,213.19059753044868,112.56648778274283,125.57578469077629
283.6161206819694,198.23776212219684,113.04092014962475,125.49047327119582
255.5729182769909,181.22652998424678,112.80051600607713,125.71685217499314
253.44469282844057,179.42838475786579,113.30216500556051,125.5583407301378
274.33951904247203,187.222812967402,112.87630336620862,125.01086277968757
299.01533960086334,202.7126306484379,112.21012922348716,123.99151478626874
312.4167823687865,217.99449230771495,111.43712156010008,123.1762233219539
327.48539148533354,222.03610049829908,110.84823860260842,122.48009075968622
331.6189826883217,222.2175878428617,109.927696650527,122.11711607056101
327.88643148377946,220.43886768935934,110.08682238418253,122.02156803985126
313.13766454680103,216.67574241184212,110.3520200203302,122.23973453543337
300.4473875848292,216.6514610184851,110.10091152140453,122.28829732214746
300.44158261349475,216.68040005742742,110.1125214640734,122.2304192442628
302.51809418814355,222.32761137329035,109.6171979339215,121.90909546997403
302.526364676535,229.6167336359295,109.60065695713854,121.91004501195867
