227.5,207.5,122,99
240.3172404573196,206.1524248243845,123.17031770383049,100.695150351231
253.96295561417628,209.04801121844963,124.04685443466497,101.9459693242377
257.36838269585525,221.08539013162064,124.34537014797391,102.75400606622956
258.98436103984716,229.59691320165433,124.6857383814799,103.59258453361085
258.9679603854689,234.7206789377749,124.7185396902363,104.11833955468055
246.26298684414644,243.39402325475163,124.9279406028978,104.77204104214375
244.38474590485677,244.93055631563348,125.07058321960261,105.31281418225461
247.96621115914118,246.4094987110287,125.15714863902481,105.97967735545971
262.2204050340117,255.3293122188881,125.74329260456844,106.32413266179391
260.6251233508439,264.24528131243005,125.28245101947815,106.74921923183952
247.54703092335507,264.0685800680523,125.88074774004056,107.102621720595
249.2729522062821,263.8077697850083,126.09495409273694,107.62424228668311
260.4943031717619,272.8146011953932,125.71870810210191,107.99929274951708
262.2092511984425,285.50811532398984,125.96676504071392,108.35793543613599
275.1125959229519,298.2257724708167,125.97290469336549,108.73545024415287
276.52811313208156,301.90412882613913,126.83557196618162,108.76614091565885
263.22878539693414,301.865831717355,127.48148820408612,108.8427351332272
242.45061731825126,292.49245413102915,128.13161361482477,108.9957581483211
240.3096103711086,277.6704450101158,128.6823792657501,108.78979044326721
243.672333462959,262.8941695740654,129.42980812988776,108.45084112401436
260.51903345258484,251.59937463641347,129.41898140227022,108.58538216489546
273.2957786259572,259.25292156209173,130.07705134261073,108.256322763302
259.89345619508373,279.9131674077276,130.63626911110785,108.17864507570854
231.76350142644253,296.64677580420994,130.5455995171999,108.52177576145814
216.67099874743562,296.55379265794824,130.64384890803746,108.70774205398152
233.26538611839663,273.8851452954932,131.34328563828356,108.86075481600068
261.8856746640844,251.3349713968983,130.7816512165247,108.61794847749727
276.71956744523607,251.37510636068194,131.2421140548356,108.53767854993005
288.29215233131043,260.6813820716513,130.72789642537,108.78425391356065
276.6279767222232,262.53054295614015,131.4489360776736,108.85381740556134
250.34399195825483,262.7539473787729,131.0953544382066,108.4070085602958
222.201922339584,258.9548038563653,130.86763138363852,108.4703806328564
207.01979152318404,249.18416144863528,131.1120975356763,109.18679327284006
206.43757481639204,249.1132662116476,132.27653094926032,109.32858374681541
212.25044797818092,248.8834229237707,132.05232043274515,109.78827032256925
215.9671563498734,248.8474816120231,132.22785641312808,109.86015294606442
217.5015745306159,254.31158649771277,132.9673592420773,110.356960745988
213.8030991257138,255.99262643611797,132.70882815698542,110.82262181662568
205.9444009426116,254.160192603853,133.10115610270134,110.65622237603344
205.49607410727407,238.87957797840338,133.99780977337636,110.54042446746412
205.14405239641627,223.33317497780226,134.70185319509196,110.8607198641642
220.37040495467414,205.80960221195213,135.1496919480386,111.14475354271934
232.16189328493772,205.4591113567913,134.8109815846755,111.84573525304097
218.33498479771006,228.65361138964715,135.30377377123176,112.01849196658475
216.5232614382114,245.89857305589484,135.03669960237272,112.54325662479727
218.53888669070972,259.32457318316807,134.9003211290857,112.95536059221843
234.09901956762565,269.02186451658906,134.97535474744072,113.05784003299323
230.42306706669586,282.8166965526485,134.52281933387312,112.78371741486944
216.49897636798303,282.65860369895984,135.1352074347364,113.09990312224684
216.17834357907168,272.686746075103,135.77647301255908,113.51680839985369
202.28146809458102,253.06858838581306,136.1164765527937,113.53348459450963
200.18831879247364,225.28664516633717,136.37530307633287,114.11276190400383
208.22795495071512,213.350892219002,136.0592191210518,114.33948525687126
219.98275749965444,215.23226028696354,136.18707188348617,114.51632543100041
223.94119498794737,217.1722860324938,136.15898859341644,114.58066978319789
237.61954167049575,215.2548306378669,136.41728703585676,114.47058174280352
239.33057049375947,201.09147044646957,136.94243847961752,115.166838493581
237.24099598902882,202.63856178514476,137.1550668201936,116.03917648511583
213.12360385800616,218.54187643734926,137.58373712557,116.10328981848609
196.96176553451903,236.33384537865243,137.97549904145464,116.44275600835553
195.15058357995858,246.3845873010591,137.59486532164482,116.35626030819623
210.7198550103846,236.33127840599573,138.4221805254118,116.48421680793611
230.5504987697205,228.12997306241743,138.8664493213561,116.8446049692462
244.51169908399004,213.71557751864202,139.10652354923823,117.51092120037585
244.49874151701698,205.5223540780722,139.13243868318435,117.74680604839371
242.55799352043093,197.28388866653853,138.97209846418247,118.05639202276505
222.27384825199798,201.00467460542262,139.0969795083576,118.70350204353511
193.6290605629697,213.03594233411422,139.59313020050078,118.98100573725765
179.25456805559287,210.91076702252525,139.86052971243242,119.16255843146097
176.89818676786126,194.34654311944246,140.49744560534862,119.68423277725012
176.5050755840186,165.29371955320136,141.28366797303391,120.47289303887189
174.65324646935136,156.74520847241024,140.8684339039017,121.09434600658713
174.546936649214,171.04973075278238,141.0810535441764,121.3425130865037
203.8363386501763,171.14017226068833,140.3184835124497,121.16163007069179
234.90969778534628,169.05996180556238,139.89726562617216,121.20701762200615
232.46072847508373,195.962204563526,140.68596023009522,120.8227043219053
215.52771009980717,245.19262730002973,141.62979177366117,121.12847446985954
230.2765609153143,304.4771418019214,141.07551840183115,122.46793396841088
278.17452563523614,325.10001359923746,140.67677108648104,122.69922608008028
302.38321815757297,312.21394167563943,142.00223265763015,123.59994661936494
285.53293395190235,280.5813874053363,142.26119403973075,124.162041980145
239.34248427442344,246.82521037166853,142.3912434988513,124.58286885050785
203.50725932682545,215.41908833813443,142.62807256299385,124.36544747841131
186.52207077964025,211.58710761051202,142.98114866642373,123.625083685921
186.0818933409022,226.4905163868467,143.8615035438998,123.18855902050481
192.47131204625424,243.45721344783817,143.68975015871055,122.8740556332282
194.2535852545186,243.66360966545466,144.31985797466754,122.4612631979952
195.84042689181325,227.07670096058305,145.34392517816266,122.0530767830633
206.11425957062465,199.58983679651777,145.8311650402874,122.33605153985022
205.93886774163764,184.9381407358553,146.18194869826138,122.10608193431607
201.76006870284692,186.89296222725358,146.09804041652922,122.41719213117636
197.4721129732612,203.90729799090815,146.225005470383,122.18430622513793
210.49954287068556,218.83349475901124,145.50621046478466,121.89065494305709
231.60202656698846,216.7715209246695,145.36990965313672,121.80773595364481
250.40610608965994,202.1202127404055,145.59261680549153,121.6863452795189
267.1397133978893,206.31150478011097,145.76465217820243,121.71357369740034
298.905192588232,221.25653417418366,145.35363742255475,121.27948860093927
330.70316166425,231.34184050308394,144.67768722612652,122.08220526167459
351.2571832328698,231.21823635219954,145.54138357173548,122.32941356344335
352.8502424679864,218.3008783465596,146.56974154122332,122.87727093639725
337.6953877974862,203.44933271769145,147.20535108768038,122.90626239959019
306.0152979487117,196.73864430719232,146.82421576136204,123.57937621581505
288.56326744045975,196.9615729394579,147.69316489943355,123.13351895128386
288.23636477444,197.1495297309263,148.34697023147305,122.75760536834707
287.93900941365547,199.21045289809655,148.9416809530421,122.90036512986865
283.8402424913389,212.16143417110587,148.58708767748104,122.65478394443248
268.9199879804403,224.92381306618006,148.56110077535686,122.72987980335958
266.7345371453738,231.32166473648414,148.6645479063856,122.73654008006437
268.91467254753263,231.35983997498752,148.57343120700713,122.66018960305763
273.05988608009557,233.24182701773273,148.81604288762418,123.16273489043868
258.19187731537056,248.25949169789217,148.60350803671503,123.07595791047896
226.42345258125027,259.099849088926,148.0349702266299,122.76370555451986
210.86720383948415,246.28224145183503,149.3281597763249,122.83951402827006
227.70379615894925,227.12296269391703,149.9031934382088,122.62882595569019
251.5023447613006,207.8163829848681,149.45722572924828,122.66378851363532
266.3732958996969,192.90166330091805,149.67654145379382,122.53200988019734
251.30412140812285,207.93260377549348,149.84497077451246,122.4400485934759
236.12313591523102,222.944668152046,150.2293017897486,122.39355981091845
235.95415771755245,237.89425013685727,150.56725818510574,122.50812101372556
238.19063491942538,237.88498276802449,150.38902422672749,122.52665575139108
257.75422613997654,237.7784685787601,149.8923765563488,122.73968412991987
274.8598292487919,235.63852139405597,149.98590331891836,122.73148687680309
262.1995447652393,226.80190268468425,149.57008989866915,123.24713603731013
258.2064976875525,224.81750194728565,148.973520510463,122.9246057403174
260.3994328549839,224.89274461789446,148.86459503349877,122.77412039909977
279.5372558895151,224.56012739137003,149.04450201145133,123.43935485214868
281.44012890983174,218.0450073865946,149.52510129557209,123.61055888743746
266.3535064716091,201.12622207660036,149.62280236963113,123.07607944755594
251.29637962658805,190.35934893226678,149.71139318575302,123.16292368342295
253.72664866942569,188.22402468564206,149.14300087400966,123.1414264027405
255.95883727392197,188.2415771759221,148.96167682001317,123.1063214221805
243.50196981728845,188.40762123920805,148.19723661529358,122.77423329560855
214.03592868929408,186.14991414120544,147.45334834442468,123.0270781682668
198.89156991000226,179.74365006973983,147.9557372266838,123.07403687848756
209.85602114302338,177.62537587057088,147.3452672518331,123.04689877858715
222.43520876559077,177.41128351243373,147.70995527729582,123.47508349486148
206.04298587098185,177.6086008504289,146.36348073383377,123.08044881887108
159.32585588464707,179.6144372250224,146.53425903314562,123.30802523665488
142.4054324225205,189.98472320568433,146.41072505220203,123.79519134107903
187.42814697605638,189.98660083240583,145.64645036336287,123.79143608763604
249.18083431869763,190.02987441971732,145.090207998721,123.70488891301304
280.31626616962006,191.90278366909337,146.2639905716702,124.18871349924724
282.37684670396413,191.49035683137225,146.39837875857208,125.01356717468943
280.14938458257876,193.49333977342084,146.5824172078992,125.27848708403594
263.4812225263888,189.36375829156594,145.6948492595062,124.98167703255248
221.34905451528726,183.16222729420332,144.7691624079404,124.6062355962124
191.6551252516505,180.55924952486305,144.80877633899735,125.57303080659173
193.60602173487592,180.2157081810824,145.16226986328954,126.26011349415307
208.33262287705446,180.03914289858068,145.61150085257998,126.61324405915653
208.18458311134754,177.7035658952361,145.90758038399383,127.00000497802853
197.53696974395416,175.37037029470414,145.72691798901363,127.371218353139
197.58573545911543,173.21252056874692,145.62938655869107,127.38858905779173
199.5959072140982,170.9581547427141,145.9061390445679,127.60022471401507
216.89939322795385,169.12927158831846,145.73736139579444,126.95321672543906
248.73862394240814,158.58600244124196,146.43577905866596,126.580795322332
265.6509097302174,143.18114062443624,146.98424959965038,127.31410710391592
250.66669844021538,143.13641549999696,146.73450116715046,127.40355735279445
237.69883094721996,149.32453721072244,146.7835324230866,127.97066579637087
255.09886469105686,149.7639142577898,146.57787533722887,127.09191170223616
285.6963073786617,143.5539113829036,145.6813870259719,126.59083236687579
296.3385788332389,142.8606226241327,145.82242281939776,127.97740988441763
280.85280377120205,173.21130133940324,146.62734483691673,127.60930866698614
265.41844177684345,211.80564092212623,147.28343566078428,128.11025763972492
263.5236908969583,228.69537368352744,146.73865732924338,129.0050328474112
263.4305609748277,224.36373743800624,146.92491717350464,128.98795596119052
259.21631503982655,202.52844484649427,146.6678318631334,129.23065524234698
244.1915557394371,185.18246113445707,146.3185335927035,129.18111767075413
229.19072707551794,183.15470839440025,145.96484357431746,128.90014495855002
225.05157520127756,187.39260667725637,145.59015437252117,129.07734134311482
214.23534494120406,187.2970063067237,145.6050262816301,129.26854208418018
216.44761958015795,185.43643033115796,145.50728293043983,128.6628881085942
235.88679923627177,179.53690461558833,145.46934917536467,127.51513102068265
264.0967945300466,166.61790547696995,144.90571828685813,127.57327097528403
266.2152369372643,166.50623878380426,144.95767031184033,127.79660436161542
266.0916431127787,173.18801069885617,145.20485796081167,127.31271129335016
268.34869067872216,179.643986422766,144.9800650496367,127.26866650766651
270.62593883859313,194.3043535853881,144.71068155615495,127.94372196624357
270.68655807971675,210.97507347055216,144.58944307390772,128.9362018092013
262.40503366594015,224.12708414868072,143.9295849977917,128.46654080844786
262.4391697835666,222.16987035089863,143.8613127625388,128.09299391041986
264.59846149417507,206.79612611601488,143.82367420432934,128.87386833913502
269.08304162118304,191.34137038512227,143.44018563974026,129.73352888792613
269.00475315946295,176.38361244415034,143.59676256318053,129.54488516925534
254.22839385027066,166.14173533910036,143.04934120925952,128.528539399137
239.28879990547566,166.21065711910055,143.00151034552135,128.39069583913664
237.45284365554406,177.06938089651229,142.40107853162584,128.034969853107
222.87747388773286,189.34665623294703,141.75048800777455,129.02441637407213
222.92049722636875,208.23651775114152,141.66444133050274,129.61164095856606
242.28514568050468,221.94577883719208,141.37423453078824,127.81917885883655
278.3926616963083,216.19948620358875,141.20388543704203,126.59799654877365
310.2082843325049,199.1763319648818,140.8094011082759,126.91803252291982
308.2590179039699,182.27909037285116,140.4931729871697,126.9944278815718
306.2049888577372,176.54759574669976,140.3901691009802,125.82423119790977
323.1977967841208,175.16062924834313,139.9308221772231,124.40738057849674
339.88192966599,173.72195410950314,139.8506477638697,123.12371943737855
352.6706247044266,167.91889480766815,139.10865993829094,122.31213691540133
350.76138633408107,162.1292328345608,138.8123986781518,121.54724685912528
324.2726244067052,170.3923798690776,138.5172545061762,121.4125429521617
310.0227630566211,183.07676249106902,138.37881287386818,120.59077570744408
326.4799514285536,183.35477037196026,138.0712790903989,120.03475994566162
373.1857571392424,184.0408803885218,138.08981177040903,118.66253991253855
405.49749565823174,180.43309067154564,138.1135257436503,117.79722047008836
411.5331036412704,180.2138925334839,138.1230526400547,118.23561674621183
417.6778977451986,190.40103502224216,137.93578317951125,118.03186301421721
433.941138868766,192.5956728474119,137.63281061774384,117.67052607454866
448.0492566898895,188.75689196734658,137.53873374635805,117.31318532871902
444.3136797333622,176.91683266444727,136.98937749785898,116.9317734498567
414.4302090572028,177.33948618543107,136.8217457299774,116.08646640788908
383.24652771273423,189.6406714987801,135.5177713715617,115.36084717394827
340.229720067514,197.7863897257568,134.70297493856617,114.86003103334693
324.52940750939416,197.83444660558408,134.68744735614214,114.76391727369236
326.4933726380438,196.03617971611064,134.68475135428028,114.4352167972018
342.2171118584781,188.25421777996434,134.59653427303047,114.319509989685
355.99911845005744,178.54815389185373,134.44931465296597,114.1482137922675
363.89294951849035,172.92097291042853,134.3082800509673,113.66760510396753
356.2670755680813,176.55662131448156,133.95303364795876,114.19980544777476
344.6441638283395,190.2190127134703,133.7699235241961,114.20877852025131
344.91969401534936,204.3079624345808,133.2188631501764,113.345843459469
316.1047876386107,202.893878337157,132.65235963411493,112.2942572363473
273.905586318937,189.86577046146286,132.26067517538314,111.37180891107403
232.06774824654855,188.12957639065408,131.60584507273703,111.01099222326326
205.3851044363324,188.04033921500593,131.52900740943272,111.18946657455959
211.21991864787674,191.70204476058746,131.31632354558454,111.50401852289016
226.4889693342761,191.93468528986787,131.344293495596,111.03873746432936
226.75928027733656,186.5027145097232,130.8036716094751,110.46156243126498
211.7687295954736,186.39747049577585,130.41617487995873,110.67205045915968
198.41746096436256,199.16323788531682,130.56434769762285,111.69488012463556
213.61409118793512,214.51036668998503,130.6687806381345,111.49831590295598
248.449551087292,228.28959946301475,129.58985856709302,110.61451613988021
265.49204349489685,230.4024235210139,129.5230210265153,110.16866216550767
250.75154249630023,230.55205930458658,128.8312667432279,109.86939059836232
213.58481125497644,227.32633573387642,128.0427460453227,108.80863942172735
185.572205962851,219.98839647108946,128.164950156414,108.57704955445865
185.5350056960683,218.59455714575353,128.23935068997935,107.63969944189918
213.73798277464408,217.10208343727558,127.49971186770199,106.9135591698635
258.174460498624,215.57673047265695,127.13844564429303,106.27627804807786
287.5937334053426,215.3433916473217,127.0543009794224,106.74295569874835
287.6082600671208,218.968160960496,127.02524765586602,106.85015980478082
256.70614743713173,220.75301000296997,126.27542758226195,106.9601114453377
200.10335732523367,221.18791662071038,125.71564345836643,106.09029820985685
152.98584506903447,221.35662042302005,125.12307637322311,105.75289060523754
138.32317600012607,213.95819929346166,125.38728242465075,106.01916682115977
152.67337549268274,202.895912707432,125.81491214649577,106.29771846300035
180.26252866451136,190.03552997015987,125.41788185246205,106.45388844772025
194.93232762326573,188.39000470278654,125.26604005686445,106.09646946722803
196.88184070287346,188.38053835203726,125.00739007262092,106.11540216872659
211.55184995708532,188.55149300437586,124.76087488005248,105.77349286404936
238.66113075216361,190.4440393962871,124.95305434819443,105.61578281744673
253.3304918491524,193.93604505513434,124.63682367875538,105.88739438088689
257.04059075237615,201.10276402381953,124.47122488651785,106.06315447193643
250.00728656108498,202.7138582290583,124.02756104702601,106.46853411697742
237.3091944331938,214.04653044350235,124.03316559383836,105.56654372434929
237.54757159636503,225.1749380975731,123.5564112674959,104.98663955574543
237.82923898577005,237.8013899999935,122.99307648868586,104.90665810852894
237.82507615379274,237.4196082279136,123.00140215264045,105.67022165268875
243.2658541774107,219.2335770414333,122.91546998159524,106.05687110501377
250.50943286742807,193.60246804616474,122.84199020744072,106.87121747496988
250.50512722728027,195.34337344548996,122.85060148773636,107.00475108670896
246.95261917240123,215.1784705411325,122.72038094775169,107.12835846900926
234.37057721261118,231.55920335336265,122.56138736334857,106.92513534967019
221.88978412173736,244.81880352557607,122.23993144865918,105.6889771016804
209.4110742226835,243.53697370751834,122.0878960810785,104.66557171412607
209.35783319241034,229.55073323681347,122.19437814162485,104.0917750935629
216.5399967334186,205.97254367243784,122.07288933563008,104.95892982524356
216.550917865266,193.71567502323396,122.05104707193527,104.46332036601308
229.28922771402517,200.7901776265054,121.52569069825532,104.5721799159493
243.3528844517432,215.1546429392228,121.86312197440645,104.30799404210165
257.91017844044757,236.4114819216828,121.22106638928979,104.50311466561988
256.4405353996983,238.1182562112928,120.6080791804455,104.64183937674265
244.0454130310972,229.2108572121393,120.5832237608796,104.73156583450093
245.90263841345677,215.40467481129537,120.41484140911098,103.9753833325848
255.0020797653946,203.1345680192489,119.87262201978461,103.79626827630875
256.93867517606037,203.22080142538445,119.5195005885497,103.62380146403763
260.59324569552365,206.8495253144275,119.23403561581624,103.3900297521446
262.52762300715926,205.60712241789582,118.86895138319787,102.37116515455499
264.50479141058725,204.51167794193987,118.39628833852223,101.08038034428662
276.8815756799204,201.1598313495596,117.81816584194158,100.87680323130844
289.2157358202298,199.98843395839614,117.23986169590387,99.7781671372666
290.79586264089977,187.4388505217725,117.4944479357412,100.97345484227279
290.605357740131,175.17633326803752,117.87545773727868,101.43263508458898
278.8028507034039,173.77885839839075,117.32177012680037,100.77634172617786
266.6896191451516,184.02022706568073,117.52322363848853,100.88646976715502
277.2890405960869,207.76362362284283,116.9465440674496,101.5180577581051
303.2111783366522,226.91847040432552,116.67589689115263,101.02902495201766
315.23533031289645,221.71264024510594,116.61105964025144,101.16205668406226
303.325354636525,194.49407136744665,116.43963236058083,100.76175756529261
279.6928454238379,181.36393068324844,115.84892751459552,99.67591135005505
266.03654942994757,188.11445473361016,116.02790284189368,99.74167157957288
266.034841301298,200.2933217827414,116.03131909919287,99.15261491824447
281.3823939938645,212.38331471552374,115.8112593877434,98.67544235443373
286.6477029564663,213.67635846683726,115.4057834844439,99.4644021924413
286.7245283438133,212.1975714228329,115.25213270974989,99.04052278605599
285.06744775587623,189.8630620992367,115.19402150642148,99.87000050361526
273.0514047142144,169.50855110064344,115.53331310864617,99.96280339034658
278.3751450559708,168.3398142050674,115.06010523537125,98.90885291141942
303.4899163859485,180.9045454340944,115.33839923193335,97.34971422640706
315.3002162937351,191.29304557340953,115.14275903964719,96.65125076773711
290.01096413300377,181.58403444751147,115.73887650818222,96.07631827836211
253.59708624738835,177.03777071775994,115.26092936763735,95.17261352262304
228.88673786498072,177.26649928290004,115.02957138223425,94.71515639234288
228.8526167597711,175.98085268309814,115.09781359265348,93.98725834306771
248.8569556727382,172.80136941915478,114.5508938803439,93.76926518535032
261.91056227787124,162.74058378625745,114.65607193202301,94.23154300468616
267.10052184808274,161.0427918616179,114.13305828421375,94.34149168976069
249.36679813806566,159.98395799757827,113.5275122603021,93.17979637748127
220.40432450598638,163.52095712832974,112.92927638424047,92.60837402044723
205.93799713047503,175.99046315318674,112.76622609760719,93.53221089309406
197.8762387984546,186.98041216319527,112.66343117035284,94.26914910089023
186.45730031552426,193.9739928750458,112.71238424803815,93.30422989900363
162.02893140101105,203.97507208220657,112.95779770127257,92.74660123499895
160.72439715808167,213.23234050966866,112.33133829503245,93.64523173266826
171.99212189843004,212.02970946494162,112.47859637764162,92.8101070273643
188.13355135869796,195.79476150135554,112.48755100297862,92.9881894086636
200.88564776329008,184.05365344340765,112.84090808846165,93.84504936672559
189.48799371525942,187.4626255888755,112.87600710992832,93.53002195424544
178.12057534891704,198.6833545854469,112.8824228720048,93.81698493171098
179.98622138224778,208.6225764251841,112.40277603742865,93.44841264474863
194.61198610746453,203.43560950822507,112.29606890198826,94.10740570700226
207.42689162179795,180.33951744751104,112.64459171457608,94.83750560623457
215.80309692742645,166.17363125317232,112.21430498863958,93.7894550013351
237.14400840748362,155.12282398013093,111.66428817599649,93.20471239108717
249.83729183009348,161.2894404635061,112.061782318533,93.76350991821494
249.64455876552023,177.1241568532893,112.44724844767953,94.4754704694085
249.60988204384694,195.15640853923654,112.51660189102611,94.22203266503817
241.49195205424974,195.15194871455242,112.48977118864606,94.23095231440644
238.2750949466481,170.74812690349398,112.41894889955691,94.25457215432962
226.48441136080936,146.8392051199755,113.23941723864576,93.29906108010523
213.45853204031977,142.19972972508617,113.3009152103983,92.83166411892392
214.83818496276763,155.34863291051133,113.78378801777762,92.47128696627335
231.03654883649733,178.3994452006761,113.82479433717506,91.7824900795433
243.83543316902012,188.57462911245804,114.09306522226802,90.83165191858335
254.93403085816647,177.10762207551468,114.44958264969281,91.21195318675257
267.6148037716199,164.2592561486454,114.95677030613314,91.03995155714394
280.5980324179177,159.60679729675996,114.89888969494788,90.62915300538592
282.089034359326,169.2155663618359,115.1479014671434,90.79770880530597
282.09969555766304,182.35748441454746,115.12657907046922,90.41439698279595
254.8473637142752,188.29134670302633,114.7040428144233,88.23970768986555
206.85278937179794,181.02816546072944,115.01827115129981,86.82025011644633
171.79533276094773,170.38499259873967,115.37569157958461,85.91102995161187
160.49889193737502,168.7430192156142,115.83899786323946,86.03360880879276
160.43750094458096,174.63364062008338,115.9617798488276,86.93405291616288
161.81544955125233,182.28876852957785,116.39290708800763,87.55891935978795
174.57096777021997,181.03291671387274,116.51231252901412,86.86681775633048
198.8077143974299,178.2187394483146,115.95336717811878,86.10656590031012
227.47770847117238,167.45889433645505,115.73378132311258,85.41276634362086
244.80457421510232,165.68673173856567,115.82522266144886,85.79843946429081
249.505969014924,163.8280260088421,115.92151581138423,86.34949000721168
250.91575117481375,161.99828434305596,116.27879957135676,86.83212525903187
241.0414911329608,167.81248187976297,116.8862253969564,87.96445969102201
231.10079219988705,180.3555564999596,117.45994130459738,88.62188639530426
224.61856430272562,193.29163990078322,117.4746788452821,88.64915610093333
205.05871472975346,205.506898370101,117.7371823346362,86.88533662864211
176.3284816642636,209.02980549634106,117.35947253758178,86.26598636816576
143.86032560146063,209.90782186550285,118.34898250111537,84.50995362984216
120.81354992784532,201.48554467560345,116.69006550412774,85.43701856156827
117.7217809256058,196.41262367794985,116.52644972987979,86.062129888785
131.6381389329215,196.97557328654892,117.3257997869542,84.93623067158686
156.88944007763274,196.1065810617608,117.62323359207633,83.49921286525411
180.90782791975977,184.84743069214448,116.92443132988862,83.9264593408558
197.0643991191085,178.21461171902075,116.13445197490148,84.58283206961917
216.5498104998146,178.71086353684166,118.12823765637589,83.5903284339773
234.634959623295,177.2290816324366,116.77302888009356,83.3888841090894
237.74238355194174,165.51629745932226,113.69935738436556,84.82621792435994
231.02573652922436,151.80080627206428,111.54210233529415,84.1942119287647
210.72861344871066,151.89072854705967,112.16224806295232,84.01436737877398
199.75163157596361,161.14622365256253,109.46473165745925,83.99198728100859
212.96027635781053,161.51638706514376,107.36706530170909,83.25166045584614
232.03531687453244,163.00478061396865,105.16728062626302,83.27073138802947
244.50020109882294,160.18383021234163,103.93763123543539,82.98760242684519
256.64997717047083,148.68539983278083,103.15070910138387,82.47183317672258
268.7950758924694,147.39418341429874,102.20972210359024,82.1356147079113
267.7225123864573,148.90862611928378,101.45607919140122,82.0054992221544
256.0645012634463,158.84006368030305,101.6913293452931,82.33829968072982
245.68637149058242,178.792601097176,102.18892183662355,82.95055895577843
245.76462020981992,190.44363754043206,102.03242439814854,82.94164170891705
245.9028047240392,191.69719182401352,101.75605536970994,83.34362939376683
247.55082423875206,190.57599869585223,101.37136438019648,82.67466761017721
259.17604208289373,186.08306178314558,101.27790013546738,82.97667714425765
267.9104687507911,174.75611787740837,101.19744498963547,82.44603403578165
281.32376226300016,165.70000336849594,100.36512425958017,80.34050038021319
303.96950901673506,174.7409709692347,100.5358131988379,79.30688359625849
326.43046079268623,190.84027332122628,100.84961012774693,81.03505425288384
329.11935062087576,211.83600214702255,101.19197657133967,81.94469235107955
307.3203032976594,232.8635033130854,101.58921186808813,80.21049207865919
274.92683812734276,242.30938323829585,100.64135322058172,78.46693805123124
256.44132531529743,227.01082872265374,101.01486067073743,80.91211002564248
257.64220847767206,201.9430815031523,101.47370996354738,82.41713896613976
255.1922292011917,180.34569401013917,100.58961089599487,82.23148179831692
243.58716558248972,181.56017618288467,100.79620849828972,82.6779586572145
254.72392205212947,204.07242765153913,101.60935777776297,80.94094738006687
276.3789751166384,224.1087353641345,101.35221853832994,81.05110105182196
269.3472234689278,225.42313950034378,101.07551187564994,81.2903347710236
269.10502705737406,211.24401323927125,101.55990469875739,80.97184192622039
270.40669789520916,186.4092421696436,101.82650389202155,81.85238929359218
270.3005238827716,185.0224897942266,102.03885191689662,81.73759196228524
277.67703344394744,206.75195162326375,101.73432901183081,81.6241569560687
280.71836845297173,226.79187182387437,101.41803933908767,81.9089789719859
290.63727992374686,216.81219432764544,101.76086618710328,81.68768417487799
300.9018647550324,194.96697023004572,101.42408286223798,82.10873307499352
301.0691732165103,194.86161518395147,101.08946593928209,82.31944316718202
292.24065399590313,208.9040663250567,101.43923161360802,83.0799954964523
293.6235904026421,219.06660301022464,101.57557530351991,83.0704376498452
293.3755675315871,211.85483745806815,102.07162104563,82.97317779296226
271.4451326894797,199.7555525601336,102.27936289184181,80.97987088602962
250.06308974968582,187.2819937555646,101.82702491221308,79.99713417963773
250.0826809677286,197.49703712384272,101.7878424761275,79.57450808303871
261.278300532389,217.46776557507627,102.20251752877041,79.54340099900809
272.7466813358841,224.2473965718189,102.11834773314689,80.26700888762704
282.9095027191557,215.04140388852272,101.86207041625848,81.47668101165829
284.22261215011906,197.2204354969571,102.11861063107803,82.52550887383352
293.38295097636734,187.00150502396278,101.2200480837806,82.63756886375648
312.2810952155674,198.7704878159972,101.01580854739123,82.23317185938652
322.50014142604925,205.84444186002307,100.75184560671804,82.49535625725655
300.96839251927213,205.48498575166855,100.58234241867333,80.33206840719234
266.4784010888236,195.03042516859486,101.29239596983983,78.48454647009625
235.37865842692898,175.7571354835744,101.33239495412721,80.30052027588607
235.34646917675772,179.29315342709123,101.39677345446974,81.7951729364743
225.07873684038174,189.5396272653845,101.76677192306283,81.46769146404665
204.7201072541921,197.76210797382493,102.14790334901633,82.30964193849117
216.38926104609465,199.34854310851722,102.01471747379185,82.03741188267915
248.4291325811717,196.9016888055352,101.6070915179215,81.14274620552648
260.9293802011406,194.96167019193626,102.4675170098747,82.14934779584758
243.26922444885963,199.61258214013935,102.95246419921259,81.55636497824737
218.44765187493078,208.74723170051618,103.28264516912702,80.69164144970901
218.51833158506207,210.05448464387416,103.14128574886448,80.96890254336071
253.17314380695683,209.46108755336095,103.29034770803665,79.26158479093046
283.00454517888556,192.9059039261109,103.86816124040405,80.81734351978895
275.52095198860286,185.20783422524107,104.321526444566,81.69966174512517
262.0738296139468,184.99803207685173,104.89934716648884,82.11926604190386
244.22093585852613,190.42168550495217,105.32864099027398,83.03079041472178
247.61947018910067,199.7446628818083,104.4537515896372,82.15137344254646
296.2117180355702,201.53054925017415,104.07184018774971,81.51301235099808
342.9207213198241,198.95048242476085,104.00401551273087,80.83875963348163
354.3380552899018,189.49091101490208,104.41086222915025,82.32676646076816
336.7765356320804,184.72826850888347,104.30664915608868,83.04523837562931
307.3556103931731,176.17903401052644,104.23510087143349,82.46968774360244
263.2677268775818,183.53361934318133,104.35385145803356,82.43668648572304
238.35779427917083,194.30005099462463,104.25293471850497,84.39595585876611
254.66232099101384,206.18478614149714,104.27792669229048,84.36033676318219
288.4573477667258,215.5270363098272,104.91826137626641,83.47506814010463
307.81832168178295,212.2581361099429,104.7025173063161,84.0888371921556
294.4536935425187,199.05455369037867,104.71384921849013,83.77807766492963
261.64984791060203,194.57864938801524,105.11803202410132,83.83849875262621
239.30946777514768,204.30647260237936,105.23420782912609,85.17965840797719
245.38139737948967,216.09153783176555,105.06828012783083,85.56539096398215
267.8748407237869,215.90174191932664,105.05401570342505,85.94498278885996
276.98145538976604,200.36264581556475,104.8653411751218,86.98225032362558
269.4834612642638,186.82497182259743,104.77163600315819,86.89615014821764
258.46793779702364,189.3904941125195,105.69693521898404,87.7953192022748
258.4377901695532,204.5860586861535,105.75723047392495,87.84279079207903
270.368188471971,209.40368729228464,106.26086852571208,87.34419657605034
293.17217707897385,198.684696835054,106.33176283082332,87.46537078159035
305.1817137770051,186.65570244511642,106.6991353081614,87.13691368806496
321.92998911501576,177.58577383976882,106.7377061618515,86.98488642800842
344.5039258001574,200.69805194424265,107.29156540923046,86.46206283672294
356.4631233958928,220.15557735320948,107.7477864134803,87.15576333683529
356.2705602060514,218.48622771813012,108.13291279316313,87.4294010284249
355.9012906976803,198.15030944936734,108.87145180990538,88.12098732467584
352.7901919826099,177.57548574624957,108.89777437003964,88.99744807586939
352.6882308175243,172.91355275523688,109.10169670021077,88.98375891156782
358.9775634139869,174.36765577040313,108.98475678078597,89.19098419961038
358.78615632484525,180.5708281093261,109.3675709590693,89.2525741176689
346.1007594991769,182.6884060090818,109.74745542999618,88.14128196570873
311.0693260788031,194.6206705357925,111.3526839724945,86.05872873445756
276.77617896050265,197.44545459808967,111.68496984078985,86.61407046152738
264.1552975799837,195.83206149992654,111.9941429681567,86.72428295364477
248.27549849844328,186.4887496891331,112.52282119464958,86.67235461327893
221.10583742811173,172.53980450214382,113.64668409690867,86.39735480222002
186.39091445505954,161.70494492103614,113.93086852129328,86.06618166207006
164.19827183532863,171.93817449169575,114.32943749404816,87.59308065410433
175.1632515795208,191.29410227508666,114.6098182901381,86.95609414642122
210.76305709464557,192.05453596411832,116.2463577174172,85.4352267683579
254.98195532435983,174.27594665138514,116.47920031815332,86.157511477331
275.9194611583756,149.65657526971006,115.97259722019595,87.66347512136481
275.83307968137274,147.59667504904766,116.14536017420161,88.58416467652928
272.7078625344377,166.4800530547413,115.96224474302534,89.4187070154204
285.0709718634798,189.29790210529836,117.05671151997431,88.9692084256146
299.3982634427281,185.56928652360347,117.53473387310285,89.95252725308774
298.9477445338771,172.81307663567452,118.43577169080483,89.38262569572586
272.13820271091527,174.88012303371244,119.81924724143158,88.51325840560608
222.21904717573184,200.97493470108543,121.51096047288814,88.66848725161213
197.4658509268722,225.29570168642607,121.52043011326867,89.52387613826966
209.18668206100267,230.29431695817905,121.27655349254044,89.46855372942053
225.7627665248918,222.8527782196396,121.21795120408399,91.11420455077068
225.52052048331836,211.00201485823024,121.70244328723086,91.4679221567748
200.32512149220588,205.5278976430137,121.86481777431074,92.37047188817888
190.1835826201234,218.38297727547092,121.95320736745086,93.58656349129748
201.59163913801248,246.8867495239432,122.84588563371466,94.15751215645483
214.9908266520369,270.68239768801044,123.32672884287491,94.30484774343623
228.3428386578323,270.4936279706989,123.97984087950766,94.6823871780592
240.15342656733122,256.6519209432376,124.40901140092703,94.87969112964788
253.4484843275365,228.92061738584752,125.38312734755507,95.2138353103508
267.084433740899,214.9818219243408,125.8379191123742,95.3647356418202
268.54312195767557,221.09673975833553,126.39577539313649,97.0358308310927
282.3010953517879,235.19268009838208,126.96787025752622,96.93199180361407
310.1223375721845,235.50073526084475,127.61404975110153,96.31588147868878
337.8586637770551,221.21811494824271,128.42673980585036,96.73845087164781
335.5162525543394,196.34033092397104,129.5744433792622,96.97435471191744
294.15707887984945,182.2709578658473,130.44841420362138,96.64549160220992
239.87192220810854,196.54577861445975,132.02782034545697,96.62675869209066
223.6961012686014,233.63724677764122,132.06897526000998,97.8349586161373
229.0967258945289,247.69298288579733,132.0991831651111,98.60737215170795
254.06615501742925,231.39608787978725,132.89059249734896,98.58884729213192
268.1244506548903,202.1012017541454,133.85660790341302,99.01340618144334
267.5366390330628,202.06466144477167,135.032231147068,99.08648680019083
278.6472416701471,208.88645643587682,134.86719840995556,100.14701184268462
311.51031482174767,209.25030103579587,135.5772530055267,99.41932264284648
353.5243843164526,205.4398309990675,136.41372081746817,99.6607316900988
364.102004490428,206.8250235666115,137.49704437914932,100.5967738732828
331.8768657152854,218.0861081531145,138.3973378078383,100.5040108608401
275.13858245489655,223.33832527107597,139.36263305847746,101.25070375193104
231.13328520161582,223.4149671075534,140.49568692312948,101.0974200789762
204.12172552463073,207.67414745543155,141.43154507745433,102.24348155485114
201.71074610101385,189.908024354511,142.42852808074724,103.35094516122432
215.05481945984315,179.6396375065994,142.74843200264453,104.59625411450766
230.20063889876695,179.3644380626795,143.5255152141341,105.14665300234743
247.53601132762043,182.95956226784628,143.99454917099365,105.76524432858425
270.9738894128854,184.5592173546321,144.17906575172188,106.48762355095079
294.214340254671,184.34359986076728,144.9341802299624,106.91885853868041
297.58128809615835,180.08951218682054,146.11004040914452,107.51727802441718
281.6241239859176,175.75504152736823,146.16393360837404,108.22111058800878
261.20873654638564,175.64800080515158,147.04563176457847,108.4351920324421
244.4238504710169,177.47220348175327,148.52086693648954,108.79860380159202
229.8518672593368,179.08637567318902,149.38352840654386,109.61044584062135
235.3642303035112,178.98561021592042,150.55861476687926,109.81197675515855
248.9784571409279,178.94065082245794,151.94442908277483,109.90189554208354
248.4163325312914,178.73567165301296,153.06867830204783,110.3118538809735
233.47810839628886,180.28151466764857,154.00685505646936,111.35420663964275
249.70544695133123,196.92421794872976,154.87535338134364,111.39197551243944
295.67787026886685,211.34041618446955,154.8725605267062,111.81386888018875
326.4796442424544,210.97832508151612,156.06019059033778,112.53805108609562
322.09806700448087,208.23924421711286,156.39136773583635,113.80022414967792
290.2005458773763,197.12876126464437,156.5601747197293,114.81244496450952
256.01001901970227,196.7848846652636,156.76645694684714,115.50019816327102
221.76409257450936,194.2759655780594,156.8529652785267,116.24270230276028
201.5236251841841,193.80603639710282,158.7345638894796,117.18256066467347
203.0111167281661,193.25347650089475,160.0923968207621,118.28768045708958
219.58582953815332,192.97589815578368,161.9154731441983,118.84283714731177
225.3311097724817,188.34088903193185,163.65000359705897,119.29612811400378
238.0049765737338,176.7213530118853,164.95509143083416,120.32451562386404
243.88984406699586,171.8967852922175,166.6218362357433,121.01599786891089
241.03934987695283,169.3230429645636,167.807351517769,121.64800942615823
231.2775354771013,168.78320946681956,169.15562490886887,122.72767642164634
230.64269085171708,168.49302916322333,170.42531415963728,123.30803702883877
230.28721963299438,165.79464102599877,171.13625659708268,124.09399320135762
204.9026208480888,162.70689989472265,170.92577427479733,125.6349591100829
176.1719134360918,173.7215420145195,172.50784423984842,126.88873522838205
170.90689831331878,184.70081300177324,173.63546689250106,128.43621223610802
182.2625644663537,186.17065593775578,174.64264578397513,130.24022860365167
183.854255539764,183.5160242878626,176.2478221751408,130.76093336545185
166.08531411605816,175.72409385457217,178.03521377050888,131.88029798115682
147.88434620380997,179.83236282431045,180.3680833595699,133.3977789660903
132.1259483397123,201.04403749887925,182.32087552703487,135.32043495804834
128.50105728809356,220.54075411651252,184.58214104411525,136.23513441203843
125.37507011416444,222.49480498994365,185.79623751328043,137.3649105438692
124.49459519381494,219.73522620177232,187.55718735397943,137.8092242444387
125.91790093052592,203.6513267526386,189.81946125187426,139.32371091480553
143.10004161514564,200.85459423270242,191.63177383405048,139.74909110447564
155.49696118546902,197.7312712853346,192.85084235416815,140.7931554670584
162.43082252985914,199.5578193574794,194.69778786210705,142.37828205500853
164.34407209684042,198.81049692717875,196.16356330412418,143.87292691560984
176.9384943169146,195.44153248943127,197.66998239109876,145.2718030856802
168.19899266995222,189.4245056636096,198.99435988886972,146.53610620655428
150.93661174639627,188.62846464959924,200.964774829105,148.12818823457502
144.68468025765628,204.42615200267724,202.50511340644547,149.42338672883767
138.8543950066962,200.9946418716455,203.11288778724497,150.76000893034086
138.7778605861761,194.72773267523215,203.26595662828515,152.17875910154947
121.1674340742579,188.49235078397822,204.9883185078334,153.48335916929466
120.49744320192009,190.52245923470872,206.32830025250902,155.0537793785928
122.26356800215825,204.07743567944325,208.47276797478838,156.3274131029022
126.71750194808658,217.88982578083105,211.02528642832613,157.35359876361264
126.09673132312375,214.32657170720083,212.2668276782518,158.6942784130859
110.42874324754936,204.69453119847503,214.46951614358375,160.47838681904736
107.1859481821615,197.86166427204026,215.06573895803376,162.3653860392655
106.26653937010539,194.09751203397659,216.90455658214597,163.96439620259736
105.27381967749508,198.84601959697022,218.8899959673666,166.4342476886137
103.96531228044017,210.01540994000075,221.5070107614764,168.31156657337402
103.34044624717043,211.89419879038405,222.7567428280159,170.67855775176554
101.96956316728456,208.04380999019259,225.49850898778763,172.19708857706175
100.62815756416356,204.00650481744316,228.18132019402964,174.02285446680878
99.475920489347,196.40463407545624,230.48579434366275,176.58749181125057
78.24985794077449,192.77600987198718,234.55868228320878,177.4482006919222
50.150013120726086,194.90897321140352,238.9768105950471,179.65496917912185
35.600679200398105,203.3898971867237,241.77124604611163,182.42129552067507
