288.5,143.5,35,42
290.151203148088,142.5270418273796,34.33162898329293,41.73457125208447
292.7699866957817,142.74365123802147,33.87995718749114,41.30135243080079
293.50611505402605,142.8866664825837,33.590215116313196,41.01532194167629
296.546044448836,142.37060418523163,33.37753010203376,40.87401178131234
297.21248201756583,140.70573691475187,33.212479773340434,40.70027189597322
297.84598556454876,140.19714636647004,33.10795883926976,40.554966832641675
297.8732906961097,140.27163811183823,33.0533485761479,40.40598334190531
298.4874271763386,140.7777539686623,32.98046589073454,40.54914190330168
298.48283213984337,141.36040280111263,32.989655963724985,40.540256194673745
299.0797137441045,141.40099055576331,32.95231683711048,40.459080685372406
299.6735954492659,142.04162349379612,32.91912639019905,40.33238777271825
299.6724421146212,142.67908601259364,32.92143305948847,40.20955208417874
299.66964177609236,142.7515990698048,32.927033736546136,40.06452596975641
297.37648456528274,142.72142993077043,32.92095351926855,40.12486424782513
297.95691503181973,142.71159754837473,32.909021025200104,40.14452901261653
298.580882411238,142.79518382047934,32.81012431264861,39.977356468407315
299.18839223580585,143.3048704181736,32.73997410362753,40.10285271313333
299.1822427174614,143.34544063367602,32.75227314031642,40.02171228212853
298.64053801984835,143.97289743545173,32.69106584042762,39.911415373692016
298.6643185311607,145.6697776806191,32.643504817803,39.94345018810048
298.65155839009117,146.23811851011337,32.66902509994197,39.94842410475146
298.63642942193184,146.94570158021182,32.699283036260724,39.675402502293664
295.81642477918194,147.47093560471598,32.64712034724263,39.763368848188875
295.82668156147594,148.61699244999735,32.62660678265463,39.74914543710172
295.25927019645184,149.14660720429723,32.62303451285232,39.828310928352515
294.09228064224857,149.17419105375654,32.67790434453924,39.773143229433856
294.04961467593034,149.2318044228032,32.7632362771757,39.657916491340515
294.04558959404153,149.86748522206605,32.77128644095329,39.52575264594674
294.04625948237697,149.8955713102533,32.76994666428248,39.46958046957225
293.4877691676273,149.8689773364852,32.75052070781189,39.52276841710845
292.93521045449774,150.47193250077908,32.71872596432785,39.45377025826383
292.9341159299503,151.09896185987736,32.720915013422754,39.33504839376562
292.92023888050744,151.17158286936416,32.7486691123085,39.189806374792084
292.9049005974172,151.13796885114436,32.779345678488895,39.25703441123165
292.87711479381915,149.3729497542065,32.83491728568503,39.38722069772908
293.4345503803463,149.38788257014247,32.85623183027099,39.35735506585716
294.0312754192014,148.83014501648907,32.79885089866785,39.3367610270569
294.59444847225114,148.87415147297963,32.807331636167994,39.24874811407579
294.6086745957376,148.9051097137379,32.778879389195005,39.18683163255928
295.1508756211973,148.86966922704178,32.82667188538262,39.25771260595149
295.14453135181174,148.9107760820068,32.83936042415378,39.175498896021445
295.12379979985906,148.84481963989933,32.88082352805919,39.307411780236386
295.11574627319345,148.84701840590793,32.89693058139039,39.30301424821921
295.11590660441465,148.85723833299937,32.896609918948,39.28257439403629
295.1303610309442,148.8335476321325,32.86770106588897,39.32995579577004
295.12804369429534,148.83828513705893,32.87233573918667,39.32048078591721
294.6046284360501,149.37705620189584,32.783405809005785,39.37869910291469
293.4818516766489,149.92588415390492,32.758511516806585,39.41626710439735
292.91690102877226,149.84469227933195,32.75301171418042,39.57865085354333
292.9349156445876,150.3890768024316,32.716982482549675,39.62769447346683
292.9287096093144,150.96505767686307,32.7293945530961,39.61371873687753
292.36803615503675,150.9257576716056,32.71277018565597,39.69231874739242
291.7821817707958,151.44053781315185,32.74556651140881,39.80167090702904
291.77904391483287,152.0367676349941,32.75184222333468,39.75033567439908
291.7604449476893,152.64183052983583,32.78904015762183,39.68064586586978
291.815048913592,153.63321592851983,32.67983222581628,39.977803220110616
291.25732134514675,154.22545497147,32.65251651891437,39.93609597800279
291.2601413022227,154.8520626766698,32.64687660476246,39.82456875918123
291.2491942321738,155.386027577656,32.66877074486024,39.89652131155634
291.23040452598224,155.38622669291092,32.70635015724337,39.89612308104649
291.22397687978304,155.91825410375958,32.71920544964182,39.974011863104494
291.2020846508273,155.88595097101688,32.76298990755317,40.03861812858994
291.17717630713884,155.88314314184126,32.81280659493022,40.044233786941184
291.74114384713437,155.28448113779865,32.83081270608505,40.095616603880416
292.2690337850711,154.68313365948444,32.92205503087714,40.15128935984328
292.82626463678696,154.58351037327355,32.9569459262662,40.350535932265096
294.5425374990058,154.4982618970904,32.98333927540841,40.521032884631374
295.090051622086,154.3564210332749,33.04433759721931,40.80471461226239
296.2280061536821,154.87488480011237,33.09117010950341,40.929157866325625
297.9421584089784,155.3011723902795,33.15498417840816,41.24062221249052
298.5074815624385,155.70989280297502,33.19419105866572,41.593034574277155
302.5855023147194,156.18087947299952,33.269403303595254,41.826954627012626
303.7747455224461,157.26662109972787,33.25231413664671,42.01686862206085
308.5419003851209,159.54358995142965,33.184650497298726,42.196253961658115
311.4723760067578,161.8705669392902,33.24859055741937,42.282213028652535
314.95533547946576,167.25323293781446,33.40666794912682,42.20287553728906
315.5018827427198,172.78799202898514,33.50225876523777,41.8315254385192
316.63743112718123,179.38560664458277,33.60025114993985,41.66628655226115
319.0030371562905,186.62377251250206,33.60342706964902,41.39311875020562
319.5447529023425,191.44278427061298,33.69944976203048,41.19072870986751
319.5481987642407,196.2702123174339,33.69255803823409,40.95904749001883
316.0478210112272,200.4193929052741,33.64797754840141,40.880244976174794
314.9378722675147,203.22156355872875,33.5232941590986,41.137355861085105
310.8954752313753,203.6640714477149,33.388487111547825,41.42656881451697
306.7990616782613,203.50177838280146,33.34589390330908,41.75115494434384
302.0858634933398,203.47807817014,33.326071508734444,41.79855536966676
297.38576589397456,199.56444238246502,33.276806304737235,41.35754909263007
292.7307810925661,192.04119450790844,33.19781070414538,41.14697638620391
288.57704552374133,183.3475460822598,33.3215137694433,40.99762736817657
284.4378330758358,173.6122210608769,33.41820960522827,40.59836397945054
282.63033468072456,161.9474195784488,33.54047617585236,40.64309881365075
282.5437194783037,152.5289910019021,33.71370658069417,40.809462194411836
282.44804708551237,143.51333977560742,33.90505136627675,41.25682739757216
283.0320539339277,138.55843257861008,33.919272912652374,41.70875984591628
285.4319291164484,133.6530897267909,33.87717162562196,42.00414739353276
285.4006959008938,130.05752625520046,33.939638056731056,42.035673720041736
286.53458000459415,129.8683679990974,34.06139408617232,42.4139902322479
290.1584239474347,131.68705538255495,34.02894393025813,42.38423433021624
291.27256405776126,135.75026985465618,34.20377845377173,42.6687069905973
293.6354474982222,142.34453034411615,34.313027697408145,42.77648035421291
294.71562842165537,151.42254940280827,34.57702090312106,42.80310513117213
298.87869972996526,161.90125565557858,34.76891228159941,42.53234661372725
299.30716220869647,175.56731336020934,35.12779419499961,41.947982363442485
300.4177235358404,186.60604890742388,35.33187791975496,41.69736868040289
300.97888288406904,195.6826337390747,35.42158229608989,41.724545108983875
301.10832085164975,199.26390051962375,35.16270636092845,41.84532464250326
297.5669482064296,199.17554688925767,34.975954770429425,42.0220319032354
292.7776589084989,195.59805066511743,34.864159038108426,41.909243605379245
287.5337790799363,190.70797013311045,34.48210862181177,42.02735127079598
278.63703707916403,181.2257581378635,34.22447668866347,42.94065932659705
273.3167620603167,171.87905381505072,33.94569229002602,43.43517724500237
264.0390530989114,162.56958806000125,34.25655907493758,43.809557617202174
255.00912712836686,161.08607676612755,35.13723063102123,44.32241157852023
249.64903181064562,159.96855856679255,35.86349239354237,44.0589657589599
244.06281098388547,161.24760677584334,36.98020608896353,44.01480133038311
239.90573849203386,161.9328603986571,37.64849909345078,43.91860274795822
238.47878384344742,164.633703879861,37.93526409688327,44.93477651990159
237.1726978187369,168.2249950274071,37.93968474398155,45.57544843177749
237.45537470028464,173.51852497893836,37.374330980886114,45.49898009849976
238.4085682308611,177.99702774083298,36.771466544790165,45.66663295010948
243.1986163084962,178.8304011005872,36.26579968951846,45.29623327345794
248.67798132025186,175.92580835643577,35.56684383267493,44.69305990759352
253.89076296283793,171.27144851410435,35.236409108024056,43.90665103173514
262.6444371720501,162.2788939304407,35.15172803700863,43.22461661255291
272.28869310895965,153.1734741147242,35.58537946053177,42.945928152727575
281.33443562380705,148.24534587717773,36.02421515986743,42.91934690567085
290.20299029613216,144.07009394873955,36.91740022684071,42.57571337045624
296.1126941863928,141.50106834845184,37.60866218855724,42.709496674136595
301.52335060451674,141.31696581867362,38.165284814938786,43.077701733693004
307.0504087777982,142.31039083659405,38.62065887043691,43.64851623164349
314.6789370644665,146.4141942301484,38.90327283977048,44.50571726109232
319.19523088141796,150.65906917644298,39.06019023293007,45.20547239556568
323.054526960117,159.7030022289817,39.29841294211326,45.68350764584462
324.29919702851214,169.45489807925412,39.48377931269691,46.240014750603656
326.97111015011734,180.12742198033095,39.535682673059526,46.4778853627424
327.071833215517,186.75537032137518,39.334236542260236,46.75639826639976
326.5257272589492,191.45240708203482,39.07195063741476,46.8438094709488
322.62378421083315,192.07044449368814,38.766119970947955,46.95935410809194
320.05594284502564,191.52089601268437,38.50794227260836,46.70998596261077
315.4806387499388,186.2539970589278,38.27533240442787,46.520106089147696
310.8598132472871,179.61071463907203,38.18050765471146,46.468848421688044
306.2548239248855,170.4319423763538,38.07025060805082,46.18592156419688
301.62554869776903,160.56501628392078,38.05149697477732,46.03983641869186
296.39250621942404,151.4259261463067,37.93535549927841,45.7991204375895
291.8898968011515,145.96617294025214,37.72018412830731,46.18103804110868
287.3776594766846,141.0635001009782,37.5074695778516,46.749194520266926
282.825719557428,140.38779414736712,37.337191797099464,46.77572676759404
282.2945132235701,140.35151351802446,37.07707810554947,46.84828802627934
277.7752412897055,142.88983954265404,36.879696203405246,47.04930784551934
273.8918373715448,147.38641714784188,36.73077188575495,47.2911734814439
273.3090494646201,153.2580494379175,36.575782831859044,47.43299271100064
272.72248285112926,162.57550491610206,36.42870826049263,47.280990931505144
272.8972380316849,167.40695632332617,36.07919789938141,46.82652200613832
270.5214415473731,170.35540983864834,35.61936500880869,46.14104083469023
267.5850150032644,170.6805797105733,35.067731709262105,45.490701090840275
267.78227593108903,170.28066132430496,34.67320985361287,45.024558565365496
266.16223794313305,168.06805027827875,34.15598503805135,44.44004626878656
265.7769283887974,164.6352102970987,33.69152310722862,43.89523999418239
261.0467185067615,160.01640517542253,33.39838817515877,43.37929554139316
259.45935536832997,156.5257442831134,32.95349277872755,43.121373979422884
258.9289378339681,153.03463411363919,32.81897664174257,42.93148708411939
258.46903686554106,153.24196237350796,32.54851833023973,42.51683056438187
259.8722114560005,153.2241231059127,32.10121476234421,42.55250909957239
264.1521812073846,154.46179233380028,31.75063335698401,42.422701528770965
264.1537352909256,158.5497776952941,31.747525189902078,42.40213301375659
264.06174335558416,163.46693223754176,31.93150906058502,41.88537224514752
264.1266772979864,169.0666498638206,31.801641175780407,41.12436534845514
267.047462969016,177.75382632762862,31.690532754730633,40.941401183867015
267.72332514623633,182.9029996098685,31.480296637686877,40.91644875596022
268.4129583048004,187.49138687943358,31.238712902438735,40.84113487186856
268.49890804847473,190.27094096751327,31.06681341509001,40.94500044398656
268.608666641411,186.9276654588759,30.847296229217434,40.84330880991716
268.6777360154462,181.88829666206294,30.70915748114699,40.785896114204796
268.6074525172767,175.21019626112718,30.849724477485964,40.66481155350715
268.99950872062175,167.73649098048176,31.1891703714835,41.005964205859826
271.15655288807255,164.1853704285422,31.412284270856084,41.302401958327835
275.6055197460701,162.36654718394863,31.654047400867462,41.51266213026253
279.5734553816162,160.14401100931386,31.76547255799688,41.35927937769115
284.09233615570685,159.6236545586219,31.920434979649766,41.25090178284588
292.6210221883855,160.9802071046582,32.11246365260623,40.83771678921506
298.78076996423505,165.02433029520301,32.407389581711605,40.77682953227371
306.67816599626093,168.94974657089418,32.721301480524076,40.980348962323504
311.06498655074944,171.04977817288926,33.218321200052216,41.41561617258587
314.9131465797346,172.5355357676316,33.73694873990094,41.964792810738004
315.29857613409564,172.3240097128505,34.156481375626115,42.387844920300125
315.05175194160864,171.46381343559227,34.650129760600024,42.90455875086522
310.67207639346924,171.2187714741192,34.87225968960406,43.39464267381143
306.251554225842,171.67398944141425,35.09825329325025,43.71492827230815
301.7467676030153,175.93638446425604,35.432750193605095,43.865214571923296
300.94588692076024,180.84230530978,35.78749111745022,44.029536406195334
296.87381798029514,187.06378197443001,36.399921546219105,44.13942883049765
294.24966711640906,193.8002301521089,36.58073793712845,44.60211715151242
289.71511027546404,201.3277303454273,36.71148832200859,44.87002527403549
284.6484392684563,206.0006428650324,36.57970110936763,45.78932946148179
275.48253155792224,206.84794971220526,36.77981569233247,46.68495874400794
269.39527055985354,202.10368549952204,37.14552856099323,46.98885784800368
264.67215600102793,195.50839234293818,37.33298333503461,46.95262367030014
264.61269327363584,186.3069850050388,37.45190878981879,46.8030666951333
266.011450535256,177.81201236320587,37.30400510167465,46.57054155067398
270.7773316356452,172.67238922278312,37.004137997851856,46.299050577855816
276.05811238869484,168.58180992546968,36.921121064647636,45.3114826711996
284.43275835687393,168.97171294852905,36.98492838394699,44.53167662508086
293.1738394700301,169.82514501842826,37.45566596248034,44.107162471342846
301.9384465512459,175.1507282931408,37.89385250328773,43.7230820380543
309.32936086048653,182.88971344797125,38.5258587516429,43.658946595229985
313.60249220041254,192.5059768043874,39.034919575491465,43.83068453318472
314.1772869990469,197.4199742779515,39.189753648666056,44.4380789496029
314.129923194674,202.35840102934327,39.284481257411834,45.09182709490805
309.4710753132016,202.88078091470808,39.30636100799105,45.37504104023067
304.99392760155007,202.15593209864141,38.93169351885733,45.49202968487297
299.9881933589499,197.70395153183046,38.31513354191621,45.09646591412115
290.48784815368094,191.35188820717246,37.62858238120168,44.675764849268845
281.12292652810834,185.5888364943712,36.934279067338366,45.84232344020015
274.34612721979875,183.73094972008766,36.1693967823298,46.95473682483491
269.26648865863456,182.26268374434298,35.878403076841444,47.27870106937015
264.0498244953398,182.2647282149894,35.85988752525286,47.274612128077294
262.25404263251824,183.63495075957488,35.533103679991726,47.146398752842465
261.76316582216793,187.14811772701697,35.21603292854357,46.61418667870249
261.7946241929583,187.7344450106989,35.15311618696282,45.441532111338645
266.81422421130407,187.57788170269455,35.246868350050796,44.48803970237488
271.45198671559785,182.9432725890965,35.99980513808408,43.72879613295022
277.21875519992665,177.82863800850745,37.00719556026681,43.925323381455975
281.94463762686433,173.38989744160153,37.74233650609573,43.88926194052656
283.9216786705032,172.95523833631665,37.642130924493316,44.75858015109635
283.9607660249682,175.30991288667536,37.563956215563294,45.234985359869874
284.7719351828027,177.2274082255446,37.24413848495492,45.30755643731308
284.9004314481408,181.29307551324797,36.987145954278596,44.96707395387071
285.65494860277,182.68897504831824,36.767198826635195,44.75344924696
285.61298168547916,182.7837465640884,36.85113266121687,44.563906215419664
282.3947335611586,183.0335138555045,36.88419152099099,44.06437163258744
278.20115530063055,178.23910953619142,36.356664691800425,43.46497072807474
274.1225256254713,169.97215480159133,35.72341556878392,43.673650175367214
270.11473770577925,161.9911536299513,34.99753542079144,43.401519970662086
265.60502302214843,156.55098859973273,34.15411549143249,43.186144572401076
261.0286248266556,152.79446035081804,33.57988208311378,42.18804999583902
256.5396304799257,152.61839300586635,33.02771844985792,41.348915644902924
252.69047975232832,152.95581924478512,32.53985923210027,40.67406316706541
250.0939684572587,155.45927522301926,31.976907849630944,40.27193038868397
248.1380998699569,157.40794072234127,31.345042243620075,39.78230147550083
244.4126300574203,162.4259422813325,30.968975626128078,39.80959209795925
243.2742275649278,168.456801961522,31.02088603107311,39.98479292779994
242.56813569101817,172.9092113348434,31.31709993694944,40.00773291670119
242.38407293829644,173.0707481747556,31.68522544239289,39.68465923687677
244.19331662246677,173.22270803411908,31.433244545422603,39.38073951814984
248.2550720908654,169.8554986725184,31.103699200034217,39.43461630585782
252.3282558143074,163.30213352917175,30.719639236270517,39.23453376434495
256.46135516932014,159.0182564396524,30.1506292363996,39.00550084606421
261.1544338788794,153.73778091070537,29.459181790411257,38.69806443754563
268.87624694475613,151.25790791931144,29.007796701906663,38.30343861917314
274.3089786416114,150.9258242401045,28.717227522526333,37.91011655615399
279.02274166439935,149.37317369926262,28.710448883402584,36.82841879052571
285.60943174055006,149.58137123734502,28.92871786867866,36.41202371436087
288.5187087811788,149.67350744340195,29.27396125147419,36.22775130224705
288.391309595846,150.65968797565677,29.528759622139905,36.31552784294708
284.75074530919187,154.20083981521034,29.561108442753927,36.48200391653409
281.2255371611418,154.43888445192127,29.34118232950258,36.00591464311227
277.20083532840397,152.67149030319686,29.168592308437677,35.42970609729082
272.29094335201955,147.72288305913344,28.82736879151066,35.16591311572191
265.8072243120948,140.39357343150874,28.709896500599626,34.72655886624746
261.96698362685953,134.94503794428752,28.407375219393852,34.64700119463515
254.25020809819128,130.51685010324897,27.97266854961874,34.577481905211904
243.65917777969102,127.38708816701097,27.51403510856638,34.93499830185534
232.61563645081466,131.04194760421385,27.021744420456226,34.49726261966872
214.4726402370246,139.9919353771802,26.561226356933915,34.003528885310935
196.01295025874157,149.0881803073157,26.35363089713221,33.89853986891137
182.07362336197073,160.59309976344477,26.769533112774972,33.61649536594889
171.43996052859524,176.40065726375985,27.14936371346323,33.33262296441285
164.97841762727435,189.58935487962452,27.706497738821334,33.58958540683301
167.70844791062478,196.31803155341112,28.03152014308425,34.5949394866694
168.51907708629798,203.501562658449,28.380038722461336,35.00120425701976
168.41467734978846,206.77543641311684,28.588838195480392,35.430827825124744
171.82544127850738,203.041506658408,28.81451320884043,35.85148446374457
171.69138926820935,197.90013899034324,29.082617229436472,35.96568340851013
172.58256729927913,191.69314348160728,29.34615709307897,36.10429887128982
176.56504175996753,184.61428895494157,29.61593832120027,35.85123016299959
184.16020445618926,179.3777558455666,29.872752968377384,36.02620302200247
187.5203453229867,178.62468874461317,30.40900116417138,36.49569009113949
191.9502149277068,179.31623333078215,31.022001192244588,37.21765408269336
196.9938101348161,183.06644586622002,31.670134260511738,38.30548779780624
201.05594896972923,187.79208688111478,32.35176892337868,39.86159618388317
201.88482148514979,192.2181888080455,32.96538376629284,41.23051176192034
202.81797738763697,197.56316599758608,33.4323229322887,42.20681223769018
206.94668653878787,202.762000777063,33.49903927063401,42.51160150242552
211.62125711552127,207.3899805405329,33.709198406400496,42.814942264719036
214.04782517168888,213.59965658683808,33.667941476272325,43.62825792317808
208.70297561895563,219.17153259991028,33.4250361528739,43.417110325898655
203.90258093946875,222.81356714130501,33.36540836669986,43.37835410197006
200.7468973888349,220.11301521652996,33.64683163526573,42.749514118818304
201.23131634667328,215.48743180372523,33.87894885825201,42.3930398351235
203.57970901447374,209.03730449941145,33.97920885418178,42.1014197820416
203.6462341945617,206.74943963215628,33.84615849400581,41.8915014845719
203.61600519036028,206.4858570670656,33.90661650240865,42.41866661475325
204.78351674710697,206.28708652421844,33.9717990332011,42.8162077004476
205.36143927262273,209.21940213696513,34.02320696000196,42.987841364116235
205.39074954950544,213.29182831758527,33.96458640623657,43.31800411730412
205.46236887085269,218.1289570459822,33.82134776354205,43.362292379732004
205.5903710096224,221.70886749444827,33.56534348600263,43.48147072503073
203.2308105142734,221.77595069147708,33.44118134212001,43.34730433097312
203.27207051237178,217.0281143568521,33.35866134592321,43.18898312905159
202.67641826290188,210.5192068053233,33.34697877292963,42.973940440841545
202.64021245683483,202.74569651755635,33.4193903850637,42.927312108260274
203.23614062476423,197.89384089751667,33.42751119550705,43.031206177922314
203.2224425594879,193.84527651133627,33.45490732605976,42.71645337657198
202.73085879610915,193.33656121477685,33.24074464103184,42.53655375790539
199.17167207553194,192.80954567566027,33.212539693719606,42.39948843806077
199.7987119790718,192.63371385342813,33.147001162963996,42.75115208252502
199.76843270690415,195.23267142296837,33.20755970729931,42.324644015836625
199.7515760695046,199.9226067367428,33.24127298209842,42.44329546490545
199.75416991255562,204.65659822656747,33.23608529599634,42.49274074501055
199.78554426191334,209.0248166051465,33.173336597280894,42.08875770153187
199.8339776424923,207.90681029428333,33.076469836122996,41.95847221009252
200.39612727321943,203.70818067586035,33.13175175111859,42.09866321178935
200.9759364576192,198.3105941505524,33.1547585382055,42.25020985942718
201.5742009760533,194.45251082936178,33.1435476939121,42.8544673463599
201.57888409603103,193.66953767258676,33.13418145395659,43.22603963664796
202.20930038306275,193.1111028272516,33.073243678081134,43.14301452913024
202.24160425300659,193.34971891145577,33.00863593819352,42.66578236072196
202.35388520948848,197.76073393548282,32.78407402522971,42.16881508573971
202.44953441339067,202.06192431108056,32.592775617425346,41.81275001873463
202.51614605480313,206.35007207189412,32.459552334600396,41.42288024914219
202.6626126569119,211.71425141811616,32.16661913038284,41.14676436209356
199.93148588716974,219.93386440398643,31.867002021386206,40.84077620609964
200.0885756841098,223.81387225257714,31.5528224275061,41.08051489306527
200.2564015363133,221.54206600542625,31.2171707230991,41.05865057918666
203.26186006295512,217.7525295736582,30.884058226905132,40.68879706279723
202.79564990983704,210.90361091077992,30.691994053365576,39.768336151469065
199.05270952935956,203.3758189125525,30.426721649101545,39.32161381748578
198.65695253206607,196.63311266117967,30.122071909101177,38.55689777059614
194.47506241829643,192.47470073186784,29.84971270945303,38.23758220203236
187.1291399583451,188.5399864892692,29.558690067118473,37.54537208023694
182.9433094887885,187.08588072960504,29.49127881130438,37.288931526467564
182.46430298442056,186.6442252269336,29.399428817272423,37.1223795290426
181.9272625588211,186.73622246731554,29.427688600634724,36.93838504827869
177.29922371404868,191.01276104469284,29.292622095512517,36.73299162211703
173.17986011886262,198.24606466371716,29.226376145841954,36.800087379143186
170.060764237331,205.48352122838628,29.236116334181315,36.85822792416066
170.58659562677036,209.52896231988407,29.223577625051355,37.08033829915524
171.02735406680353,213.78872680775774,29.38438262059884,36.89938432831839
171.47413649838623,214.3254224852625,29.532978048064145,36.86815326393957
175.05008441116826,211.2722887650367,29.689717901907986,36.70987583632718
177.78746648778343,207.30271615482732,29.435957863031255,37.33961529665094
177.75599039829945,207.0185567938488,29.49891004199921,37.907934018607996
177.64928813132659,206.23250044034194,29.71231457594495,38.42058865104761
181.91546569679204,206.64433681591692,29.74608631138322,38.66768175819379
189.91936913858302,209.69201411612298,29.864622102355717,39.02286422760344
194.09462826980987,213.72358508511599,30.173647160174944,39.61926560989039
199.74056003158475,218.20272081710598,29.84760029558716,39.433647473079944
211.85450024566924,222.5970539224337,29.565161901815404,39.352414729478035
223.83306916237615,226.9768949947904,29.42471004887682,39.25334566857381
232.45838379866677,230.29989344135197,29.434428729293813,39.079979257824995
243.80004333991837,226.15502064522283,29.353213870316353,38.75939943159727
255.4669807019551,217.72350559207382,29.56108802370943,38.501157627010585
261.13363032191467,206.98274000394673,29.99264402662873,38.59204290719495
269.12199032383893,198.31895685948615,30.185162503337438,38.67242148352165
277.1528581178315,192.34715521574788,30.3580790638299,38.71061319544796
285.69406165222006,188.31532081681922,30.646964413537177,39.17434156021836
293.74587057393876,187.55044721558522,31.005787932963457,39.606592671828736
297.46275436036103,187.74396207844165,31.341613412369824,40.329504810723165
297.3253701078548,192.37992521899355,31.616381917382327,41.19570138700112
294.3086928879672,199.77634476811647,31.92891919603939,41.27698690766228
293.02660472413794,208.24153653367253,32.19210212510846,41.60405386597083
288.33505111939246,217.02314730628217,32.29697900383486,41.43751419093525
279.6686897107936,225.36021507702404,32.24559520977151,40.98854481996178
270.6441831495697,229.1376645340352,31.874815428444258,40.34106824485515
256.1266148429339,231.21750550074887,31.392086970628036,39.58729381963018
241.92273902608787,231.80541474844244,30.785883472004112,39.527396675485996
224.96086682909385,232.8561060526253,30.44984216519949,39.636322822010115
208.8356790678801,237.08082528367797,30.761175322736634,39.997654667460715
200.3000748607813,239.61629484415374,31.153338287529557,40.48639736297743
195.00925659387875,242.7014704509379,31.60287574652667,41.070778865947744
188.0714407114973,242.73824567907604,31.77407168662571,40.99722840967152
178.9467937165796,243.78858260400196,31.724144685932497,40.04025587172765
165.93564897278847,240.1292773736318,31.796696974186503,39.46112022832462
157.96307657932482,231.26493259798875,32.05419239855816,39.261067650975676
157.75583820222343,219.87332929755962,32.4686691527609,39.61146665804813
162.15583166548035,207.03074715937043,32.738490641790825,40.35465779168125
170.69533245282472,197.77951129018533,32.90213841988562,40.46497022041568
180.88493368230473,193.60921441229638,33.29226992359959,40.728600768487
189.5114209389988,197.47127966936964,33.502467272009454,41.15395045651293
199.42532588544003,201.2954903871194,33.63515488164582,41.72455740440344
212.3701186118137,209.47586627473447,33.816813395703846,41.95459724441312
225.35325174640286,219.07528849731548,34.0641821473063,41.8202146325462
237.13800753231337,232.30786874288026,34.364037635129776,41.611357907025614
250.94685542870448,242.4905098533558,34.23367110142287,41.56279731234764
264.76821816919846,251.3101403393021,34.01267950765694,41.80727583212151
278.55690290870007,254.8405587499451,33.861352012771626,41.90105865886631
289.51110108283854,254.75050169248428,33.39866347945634,42.08117277378796
304.54653520410966,249.90958820664792,32.9950740904785,42.26947051232003
318.951559103714,245.24825871629025,32.577425135576775,42.127996544933126
332.61978968915133,237.92090514083316,32.244283711211565,41.51995775216801
349.56066996231027,234.75636889842482,31.983478113664717,40.89297059241136
361.69553520663624,231.59931319314816,31.76955115028585,40.33399528145805
370.20663053243,231.23807305765297,31.749629887281937,39.92299092654288
374.69931834227174,231.1867398930066,31.77918558522291,40.0256572558356
374.72287139487514,231.58810598274457,31.732079480016033,40.35184415032916
370.79017140422087,234.6329564767203,31.665436096906802,39.92788842267619
362.5098133807218,236.15827083054776,31.34252280891112,39.128410293020394
348.3112097016506,241.41417540603825,30.929550154036924,38.589355761929745
329.08249427851035,249.7561791864997,30.034542996444976,38.30219736928714
309.05241391660616,256.5618255639864,29.27516715075619,38.65548291440489
290.1401163558834,260.15402222491736,28.679799978800006,38.941637816259885
273.11147522981685,256.86748523276896,28.75837499601411,39.14370419400941
256.26348470919214,252.0557337289173,29.402381014508066,39.171472517686894
239.8508919402301,243.98545645629844,29.912762708857635,39.1546251411373
224.00755780510352,239.54375350046615,30.127519606262844,39.35612446718872
211.20450928548857,234.54343095018385,30.62186878492566,39.530433448400984
202.79944173368997,229.4134019879989,30.894031849120346,39.86770814912937
198.34886707363498,223.22728892413812,30.898255598352968,40.00666161689465
198.43637111272193,218.55015842459014,30.72324752017908,40.446464856567104
198.47814703762546,217.90068293206573,30.639695670372035,40.62725096317445
203.06953561818077,217.4692628904388,30.413362067356488,40.3705356016664
208.74915008373864,217.60291378314867,30.173597088782174,40.1032338162467
216.07054089749198,218.96747494666835,29.882249970894073,39.5820244906871
224.46251643498348,220.19989918599637,29.467140278128014,39.29968819632664
236.57673198098777,219.45795707496006,29.002473911235832,38.623230170661444
252.5465385958448,212.9263464212875,28.931081278146433,37.87688921946919
260.76503184774924,208.4653231370798,29.289828486318314,37.3513355748954
268.3566721999027,201.40006908971853,29.819733632070452,36.8162035428963
276.4703419594394,197.8971177574914,30.359398619645958,36.48654173569159
287.7928396987214,192.57030944378664,30.849291747224157,36.62429990576375
295.46542515411966,191.24812850073107,31.42816301967639,37.14545616744171
300.1324523473719,192.6263618691183,31.804755535577435,37.62587173146902
308.10441549609806,196.4704539174402,32.24734764635777,38.67716411921595
315.68950713737377,202.11519345750258,32.69799191260461,39.66119239886126
321.71497608123894,210.34495413879097,33.1671979444604,40.27459456299297
329.1242091918702,221.28932748022078,33.36644719196622,41.49002552439234
334.93958730901585,229.75897496850055,33.50674498217803,42.20731158458734
340.19612781186265,236.69150153107918,33.70706224746427,42.626789487403094
344.8852706948263,238.87294136859163,33.929211743269036,43.06412744324416
348.9865901889342,237.49934871573183,34.199079820714786,43.390596444489056
353.1221978079482,231.683666023959,34.46604013877759,44.04430754163221
355.99242092151985,223.81200143785676,34.895998863806,44.97866482862474
353.88467910903967,217.9139451624013,35.34540004647219,45.476530052653246
351.84243259898665,213.0878832948718,35.61904124754028,46.23666620995719
348.4800225827108,209.07779558546022,35.91209966089023,46.538727685738266
343.1987633759765,208.92543530526325,36.108703318870774,46.843448246132226
334.56318670490475,208.77358402164322,36.43311336546191,47.14715081337226
325.87643637257065,213.29612194434347,36.730876486162195,47.29670287626227
315.80589890505985,218.52127270171252,37.06218525690173,47.41160998247455
305.72657907250675,226.52659455055283,37.303860474731216,47.33453784261535
294.911789499708,236.70092150485794,37.64470311048055,46.94407441198779
283.65133390361376,242.76892276581998,37.554037822334664,46.778906497299516
269.0646017517952,243.15028505001854,37.55352192846263,47.34227193788006
258.3841024878635,237.3794000555104,37.55903264226094,48.20629801986384
244.09964679851413,230.5199159502701,37.81930022357905,48.44495966016307
233.69535595090736,223.2244690486326,38.289180756315396,49.47671935511992
224.55887957272893,217.33859493904316,38.630842701582736,50.213827075166904
213.8202161673747,211.13433293284302,39.16587707661297,51.4531284552054
202.76181461155116,207.88694040997075,39.92586718323513,52.2527633662766
195.8288141466574,206.8625520430815,40.75641795432993,52.85315674908924
189.63942010830317,206.2079442161334,41.36651695609866,52.69128626861803
184.25749638388373,206.58690580245468,41.7805934904342,51.93336309597544
182.2164046561905,206.77721557369378,41.441846343717756,51.55274355349724
186.90092758964076,202.1154850863224,40.84669723155919,50.63999164770775
192.15346124813806,196.8198352029695,40.412320811100706,49.721930389800846
197.97077549031542,186.6411682325535,40.11803586940033,48.81612018815594
208.60545364996656,176.2218889701758,39.83161365264753,48.67174461036181
224.6079269846747,170.73914906705545,39.84299844725925,48.501109124766685
239.15935065456443,168.0049338917413,39.921214437631676,48.411241698223165
254.20438493402423,169.46936121165794,40.39915687132439,48.26129714862739
264.8638552354037,175.17207408147448,41.39788865929359,48.014707604358414
274.41741366118924,180.68963057475,41.99028580751983,48.23645976054869
280.75064201737933,186.2832742475324,42.10420872166413,48.40950986078339
286.54047750143246,192.6812868670971,41.920921691166576,48.43441655146374
290.3848549026465,199.6407214133804,41.342137473985964,48.73548862939219
290.69109951285526,203.7372201511592,40.72964825356847,49.04659262945849
291.02221080418275,202.180833716382,40.067425670913515,49.33480240922823
287.7735891428116,196.64950546313764,39.53458505287195,49.149324610462926
283.7334858337218,187.63635520246714,39.24753040580499,49.04655905710309
283.10741746958604,177.13744272945436,39.11135145627901,49.21964883616728
279.55259034149657,167.72145326555346,39.27720359592152,49.99774226097414
274.4788484380828,162.61728292938972,39.60111016540522,50.3825056959578
269.2331562131203,163.50368238317208,40.190856932295844,50.024226457398015
268.28310433643844,168.48271591141918,40.67236217996168,49.99634894078913
267.58621399508957,173.4429081274802,40.64017787246185,50.05771944004983
267.68873279580197,178.72699448988317,40.435140271037106,49.47425654200206
271.6061573208879,184.59523311783784,39.670821187420955,49.05062723258206
276.925920273862,192.0354843429528,38.797938381359586,48.12247206790464
278.0557902889273,202.82548890424388,37.90505318978382,47.04528552364559
279.0330813120002,210.1768987583482,37.286334438412936,45.701098763185705
279.96510301007385,213.29539275890286,36.72749906565077,44.68494285561677
281.4781091027171,213.1763525310646,36.26259432567693,43.64246958863701
286.04931170858487,206.82211589525377,35.919224344366995,42.52388749816126
290.53543763087833,193.64438626372836,35.58657859027921,41.72629904821432
293.6389176579164,180.60484956490075,35.46244579369395,41.04093251290957
293.70687682064954,171.26905818993995,35.32652746822771,40.44888949541776
290.7942969955424,162.5099011697532,35.188527975916976,40.07772610821628
290.2538444260277,154.68617072308402,35.08476312890676,39.139807196999485
290.2872764983459,147.20624070551187,35.017898984270396,38.90975618082779
290.2852817066298,141.7464446069595,35.02188856770251,39.35504345390933
285.5943655933409,140.9113194719317,35.03737503639875,39.85450050422977
277.3850355005468,140.75008649977184,34.952981794598394,40.176966448549464
272.75452758845614,140.3583691472843,34.75452929431931,40.96040115352459
264.5652960420871,143.43995980870926,34.453960821852746,40.75401681824777
259.3882094061036,146.82773689427273,34.158089622122716,41.078492294918846
254.6901990209387,149.93219744202312,34.08551564143698,41.971017262679716
249.9649807644235,151.45987178984979,33.966910445328246,42.50405920795353
245.23722879732495,155.8922053204092,33.803297305189446,43.25850922117065
236.7956079289163,162.9223974937832,33.72853643560793,43.73355567990738
231.36081271275043,170.74831563813927,33.642165788786656,43.90699650552727
225.85009313226016,179.36872305796214,33.69648313152365,43.726148938704895
220.47471689839782,188.0080288645597,33.496992217288536,43.48124925300274
217.01322432110024,194.65161788270436,33.161753915721924,43.50081421967659
216.52149490503518,199.23514523992083,32.940676165188364,42.765515583889496
216.56226011724942,200.06457287048113,32.859145740759885,42.29637127088094
219.71938894609337,197.41336984657056,32.45097017147424,41.692695230299776
225.666490986437,188.97242181384573,32.210235710360884,41.09438686638857
234.84807990531684,176.0544971877294,32.28357050155951,41.5800312538036
240.4576377513021,163.3503366455962,32.67346272932678,41.44853491464684
240.7769321374369,150.72339630110724,33.20010272894483,41.06738262209593
240.62064544531867,140.16890033307408,33.51267611318125,41.153724442242805
237.5493506678787,131.0359822324713,33.78372296230681,41.804932526185205
238.0229390103791,125.98341685454045,34.02524206605099,42.40049697208747
238.54632832060165,122.17002498973181,34.18021030523291,42.81679954394254
238.57076710308476,125.92891516717663,34.13133274026668,42.562876293179094
234.33643428386563,130.42380117988017,34.15830110038958,42.014801546087355
230.22836295359815,139.08187844806486,33.98858208591092,41.47037035974509
230.3322470048309,148.38890553584827,33.78081398344548,40.65934789529274
230.36773380846446,158.22395730777254,33.70984037617831,39.725790954504255
233.36777864295405,171.90432923851216,33.48723110672048,38.94145693082307
234.59785869749783,182.91649388231806,33.30667190075545,38.57333622287572
237.51609304591096,187.92546616753842,33.12624696128073,38.73627041566779
237.61579214847134,191.9802910844276,32.92684875615999,38.542435813397965
235.51965887542434,192.58584214342062,32.62058876513253,38.45596532969229
230.2329541926643,189.26621949550088,32.0102747635905,38.38497660529453
222.60758109996274,184.8724335255528,31.75672513136005,38.31295093511433
218.8667312190117,176.51847073027622,31.52266628680226,38.48710808325349
214.61229737856567,172.7338712050961,31.222322058262982,38.34824671286128
206.58182197846375,172.27446710695756,30.87084623017912,38.172893133919246
202.22187455884628,172.28475940637895,30.90448734001206,38.152308535076415
201.77035816874968,175.29146027165467,30.72150998014773,38.65496764486996
201.01388813763313,177.81744397911527,31.14369441641236,39.05677835979115
198.98013876917747,183.12443056487365,30.7961451206408,39.480425269981666
199.03041191882897,187.97137868790026,30.695598821337775,39.72795728566993
199.11617477188835,196.00538208260556,30.52407311521902,39.154444611036546
199.2556312577114,199.67103048415422,30.245160143572953,38.3943071577305
199.33585547392508,199.64634597027657,30.084711711145598,37.36464589837429
199.9442543448205,193.36234747884,29.928560723629538,37.20488182994985
203.1885702060701,185.13924473639022,29.773924784392793,36.7604318928161
207.40795126036855,173.96853252092444,29.70588270627433,36.082376239931946
211.58211299969324,169.10683643854662,29.636105209847255,36.49240417468755
215.72603978339262,166.12535381888097,29.668200081599366,36.21540808465568
217.644265810496,165.98733117617232,29.976770326833716,36.491453370072975
220.13104420970535,166.38325374852235,30.230643535156133,36.74509422672108
224.2755559775194,170.45603952586498,30.369523834798635,37.0274265073065
228.3949815813813,174.5142807063677,30.611263033391033,37.391534552617216
228.3159820900442,181.73811840407575,30.769262016065234,37.91795953275321
231.5647195130129,188.9989812776873,30.753124881094976,38.51935511112021
231.56838177373072,196.42087745324554,30.74580035965934,38.92422144948783
231.1358631126616,204.43350773037497,30.51556347290704,39.32807402858692
226.34797839813373,209.219353818495,30.211953634031943,38.53805231272988
222.17411230705906,213.46461151250128,29.91416182066955,37.612370420790086
218.5668523562842,213.78078615271062,29.69691500959675,36.98002114037138
215.51156901574782,210.3913052477766,29.51670181141856,36.41973975778002
212.87800819598948,203.21848937283576,29.599095676689245,36.24813373977281
213.34663930997502,191.91594227888876,29.69747519829944,36.069109436877554
213.7852401443389,181.34443827040792,29.854751904313233,36.52254995900857
214.68735788241736,169.70438408636062,30.13850143498307,36.83482325200885
214.12141905690518,160.31753738275359,30.216999858625723,37.70106979373408
209.79063097632172,155.52244227090023,30.334965922990026,38.747649920638146
205.71151669856238,150.83951791083126,30.891917865460385,39.4263253687209
201.4774624669722,147.2856816970792,31.622695056493175,39.901999562955595
198.7994402370372,147.55161815602008,32.48079946625002,40.494611657602164
198.48072144075007,150.8993378306372,33.11823705882429,40.6840847413796
197.61060430462962,155.13708614094827,33.697757844579826,41.49429601264018
197.41427856936014,162.47576488955232,34.090409315118805,42.18988575953147
200.33334629180044,167.98383839674528,34.250125717182975,43.16944243903512
204.59123668573318,176.59079053270705,34.25461428589601,44.21325821692269
205.1233447230723,186.3241665201403,34.42362226098242,44.478091038290685
210.08878143172024,194.48787416826292,34.41292458325115,44.27096131883789
214.21265725239877,198.92633756647345,34.82195158881422,44.050813169337
215.4407440534228,198.5556448482942,34.84570447534494,43.55223536140609
220.31806952125623,191.93769230391473,34.95272067564175,43.22834813821491
224.9528384781826,179.76639719127746,35.51896140677495,42.98149175102452
228.7238301396407,166.224957323203,36.62079042124014,42.89810414111757
232.7517953445921,153.6892870235886,37.323891457128894,42.94364060951358
240.60965550924817,143.9323099465134,38.03082243712298,43.508381714464385
249.12203055612034,134.60109843079763,38.97307605802806,44.2038010312466
252.60095661310413,124.3511482018209,39.870570306036115,45.06533558426089
253.9355331047696,118.53988291270178,39.87531281777658,45.99228418221361
259.0696763409431,116.49660207597844,40.418126841369634,47.37607073167532
269.836029539205,111.3854865041884,40.989418138629006,49.30930274008664
274.30648024442246,107.56448355552025,41.992137819549356,51.26923944236282
271.5895736810875,112.6121639494029,43.025354798585816,52.908801714953626
266.5307177678525,119.93006643473282,44.09045617888172,54.86944922894622
266.8799455258718,128.5195274952308,44.94811147571409,56.363856862401704
266.7459454435665,140.888459943982,45.21611164032473,57.11287095634684
262.7572922393224,157.70616312076885,45.14964271327111,57.26132101204871
262.8783666204302,169.73752432808507,44.90749395105544,57.347832723940755
261.35840762931247,176.84327654656613,44.73273585258099,57.602370650173654
254.00914393413365,178.39943348760764,44.95577720799317,57.70683144252297
248.90341882150287,178.59570675089822,45.485546954563624,57.3142849159418
249.32093782012743,167.75383529973985,46.266722430525505,57.987252666515545
249.01943190682948,156.02158520763285,46.86973425712144,60.14216557639219
242.59965274534252,148.16899349008332,47.935410189913945,62.39148342271248
242.95641144426452,139.57058941607883,48.95559149390999,63.98500325416188
248.77769063803953,132.64425526826244,49.73558753673499,65.4151171194196
249.4836096335231,126.45733501534787,50.13293881676643,66.93382199925735
256.7796274402429,125.76020281113185,50.251451063418685,68.32808640768941
261.32239688965535,124.93191926098677,50.475721484462866,69.98465350797956
263.2667344708808,126.47363302237717,50.36861431928094,70.68279398246776
