76.5,79.5,64,52
75.71601992977517,78.97906120710968,64.56796014044966,52.04187758578064
75.5034991081408,78.00943306864835,64.99300178371841,52.14740907144363
75.24997645102806,78.01675106813676,65.50004709794386,52.132773072466804
75.19486084459157,78.09630582137791,65.61027831081687,51.9736635659845
75.14777683247729,78.18685097568428,65.7044463350454,51.792573257371785
75.09715849765003,78.13666143993831,65.80568300469994,51.8929523288637
75.04257272434833,78.1524107136664,65.91485455130332,51.861453781407526
75.05697185996249,78.10730560923032,65.88605628007502,51.951663990279684
74.18725322783729,78.08393389327864,65.77302785925492,51.99840742218304
74.15949605593573,78.19904314619839,65.82854220305803,51.76818891634356
74.1154791724466,78.28570352256729,65.91657597003632,51.59486816360576
74.14765065352721,77.41201978592852,65.8522330078751,51.49510085054415
74.03850720014786,77.47345702623343,66.07051991463379,51.37222636993434
73.98095639120723,77.51679196824058,66.18562153251506,51.28555648592004
73.94750395677,77.57668307798889,66.2525264013895,51.16577426642342
73.95982089006387,77.70207623116096,66.22789253480178,50.9149879600793
73.94260840933042,77.74561545402429,66.26231749626868,50.82790951435264
73.93861245832605,77.81152416773273,66.27030939827742,50.696092086935764
73.97240769807411,77.77331026945942,66.2027189187813,50.77251988348236
74.07368175010714,77.79575751099131,66.00017081471525,50.72762540041859
74.20690055759775,77.7524645652461,65.733733199734,50.81421129190899
74.2478026939537,77.8446863309518,65.65192892702213,50.6297677604976
74.1040985430075,77.92436144702688,65.93933722891454,50.47041752834744
73.96673913442669,77.98118307567867,66.21405604607615,50.35677427104385
74.12965759838487,77.98342955710818,65.88821911815978,50.35228130818484
74.01014908977153,77.97129447883579,66.12723613538645,50.37655146472963
73.87595084298181,77.98546416283165,66.3956326289659,50.348212096737925
73.1359542598558,77.96278081940433,66.04148742090058,50.393578783592545
72.98457096956004,78.06967672576621,66.34425400149209,50.17978697086879
72.90561019090568,78.07890451269378,66.50217555880081,50.161331397013626
72.8013609796835,78.15171146349785,66.71067398124517,50.015717495405504
72.84549535564997,78.2264004168033,66.62240522931222,49.86633958879461
72.76304245767959,79.10044828924465,66.78731102525299,49.94796154948924
72.7316554125806,79.23498140359867,66.85008511545098,49.67889532078121
72.72043699534993,79.30141971253738,66.8725219499123,49.54601870290378
72.69104765629912,79.40198474403262,66.93130062801393,49.34488863991331
72.75181225191436,79.42238366648948,66.80977143678345,49.304090794999595
72.9563431347432,79.34473430565183,66.40070967112578,49.459389516674904
73.08098128959925,79.39391219563556,66.15143336141367,49.36103373670741
73.20190478052183,79.38757020523721,65.90958637956851,49.37371771750411
73.22851371885687,79.34516005404173,65.85636850289842,49.458538019895094
73.40307068645345,79.37090619997721,65.50725456770526,49.40704572802411
73.516833957004,78.52129207521611,65.27972802660418,49.30104585039555
73.57375323671336,78.51242887755296,65.16588946718545,49.318772245721846
73.6341453361851,78.43268519997825,65.04510526824195,49.478259600871276
73.55852540425285,78.3696159445584,65.19634513210647,49.604398111710964
73.56648416878903,78.3842714742196,65.1804276030341,49.575087052388575
73.663129314353,78.43501870982094,64.98713731190615,49.4735925811859
73.6164287930359,78.49184880420285,65.08053835454038,49.35993239242207
73.53463104069479,78.5126205947652,65.2441338592226,49.31838881129737
73.60868876385919,78.44080900633244,65.0960184128938,49.462011988162885
73.55745250175963,78.39051343841163,65.1984909370929,49.56260312400452
73.5837336988488,77.55175836326005,65.14592854291456,49.43705042433862
73.71153231966571,77.4217934255231,64.89033130128074,49.696980299812495
73.77740113680727,77.37979726406724,64.75859366699763,49.780972622724235
73.77554987191769,78.22177837044495,64.76229619677677,49.896923605139534
73.72975333019842,78.34925160831541,64.85388928021533,49.64197712939861
73.72712438936915,78.41950444146471,64.85914716187388,49.5014714631
73.80375114798207,78.76569165753878,64.70589364464803,48.80909703095186
73.8115808595044,78.90399381007217,64.69023422160335,48.532492725885106
74.13635138264732,77.95342502043209,64.04069317531751,48.65514006713145
74.3701203248869,78.09062783361999,63.57315529083836,48.380734440755646
73.49496986693941,77.96896327559764,63.56446587152092,48.62406355680032
73.45788895377274,78.00624681347921,63.63862769785427,48.5494964810372
73.17447443496368,77.17973228635503,64.20545673547237,48.4397829593008
72.01531281306424,78.97464453675795,64.75418811440072,46.619550323365516
72.07364676256321,79.2914657296863,64.63752021540277,45.98590793750882
71.22520776785623,79.53915368039176,66.33439820481674,45.49053203609787
71.19494806877991,78.44258514375102,66.3949176029694,45.930311377654064
70.91752815036229,78.21045127395938,66.94975743980464,46.39457911723733
71.14728698208899,76.83424764465107,66.49023977635125,47.36938936084515
70.37515096682081,76.50951051948994,66.24777889112443,48.01886361116745
70.4868216550933,75.62694003195969,66.02443751457946,47.99026354773282
70.66094872373313,75.52194685872979,65.67618337729981,48.20024989419264
70.66957718802105,75.5535335069113,65.65892644872395,48.13707659782964
70.90198032245871,75.35247710412166,65.19412017984864,48.5391894034089
71.14150753139843,75.42039344498843,64.71506576196919,48.40335672167534
71.38807103519032,74.82544247335323,64.2219387543854,47.816502440755315
71.6796208057389,74.90955074639427,63.638839213288236,47.648285894673215
71.73237660396697,74.98261247247596,63.5333276168321,47.50216244250984
72.00523155434682,75.08985048533799,62.9876177160724,47.28768641678579
71.97124577057679,75.50105810456404,63.05558928361249,46.46527117833371
71.97709730007972,75.62859792630785,63.043886224606595,46.21019153484607
71.80364245386869,75.51945177177723,63.390795917028655,46.428483843907316
72.02168328667662,76.15962686375163,62.95471425141281,46.87240605946656
71.8600802701796,76.06525683271431,63.27792028440686,47.06114612154117
71.85653453498718,75.9850019597825,63.2850117547917,47.22165586740483
71.85677868685687,75.72323023828034,63.28452345105232,47.74519931040912
71.6398060251359,75.55636205877488,63.71846877449427,48.07893566942006
71.68422491802096,75.50688105086519,63.62963098872412,48.177897685239444
71.66821009983367,75.55336606338557,63.661660625098705,48.08492766019866
71.75051487108259,75.60131296365553,63.49705108260087,47.98903385965874
71.78200015616574,75.4638201216431,63.434080512434576,48.264019543683624
71.99684130099592,77.26198558088831,63.004398222774185,48.177618260522124
72.08584251553592,78.09604910631363,62.82639579369423,48.256492568778214
72.09315224689095,78.05303905090935,62.81177633098416,48.34251267958676
72.27403458883867,78.09276221565331,62.4500116470887,48.26306635009886
72.42765657424454,78.02836078711897,62.14276767627699,48.391869207167545
72.35246500652333,77.3365868449258,62.293150811719386,48.038084853453284
72.28295562466872,77.50865773429601,62.4321695754286,47.69394307471288
72.37436409686265,77.59197945779465,62.249352631040765,47.52729962771561
71.57209914935962,77.63154651626135,62.12900726663099,47.448165510782175
71.53422836919069,76.73586053016325,62.20474882696887,47.517788914629264
71.5635806646203,76.63800362419205,62.146044236109624,47.71350272657165
71.45905851591786,76.69144501034049,62.35508853351449,47.60661995427479
71.47893447012652,76.69542507975729,62.31533662509718,47.59865981544117
71.51590755393013,76.62455480948444,62.241390457489956,47.74040035598687
71.55278605343756,75.79035091013313,62.16763345847511,47.68057921085683
71.33555630670226,75.97469576297698,62.60209295194571,47.31188950516913
71.18407309771405,76.09751102367143,62.90505936992214,47.066258983780216
71.34331591148823,76.07790593727758,62.58657374237376,47.105469156567914
71.61348503367296,76.24585970609823,62.04623549800431,46.7695616189266
72.01724438538761,76.27431533278508,61.23871679457501,46.7126503655529
72.10789977104065,75.26954973199982,61.05740602326894,47.02601212776679
72.18635889202926,73.4448777872105,60.90048778129169,47.27833292162229
72.37213962904156,73.29414574702275,60.52892630726713,47.57979700199779
72.25458475872871,73.14249773168905,60.7640360478928,47.88309303266518
72.1991340775349,72.80694997882969,60.874937410280424,48.5541885383839
72.26611622337117,73.59003352260925,60.740973118607876,48.70858188337152
72.25484379941663,73.59108003261927,60.76351796651695,48.70648886335147
72.19642405973121,73.87222471145398,60.88035744588779,48.14419950568204
72.10236850454017,74.30848251107126,61.06846855626989,47.27168390644749
71.80332899950258,73.60437541185146,61.66654756634505,46.977216102469114
71.81582868714055,73.73226878421877,61.64154819106912,46.721429357734486
71.15896336842971,73.92912249763361,61.25282394331546,46.327721930904794
70.5906636712512,73.83521116271447,60.69932245598386,46.51554460074307
70.50203189804449,74.79352219057556,60.87658600239729,46.283647869308965
70.77880499253152,75.7021433954855,60.32303981342322,46.15005174967429
71.06376286383016,76.09399253269628,59.753124070825955,45.36635347525273
71.26796876821085,76.12707011651678,59.344712262064576,45.30019830761174
71.39535116573552,77.0180916781128,59.089947467015236,45.162391852411446
71.48109863439367,77.02251002297581,58.91845252969894,45.153555162685414
71.58051474100219,76.87262673176235,58.71962031648188,45.45332174511235
71.51240926103081,77.46424495739821,58.85583127642465,45.90727500535368
71.47753998296703,78.15466884651343,58.925569832552206,46.17308647504318
71.42618901127537,78.83018978768357,59.02827177593553,46.47409274310767
71.33966231375923,78.94724981994885,59.201325170967806,46.23997267857708
71.39518916750085,79.71083252529107,59.09027146348458,46.37016081776774
71.40290493639071,79.77199437770707,59.07483992570485,46.24783711293573
71.40364041478401,79.73554291381662,59.073368968918274,46.320740040716636
72.14918405773173,79.7683749282771,59.238991124857506,46.255076011795666
71.92903050287212,79.72360613011001,59.67929823457672,46.34461360812983
71.84032798329639,80.50308923206347,59.85670327372818,46.452010638305495
71.75902949095942,80.52642033047326,60.01930025840214,46.40534844148592
71.6231497544133,81.44642745439108,60.29105973149437,46.23788122899383
71.60401385352505,81.35748032400292,60.329331533270874,46.415775489770155
72.433854029339,81.30867833706485,60.34710272004597,46.51337946364628
72.39557621757407,81.37517476496541,60.42365834357582,46.38038660784518
72.35781755336353,80.59417458731416,60.49917567199691,46.26407227450431
72.31343976036143,80.73056538884605,60.58793125800109,45.99129067144053
72.3519781918518,79.77799806859176,60.51085439502039,46.22195221733701
72.44613631956695,78.87207199564403,60.32253813959008,46.35674260708935
72.33799744334551,77.98243056527002,60.53881589203294,46.45963970548037
73.23340418492779,76.92805638098547,60.42936669167706,46.88702379124077
73.19368432747606,76.93275855724502,60.50880640658055,46.87761943872166
73.24751901991334,75.94084245775474,60.40113702170596,47.173736333568876
73.2076612102623,75.09673684081878,60.48085264100805,47.17105975927511
73.12414601271752,75.16765754578181,60.64788303609764,47.029218349349044
73.1043232277423,74.3353232922093,60.687528606048076,47.00157851152386
73.05021523177899,74.40062715857715,60.79574459797466,46.870970778788156
73.02298661405243,74.45442444478954,60.8502018334278,46.76337620636337
73.05267463800627,74.56094811270536,60.79082578552011,46.55032887053173
73.93956594057755,73.61161230493529,60.70373201503209,46.76231165141731
73.85144094485608,73.65144218349323,60.87998200647506,46.68265189430146
73.84982021271881,73.67269375827843,60.8832234707496,46.64014874473105
73.89706857915233,73.55241773057058,60.78872673788254,46.88070080014675
73.87710848457841,73.6570495304453,60.82864692703037,46.671437200397285
73.85758462511795,73.59223292313229,60.8676946459513,46.80107041502333
73.92087438758324,74.33404063937863,60.74111512102074,47.00940457014146
73.85031226786386,74.42505726776662,60.882239360459494,46.827371313365504
73.90943483014966,75.17565878230462,60.76399423588788,47.01876854117947
73.91374575918051,75.15014030927547,60.75537237782618,47.06980548723777
73.79871683044179,75.24614520089165,60.985430235303625,46.877795704005415
73.82952944522731,75.22001251387735,60.9238050057326,46.930061078034
73.84026837486779,75.18230777665485,60.902327146451626,47.005470552479
73.87004648356415,75.1437738997433,60.84277092905889,47.082538306302126
73.92943090499617,75.02236690000339,60.72400208619487,47.325352305781934
73.87660297348788,75.03538834877844,60.82965794921144,47.29930940823185
73.87697509909022,74.13752997583954,60.82891369800677,47.39554386111521
73.84350813709848,74.16489153829919,60.89584762199024,47.34082073619592
73.67853055731464,74.1814316473436,61.225802781557924,47.307740518107096
73.61861191469536,74.10278722680508,61.34564006679648,47.46502935918413
73.45334722937193,74.95065972207098,61.676169437443335,47.47934903011655
73.45207823918861,75.1382133171159,61.67870741780999,47.10424184002673
73.49917523132623,75.06187609225634,61.584513433534724,47.25691628974584
73.41810005318705,75.88826695956011,61.74666378981311,47.31445609810277
73.42643439500385,75.9735060925719,61.7299951061795,47.1439778320792
73.35182621254876,76.72375607507081,61.879211471089675,47.35417762071016
73.3733418745646,76.851158739795,61.836180147058,47.09937229126181
73.3630350456558,76.87511389780072,61.85679380487559,47.05146197525036
73.27965284185197,76.90432505140231,62.02355821248326,46.99303966804718
73.27303175588915,76.98185289893527,62.03680038440892,46.83798397298124
73.19745556797682,76.92990525503762,62.18795276023358,46.94187926077654
73.17387298903363,76.97657986094976,62.235117918119954,46.848530048952284
73.0646260290907,76.9755296864705,62.45361183800581,46.850630397910805
73.06767218344666,77.02106984853528,62.447519529293885,46.75955007378125
73.11424366037105,77.06692681060444,62.35437657544513,46.66783614964291
73.09089889603948,76.02162805874227,62.40106610410824,47.04599717049316
73.16490699721872,76.11805641162127,62.253049901749755,46.853140464735155
73.28647762281507,75.13874596708291,62.009908650557065,47.09783778476748
73.12006478730883,75.29745141576691,62.34273432156954,46.780426887399486
73.1014087736675,75.45331779260684,62.380046348852204,46.46869413371962
72.01851539530463,75.63321713312129,62.83626438371145,46.10889545269072
72.00795461166493,75.83934601430191,62.85738595099083,45.69663769032948
72.00695069873362,75.77282385383707,62.85939377685345,45.829682011259166
72.0547617217864,75.86039896925965,62.76377173074789,45.654531780414
72.10126444786783,75.77480373737258,62.67076627858502,45.82572224418815
72.11771103102458,75.69177283146334,62.637873112271535,45.99178405600661
72.11649103368747,75.56751568460813,62.64031310694576,46.240298349717044
72.23308927850606,75.6010795238575,62.40711661730858,46.17317067121828
72.21090361944091,75.61129551699466,62.451487935438884,46.152738684944
72.22171913516866,76.48189831946152,62.429856903983385,46.117014044173075
71.45949884121768,77.35717263935871,62.249730680447556,46.071032215816494
71.42720249586955,77.37639444918717,62.3143233711438,46.03258859615957
70.5461636941839,78.25507283138225,62.374973593389,45.97665921289554
70.42617181229176,78.1232353402444,62.614957357173296,46.2403341951712
70.30325354505473,78.20578045153425,62.86079389164735,46.07524397259151
70.28237170285135,78.17067558577583,62.902557576054114,46.145453704108384
70.13912508014059,78.35129520203908,63.18905082147564,45.78421447158186
70.1856526979452,78.31880271452765,63.095995585866405,45.849199446604736
70.10656798959873,78.40127175076256,63.25416500255935,45.6842613741349
70.12514023955197,78.4215550632232,63.217020502652865,45.64369474921364
70.12434199691273,78.41948674640365,63.21861698793133,45.64783138285273
70.09127193911308,78.42527216827258,63.28475710353062,45.63626053911484
70.12108514625663,78.27135413844952,63.22513068924355,45.94409659876098
69.29879343074668,78.09588054682557,63.15590702378829,46.29504378200888
69.3561064108149,78.12078948306295,63.041281063651866,46.24522590953412
68.56510081355114,78.10856756260816,62.9073338390002,46.2696697504437
68.46907942292236,77.29353166854955,63.09937662025773,46.18541693858798
68.40558021972606,77.26385435694502,63.22637502665033,46.24477156179706
68.31689951929991,77.3296648685108,63.403736427502665,46.113150538665494
68.25752701118714,77.5126900335174,63.52248144372818,45.74710020865228
68.21075455159468,76.62867428336291,63.61602636291313,45.80005247183346
67.26828784407437,76.59192169329432,63.78359191823647,45.87355765197064
67.15379139766645,75.52803140703672,64.0125848110523,46.28022188377992
67.15431805352804,75.64852446441772,64.01153149932912,46.03923576901792
66.2910514325074,75.61768193577663,64.01076909302903,46.100920826300104
66.31950524031032,75.70066645802123,63.95386147742319,45.93495178181091
66.32531119817104,75.6318851264543,63.94224956170174,46.07251444494475
66.27111085001549,75.63481266903983,64.05065025801284,46.06665935977371
66.26557964462873,75.60487316737323,64.06171266878636,46.1265383631069
66.26770804863632,75.62507786903791,64.05745586077117,46.086128959777525
66.15338748483772,75.46516072572057,64.28609698836837,46.40596324641223
65.34795300146223,75.43250062352642,64.15947861019896,46.471283450800506
65.38672101757246,74.44696111966832,64.0819425779785,46.70572173574555
65.42140386810763,74.50321228409663,64.01257687690814,46.593219406888906
65.36975623875496,73.66628626919788,64.1158721356135,46.53065663027829
65.4014033779816,73.6125143339812,64.05257785716023,46.63820050071167
64.6138892342804,73.53981005498278,63.88984577766418,46.78360905870849
64.69415221196218,73.4907581560883,63.72931982230067,46.881712856497444
64.73193608450495,73.5218236195385,63.65375207721509,46.81958192959706
64.85000328045608,73.61825034428854,63.41761768531285,46.62672848009697
64.77882396803379,73.7703034983297,63.559976310157424,46.322622172014654
64.80633225111904,73.57268497901774,63.50495974398693,46.71785921063858
64.01102769299682,72.69250726370231,63.364816628455145,46.747462409493224
64.0246172179236,72.79211632484515,63.33763757860158,46.548244287207524
64.12085689938625,71.87489012174933,63.145158215676275,46.65726744030813
64.19285959184816,71.8329076596502,63.001152830752446,46.741232364506416
64.31479567452493,71.7712149872448,62.75728066539892,46.8646177093172
64.4072340836124,71.73696859617962,62.572403847224,46.93311049144755
64.40246560425835,71.67007530585023,62.58194080593208,47.06689707210635
64.46878493223062,72.54643256916071,62.44930214998756,47.03660893930386
64.48794578650096,72.53765612655896,62.41098044144687,47.05416182450738
64.31491664771443,73.43852690788385,62.75703871901993,46.972034592395865
64.27156593953302,74.38341652882119,62.84374013538273,46.8057964932117
64.27979581362447,74.54881438119963,62.82728038719985,46.47500078845479
64.29127984533392,75.56618721290329,62.804312323780955,46.156728388978586
64.31433590877856,75.58799879225784,62.75820019689165,46.113105230269504
64.23614934166778,75.6631026162756,62.91457333111323,45.96289758223397
64.16570108614104,75.65262487228907,63.0554698421667,45.98385307020704
64.09818180031475,75.77623114326383,63.19050841381929,45.736640528257496
64.01844985413635,75.93690932601126,63.349972306176085,45.41528416276264
63.986776979815104,75.88047296847138,63.41331805481858,45.528156877842406
64.01145052389204,75.88647115331739,63.36397096666471,45.51616050815039
64.2151574071651,76.80589434865905,62.95655720011861,45.386193013995836
64.35826306644233,77.56325843864389,62.670345881564124,45.572031464459116
64.44294224014303,77.59832043452504,62.50098753416273,45.50190747269682
65.32331275135105,77.5129564568812,62.43580446440339,45.6726354279845
65.43210759913083,78.30353310985487,62.218214768843836,45.78885283839034
65.4558512558625,78.28120346016168,62.1707274553805,45.83351213777673
65.46191268924308,78.26919740796613,62.15860458861934,45.857524242167806
65.47565059546436,78.31333161204617,62.13112877617678,45.76925583400772
66.27449935523833,78.3013190970042,62.22775883130481,45.79328086409169
66.26763779557173,78.2909992811455,62.24148195063802,45.81392049580907
66.24524531762644,78.38458196424497,62.286266906528596,45.626755129610125
67.16047265774793,77.50724044376263,62.15015957662292,45.68709082023753
67.17390662044004,77.54934402884737,62.1232916512387,45.60288365006805
67.2683318558116,76.69086082709784,61.934441180495575,45.628369401832394
68.14117294795717,76.75983013107744,61.87778850741149,45.4904307938732
68.20049591220825,75.98001762710099,61.759142578909305,45.36414844257945
68.2350546461699,75.9238155143341,61.690025110986035,45.47655266811325
68.25088166448344,75.18611271832108,61.658371074358925,45.26913123202493
68.25804852924966,75.18051626104827,61.644037344826515,45.28032414657057
68.35044862221153,75.10159467759533,61.45923715890275,45.438167313476434
68.33775977132451,75.1490822213861,61.4846148606768,45.343192225894896
69.28350095768829,75.18496721642923,61.27065224539259,45.27142223580865
69.2424538827257,74.39794924659608,61.352746395317794,45.17236639451481
69.32265351576237,74.40289754799845,61.192347129244446,45.162469791710066
70.27934546523255,74.38536944557599,60.94907949062913,45.19752599655499
70.37760194568429,74.45330742650644,60.75256652972567,45.06165003469408
71.34888908670848,74.49251461504178,60.471771303870455,44.98323565762338
71.46110672307134,74.43287359483452,60.247336031144755,45.102517698037936
71.49125085868944,75.25285736904172,60.18704775990855,45.11731162817999
71.56284508298194,76.14380611269716,60.04385931132355,44.98949983139472
72.45674592747872,77.03549400065737,59.90587330054346,44.85593973368778
72.43618465837461,77.08344833978558,59.94699583875169,44.76003105543136
72.44108898892347,77.19969649573275,59.93718717765398,44.52753474353701
73.22753758446353,77.23401441519151,60.00492303529458,44.45889890461951
73.13086338346518,77.27319484011969,60.19827143729128,44.380538054763136
73.05524283014265,77.2926997167565,60.349512543936356,44.341528301489525
73.04934572790458,76.5922411441042,60.361306748412474,44.09859306897246
73.88038514393796,75.8698055215842,60.33927419695574,43.90341803340244
73.97551801614827,75.91174402181491,60.149008452535114,43.81954103294099
74.06494331251264,76.0204533890988,59.97015785980639,43.60212229837323
74.88073014592993,76.14442593961833,59.964543779456434,43.35417719733416
74.94916356142404,76.23706008621556,59.827676948468195,43.16890890413971
75.93576583782357,77.06443953722876,59.47115322563279,43.130830832076924
75.86890598221225,77.158492865811,59.6048729368554,42.942724174912456
75.95502065910958,77.14405307553017,59.43264358306076,42.971603755474106
76.00314168182317,77.18995704782424,59.33640153763356,42.87979581088597
76.09631348344223,77.2954032608905,59.15005793439546,42.66890338475346
77.04978592311319,77.26961771765085,58.8413011426833,42.72047447123275
77.85548788948886,77.34728009483047,58.824250193619925,42.56514971687352
77.93399777496074,78.09544552726184,58.66723042267613,42.660361446836426
77.9548810943765,78.85483333570141,58.62546378384461,42.73231053480326
78.7271953760906,78.89441942732304,58.67210739930975,42.653138351559996
78.8117898370691,79.76925968803742,58.50291847735275,42.49413792034171
78.84786158758787,79.89203975383418,58.4307749763152,42.24857778874817
78.96552495845562,79.89075781076241,58.19544823457972,42.25114167489174
79.05742474941513,79.97982187278899,58.011648652660696,42.07301355083857
79.05240620405047,80.01300873710912,58.021685743389995,42.00663982219831
79.09179960926105,80.06490661463884,57.94289893296887,41.90284406713886
79.08883389721393,80.15521281878281,57.94883035706309,41.72223165885091
79.94737096025284,80.10226281969187,57.79617038621788,41.82813165703281
80.00147553346596,80.11038877111083,57.68796123979164,41.81187975419488
80.00289742745626,80.14622347080577,57.685117451811045,41.740210354805015
80.06040579744818,80.15293718445125,57.57010071182719,41.72678292751406
80.14150451040493,80.15015827408232,57.40790328591371,41.73234074825193
81.03481045564044,80.1320093921911,57.1776684137962,41.76863851203437
80.96658977525627,80.20074989147135,57.31410977456456,41.63115751347385
81.15735602599484,79.43394849183434,56.93257727308739,41.611468078881096
81.2753337570507,78.58378218203963,56.69662181097566,41.76462213981396
81.24662304895435,77.87287869483237,56.75404322716838,41.64032242910734
81.37986519877913,77.07561513478498,56.487558927518826,41.689908661326555
81.47629056328448,76.30737051243428,56.29470819850812,41.68469276533017
82.29267389505105,75.66130787272846,56.20062977638235,41.438129803334434
82.28803812709998,75.75526728983102,56.2099013122845,41.250210969129284
83.04946453380327,75.66327545760453,56.217326572701936,41.43419463358229
83.07484639235763,75.66959731732516,56.16656285559321,41.42155091414104
83.18319440246133,77.17915575091736,55.949866835385826,41.467291662362555
83.23257273202462,78.00645564306011,55.851110176259226,41.342576180568734
83.2809674425493,78.9587905057256,55.75432075520987,40.96424644107312
83.23551037192293,79.878875680615,55.84523489646262,40.642744484941346
83.20601011487453,79.79244751387004,55.90423541055941,40.81560081843125
83.2229141786306,79.79504040581189,55.87042728304726,40.81041503454756
83.29812876013334,79.72348186574746,55.719998120041794,40.95353211467641
83.15826721026119,80.48564881344944,55.99972121978608,40.94716953634487
83.155041447232,84.24565231517985,56.00617274584448,41.03773778032569
83.17895015736048,84.25447350861687,55.95835532558751,41.02009539345166
83.2011943332856,84.26481260654222,55.91386697373726,40.99941719760095
83.2132314626248,84.2297735176642,55.889792715058874,41.069495375357015
83.18104008822465,84.35202688511819,55.95417546385919,40.82498864044902
83.2120332063303,83.6324067354106,55.89218922764786,40.74481045471482
83.25723501381243,82.73081969702193,55.801785612683595,41.03082299103038
83.44737578187129,81.12692906911629,55.421504076565896,41.197642034042644
83.56982823916886,80.33823350729267,55.17659916197074,41.257599401765475
83.51078023223882,80.43248512659497,55.29469517583084,41.06909616316087
83.46193905539845,80.50470445279947,55.39237752951157,40.924657510751885
83.5271343997441,80.51885602183245,55.26198684082027,40.89635437268592
83.62474966819306,80.52305152636347,55.06675630392233,40.88796336362386
82.83961658253321,80.5370315946978,55.13005445448695,40.86000322695524
82.87345055080598,81.31615468985069,55.0623865179414,40.80922969828403
82.9283176522262,81.26644072693847,54.95265231510098,40.90865762410846
82.90519150603428,81.20685640242723,54.9989046074848,41.02782627313094
83.02940692063159,80.43878534412057,54.75047377829019,41.05574304170915
83.14507269099357,80.43102388713338,54.519142237566214,41.07126595568354
83.38476611684109,80.27770609370288,54.0397553858712,41.37790154254456
83.45473365362014,80.52709007886008,53.89982031231308,40.879133572230145
83.5576342350112,82.54435990156466,53.69401914953099,39.82270707825417
83.78899149453376,83.81650159350392,53.23130463048585,38.747072207215574
82.97106550000655,83.3897197701707,53.423175174830305,38.15665440917202
82.9013696130269,83.15480316939468,53.562566948789595,38.626487610724055
82.61382732243192,82.59389976580296,54.13765152997958,38.301269667444416
82.49226565517051,81.72852676496227,54.38077486450236,38.58163509992045
82.35061461951787,81.93280229409157,54.66407693580767,38.173084041661845
82.34912271579205,82.33666309554171,54.667060743259285,38.821587113171965
82.39613856716332,82.1379027695994,54.57302904051676,39.21910776505656
82.4155479732915,82.35984744261563,54.53421022826039,40.247303870398405
82.35372120782368,82.41063213844052,54.65786375919603,40.145734478748636
82.32281233552959,82.69336315987942,54.71968150378423,39.580272435870825
82.1999041996354,83.48782293211758,54.965497775572594,39.47159923645277
82.14541881311736,82.90659639118158,55.07446854860868,39.15186636140819
82.08171924981565,82.94211020158505,55.20186767521209,39.08083874060126
82.09637867026419,83.09174279610158,55.172548834315016,38.78157355156819
82.16489535967688,81.80223663291528,55.03551545548966,38.412680386384075
82.09726115569624,81.90946129229953,55.17078386345091,38.19823106761558
82.13824655667676,80.35592604709794,55.08881306148987,38.37671705918431
82.11379129505403,80.08469106449472,55.13772358473535,38.91918702439073
82.07963722028354,80.04716468820973,55.20603173427631,38.994239776960704
82.78026770663122,79.94957587715514,55.28273720178072,39.189417399069896
82.79848493221031,80.6121649257412,55.24630275062253,39.3465833007754
82.61413696479981,81.96313465625121,55.61499868544354,39.61340697251296
82.59329026774077,81.8220627359537,55.65669207956164,39.89555081310799
82.59965112085654,81.60220077891516,55.64397037333009,40.33527472718506
83.17679745380688,81.52094203005736,55.996347644600995,40.49779222490067
84.23740513546062,81.4904829200687,55.389816863681276,40.55871044487798
84.38901123958331,81.4195933390664,55.08660465543592,40.70048960688259
84.35116186053426,82.05654745780102,55.16230341353399,40.930780328392984
84.5238177894847,82.06605819221326,54.81699155563312,40.91175885956849
84.6739344034795,82.09600971345057,54.516758327643515,40.85185581709388
84.79108908130259,82.08029937264199,54.28244897199735,40.883276498711034
84.94850778652437,81.94106928865622,53.96761156155377,41.16173666668256
85.16914195576841,81.92435255481523,53.52634322306571,41.19517013436457
85.20105645053074,83.13667414821428,53.46251423354104,40.25904090077566
84.70424249286704,83.31259183787662,52.9838783193774,39.90720552145097
83.17799636493098,83.07403458421507,53.117923621815365,40.38432002877408
82.43405109083783,82.80651437493557,53.13675549176374,40.91936044733306
82.4664099669528,81.95644409371346,53.0720377395338,41.14142960219828
82.53800028924447,81.68901575640093,52.928857094950466,41.67628627682333
82.59387119319814,81.45475280801982,52.817115287043116,42.14481217358557
82.63463467796848,81.74600248236591,52.73558831750243,43.05541334421264
81.95734335765732,81.49717893063037,52.583578130364714,43.55306044768372
81.88678309409829,81.34944142815385,52.72469865748276,43.848535452636746
81.89065175240825,81.05728712483918,52.716961340862866,44.43284405926609
81.90006080324537,80.08755706842412,52.69814323918864,44.84377716004002
81.83410951459248,80.23842684071538,52.830045816494405,44.54203761545751
81.84455718856975,78.83693450122233,52.80915046853986,44.28096363966728
81.85064820735062,78.94654324917639,52.79696843097814,44.061746143759166
81.86805529852765,79.96690271182484,52.76215424862406,43.54480975386377
81.99150579391045,79.127429577383,52.51525325785845,43.70884847743257
81.96613275224061,79.1276818039107,52.56599934119812,43.70834402437716
81.94863263533144,78.4766182297396,52.60099957501649,43.49594484833968
81.87120885527386,78.91486436674643,52.75584713513163,42.61945257432603
81.79371903420228,78.59935666237918,52.910826777274785,41.75061690061486
81.71686166477309,78.86663531077102,53.064541516133175,41.21605960383118
81.52975502606682,78.84875861688779,53.43875479354571,41.251812991597625
81.50546998099894,79.39919947512534,53.48732488368148,41.63903052999837
81.47375681882907,79.97393388242108,53.550751208021204,41.98470672797168
81.48490598864927,79.91960964303331,53.5284528683808,42.09335520674723
81.51619188659014,80.71898362604705,53.465881072499094,41.99776817458101
82.38882188107466,80.76390966461379,53.22127123499964,41.907916097447526
83.2577697183194,80.81499791488012,52.978822120742834,41.805739596914854
83.16745185557912,81.48731546784028,53.15945784622342,41.95117984393479
83.25298611214062,81.48213184199989,52.9883893331004,41.961547095615586
83.82907206342736,81.54987481830966,53.32896905930855,41.82606114299603
83.78201681115559,81.52968289311008,53.4230795638521,41.86644499339518
84.57712724402924,81.4059626763226,53.33071957716514,42.11388542697014
84.41526270038145,81.41139643059404,53.654448664460716,42.10301791842727
84.39099602405156,81.34706868972889,53.70298201712049,42.231673400157575
84.53836685073588,80.42274330042518,53.408240363751844,42.57224476349237
84.6197476516713,80.56697201131236,53.245478761881,42.283787341718
85.20128433198377,79.84636577460171,53.58432522689584,42.22307998949957
85.94405512621543,79.10326868710219,53.60490724332534,42.203150559605774
86.53630701745718,78.3793032718879,53.926518380241205,42.144966470634955
87.24573064693173,78.44021945492496,54.01776109968708,42.02313410456086
87.25700275013344,78.56195995084084,53.995216893283654,41.77965311272908
87.32631659284287,78.70298510050121,53.8565892078648,41.49760281340834
88.31858288303363,78.68031531036962,53.37054085138222,41.54294239367153
88.52769925423524,78.68654303273199,52.95230810897898,41.53048694894679
89.40946697922087,78.77485857461386,52.67397017418039,41.35385586518304
90.25020200610159,78.73045550517975,52.47056809361862,41.44266200405126
90.29915119216929,78.75315241131375,52.372669721483206,41.397268191783276
90.42518462566801,79.60095706046295,52.12060285448578,41.17581986592016
91.29701145847484,79.59587573358901,51.843654546993235,41.18598251966802
91.93081864762635,78.93679456132136,52.038668373216964,41.04151665967659
92.64498276215551,79.12838082074528,52.07360995407913,40.658344140828746
93.44375277283267,79.04841011737426,51.93364687127837,40.818285547570774
93.3578513198936,79.08490346377752,52.10544977715651,40.74529885476426
93.32101095818238,79.21077483826892,52.17913050057893,40.49355610578146
93.35222866004497,79.16367986349091,52.116695096853775,40.587746055337476
93.33618399190426,79.10989633478066,52.14878443313517,40.69531311275799
93.95120293824056,79.82620494956399,52.37807430841839,40.72202365114714
94.82040623584834,79.84303446382886,52.102935476736135,40.68836462261739
95.0008643625174,79.85540059996094,51.742019223398025,40.66363235035324
94.86225782652937,80.4407031162265,52.019232295374096,40.945617563276656
95.65182052337335,80.33370318937685,51.90152143072169,41.15961741697598
95.74586141624934,80.22951143451411,51.7134396449697,41.36800092670146
95.89704415484434,80.09711539859367,51.4110741677797,41.63279299854233
96.56082665218867,80.11246317658416,51.54674262933206,41.60209744256136
97.047754804604,80.08305325207395,52.0377057434927,41.66091729158177
97.02595059582038,79.98898687511216,52.08131416105992,41.84905004550536
97.05105601289861,79.87411602551073,52.03110332690347,42.07879174470821
97.65352134657941,79.74351621146086,52.30614499582774,42.33999137280795
98.44768824183498,81.12503508411616,52.20623430692679,42.55379983071774
98.33788472739771,81.8945002567635,52.42584133580132,42.50521676814301
98.30364473004954,82.68016571863342,52.494321330497655,42.42682091640599
98.40021127017073,82.8566152176675,52.30118825025528,42.07392191833782
98.34392744092787,83.1151554758627,52.413755908740995,41.556841401947416
99.12540813753577,83.24248986121295,52.32817517330419,41.30217263124691
99.26812501894746,83.43462511892777,52.04274141048083,40.91790211581728
99.24454298141393,83.49340145275133,52.08990548554789,40.80034944817014
99.85510199758838,83.44770869286515,52.32892264481541,40.89173496794251
100.23407417381277,83.44785715234269,53.036255293230056,40.89143804898743
100.00076995609973,83.4338777390746,53.50286372865612,40.91939687552359
99.89632036952293,82.65294983611744,53.711762901809756,40.997592749128444
100.52929788180793,81.89007302995353,53.933930153555934,41.03522408514006
101.10714862668392,81.97186542731555,54.27035328535223,40.871639290416034
101.83492823208914,82.01193688452798,54.309374140842024,40.79149637599116
102.49526925304755,81.92810040054422,54.48255640273108,40.959169343958685
102.63834736760433,81.83339346873707,54.196400173617526,41.14858320757298
102.8242140631856,81.82038963690286,53.82466678245497,41.17459087124142
104.54502216507512,81.66823490114278,53.36851400213304,41.47890034276157
105.44313015119494,80.935920336937,53.06302130463958,41.452806196426955
106.17756124876618,80.11127633891492,53.0797872335769,41.61646606839127
107.84576195112415,80.07256670939844,52.72047668318257,41.69388532742421
109.63333883096298,79.27200890076818,52.11392925430866,41.81069777928285
110.58789083357178,78.464012079553,51.68172669276004,41.94978997804427
111.5801771686013,78.4545970006824,51.16967355961741,41.96862013578548
114.63656308337163,78.54705058613919,50.91671929035741,41.783712964871896
114.74013886467174,78.57956109705418,50.7095677277572,41.71869194304189
114.73214875262796,78.60014802610094,50.72554795184473,41.67751808494838
115.51692264857444,78.7354347907352,50.60942146175441,41.40694455567987
116.20887165404915,78.94467152056055,50.67278727044662,40.98847109602918
116.9666967014715,79.01253212001306,50.59860601802627,40.85274989712414
118.4014012747436,79.78250947109248,50.60546264085732,40.75092807965292
119.04179077819626,79.74461829943232,50.761272908556336,40.82671042297325
119.8542532614328,79.76184747352019,50.576555559313604,40.79225207479751
121.2680965449959,79.74951669419363,50.622498712319555,40.81691363345065
121.97670703674389,79.87097804918834,50.64319708211744,40.573990923461224
124.90415028776691,79.876873021268,50.52551644772805,40.562200979301906
125.49749922003144,79.20848618003757,50.771123938339485,40.466669306622286
125.4158830343276,79.40165841214127,50.93435630974717,40.08032484241487
127.49217613906433,78.64031088961127,51.074025356528736,40.17226813538987
128.16888328831737,78.01773017636343,51.15499429360174,39.98304632630649
128.846386277441,78.04660067158702,51.23253467110192,39.92530533585932
131.73401065005385,77.24388618934654,51.18845772633816,40.097941350224794
131.74910788873285,77.35836760334942,51.15826324898017,39.86897852221904
132.34616314420074,77.42082176315982,51.39489383614409,39.74407020259823
133.10614276741586,77.50412044835883,51.3072589901989,39.577472832200215
134.46619636064642,77.66771035757725,51.44369669700275,39.25029301376339
135.21539678305686,77.59104598922164,51.37031693990493,39.403621750474606
137.33947520573474,77.701528650293,51.4013661606725,39.18265642833187
137.1956009408491,78.54421491531647,51.68911469044381,38.920555833799725
138.60709143356715,78.53047073840747,51.71288883142324,38.948044187617725
139.41396377547372,78.53720317249912,51.52333306871668,38.93457931943446
141.65914355711755,78.50246209436818,51.29621701658338,39.00406147569632
143.17903499675703,78.43318039152678,51.09394205774001,39.14262488137913
143.0724317266384,78.4883034253883,51.3071485979773,39.03237881365611
143.8727159038429,79.17722006078526,51.125963061474195,39.07392836076809
147.66199638691373,79.03390369625093,50.63388832666994,39.36056108983675
147.60511210516307,79.69469145775386,50.74765689017126,39.4534383870811
148.24463797377018,79.76529401096082,50.886308316828476,39.312233280667186
148.92973834572945,79.60339864011381,50.93363048994027,39.636024022361205
150.30218283503447,78.94213776810719,51.03577539328238,39.53502882539837
150.9240147589151,78.18746388446658,51.215545769762194,39.62094236843858
151.58260508746824,78.17781006205178,51.325944699157,39.64025001326816
152.29310956694775,78.8921700819353,51.334516132066796,39.64111036536997
155.15560166950183,79.63930211069805,51.328433216351605,39.5765716301927
155.2653625818951,79.68152426962487,51.1089113915651,39.49212731233906
155.9846472897894,80.57116470536776,51.09419489379754,39.136699358874324
156.07212980838938,81.51306418061449,50.91922985659757,38.670736610488106
157.52289333261922,82.44790242307923,50.83283347992486,38.208625461452144
159.07149060074914,83.23375295117634,50.53303882467068,38.03562434576076
160.52121508185323,83.23312346564637,50.41620272548762,38.036883316820706
161.2081678351623,85.43044761631029,50.43184452802636,37.810876942963674
163.39097232866948,85.36200646584825,50.22450918228006,37.947759243887766
163.37321693072633,85.58390297668318,50.26001997816632,37.503966222217905
166.74063747363573,85.53416003540637,50.41745652009271,37.60345210477152
167.3181036568922,85.50435421484957,50.645003169914354,37.66306374588513
167.24081520472413,85.44079338899753,50.79958007425043,37.790185397589205
167.86127275732892,85.48095544834223,50.950013618915314,37.7098612788998
168.5039439931748,84.70619942703388,51.056992009380636,37.86705245935943
168.59231260880105,84.76429849370584,50.880254778128126,37.75085432601551
169.34652778190988,84.79268471298822,50.763756065115395,37.69408188745076
170.1483609093326,84.15456011117092,50.54932015106628,37.58110075028897
170.82886890939722,84.22477296827395,50.57242330374265,37.44067503608293
171.58345139685636,84.29341733076988,50.445429130606264,37.30338631109106
172.20837204441787,84.53805419395096,50.573578952074456,36.81411258472893
172.99280427392432,83.90605442384316,50.37662727612965,36.706199341876385
173.73250967660485,83.15023055478277,50.2643686117455,36.85069493902029
174.9704492360645,83.13181181030826,50.524127477545264,36.88753242796928
175.52995014647445,83.13125839336259,50.77749310939518,36.88863926186065
176.08465501252408,83.00403318929312,51.04431408525568,37.143089669999554
176.12887693745304,82.06123582556772,50.95587023539775,37.64422666538982
176.762951406195,81.24106195549072,51.079055843955175,37.893239859502465
177.47517258310532,81.22476442689336,51.05189994631396,37.92583491669721
177.54565029972292,80.52125375673599,50.910944513078746,37.93544903144266
178.252202969758,80.65589469090604,50.89325968548014,37.666167163102564
178.93043822667397,81.1211359111948,50.92753144631634,38.12642699719316
179.55095461133558,81.18534090168527,51.08529628343864,37.998017016212216
179.5552850372688,81.09502528054512,51.07663543157227,38.17864825849252
180.2940467036537,81.11397321416544,51.0010333289535,38.140752391251866
180.30015518564602,81.86341541037126,50.98881636496885,38.04201867361366
181.64324333557832,81.8028240557871,51.099338772605456,38.16320138278197
182.29201999602788,81.83065034011516,51.20379946431436,38.10754881412586
182.2425646268804,81.90711687986,51.30271020260932,37.95461573463618
182.89876847805027,81.9867483577419,51.39199472988877,37.79535277887237
183.45824215475642,82.09467556378485,51.67348624974926,37.579498366786495
184.22447943696233,82.11244317307562,51.54218256753496,37.543963148204945
184.9552312206535,82.086326976489,51.47927388786357,37.59619554137815
185.76405360456454,81.23592268391253,51.26012651903823,37.8985067275344
186.50814869036503,81.24227127190642,51.17206199492894,37.885809551546615
186.5035505860078,81.27744493615785,51.181258203643395,37.81546222304378
187.11932034246894,81.30349671132223,51.34728485245705,37.76335867271502
187.777205640881,81.27935927988179,51.43074932179513,37.8116335355959
188.32674833884377,81.38818783866631,51.732958493922865,37.59397641802683
188.37425732089574,81.4777318995022,51.63794052981894,37.41488829635507
188.52230833593325,80.67067592571541,51.34183849974393,37.631072358475684
188.59295486534907,80.57837515916978,51.20054544091227,37.815673891566945
189.30295066965928,80.53789329532398,51.17841661623661,37.896637619258556
189.9385817194857,80.48341804561672,51.30600738742568,38.00558811867308
190.08107392294846,80.92679974658682,51.021022980500135,38.521402063532335
189.943000694103,81.0346889747325,51.2971694381911,38.30562360724099
190.56108690118788,80.9539822100927,51.46835177472441,38.46703713652058
191.05235908117223,80.92857755117589,51.8984080900615,38.51784645435421
191.78134282358528,80.92963124234635,51.860415309694645,38.515739072013304
191.68794660899746,80.96412583213802,52.04720773887027,38.446749892429935
191.67708076387345,80.96853384616247,52.068939429118316,38.43793386438105
192.40068405831232,80.89722471290982,52.042990984518525,38.58055213088636
193.1104084453209,80.839496805072,52.04674238245474,38.696007946562005
192.98471642773129,80.91149112160622,52.298126417633966,38.552019313493574
192.8777410958292,80.85721474684604,52.51207708143812,38.660572063013916
194.3047185448109,80.78756695449891,52.52140463788571,38.799867647708176
194.07003355083012,80.93977093056282,52.990774625847266,38.49545969558035
194.6060620892162,80.94772626738236,53.354917518847145,38.47954902194125
194.6291216327939,80.1982396197481,53.30879843169181,38.537061190475015
194.6253858247321,79.43351916501626,53.316270047815394,38.624794898769224
195.28577560939192,79.61090129167258,53.43875263681453,38.27003064545657
195.22560462444787,79.65506860426197,53.5590946067026,38.18169602027781
195.19888144116675,79.70666862661523,53.612540973264835,38.07849597557129
195.7616081360228,79.68643234435953,53.92585101282376,38.11896854008267
195.6119935053817,79.77006993710447,54.22508027410603,37.95169335459282
195.50600497828998,79.84700696513103,54.43705732828944,37.79781929853967
196.13055332324262,79.90532744273926,54.63455739419622,37.68117834332321
196.15828576206167,79.90622763936726,54.57909251655813,37.67937795006722
196.09424771524868,79.9499231519867,54.70716861018411,37.59198692482835
197.0053612432526,79.18958616572363,54.33221064578785,37.665391805742914
197.08556359480804,79.135970730408,54.17180594267697,37.77262267637417
197.22898600427774,78.3382092915347,53.88496112373757,37.92597107327059
197.27322798280412,77.5903627000761,53.796477166684824,37.98129391076272
197.3459807302778,77.54514598692043,53.65097167173745,38.07172733707408
197.2995464611629,77.54383929424213,53.7438402099673,38.07434072243065
197.19494807379155,76.81741252349501,53.95303698470997,38.08651229951241
197.08627722741014,76.9270624554853,54.17037867747281,37.86721243553184
197.04479385921255,76.86119092900852,54.253345413867976,37.99895548848539
197.06851100080326,76.81918996198212,54.20591113068653,38.08295742253819
196.47537780867842,75.81794714347755,53.94436479947019,38.63763034408125
196.5462016304846,75.67307594561143,53.80271715585779,38.92737273981351
195.83764108950703,75.47001333115897,53.76422675549785,39.33349796871843
195.7771336780932,75.46578300063062,53.885241578325534,39.34195862977512
194.957530086301,75.36030442841565,54.06077668841742,39.55291577420508
194.1152497358597,75.17765943003172,54.27553859689665,39.91820577097293
193.2565341437538,75.19098844022719,54.51391786336555,39.891547750581985
192.51799693383597,75.04225387920447,54.50875709783595,40.18901687262743
192.49623855294797,75.08951300091454,54.552273859611944,40.0944986292073
191.77869561602427,75.0205386550203,54.50121317628215,40.23244732099576
191.05290797298903,75.0137347496835,54.46515643629948,40.246055131669365
191.07992859206053,74.94880280959619,54.41111519815652,40.37591901184399
190.24129302294847,74.22635413674915,54.59977370899057,40.332203730148
190.2740172270917,74.20189562392234,54.53432530070408,40.38112075580162
189.44698119857904,74.29876393069162,54.69782611941164,40.18738414226304
189.42300041046235,74.39788409536058,54.74578769564498,39.98914381292515
189.45768573214485,75.14359530969736,54.67641705227999,39.985078366468954
188.7301474993,75.29778585568425,54.64525642305771,39.6766972744952
188.6622302887695,76.12570258423759,54.781090844118694,39.501565434555765
188.70141562169775,76.16526823079113,54.70272017826222,39.422434141448704
187.4290622879825,76.81184652921704,54.29263734916223,39.606672292862086
187.3687934602245,76.8379085451716,54.41317500467825,39.55454826095298
186.59670083523307,76.97902990171788,54.48218587334917,39.27230554786041
186.49241579805005,77.1021453338968,54.690755947715225,39.02607468350257
186.3429163612953,77.17272187086282,54.989754821224714,38.88492160957054
186.20014896114702,77.25386897123241,55.275289621521296,38.72262740883134
185.3856327899461,77.40308968671629,55.429788880414165,38.4241859778636
184.72385415920712,77.55526703895585,55.281408802086055,38.119831273384484
184.89844795169097,77.62559112553316,54.93222121711835,37.97918310022984
184.8901090160779,77.64955018684492,54.94889908834451,37.93126497760633
184.26015655478545,77.7208029889128,54.75227497914042,37.7887593734706
184.401062339316,76.14359246475617,54.470463410079255,38.04077031137472
183.64621210619308,76.07294840568188,54.529049240138626,38.1820584295233
183.60661599866978,76.02563780353094,54.60824145518523,38.27667963382519
183.47510948603642,76.12173056207715,54.87125448045198,38.08449411673278
183.55093080903188,75.9641247704476,54.71961183446102,38.399705699991884
183.62234142838653,76.02075049596094,54.576790595751746,38.28645424896518
182.93286059976307,76.86802336147201,54.49897519830876,38.04868557263295
182.17247466416205,76.97365130921021,54.56807096636024,37.83742967715654
181.97462953899444,77.07369291885023,54.96376121669549,37.637346457876504
182.01050310775557,77.08310664339703,54.89201407917325,37.61851900878289
182.07939849975742,76.35550592161444,54.75422329516956,37.62322456187268
182.25159732659978,76.26036339302465,54.40982564148484,37.81350961905227
181.5227804874412,76.12682372263583,54.421014488094116,38.08058895982991
181.61671277911745,75.9696851475121,54.23314990474158,38.39486611007738
180.8262207177035,76.53446959323664,54.36076590934002,38.718665336857725
180.72159504489272,76.49974276531364,54.5700172549616,38.78811899270373
180.71547827761094,76.37769484079013,54.582250789525204,39.03221484175073
180.69203532519333,76.2403436105898,54.62913669436038,39.3069173021514
180.89392096268003,75.98604691532758,54.22536541938698,39.81551069267584
180.92574012022058,76.52483556017435,54.16172710430588,40.214539193411625
180.92178454487902,76.45825786031145,54.16963825498901,40.347694593137405
180.95756884570878,75.61478386870851,54.09806965332949,40.55016487450237
180.03988177101516,75.76339545236391,54.446742728563315,40.252941707191596
180.10672158998682,74.80156163551516,54.31306309062003,40.68946941689309
180.15561660906414,73.90446762121124,54.21527305246535,40.99140530725715
180.08991716589756,74.05010851727127,54.34667193879851,40.7001235151371
180.05807371062392,73.31769877891224,54.410358849345826,40.672004999508964
180.11174458993437,73.11779497557139,54.30301709072487,41.07181260619069
180.08117287409445,72.48432064633873,54.364160522404745,40.840413076525785
180.01431642450964,73.33530402310657,54.49787342157434,40.63394459169911
180.00526599039668,73.40282018227428,54.51597428980027,40.498912273363686
179.99079202985283,74.14467999150332,54.54492221088799,40.50741392722235
180.15262243449826,74.70914513638913,54.22126140159715,40.87128436541784
180.14879724585708,74.00746996698452,54.22891177887948,40.78080821274904
180.06171455813873,74.03576455048835,54.40307715431618,40.72421904574138
180.13369324529322,74.09513187414764,54.259119780007225,40.60548439842279
180.0816056821534,73.29352436912069,54.36329490628686,40.71864203149205
180.01615242324766,73.37416487196023,54.49420142409831,40.557361025812945
179.86968648950227,73.4250850276047,54.78713329158908,40.45552071452404
180.5931440583218,73.55214718140722,54.83585127597662,40.20139640691897
180.6800203516112,74.3625797804026,54.66209868939778,40.07273814416083
180.7178364125528,74.53096604783494,54.586466567514606,39.73596560929616
180.78838311082433,75.3341231470041,54.44537317097152,39.610434287840704
180.72214001092678,74.65049131820427,54.577859370766646,39.501117292578385
181.51907839746679,73.83633077068563,54.460777441680435,39.65264354362186
182.48993229572557,73.74945468070689,53.9965771019951,39.82639572357935
182.54463480961627,73.83020573538161,53.88717207421371,39.66489361422993
182.47543480896408,73.22854091565092,54.0255720755181,39.39922473501162
182.96384245489585,73.38868972832535,54.51549889454326,39.07892710966277
183.01998108007382,72.75807852537477,54.403221644187326,38.871241830724415
182.93723968582654,72.14461781280124,54.5687044326819,38.634374203511996
182.92807396982903,71.97177700893027,54.58703586467689,38.98005581125392
182.72164762696863,72.10353114846825,54.9998885503977,38.71654753217796
182.50136589734092,72.16556238317493,55.44045200965314,38.59248506276461
182.47722728199227,72.24529080404022,55.48872924035043,38.43302822103401
182.41501613771305,72.25294771752392,55.61315152890889,38.41771439406662
182.45483839343552,72.98531773392602,55.53350701746396,38.427572383887664
182.60640114084677,72.9576315538194,55.23038152264142,38.48294474410094
182.58903179299455,72.97242774764035,55.26512021834588,38.45335235645901
182.67231702524828,73.62985401410617,55.0985497538384,38.60843269248586
182.537705968823,73.68825850520743,55.367771866689026,38.49162371028337
182.565285585519,73.63055858173067,55.31261263329699,38.60702355723689
182.54932302474757,74.31619798701922,55.34453775483987,38.708933228894594
182.4441520778328,73.65378257865947,55.554879648669385,38.558410526420346
183.12513577430283,73.66635306499096,55.66895663983547,38.533269553757385
183.86156088374602,73.74047236512509,55.673457405444935,38.38503095348912
183.79355453409082,73.72280409381864,55.80947010475536,38.42036749610202
183.6288666539615,73.81017447861161,56.13884586501402,38.24562672651607
183.57636970096706,73.71515939891198,56.243839771002826,38.435656885915336
183.58269442659724,73.7363320062286,56.23119031974249,38.3933116712821
183.6444498549389,73.66124414635807,56.10767946305917,38.543487391023156
183.7555953162808,73.65429845535999,55.88538854037543,38.55737877301932
183.89391362707843,73.49355617584722,55.60875191878013,38.87886333204486
184.12009687347455,73.36452799713933,55.15638542598789,39.136919689460626
184.2214134000541,73.41016193308064,54.95375237282879,39.04565181757802
185.0090239725783,72.68648853237967,54.85352762681573,39.01800221994461
184.97221514807615,71.7865559905047,54.92714527582004,39.34484344757908
184.8969084639628,70.97665416621345,55.07775864404671,39.48512763950359
185.50567347207112,70.0599689157407,55.34433809920482,39.83438866907432
185.44845597573703,69.26477625889723,55.45877309187304,39.930879956484354
185.39714604058796,68.42880497719193,55.561392962171155,40.1056072949466
185.40747890137092,68.38073939851776,55.54072724060525,40.20173845229495
185.50017167714927,67.57256013111356,55.355341689048544,40.315186953713024
185.54216868158636,66.83425252808453,55.27134768017439,40.28984126261325
185.46067991056222,66.13584741108684,55.434325222222625,40.18638145263175
185.40633325166843,66.20828193280329,55.54301854001023,40.041512409198845
186.1716935366005,65.34862428888815,55.51260925152254,40.26051641565273
186.0636547714192,65.33653170199007,55.728686781885074,40.28470158944888
186.03868940532047,65.25953659843275,55.77861751408254,40.43869179656352
186.0671278729763,65.1275275585771,55.7217405787709,40.7027098762748
185.9803191912765,65.062811203222,55.89535794217049,40.83214258698501
186.0807116104279,65.07061832744012,55.69457310386771,40.81652833854878
186.08245375037004,64.85886641781093,55.69108882398342,41.240032157807136
186.20983665279567,64.83011562725389,55.43632301913215,41.29753373892122
186.30490580212052,64.95257179366332,55.24618472048245,41.05262140610237
185.65323342990817,66.68388817612832,55.037136552651695,40.614774465683304
184.96650202197677,66.78094282212359,54.90855686721203,40.42066517369274
185.06406656664979,66.82694616461234,54.713427777866,40.32865848871528
185.06958194632452,67.56632474751112,54.702397018516514,40.34233519429857
185.07643178952821,67.6689768238897,54.68869733210914,40.13703104154139
185.087772790445,67.68166603489826,54.6660153302756,40.11165261952429
185.14523695724196,67.83719031043336,54.55108699668166,39.80060406845408
185.0867980163641,68.0117110283165,54.66796487843739,39.45156263268779
185.08465641109598,69.59542243641626,54.672248088973646,39.238833267447525
184.98979154159855,69.51521224179692,54.861977827968495,39.39925365668619
185.01592335504023,69.42662948294466,54.80971420108514,39.57641917439069
184.35707461121652,69.34723441112912,54.64586346278123,39.73520931802179
183.72400671954452,70.03262737148779,54.43032747745233,39.84609516597734
183.79873288394802,69.9911033674496,54.280875148645336,39.92914317405373
184.05530598924395,70.09083774238768,53.76772893805348,39.72967442417757
183.93693266992742,70.25957891863791,54.00447557668658,39.3921920716771
183.92060825133427,70.28118849116181,54.037124413872846,39.34897292662931
183.84715197337707,69.5523895325027,54.18403696978724,39.34047835866947
183.07332898222188,69.57384865928398,54.26350079492518,39.297560105106896
182.94620761969205,69.61402469684162,54.51774351998482,39.217208029991625
182.95574901889358,69.68361085241585,54.49866072158177,39.07803571884317
182.94275678354282,69.7205879917515,54.5246451922833,39.004081440171845
182.96220346284258,69.80053468081209,54.48575183368378,38.84418806205067
182.97310149441407,69.91743852915998,54.46395577054079,38.61038036535491
182.31169758309176,69.26883956348914,54.32635139438543,38.44716609789661
182.37108635048128,69.39240018677096,54.2075738596064,38.20004485133296
182.46986308533343,69.30612915368428,54.01002038990207,38.372586917506325
182.5221121887895,69.32710727002801,53.90552218298994,38.330630684818864
182.489014543686,69.27156790789772,53.97171747319693,38.44170940907945
182.56509805175097,69.1954267052185,53.81955045706698,38.593991814437885
182.52494596280224,69.14020770485264,53.89985463496447,38.7044298151696
182.56898205702407,69.75187735622644,53.811782446520795,38.934509115057296
182.50654463215724,69.85028502879058,53.93665729625445,38.73769376992901
182.54408296752547,70.47709029155858,53.861580625518016,38.93860669571632
182.3968544992153,70.39521652318003,54.15603756213833,39.10235423247343
182.49515507223046,70.94089359481332,53.959436416108,39.4748449958694
182.5955004152685,70.8037545776537,53.75874573003193,39.749123030188635
182.7024142790417,71.32790351789835,53.54491800248556,40.16925238275812
182.7265467558123,71.24760359050758,53.49665304894433,40.329852237539654
182.86023341709972,71.04852741551446,53.229279726369484,40.728004587525895
182.91004728169997,70.92899655515089,53.12965199716898,40.96706630825305
182.98574673820758,70.81371655613097,52.978253084153806,41.19762630629288
183.01754732159262,70.68589379774116,52.914651917383694,41.45327182307251
182.94803188761068,70.60481118424816,53.05368278534755,41.615437050058496
182.0803936536056,70.63906262663124,53.3008299470478,41.54693416529233
182.09570312906814,71.40881392375712,53.27021099612273,41.49822709203293
181.9661218913586,71.54763296044483,53.5293734715418,41.2205890186575
181.98745140061843,72.3949186131171,53.486714453022145,41.01499212157103
181.4207324668963,72.29475655642574,53.135180037094926,41.21531623495374
181.3357802950883,73.17553444681356,53.30508438071092,40.936627692572216
181.12036267014125,73.55979746202783,53.73591963060504,40.16810166214366
181.11916244622313,74.38697831554856,53.73832007844128,39.988679415475374
181.1929021927055,74.37456090071129,53.59084058547655,40.01351424514989
181.05773454031169,75.88503738890819,53.86117589026421,39.93296618529687
181.0756677166143,76.68560329119123,53.82530953765891,39.804830388055784
181.0799624069698,77.36231940652587,53.81672015694792,39.92174992328627
181.056323776651,77.18781580748829,53.86399741758554,40.27075712136145
181.00324031370232,77.18891542912877,53.97016434348291,40.26855787808047
180.9926188205469,77.25355555097866,53.99140732979371,40.13927763438072
180.8839324120373,76.04451897377953,54.208780146812934,39.60064112464323
180.81066104769894,75.49458207467745,54.35532287548969,39.22768596324606
180.7563926298003,74.20909478891726,54.46385971128697,38.860807422358334
180.61995769264263,74.36971853926408,54.736729585602276,38.53955992166469
180.52863915855045,74.32302367306136,54.91936665378668,38.63294965407013
180.40031835837337,74.37186052706265,55.17600825414079,38.535275946067536
180.43740294896395,75.15100218352205,55.10183907295962,38.44693251023153
180.39495878034083,75.96779985994056,55.186727410205904,38.280697644992294
181.09282895288936,80.41849470069565,55.25688317568151,38.17468462691799
181.13119846378495,78.8754413886733,55.18014415389031,38.33038639840388
180.8930113863118,78.97231384543346,55.65651830883658,38.13664148488354
180.80805798854476,78.9596681161332,55.82642510437066,38.161932943484075
180.9665942537281,77.36335976179669,55.50935257400401,38.407385960362525
181.05464657412082,77.33991051097453,55.33324793321856,38.45428446200681
181.02555766748907,77.47951635292443,55.391425746482085,38.17507277810701
180.99711134687553,76.68498812035385,55.448318387709136,38.2968902158108
180.90938878596694,76.67449621482072,55.623763509526306,38.31787402687708
180.7695557666937,76.73754484615566,55.90342954807278,38.191776764207184
180.6559260878823,77.66609337835024,56.1306889056956,37.80991660816013
180.6507267081117,77.66378788257754,56.14108766523678,37.814527599705556
180.70944695006295,76.87516684300078,56.02364718133429,37.91920730744117
180.69087501599853,76.85193278012585,56.06079104946314,37.96567543319104
180.67043263363522,76.7313747221689,56.10167581418976,38.206791549104935
180.7438692896305,75.99736415772819,55.95480250219917,38.19633917971153
180.54840199371404,76.02641062390005,56.345737094032145,38.13824624736782
180.45304254478694,75.96470971613994,56.53645599188634,38.26164806288804
180.41403340277,76.71798493987517,56.61447427592021,38.24103002791833
180.300135958193,76.73802506817512,56.8422691650742,38.20094977131842
181.04318947615926,77.50486810742336,56.845691065418904,38.15679262909918
181.0014387681293,77.44295602373958,56.929192481478836,38.28061679646676
180.91245361555355,77.39120019349113,57.10716278663034,38.38412845696365
181.61326846461063,77.30280545625858,57.20208905368934,38.56091793142875
181.59526651019888,77.17252096407424,57.23809296251284,38.82148691579742
181.4834588087886,77.13864927541182,57.461708365333365,38.88923029312227
181.38874092505543,77.0914664080733,57.65114413279974,38.983596027799315
182.21154857914343,76.93898536767479,57.52022044281098,39.288558108596334
182.11363035435497,76.93265268692252,57.7160568923879,39.30122347010088
182.08343897920295,76.83066770590924,57.776439642691905,39.505193432127456
182.86168197091314,76.73413992292963,57.74517766597144,39.69824899808666
182.83154791864092,76.76579970271547,57.80544577051587,39.63492943851496
182.83581246852788,76.8225246643405,57.79691667074194,39.52147951526489
182.83648452035868,76.80838606672643,57.795572567080356,39.54975671049304
182.81184329425844,76.10804127021704,57.84485501928086,39.4241958953916
183.46035385526352,76.05237700093939,58.072747435256545,39.535524433946904
184.1392257405516,75.15605467205702,58.24519601937194,39.79797673702002
184.04988049481335,75.13720919858302,58.423886510848426,39.83566768396803
184.00391796415263,75.14121724560925,58.515811572169866,39.82765158991557
184.60627583249288,75.27824122691356,58.85280518970041,39.55360362730695
184.457487671797,75.39428457992352,59.150381511092164,39.32151692128704
184.3802142185334,75.333477934151,59.304928417619365,39.44313021283208
184.97648999572817,75.27519150895279,59.65958039108267,39.559703063228525
184.9178580520867,74.41687107148627,59.77684427836563,39.72187163593365
184.70109233779067,74.4281961535026,60.21037570695766,39.69922147190098
185.56648900937063,74.43074058132026,60.04465075974483,39.694132616265634
185.34368294884456,74.4302909047269,60.49026288079699,39.69503196945237
185.23509135471537,74.41473366578651,60.707446069055365,39.726146447333136
185.19019571482937,74.45387310069142,60.79723734882734,39.647867577523314
185.11800533288067,74.3445574338343,60.94161811272474,39.86649891123757
184.93083688201781,74.33807095505202,61.3159550144505,39.879471868802156
185.79160874883286,74.27736328364581,61.17907597242002,40.000887211614554
186.58883913326628,74.15866549828871,61.16925034061414,40.23828278232874
186.56498839688646,74.02831289774167,61.21695181337377,40.498987983422836
187.28432392681322,73.87944039933164,61.371777978578976,40.796732980242886
187.2453855873673,73.78473265271677,61.4496546574708,40.98614847347263
187.34136108015764,74.55029562737823,61.257703671890084,41.06011740938613
188.16706040769336,74.45813880901564,61.2097416268129,41.24443104611131
188.19923897396353,74.41158993699455,61.145384494272534,41.337528790153506
188.2487919268599,74.28996510413674,61.04627858847981,41.58077845586911
188.30779929891366,73.78441489201336,60.92826384437231,42.591878880115864
189.15342971650315,73.30312329195145,60.860835387965174,43.554462080239695
189.21284198116373,72.8942927684256,60.742010858643994,44.372123127291395
189.93973579883917,72.85951709619329,60.9385378707904,44.441674471756016
190.7995224003238,73.81168383559844,60.87340405965398,44.19178038477857
190.75002601061837,73.7531228908106,60.97239683906487,44.30890227435427
191.47835552673308,73.68855988502945,61.16851107562232,44.43802828591658
191.4902348977443,74.74098379955731,61.14475233359993,43.991049855323425
191.3364770378384,74.83291257631548,61.45226805341173,43.8071923018071
192.16845597213893,74.7260149979567,61.44010654881824,44.02098745852469
192.0635064536761,74.71947909230948,61.6500055857439,44.03405926981911
191.7617445695545,75.66013007006002,62.25352935398706,43.81128307908015
192.56728176751756,75.56965169432382,62.306442619733126,43.99223983055255
192.3077964113764,75.65914841110671,62.82541333201543,43.81324639698674
191.99349958713458,75.79045990351351,63.454006980499074,43.550623412173174
192.79503841039843,75.62968525609418,63.52873814596367,43.87217270701183
192.6245594239359,75.68942628723842,63.86969611888874,43.75269064472335
193.37505969972426,75.398380445387,64.05611787643429,44.33478232842616
194.20630722997367,75.00333184483043,64.09348801344214,45.124879529539314
194.15833451601503,75.71510721050812,64.18943344135945,45.41480579478855
195.09866564794862,75.13835585505724,64.02847983858278,46.568308505690304
194.86479118932255,74.90373524855102,64.49622875583493,47.03754971870278
194.66123323977916,74.65096309871029,64.90334465492171,47.543094018384195
