70.5,51.5,107,87
70.02972777148818,50.92275612949768,106.94054445702363,87.15448774100464
69.53469335503628,50.45832284595022,107.93061328992744,88.08335430809956
69.5123267775412,50.450500979324275,107.9753464449176,88.09899804135145
69.05171704083115,50.35895563310976,108.8965659183377,88.28208873378048
67.3511415653669,49.801256594950125,109.19678659966542,89.39748681009975
66.77585685500145,50.22177167029433,110.3473560203963,88.55645665941134
65.17920098045364,50.0065690272129,110.41302720490856,88.9868619455742
65.29180581342713,50.03873922136333,110.18781753896158,88.92252155727334
65.66344214358696,50.15864538593022,109.44454487864192,88.68270922813956
65.95280414048536,50.21889828643928,108.86582088484514,88.56220342712145
64.71535933113938,50.31075463437534,108.23572078670861,88.37849073124931
64.93835240378445,50.301984275502726,107.78973464141846,88.39603144899455
65.33623572974773,50.23151630968165,106.9939679894919,88.5369673806367
65.47733368750416,50.43778365997856,106.71177207397906,88.12443268004289
65.7379296643548,50.39534723555553,106.1905801202778,88.20930552888893
65.99793325470908,50.52790691581794,105.67057293956921,87.94418616836413
66.0014610636186,50.559881544138825,105.66351732175016,87.88023691172235
64.72781580449119,50.45469342632035,105.16609288161945,88.0906131473593
64.72925507827463,50.57377828518301,105.16321433405254,87.85244342963398
64.91101480041104,50.550570740833166,104.79969488977976,87.89885851833367
65.2034124316198,50.584396920972395,104.21489962736221,87.83120615805521
65.49588062705449,50.86590070136501,103.62996323649284,87.26819859726999
65.82774124336437,51.02164655796928,102.96624200387308,86.95670688406145
64.51988972625243,51.069592081692534,102.59369017755324,86.86081583661493
64.67260953117135,51.163550147952904,102.28825056771541,86.67289970409419
64.79173393690644,51.29604608893354,102.05000175624524,86.40790782213293
64.7525744293765,51.51083804304852,102.12832077130511,85.97832391390295
63.16930288836522,51.69210175144059,102.3352852087167,85.61579649711882
63.26385050427026,51.751442750384854,102.14618997690663,85.49711449923029
63.211002357552076,51.981926696651826,102.251886270343,85.03614660669635
63.2043259339157,52.08569003268554,102.26523911761575,84.82861993462892
63.17311238563353,52.029040631276594,102.32766621418008,84.94191873744681
63.10794547239494,52.17497468127904,102.45800004065727,84.65005063744192
63.17203356223025,50.43383247316211,102.32982386098665,85.18908981968207
61.80053995108358,50.46254214250537,102.1228431901828,85.13167048099555
61.959409767484054,50.66615276657704,101.80510355738186,84.72444923285221
62.092117436263536,50.77201374133449,101.53968821982289,84.51272728333731
61.968751075324036,50.95810314971295,101.78642094170189,84.1405484665804
61.84459140943578,51.15701454392798,102.0347402734784,83.74272567815034
62.0364360258703,51.24838066985781,101.65105104060936,83.55999342629067
62.00697639489104,51.27865154052218,101.70997030256788,83.49945168496193
62.009461431884034,51.51429816153815,101.7050002285819,83.02815844292999
62.09877239536231,51.981999021212,101.52637830162534,82.0927567235823
61.875280722784396,52.06574815967524,101.97336164678117,81.92525844665582
61.80136292829829,53.36889310694913,102.12119723575339,82.21070427620089
62.044337310683275,53.259207200897336,101.63524847098341,82.43007608830447
62.115404274211784,53.15313293861444,101.4931145439264,82.64222461287027
62.351003012787785,52.99495433123076,101.02191706677439,82.95858182763763
62.51646142022457,52.972200540235264,100.69100025190082,83.00408940962862
64.28910452431414,52.95916080577317,100.03519585802323,83.0301688785528
66.00262722767161,53.098045571448495,99.4879584438922,82.75239934720216
66.12125726509316,53.12873252256177,99.25069836904909,82.69102544497561
66.06304122468462,54.48456111935645,99.36713044986618,82.84162377942938
65.66545116295151,54.91177019048827,100.1623105733324,81.98720563716574
65.60768294762346,55.15730178527704,100.27784700398853,81.4961424475882
65.52939158648414,56.50498327089825,100.43442972626715,81.65953933656564
65.59586276185937,56.72268817666347,100.3014873755167,81.22412952503521
65.31194622951534,56.766622841694314,100.86932044020473,81.13626019497352
65.29207986688692,56.85360520269125,100.90905316546159,80.96229547297965
65.29013225697071,56.923648371363285,100.91294838529403,80.82220913563557
65.38755169696088,56.991579426385414,100.71810950531366,80.68634702559132
65.76595213183633,56.997615748799284,99.96130863556277,80.67427438076358
65.95819501589193,57.08357548554359,99.57682286745158,80.50235490727496
66.17103126280202,57.162502286657904,99.15115037363138,80.34450130504634
66.63204890948475,57.28058362023083,98.22911508026594,80.10833863790049
66.95520673148806,57.11006004198682,97.58279943625931,80.4493857943885
67.02461070093959,57.17864307362997,97.44399149735625,80.3122197311022
67.28879732702964,57.47292053507455,96.91561824517616,79.72366480821304
68.85232470739983,55.91811160131607,96.56698870814748,80.0548574520183
68.81786664494398,56.37458931875276,96.63590483305919,79.14190201714491
68.95468478068807,56.81086104324916,96.362268561571,78.26935856815211
68.9928572114123,56.879499644616715,96.28592370012254,78.13208136541701
68.94713313668713,57.12560732918179,96.37737184957288,77.63986599628686
68.94169796848054,55.899872408189985,96.38824218598606,77.35488139696888
68.98865764474627,55.863288158565105,96.29432283345461,77.42804989621864
69.14723320624545,55.931375096048946,95.97717171045625,77.29187602125096
69.15031184157553,55.915100653913626,95.9710144397961,77.3244249055216
69.05852832784109,56.25831791089462,96.15458146726496,76.63799039155961
69.28606556722102,56.66254902470189,95.69950698850512,75.82952816394507
69.44120864291963,56.870942386053976,95.38922083710787,75.4127414412409
69.52073005847765,58.14832721392062,95.23017800599182,75.54316333848914
69.50261544324985,58.29325037909824,95.26640723644745,75.2533170081339
69.49421963085474,58.422185737267085,95.28319886123765,74.99544629179621
69.42806747476664,58.671836761779765,95.41550317341387,74.49614424277085
69.598781382501,58.88083773515369,95.07407535794513,74.078142296023
69.82454122055404,60.28524479895372,94.62255568183906,73.9280075333093
69.9142160083594,60.389493885324086,94.44320610622832,73.71950936056857
69.84047158949896,60.499970758763276,94.59069494394922,73.49855561369019
69.93063478379548,60.775648090941345,94.41036855535617,72.94720094933405
69.82188644801224,62.09335971989256,94.62786522692265,72.94190589205007
68.67185593003687,62.21608487610664,94.29456258699457,72.69645557962191
68.76917705444463,62.119430312707046,94.09992033817906,72.8897647064211
68.86924574775752,62.12911379546545,93.89978295155328,72.8703977409043
68.88965151760111,61.90007643535852,93.8589714118661,73.32847246111815
69.02159249360942,60.86545846746226,93.59508945984948,72.76980280686578
69.10864320710539,60.92360168784886,93.42098803285752,72.65351636609259
69.03850373668058,61.0045633712343,93.56126697370715,72.49159299932171
69.05494745392235,61.01811538961009,93.52837953922361,72.46448896257013
69.3101831319308,60.95834182928343,93.01790818320671,72.58403608322345
69.59750178328497,60.81059128175286,92.44327088049837,72.87953717828458
69.76821844844959,60.6705824410224,92.10183755016914,73.15955485974551
69.80322305093746,59.30078877496497,92.03182834519339,73.30087804495994
71.22973984836412,57.726914681300194,91.77827874733936,73.84914223529022
72.82560972359684,57.62030278091423,91.19102151415038,74.06236603606214
72.93785701056763,57.648361317888686,90.96652694020882,74.00624896211323
73.12763592177947,57.74065637254547,90.5869691177851,73.82165885279966
73.12547590830374,57.90363716736571,90.59128914473658,73.49569726315919
74.50801096689071,57.99560557411815,90.40675752621303,73.3117604496543
74.43678243570659,58.068218677734805,90.54921458858128,73.166534242421
74.38885751574034,58.1187292060864,90.64506442851375,73.0655131857178
74.35328877920364,58.0921283618693,90.71620190158717,73.118714874152
74.26890109915959,58.25610787487631,90.88497726167525,72.79075584813799
74.3468002708421,58.27851298404438,90.72917891831025,72.74594562980184
74.38046432345162,58.50427221607663,90.6618508130912,72.29442716573735
75.80599886142586,58.717318063767735,90.3729437745385,71.86833547035513
75.89050454946842,58.82132601056396,90.20393239845339,71.66031957676269
75.91398946761896,60.282832250021244,90.15696256215229,71.28216509616584
75.91586726549194,61.72220519545662,90.15320696640634,70.94141993206118
76.00954189021374,63.129043513997196,89.96585771696276,70.66015238935329
77.41489209344373,62.94263667069986,89.68012900645883,71.03296607594795
77.4697710323029,63.215425667942725,89.57037112874048,70.48738808146223
78.84649250564013,63.46847973869839,89.33304012808846,69.9812799399509
78.81022544438446,63.2101082986233,89.40557425059977,70.49802282010108
78.84370182404663,64.54457307935272,89.33862149127543,70.34285531684431
79.08027639174642,64.23312462523631,88.86547235587585,70.96575222507713
79.17954670441412,63.95566412289315,88.66693173054045,71.52067322976346
79.14415112984602,64.06347317760087,88.73772287967665,71.30505512034802
80.30375198239182,65.50272059680202,88.93513920530033,70.94317831266096
81.42603542619786,66.99406126929898,89.20435224594937,70.47427689592818
81.49134424967616,66.95006824743422,89.07373459899274,70.56226293965771
81.75633924598367,66.92194173257985,88.54374460637774,70.61851596936641
83.11170491876229,67.02539681322702,88.33552841876296,70.4116058080721
83.4318504368389,65.31431167876435,87.69523738260972,71.33780817723178
84.99108384760234,65.16626072714018,87.07791386503249,71.63391008048012
86.48164224727427,63.6033336018599,86.5932357838711,72.26332561285821
86.62643847544035,62.40886589225121,86.3036433275389,72.15312878674662
86.81174694530341,62.547043601318244,85.93302638781279,71.87677336861255
88.33041999017269,62.41194750204883,85.37840820008721,72.14696556715137
88.3520216175058,61.537010214720176,85.335204945421,71.41831432230443
88.5840030427577,60.49794595758664,84.87124209491719,71.03031690055633
88.9270624847612,59.082058934080536,84.18512321091019,71.40936836872439
89.31864386380462,57.87016296286163,83.40196045282335,71.38491920495971
90.79750056205714,56.75352790712678,82.8799984932897,71.18243787945804
92.11898996645282,57.15901389338629,82.66145079737814,70.37146590693902
93.48102771572468,57.49489173419402,82.34539879073567,69.69971022532356
93.66303260681522,56.2830998123725,81.98138900855456,69.73095417319112
95.00013010965719,55.24112979539755,81.69441673240694,69.42767147760473
94.95067950211688,55.3266097222292,81.79331794748754,69.25671162394143
96.20235091671644,54.22729469152795,81.66666664432998,69.0786501593024
95.96908587908271,54.61090510415386,82.13319671959744,68.31142933405059
97.00544681398192,54.82760889416241,82.427180545688,67.87802175403348
98.01322707144885,55.18096639735984,82.77585717914094,67.17130674763862
99.08890160014656,57.03014964302912,82.98268192509647,65.83111405965101
98.96248143349956,58.661870538728046,83.23552225839047,64.9073020243164
100.11466911527936,60.369194656994836,83.25963676615106,63.821143659103
100.16433324508746,60.571475066708615,83.16030850653485,63.41658283967545
102.49665762692145,63.35096695741291,83.10177254893878,62.463711864338755
102.63099170588438,63.68429134636052,82.83310439101291,61.79706308644354
103.90326285582702,65.05197889796082,82.56017164247582,61.33329753459115
103.96201900097826,66.39077509462203,82.44265935217337,60.91557155315452
105.20989102110285,66.44051207722609,82.1981529275296,60.81609758794639
106.3129826138928,66.41860634084435,82.23786087398727,60.85990906070985
107.66198265044878,67.57888797418741,81.78707330827355,60.78655830142198
108.065573466991,67.23202138123256,80.97989167518911,61.4802914873317
108.3006373169508,67.28216748988584,80.50976397526951,61.379999270025124
109.82743642307643,67.17204447277717,79.6855674741129,61.60024530424248
110.1925442842038,66.87371306888558,78.95535175185816,62.19690811202565
110.55978767786526,66.80802249695256,78.22086496453525,62.328289255891704
111.79353753234238,66.71303784085184,77.96319743010173,62.51825856809313
111.94516531363851,66.59901985672164,77.65994186750947,62.74629453635354
113.24693503301899,66.66524736713859,77.26440376185849,62.613839515519615
114.31658080252677,67.65127716013903,77.32489651858168,62.841564225257514
114.42657409788123,67.42944576145769,77.10490992787275,63.285227022620205
115.56821444763894,67.55900103014714,77.02981799382249,63.02611648524129
115.64973699409913,67.72575151181896,76.8667729009021,62.692615521897665
115.71977476287661,67.67956865321067,76.72669736334714,62.78498123911424
116.9262106808602,66.75359712247874,76.50811554916314,62.44263427879493
118.12277002893444,65.50311841195759,76.30039308900189,62.75819546385
119.18852176657711,64.16218791745446,76.35619103323512,63.25275503333764
119.37239983667493,64.14715784778195,75.9884348930395,63.282815172682675
120.52461883235344,63.98024951297596,75.87496200416354,63.61663184229465
121.8928267258051,62.71258922801158,75.3331426445419,63.95735598494173
121.99026712829692,62.67944315747489,75.13826183955824,64.0236481260151
122.2677401322118,61.46817357623735,74.5833158317285,64.25640929411603
122.39173398698364,61.64015030526992,74.33532812218482,63.91245583605088
122.29514075983494,60.70915175492485,74.52851457648222,61.42328685827877
123.24504736871683,62.41257512560749,74.76718636599554,60.15492512419055
124.5043055122903,62.252583104068414,74.37031023814644,60.474909167268706
125.62964186543668,60.716876608286974,74.24036375960989,59.3048697033192
126.65774117400352,59.73591882507992,74.28394899508164,57.06721756452248
126.42180057397897,60.36461152874408,74.75583019513071,53.74575688727517
126.22960248794632,61.66406796028872,75.14022636719602,51.1468440241859
127.41260060514064,60.64572837721204,74.7540090899627,49.223965276028714
128.55995275065487,60.88811832391371,74.40133735380968,48.739185382625365
129.86200384375363,61.673045806821264,73.72589985932267,49.09799510852079
130.08022102235753,62.16624065947492,73.28946550211484,48.111605403213474
130.29851494755286,62.198663254243215,72.85287765172421,48.04676021367688
131.39229241476002,63.14938612960449,72.55920841688753,48.039200162532
131.50777484079012,63.26679127026799,72.32824356482736,47.80438988120499
132.4617561526414,63.68336073084633,72.30225272260799,46.97125096004831
133.59139110188983,63.370813190881556,71.91068566748113,47.59634603997786
134.90375224209234,67.16392656294639,71.15820060635599,47.49906817296779
136.22460790628148,66.80492681709406,70.37579826138757,48.21706766467245
137.38751641854356,66.22516613217383,69.90941737781175,49.37658903451289
138.51443851309517,65.65465249738855,69.527122685176,50.51761630408343
139.3515923725423,66.80349751079177,69.73734834654508,51.98899303780388
139.43216899097231,66.08841542441603,69.5761951096851,53.41915721055537
140.35233576893933,66.3204864409615,69.66861369476763,52.95501517746443
140.55987303466648,65.87359594939903,69.25353916331336,53.84879616058937
141.63155602306688,65.37699201617853,69.04499420641524,54.84200402703035
141.74863088877987,65.32854176708233,68.81084447498928,54.93890452522278
142.81445555094322,65.58595035854137,68.62494666640976,54.4240873423047
143.98812003050506,65.19006251878525,68.21216890973886,55.21586302181693
145.31094277654782,64.5977609223045,67.50757630150957,56.40046621477842
146.4861848683912,65.24201713863809,67.1064389660011,57.06130063028956
147.60108285746466,65.04418132964231,66.83044010393024,57.45697224828111
148.79172719447803,64.99589101628855,66.40504143417198,57.55355287498865
149.91040244738787,64.9187859651469,66.11855017304197,57.70776297727195
151.00883303065382,64.81644301053306,65.87058476531169,57.91244888649961
152.18466036973888,64.65284612700106,65.46726178085046,58.23964265356364
153.25309647545726,64.49912038976183,65.27769836699788,58.54709412804209
154.30693625375693,64.44449858100032,65.11929523664551,58.656337745565125
154.19752268720674,64.60002466116359,65.33812236974589,58.34528558523857
155.21312597549343,64.7386067876846,65.2539075692406,58.06812133219653
156.37158394235638,65.0806347072966,64.87824643381629,57.38406549297255
156.5472318727523,65.37453035655236,64.52695057302446,56.79627419446102
157.6775044617233,65.61107033604696,64.17603743620919,56.32319423547181
158.81684647386837,65.59778585579822,63.793971430906105,56.349763195969295
159.86417057586073,65.69557989044654,63.59044235447493,56.15417512667267
160.87171491446946,65.77994439717553,63.46018641040025,55.985446113214685
161.69121933205895,65.50250528358814,63.7012901478069,56.540324340389475
161.7081686493441,65.44151658845216,63.667391513236595,56.662301730661426
162.69163199609451,65.33963322805772,63.594617679191174,56.8660684514503
163.63178818624147,65.53446579026125,63.610584000584794,56.47640332704324
164.38369976804972,65.53339422993945,63.99705999944679,56.47854644768685
164.1320795722313,66.64202723918122,64.50030039108358,56.157610212490795
163.8532599933865,66.58355570938946,65.05793954877322,56.2745532720743
164.6735270268299,66.7262324257115,65.32690133944482,55.98919983943023
165.47643064544502,66.92081466788687,65.63016855129555,55.600035355079484
166.06472044955999,66.98954220702709,66.3610917388148,55.46258027679907
165.80707392274513,66.93751664306065,66.87638479244453,55.566631404731936
166.6393244138867,67.16002850896646,67.13806278352308,55.12160767292032
167.53517514246624,67.22314095191473,67.26938415384959,54.99538278702377
167.53317242831412,67.21971621507413,67.27338958215383,55.002232260704986
168.3658144937843,66.07556878770887,67.53128007286038,55.36735249378846
168.2605204730851,66.48890748182143,67.7418681142588,54.54067510556338
169.04718017014093,66.46092861077142,68.09145059378051,54.59663284766337
169.89469222192895,66.64030913569192,68.32559816214848,54.23787179782238
170.9068655224176,66.8681697439703,68.22819475958802,53.78215058126564
172.08183274667772,66.81396323552853,67.79631316063495,53.89056359814916
171.88348172334747,66.47225931096547,68.19301520729542,54.57397144727529
172.70821205602542,66.58169930032395,68.4739165757947,54.35509146855833
172.6903862414246,64.68969865709036,68.50956820499637,54.276857300526316
174.74037524591208,64.44605136663685,68.27037854488049,54.764151881433364
174.66328821572105,60.640326905347706,68.42455260526253,54.63707744336357
175.88585581274634,60.60524385135494,67.91435268111164,54.70724355134911
177.11455292044076,61.69289144749568,67.38520501915846,54.460194912503276
177.02756821584185,61.769715753322444,67.55917442835624,54.30654630084976
176.96851612306335,61.87007975112036,67.67727861391323,54.10581830525393
176.9377331047701,61.9437110517776,67.73884465049973,53.958555703939446
177.89935241391078,63.04407175837136,67.72902641116602,53.67125466969961
178.91364585470998,63.08101561927724,67.60904786865507,53.59736694788785
178.68726357480259,63.14639935967136,68.06181242846986,53.4665994670996
179.46795959370894,63.235720139921426,68.4108000541806,53.28795790659948
180.58630717446704,64.30227882864627,68.08691791087647,53.06765354736186
180.62362642340452,64.11887767883928,68.01227941300155,53.43445584697581
181.4997273054473,64.20428259815249,68.16917697696607,53.26364600834942
181.70674089706657,64.3111174665658,67.75514979372754,53.04997627152278
182.88053466183436,65.35245475191229,67.30647828754614,52.86621772418404
183.23640013097355,66.41301999044985,66.5947473492678,52.634151854347124
183.50499561739815,67.54664155854091,66.05755637641855,52.241308589381966
184.70746027353823,68.37102716144385,65.51242219754427,52.452332516981926
185.78146390741477,69.34050006847025,65.21927914708971,52.36825092022771
186.8566957569933,69.19207427333679,64.91782079042841,52.66510251049462
187.84699323898988,69.13002997417351,64.78641032500074,52.789191108821164
188.07350533545383,69.28323054818404,64.33338613207287,52.48278996080012
189.11292730430844,63.904485312348875,64.09179895138892,52.21673989031878
189.17095961305665,64.99591378120282,63.975734333892504,51.86312523727284
189.24639286938714,64.94831266716156,63.824867821231535,51.95832746535536
190.10761467294932,64.98754902451849,63.923385964532926,51.8798547506415
191.00589614712618,64.9669505705356,63.948028825680424,51.921051658607254
191.95950218561356,64.89270202191044,63.86306758750203,52.069548755857596
192.90971559112108,65.01090461414171,63.78598808016274,51.83314357139505
193.6807789850642,65.95688736210488,64.06220091291411,51.759517696106315
193.576246851572,66.97335714641159,64.27126517989852,51.54796793926212
193.4494547192768,67.01488376318372,64.52484944448895,51.46491470571787
193.57897280601503,67.10879142880458,64.26581327101243,51.27709937447614
193.77145994717327,67.21771819432465,63.880838988696,51.05924584343599
193.76466926487026,67.35185625155287,63.89442035330198,50.79096972897955
193.7326319497958,65.65166034991266,63.95849498345093,50.585122342337705
193.61896879614255,65.65867209175897,64.18582129075745,50.571098858645094
193.75641359866958,65.64994607406909,63.91093168570336,50.58855089402485
193.96468973035414,65.68708978784403,63.49437942233424,50.51426346647497
194.95128307168505,65.58258509215437,63.313692998169046,50.7232728578543
194.91966930795905,65.67381905796347,63.37692052562109,50.54080492623609
195.6996559563962,66.63086465709608,63.608077731930635,50.41784423115473
195.57237517510418,66.73330118514437,63.86263929451468,50.21297117505816
195.72037131772558,67.54679854110057,63.566647009271875,50.37922483813654
195.73730819928608,67.59984332924562,63.53277324615088,50.27313526184645
195.78899736901957,67.57383596436586,63.429394906683896,50.32514999160597
196.81817729402204,67.46260305513083,63.15947113569722,50.547615810076024
197.00455208564554,67.45512603030267,62.786721552450224,50.56256985973236
197.93123409091638,66.50963041279628,62.71578875894336,50.671129877710314
199.03101659871987,66.34799899021023,62.299324112263385,50.994392722882424
200.06345940301506,66.2275474305072,62.01636956160367,51.23529584228848
201.00475508638894,66.05724562077998,61.91524754370469,51.57589946174292
200.9145309150784,66.63586431241151,62.095695886325814,52.204069055963956
200.79823417583563,66.66532756908946,62.328289364811326,52.14514254260805
201.55784762188864,66.8236528237185,62.610009619362,51.828492033349974
201.40059005710023,66.97279624949687,62.92452474893882,51.53020518179322
201.11365882065442,67.12569687550038,63.498387221830434,51.22440392978622
202.1258485263532,67.99650021512366,63.278079104159566,51.28686854426631
202.97413572759945,67.9099576610115,63.38320476524749,51.459953652490654
203.01529573581826,67.93750400060793,63.30088474880989,51.404860973297794
202.9167736268669,68.07101367755568,63.497928966712585,51.13784161940229
202.91579483325194,68.24097491082931,63.49988655394256,50.79791915285504
204.00938749012687,68.24732474961758,63.109885844458525,50.785219475278495
204.94765117832577,68.332167664295,63.02435493382623,50.61553364592364
204.85419208144447,68.50054865882291,63.21127312758888,50.278771656867846
205.56429839765224,68.39513489715523,63.57540196436216,50.489599180203186
206.33293179554187,68.4279049986238,63.831476779700026,50.42405897726606
207.58206248174048,68.43268615868871,64.92561550290067,50.41449665713624
207.08516021678898,68.47882176178291,65.91942003280366,50.32222545094781
206.76829450849553,68.60263860149439,66.55315144939057,50.07459177152487
207.323932501282,68.65912360886168,65.44187546381764,49.96162175679031
207.7975017278383,68.67111997000767,64.49473701070504,49.93762903449832
208.07388802100675,68.85423265270857,63.941964424368095,49.571403669096505
208.25459820141765,69.04205816991853,63.580544063546284,49.195752634676595
208.4716316229181,70.00544608401458,63.146477220545435,49.04136598295174
209.48632353908945,70.05860531832626,62.88033667155419,48.935047514328375
210.41948641668722,69.95981211679165,62.77145612021141,49.13263391739757
210.32159054138555,69.97060323400545,62.96724787081476,49.111051682969986
211.22371713669193,69.70593303368184,62.924631925855415,49.640392083617215
211.18370107047227,69.39300425675788,63.00466405829473,50.26624963746514
211.22632773707045,68.37980498358442,62.919410725098345,50.51167649684224
212.00541921819791,68.46687276205546,63.14487038705244,50.33754093990014
211.8293015484028,68.36686987011893,63.49710572664263,50.5375467237732
211.90376871081722,68.6000188898288,63.34817140181383,50.07124868435347
212.86084846094542,69.45884580594144,63.21708242405,50.13666537462074
213.9096567143423,69.28885291102782,62.90159055078383,50.47665116444798
213.89201228890133,69.20704832263282,62.93687940166582,50.64026034123799
214.6227557307817,69.39761442619712,63.261386272134914,50.25912813410939
214.636565782712,68.4060160603268,63.233766168274315,50.45753420196162
214.55513854920565,67.67168613757332,63.39662063528705,50.13860837905095
215.34397724504822,66.90884257193105,63.6038493725181,49.87938938141933
216.228665354742,67.05151903660791,63.61834043328419,49.59403645206558
216.22258887043597,67.33212571203693,63.6304934018962,49.03282310120755
216.15756479541085,72.60358206359402,63.76054155194649,49.11290021838493
216.1725090305188,73.56228642176336,63.730653081730566,48.9692802771313
216.09134698888312,74.57048948131089,63.89297716500192,48.72386619183021
216.94575465980478,75.46780679248207,63.953628745032816,48.69869849136206
217.89267843765006,75.52393043045547,63.829762454873325,48.58645121541526
217.93543728847246,74.53540186369531,63.74424475322856,48.79724775835886
218.0168691917194,72.46022011767946,63.581380946734654,49.41082153373339
218.80479137088935,66.17533825313726,63.781439567899554,49.54926440628426
219.57228884457803,59.98605803405982,64.02765835450519,49.459328706558125
219.7653369281888,58.99784708820407,63.6415621872837,49.65223912333314
219.83314506847228,54.58353753012982,63.50594590671669,49.57710446191507
220.76748201847957,57.32314275857331,63.414726943855726,49.43025881648891
220.83307065441707,57.527138075206,63.28354967198071,49.022268183223524
220.63399469576584,59.34662015230505,63.68170158928318,48.91335808013719
220.7024090969205,61.09782960146862,63.544872786973876,48.949605815165995
221.39109672747676,65.49648463904445,63.93533258924447,48.99147105693001
221.0664186854326,66.51649834994359,64.58468867333278,48.7259214003263
222.57294774943915,67.45307403974755,65.13171948030897,48.632814488213
222.45946587973455,70.27138874223004,65.35868321971816,48.356738241634005
222.39536122495576,70.58141337701502,65.48689252927575,47.736688972064066
222.26413200082936,70.70922146249956,65.74935097752855,47.48107280109498
222.50416948778084,70.77577903532088,65.26927600362556,47.34795765545235
222.67006876591392,70.69492738636302,64.9374774473594,47.50966095336808
223.5655265970052,70.6435277365848,64.91205776786009,47.612460252924514
224.4655402722409,70.57115445010449,64.87882677837105,47.757206825885135
224.6396258862895,69.60194266109885,64.53065555027382,47.92696530591498
224.69360979207576,68.680078750084,64.42268773870133,48.00453922441953
224.54126273356974,68.71314582570486,64.72738185571333,47.9384050731778
224.31781103382252,68.79246844065923,65.17428525520776,47.77975984326905
224.9128366618915,68.85216977497947,65.75775699703172,47.660357174628544
225.1016266453018,68.80693058859205,65.38017703021114,47.75083554740341
225.30174464647075,68.74078042787372,64.9799410278732,47.883135868840064
225.35908507801028,68.70997531296027,64.86526016479415,47.944746098666954
225.55612133995993,68.61177451996183,64.4711876408949,48.141147684663856
225.50243743933416,68.50616369480808,64.57855544214641,48.35236933497135
225.54790346291844,68.42357434989847,64.48762339497783,48.51754802479056
225.63613636265939,70.02891551739496,64.31115759549598,48.85718706775992
225.6407701026198,72.74031800917558,64.3018901155751,48.7684407762102
225.54100423117126,72.67467876227307,64.50142185847221,48.89971927001519
225.37726981378546,72.83247944156847,64.82889069324379,48.584117911424414
225.3668573384473,73.65930752033697,64.84971564392018,48.71190712559964
225.2635074090098,74.47010566137536,65.05641550279512,48.874162808199614
225.17612619719358,74.53845421082329,65.23117792642759,48.73746570930378
225.11377876841416,74.49257411834607,65.35587278398638,48.8292258942582
225.034076371104,73.47230204356515,65.51527757860674,49.07629434393725
224.9287279585895,67.04535666150127,65.72597440363577,49.33058135070715
224.94059186527926,67.8620648436758,65.7022465902562,49.504474343821514
224.81047793354554,67.98764662441073,65.96247445372366,49.25331078235165
224.70411783357366,67.979685673964,66.17519465366738,49.26923268324512
223.83258872273262,71.46979872791168,66.1051104711124,49.54157619229782
223.71141979320691,71.26057288627649,66.34744833016387,49.960027875568194
223.69775157064936,72.04493549904292,66.37478477527893,50.21836562803161
223.83044519683597,71.95173432906432,66.10939752290577,50.40476796798883
224.0343510573533,71.90193203391169,65.70158580187108,50.504372558294065
224.0956656946287,70.72355767522285,65.57895652732027,51.03502270731538
224.1378510446421,69.639093430636,65.49458582729349,51.37108472452566
224.03199408804832,68.63601218090643,65.70629974048103,51.54020599571998
223.13761070435555,66.75229495051035,65.65203719855177,51.621581837882474
223.3606750347019,62.69278296052611,65.20590853785903,52.366520278709274
223.27689727323684,62.64186527711174,65.37346406078919,52.46835564553801
223.21891931387646,62.68982214707289,65.48941997950995,52.372441905615716
223.2233510110911,62.77270505259482,65.48055658508068,52.20667609457185
223.24287335690207,62.84122287459911,65.44151189345874,52.06964045056327
223.04804004401302,63.68440062188401,65.83117851923681,52.230856547529584
223.0059191192919,63.84198058617007,65.91542036867904,51.91569661895747
222.9646735798649,64.91725472626845,65.99791144753304,51.6174793108613
222.9080382572206,65.79594350279734,66.11118209282162,51.70884828123239
222.87718099680325,66.87130421714278,66.17289661365632,51.41009152341825
222.9380760905275,66.97989081039908,66.0511064262079,51.19291833690564
222.0352047688362,67.02398768366744,66.01419681617742,51.10472459036893
221.80738574893257,67.3201659280528,66.46983485598464,50.51236810159823
220.81262401952807,66.4758707346482,66.6214088294982,50.36300900311198
219.73770842199036,66.78280113291042,66.93341910129945,49.749148206587535
220.2704946625245,66.96088293730254,67.7003787218347,49.3929845978033
220.24327920069084,66.94999610355427,67.75480964550201,49.414758265299824
220.18438088846588,67.08853722623505,67.8726062699519,49.1376760199383
219.47455721458317,67.199814739902,67.45548645131252,48.91512099260438
219.14720010309034,67.37755774134945,68.1102006742982,48.559634989709494
218.79850609772492,67.41727906426722,68.80758868502903,48.480192343873945
218.27631669898932,67.42485525379135,69.85196748250024,48.465039964825664
218.19558214811698,67.36919082619119,70.01343658424493,48.57636882002602
217.55575609738844,67.13290387603092,69.43317649613428,49.048942720346524
217.76335858570786,66.85029440526168,69.01797151949543,49.61416166188501
217.93441280100802,66.86185474591778,68.67586308889511,49.5910409805728
217.9924723732691,66.88400718224503,68.55974394437298,49.54673610791832
217.19700854311048,66.9487553980701,68.29676192691902,49.41723967626816
215.6862947988426,66.93454190903046,67.62260223864592,49.44566665434748
214.92407717162035,66.9124831918251,67.30900679918393,49.48978408875817
214.926514995768,66.96679996976206,67.3041311508886,49.38115053288426
215.02460100782986,67.08154839279051,67.10795912676494,49.15165368682736
213.45905830690674,66.92003039004697,66.5882594789261,49.47468969231444
213.63247316015804,66.8163709234162,66.24142977242347,49.68200862557598
213.75874008703994,67.55222443703241,65.98889591865967,50.03120514937602
213.00536725210026,67.65085945270565,65.67287909421586,49.833935118029544
212.81988004146456,67.79971569884356,66.04385351548729,49.53622262575372
211.8681357805889,67.94051186317137,66.13183041018786,49.25463029709809
210.86594096162287,68.00820158122471,66.32397634108791,49.119250860991414
210.9716616279466,67.86909603067849,66.1125350084405,49.39746196208384
210.77566231483183,67.74062160432095,66.50453363466997,49.65441081479892
210.85364841750376,67.7385158454006,66.34856142932614,49.65862233263964
210.07845093021524,68.51938147612736,66.0768044821236,49.91904299296563
209.10583871823067,68.42772311431057,66.19975856828654,50.10235971659924
208.98881647926322,68.361972899375,66.43380304622143,50.23386014647036
208.77921816753442,68.28439124499748,66.85299966967905,50.389023455225406
207.53465473421903,68.30479379251597,67.50035225016497,50.348218360188426
207.29113636023217,68.36780963606684,67.98738899813867,50.22218667308669
206.5684292607399,68.35891825225667,67.57649813608859,50.23996944070704
206.6937831700605,68.34142212767162,67.32579031744737,50.274961689877124
206.83186701857855,68.39775801844965,67.0496226204113,50.162289908321085
206.11729294357468,68.48268886995149,66.63770957116023,49.99242820531739
205.18430852201462,68.56126818617847,66.6716656578789,49.835269572863425
204.79692687293203,68.61901154374098,67.44642895604407,49.71978285773841
204.645520891211,68.65764120860133,67.74924091948614,49.642523528017705
203.830371661938,68.59405564013937,67.53635603591917,49.769694664941625
203.97103599517598,68.4796002695963,67.25502736944316,49.998605406027764
203.95352219724086,68.44669374891724,67.29005496531342,50.06441844738589
203.6133354005235,68.52536461671721,67.97042855874808,49.90707671178595
203.77748237611127,68.36923787706084,67.64213460757261,50.2193301910987
203.79207979311923,68.34396504414258,67.61293977355669,50.2698758569352
202.5544475062169,68.23121372525952,68.2368115693645,50.49537849470134
202.28940472737426,68.23118588736139,68.7668971270498,50.495434170497575
202.18579278647553,68.22058596872657,68.97412100884726,50.51663400776724
202.23079553804405,68.17215684685061,68.88411550571021,50.61349225151913
201.25152616533745,68.11056060821275,68.966309219432,50.73668472879487
201.37512733448642,68.14229269585942,68.71910688113407,50.67322055350151
201.3279388162269,68.12614369483438,68.81348391765312,50.705518555551606
201.34914079090254,67.95621516671707,68.77107996830185,51.04537561178622
201.20286320865236,67.87592944717409,69.06363513280218,51.20594705087218
200.0869651277701,67.84102609134553,69.40664886284131,51.275753762529334
200.9586797452488,68.7471874961409,69.55836027021749,51.35857159527218
200.85617382099977,68.59663937818667,69.76337211871555,51.65966783118067
200.830295398151,68.64860338287188,69.81512896441305,51.55573982181023
200.92542416865348,68.71985403048822,69.62487142340814,51.41323852657756
200.957402836036,68.65496130298007,69.56091408864309,51.543023981593855
201.03738255152723,68.54738296968219,69.40095465766063,51.75818064818961
200.02429934710472,68.44109852706394,69.52416715116462,51.97074953342611
199.94053725836585,68.35418148906567,69.69169132864232,52.14458360942266
199.7073434482855,68.23985323640797,70.15807894880298,52.37324011473805
199.46554894553805,68.18105423985917,70.64166795429794,52.49083810783566
198.88516726314293,68.12694666980201,71.80243131908816,52.59905324794996
198.48559286747056,67.96645077890241,72.6015801104329,52.920045029749176
197.64127639647415,67.91168900542722,72.31957876127288,53.029568576699546
197.9657970972448,67.73347094360548,71.67053735973161,53.38600470034304
197.23048752489476,67.5503592022491,71.17703175793257,53.75222818305579
197.2388318868452,67.45200556551288,71.16034303403173,53.94893545652823
197.17985665996804,67.56235816763474,71.278293487786,53.728230252284504
197.08786688420878,67.37818939038266,71.46227303930453,54.096567806788656
197.0880438207421,67.44165599503839,71.46191916623789,53.969634597477196
197.20365552521957,67.45205574764611,71.23069575728293,53.948835092261774
197.5451281154742,67.56467525656237,70.54775057677367,53.723596074429246
197.7998155703629,67.66422579729252,70.0383756669963,53.524494992968954
198.14653575173796,67.65854290096394,69.34493530424618,53.5358607856261
198.27818152279232,67.59320854971685,69.08164376213745,53.666529488120304
198.12225777543412,67.71170262906635,69.39349125685384,53.42954132942128
196.96907222825433,67.75196254871383,69.76973017119471,53.34902149012632
196.6752578021239,67.82245208764763,70.35735902345563,53.208042412258706
196.7346550470266,67.82443657558468,70.23856453365023,53.20407343638463
196.6933257297846,67.76264785519378,70.32122316813421,53.327650877166434
196.66869176450598,67.80642830600672,70.37049109869143,53.240089975540535
196.7130059113137,67.55212537754518,70.28186280507599,53.748695832463625
196.70930094725466,66.43006571027288,70.2892727331941,54.04392115280939
195.70752698408097,65.25513825880626,70.33900044920418,54.43995584540533
195.5872019711042,65.1661336764357,70.57965047515769,54.617965010146435
195.59990020524418,65.12330047781406,70.55425400687771,54.703631407389736
194.44694836697397,65.18016154527211,70.89154494316483,54.589909272473605
194.44779828393942,63.97365280434666,70.88984510923392,55.03101414520391
194.49287538633848,63.937454499098095,70.79969090443582,55.103410755701056
194.32938344731969,63.89731574875401,71.12667478247337,55.18368825638921
194.3164419214658,63.94944795509011,71.15255783418112,55.07942384371702
194.29778643023195,64.0925041619553,71.1898688166489,54.79331142998662
195.15572270926492,64.10957889895153,71.45377812083194,54.75916195599419
194.75106213129683,64.21969579502772,72.26309927676813,54.53892816384182
195.06800151108274,64.31132847859104,73.62121999048398,54.355662796715166
194.58501075021553,64.31797749161572,74.5872015122184,54.34236477066578
194.7995341493645,64.28409956615438,74.15815471392042,54.410120621588476
195.17771038359612,64.1836072342355,73.40180224545719,54.61110528542625
195.71814512083415,64.00006859629245,72.3209327709811,54.97818256131234
196.00217284675,63.87264611857705,71.75287731914946,55.23302751674313
196.36640093230807,63.917418182957896,71.02442114803331,55.14348338798145
195.46579616168256,64.92654857133904,70.84267341331878,55.10817988718472
195.38840107281823,64.83776543205698,70.99746359104742,55.28574616574882
194.21155572675366,65.81634863192022,71.36629407453948,55.31343997465944
194.34742201843483,65.80237762893333,71.09456149117717,55.34138198063324
194.29383500307824,65.85369416690435,71.20173552189036,55.23874890469119
194.32322096972462,65.76228772028205,71.14296358859757,55.4215617979358
194.4582806642223,65.70354570803798,70.87284419960224,55.539045822423944
195.4180756477972,65.63461376905728,70.94032787896758,55.67690970038532
196.55207195973404,65.40577435660506,70.66268221639875,56.13458852528976
196.41418296005455,65.2089590171204,70.93846021575773,56.528219204259074
196.51768484625012,65.1377898847004,70.73145644336662,56.6705574690991
196.48219933125404,66.07397486837316,70.80242747335876,56.80146127650178
196.42983025626515,66.01270757450357,70.90716562333655,56.923995864240965
197.2925019861551,65.94344625840942,71.19189806527476,57.06251849642924
196.99428783539148,65.8687693600234,71.78832636680198,57.21187229320128
197.01090678430435,65.82290643982185,71.75508846897621,57.303598133604396
196.63438334048396,65.85283014990746,72.50813535661698,57.24375071343317
196.65868382783862,65.78420440928903,72.45953438190773,57.38100219467004
196.49020083924063,65.71660066879281,72.79650035910366,57.51620967566248
196.42393783901474,65.63424405438327,72.92902635955545,57.68092290448155
197.42914154611088,65.73013716575177,72.97196132732688,57.489136681744554
197.21182864927346,65.7720365686163,73.40658712100176,57.40533787601548
198.08124016288943,65.82649760612287,73.72393781892423,57.29641580100234
198.36920229480597,65.71616402973142,73.14801355509115,57.51708295378526
199.60128679429738,65.57344418450451,72.73787847821556,57.80252264423908
199.5707021082866,65.58688692441677,72.79904785023712,57.77563716441453
200.5940102413036,65.5489391237084,72.80532038922524,57.851532765831315
200.24399496556128,64.3658056437963,73.50535094070989,58.163583292373104
201.14534066720375,64.15972460783219,73.77266419542207,58.575745364301355
200.90648409758978,64.03410656129068,74.25037733465001,58.826981457384356
201.92449337357084,63.90244472409634,74.3065434812003,59.09030513177304
202.69307237024296,63.81842338417814,74.86670379026687,59.258347811609454
202.53339584297998,63.6695247010403,75.18605684479277,59.55614517788513
202.42135526028557,63.648854097201635,75.41013801018164,59.59748638556247
202.57391988927702,63.625042251840995,75.10500875219873,59.64511007628374
202.5053144310985,63.47988568971304,75.24221966855575,59.93542320053965
203.53824694402203,63.40993701322643,75.30172175215014,60.07532055351287
204.51410254263203,63.37099560636776,75.47855860135274,60.15320336723022
204.47929117471014,60.05833505332383,75.54818133719652,60.38095913804427
204.5930161913202,60.096037129636386,75.32073130397637,60.30555498541915
204.69287902433598,59.99666564762232,75.12100563794488,60.50429794944728
205.65133241997333,60.05033451002559,75.33682719540582,60.39696022464073
206.2616702196132,60.18778797546956,76.25045210764591,60.12205329375279
208.33347868899605,61.16033436950899,76.39451592360682,60.32080088303727
208.95499391414947,62.197474757255065,77.30075929436128,60.395793928606395
208.38221334009967,62.35220328104584,78.44632044246087,60.08633688102485
208.99945554265037,62.3190020425201,79.38865749336236,60.15273935807633
210.45143821938515,62.54655038053235,80.86924461156373,59.69764268205182
210.2437981870836,63.629836282210135,81.28452467616682,59.738436598059906
210.42725384569692,63.51767073112245,80.91761335894017,59.96276770023528
210.31566743935662,63.653995760716185,81.14078617162082,59.690117641047806
211.4252634675317,63.576493532080015,81.13296265700049,59.84512209832015
212.66367747639583,63.6073076748763,80.86992518551719,59.78349381272757
213.00030011883132,63.57261631917281,80.19667990064627,59.85287652413455
213.08311406376737,63.46364402601657,80.03105201077412,60.07082111044705
214.41574964818363,64.49025919586772,79.56650455449468,60.2183144832978
214.6084074982079,65.50092534059223,79.18118885444618,60.39303982286684
215.56194537203902,65.48824147892489,79.46714829897115,60.41840754620152
215.35899234338706,65.20531975163831,79.87305435627506,60.98425100077469
215.10576556156178,66.26433072461477,80.3795079199256,61.079462564114465
218.56253639072492,65.99423401546781,80.13349861866574,61.619655982408375
218.04830562631872,67.2097404400142,81.1619601474781,61.41621130362875
218.99064805696338,66.92806727947237,81.51721127706539,61.979557624712406
218.4225376478164,66.88556788871932,82.65343209535936,62.0645564062185
219.57064125681376,66.85142427706771,82.63047494724094,62.132843629521744
219.35042792829577,66.60356928923451,83.0709016042769,62.62855360518813
221.31803196982196,66.66816511745094,83.7133468380914,62.49936194875527
221.20350626707966,65.30164103555029,83.94239824357601,62.93591468855618
222.14401540303732,65.1955012818812,84.36850263521251,63.14819419589436
221.95356064993956,65.27975818941277,84.74941214140803,62.979680380831226
223.25687453289436,65.12154181555705,84.46290313862468,63.29611312854265
224.5442452774181,64.93723820299032,84.2090987439043,63.664720353676124
225.9177918224933,64.83193691934261,83.78510178229757,63.87532292097153
227.0834820698466,64.71672028246186,83.77379177424602,64.10575619473303
228.0617745105901,64.63332678589758,84.14086364313401,64.2725431878616
229.28284137138243,64.55318244232328,84.03070721980923,64.43283187501021
230.36306469299439,64.40993721483515,84.20317096785256,64.71932232998645
231.16973674138524,64.41144127583185,84.93003966598982,64.71631420799307
231.93414180200813,64.41054228947482,85.7524840886158,64.71811218070712
231.54509644120085,64.33356681312549,86.53057481023033,64.87206313340579
232.54406569908784,63.150949096381815,86.91082296461599,64.85911189673358
236.01461180711706,62.80975861319929,87.1210173237718,65.54149286309863
237.06361918185502,62.69646387806655,87.42112442644896,65.7680823333641
237.16346581958157,62.67121145575154,87.22143115099587,65.81858717799413
238.15489165512952,61.29956060380316,87.64275913229811,66.1577092294927
238.8702642077408,61.294287688505854,88.62815327544259,66.1682550600873
238.83117074344,61.224949282147826,88.70634020404421,66.30693187280336
239.68684377728505,61.02162395956623,89.42976820813156,66.71358251796656
239.39495843584666,61.01178137751747,90.01353889100835,66.73326768206407
240.410834395523,61.056953742839106,90.4434248685824,66.6429229514208
240.20719173897533,61.100558096220134,90.85071018167778,66.55571424465874
241.71855443607404,62.19761600880935,90.29943354490538,66.83304717690532
242.56326988615638,62.035181384616656,91.07762162866234,67.15791642529071
243.29576956573968,62.05676791067574,92.09739254269022,67.11474337317254
244.23833066148768,62.02668218109007,92.71181937285328,67.17491483234389
244.3477480277836,61.92851438218627,92.49298464026137,67.37125043015148
244.86053075556595,63.179245776487775,93.97718303202157,67.37955148887337
244.6806720236219,63.069930008850605,94.33690049590967,67.59818302414772
244.59510872271213,62.992873446501285,94.50802709772921,67.75229614884636
244.62296307550312,64.15586377140647,94.45231839214723,67.97289661566619
245.10945334653462,64.20413385270245,96.02870341997813,67.87635645307425
245.70752757948537,64.20058047488047,97.40420078209287,67.88346320871821
247.28223093161762,65.55260703552408,99.43990545604711,67.77196577654038
248.09892322936128,65.33412633750049,100.42794592590735,68.20892717258755
249.00955575706968,65.18715695009921,101.25023451821923,68.50286594739012
247.43518099350752,64.90783698043955,101.73817166566778,69.06150588670943
249.47314658409908,64.69062572080043,103.01708888283801,69.49592840598768
249.08332659856012,64.66459869048046,103.79672885391594,69.5479824666276
249.30957211477508,64.24708826547352,103.34423782148605,70.38300331664149
249.40678569395382,64.08269097511624,103.14981066312858,70.71179789735605
249.2674322166597,63.87081091313813,103.4285176177168,71.13555802131228
250.4822864597803,63.563102780081906,103.73606470836413,71.75097428742473
251.64975883795915,63.34975535243474,104.15319555188262,72.17766914271905
251.89492120235144,63.36251209582271,103.66287082309807,72.15215565594312
252.15468849893784,63.16628154785592,103.14333622992521,72.5446167518767
252.21242673364551,62.757744488387935,103.02785976050991,73.36169087081267
251.81967360928823,63.105468493685464,103.81336600922448,72.66624286021761
253.00131975736718,62.97618529220538,104.21843774734293,72.92480926317778
252.79122509274842,61.735176249685026,104.63862707658046,72.62807359518641
252.55784367976452,61.66813429573266,105.10538990254824,72.76215750309113
252.53952668690889,60.13311453600318,105.14202388825953,73.04273458543096
254.07296659121772,60.14766265320226,104.86979709044225,73.0136383510328
253.93357644811493,60.60879494288616,105.14857737664784,72.09137377166499
253.74095906060617,60.46487728005695,105.53381215166536,72.37920909732341
253.6960376887107,60.37311882820058,105.62365489545627,72.56272600103615
253.7979603894161,60.405698709748684,105.41980949404551,72.49756623793995
253.83813656521357,60.601248863001004,105.33945714245057,72.10646593143531
253.99898167981647,60.46225180930381,105.01776691324476,72.3844600388297
254.29145087290277,59.98979413045113,104.43282852707215,73.32937539653506
255.987511350151,59.65770554905485,103.82937870765751,73.99355255932761
257.51738733456773,60.85229185624314,103.56011618704426,74.39486939317129
257.828587313536,60.88238250626101,102.93771622910782,74.33468809313555
