73.5,126.5,29,23
73.27076725789993,125.70492666965714,28.45846548420013,23.590146660685704
73.89755623333713,125.5016754742399,28.023653860497298,23.996649051520194
76.6252108535258,125.3236392481067,27.479965493121124,24.352721503786604
76.40019187564145,125.17538492391103,27.114112158216635,24.649230152177942
77.26558425649664,124.62938465045615,27.013206720799907,24.9262910369409
78.34688773619683,123.99780315343125,26.486159296293923,25.37167426354352
79.1534706835227,124.0213619629696,26.506216693808945,25.324556644466803
79.4606533423698,123.93079595343627,26.70803099391362,25.505688663533462
80.36421416988675,123.41712551586652,26.545326935783105,25.710820740221287
80.38015494936774,123.47360886083463,26.513445376821124,25.597854050285065
80.24542855616082,123.4469673427145,26.78289816323495,25.65113708652532
80.79960929264556,123.57627695675201,27.32590618955313,25.392517858450297
82.2805158266674,122.9528165555172,26.854308564037186,25.809366846743984
82.60130795464082,122.96697230316694,27.042032712144213,25.781055351444508
83.03782372514769,121.97664581449084,27.000801568281126,26.098107534495387
83.29006463801097,121.56280190272255,27.33249282628011,26.089622274306407
83.94839551125625,121.15164814617705,27.69830353776477,26.070693558409786
84.04592183824685,121.27744884746201,28.349909752906143,25.819092155839883
84.74977828974312,121.41009540629405,28.647841564015366,25.553799038175807
85.31433820955428,121.21667629801402,28.37194311953641,25.94063725473586
85.30024058203139,121.20480245353492,28.400138374582184,25.96438494369405
85.65746121338441,121.2105440347994,28.541616484150424,25.952901781165124
86.63758965312238,121.03765840121316,28.297238164250846,26.298673048337587
87.86013873541854,120.76617542165603,27.571408200848907,26.841639007451835
88.51984692628093,120.72987897519262,27.108870933575627,26.91423190037866
88.49374526146482,120.83111782766584,27.16107426320783,26.711754195432235
88.90437445991721,120.78520000937176,27.18819948864753,26.803589832020375
90.39520783475169,120.81988207623837,27.607568760993146,26.734225698287162
90.6451585597372,120.9977988268319,27.96341597183476,26.37839219710011
90.36166386178733,121.18454407871894,28.53040536773448,26.004901693326005
90.27880106750126,121.27412627313278,28.69613095630663,25.825737304498336
90.71872688739568,121.29430511514596,28.67459388992912,25.785379620471975
91.51676176953886,121.17109868133159,27.935859720753363,26.03179248810075
92.15890684351069,121.06595487425234,27.501321607909077,26.242080102259212
92.87677125761087,120.91547238251917,26.911887480206886,26.54304508572556
93.36083136442734,120.91841538230231,26.785572218314456,26.537159086159285
92.95831888438816,121.70610584064511,27.590597178392812,25.801503943408417
93.18293585183189,121.63032507436367,27.141363243505367,25.95306547597129
92.9501580827567,121.8123518048955,27.606918781655743,25.58901201490763
92.79928230527457,121.87452191617407,27.908670336619977,25.46467179235049
92.70053269054952,122.40685388323904,28.106169566070108,25.240312602606394
92.97001434309152,123.67399916271887,28.407005220087584,25.22541892095107
93.3191981738549,124.146021739715,28.55287104934842,25.12560725774649
93.92573695620389,124.75150401481108,29.029592487472822,24.759542208965502
93.9479417767429,125.12635822725817,28.98518284639483,24.85623922900172
94.44138729837482,125.45255309933546,28.84556468371974,25.051122365435912
94.58812587075474,126.08942784210184,29.400328241153602,24.625613582096857
94.70580857903148,125.91723697791336,29.16496282460011,24.96999531047381
95.17576425436388,126.95039021673131,29.928809234217773,24.607446593120343
95.57040246698914,126.90439654611703,29.997348766729253,24.699433934348903
95.55605019222415,126.96704073702836,30.02605331625925,24.574145552526275
95.45097554366663,127.00210547245787,30.23620261337426,24.504016081667242
95.96982994650597,126.54969270104193,30.05936208514991,24.54797334704481
96.32645587378587,126.651281040558,30.204972587847138,24.34479666801267
96.97042482401962,126.47919939563828,29.77484601014439,24.688959957852116
97.40026916681695,126.0695540691085,29.77191965402162,24.65148828143975
97.84356467647157,126.14316252251618,29.741441312659177,24.504271374624416
98.4201853157135,126.1126004785328,29.441467322217335,24.56539546259118
98.5332631279292,125.62012738733719,29.21531169778593,24.70070692846797
98.63317048758964,125.62925039631746,29.015496978465038,24.68246091050745
98.92329884001381,125.60064909107597,28.4352402736167,24.739663520990433
99.39904819869207,125.66030144756019,28.320635878478573,24.620358808021997
99.83459093311399,125.66209758968014,28.28275759461695,24.61676652378206
100.61725007025461,125.65560886273111,28.38256553968857,24.62974397768014
100.524717287916,125.35039756609211,28.56763110436577,24.40585018323806
100.58205550961435,124.88873499277607,28.452954660969084,24.4955911564655
100.82916661278848,124.55819771165139,28.79198538900003,24.323412784335645
100.75708128980644,124.57424059614914,28.936156034964103,24.29132701534014
101.0480761148247,124.15015325855445,29.191596200237942,24.302071875219116
100.57345601831456,124.06793669148286,29.29929664934353,24.46650500936232
100.5197863486435,124.13865957000709,29.406635988685622,24.325059252313856
100.60789830240208,124.14373604735955,29.23041208116849,24.31490629760892
101.21552038836549,124.12885575378945,28.8575125184716,24.344666884749138
101.70688983756087,123.97983740859954,28.711849335189015,24.642703575128976
101.7168146002137,123.97101556171503,28.69199980988337,24.660347268897965
101.93947015661938,124.05801885995716,29.086283204490208,24.48634067241371
102.22169157588593,124.03341124736308,29.36472587947445,24.53555589760187
102.88753716278912,124.12680147362573,29.7289771062735,24.348775445076583
102.85117514464422,123.72957387866097,29.801701142563296,24.292666831877796
103.17648627951463,124.15336697057525,30.00185354423686,24.295855319463634
103.04891590361898,124.13628082135426,30.256994296028175,24.330027617905614
103.58652100249384,124.16686334425361,30.04015449276234,24.268862572106897
102.17521070065662,124.17583068843977,30.30061918279986,24.25092788373458
102.82826791249641,124.25529313917747,30.71002034032815,24.092002982259196
103.34118411151599,124.23990589503475,30.545637253159416,24.12277747054464
103.78694646865237,123.87630255150721,30.513545726686544,23.990550969799774
103.75844784990461,124.37157128006149,30.570542964182078,23.85680762313832
104.16146481004306,124.36314620485021,30.620000897004484,23.87365777356088
104.1458338484527,124.40225177854546,30.65126282018521,23.795446626170346
104.95557724919452,124.36867795599329,30.743230933341533,23.862594271274695
104.52148773989265,124.80691089956588,30.753184083420116,23.844354252654668
104.44307674900297,124.34499421639251,30.91000606519946,23.910106557169733
104.43932605909677,124.34385437475113,30.917507445011857,23.912386240452502
104.83011202745027,123.94205566121781,30.99763482600597,23.85428434981805
104.70830968346134,123.95262071652749,31.24123951398382,23.833154239198663
104.59718000615453,124.02110411798635,31.46349886859745,23.696187436280955
104.47655431758326,124.12400349095478,31.704750245739987,23.490388690344105
105.03748059587033,124.0791765131595,31.449702650448053,23.580042645934657
105.57632689133342,124.07933244288344,31.23640198998274,23.57973078648678
106.06143646145124,124.5001342721941,31.127321191346333,23.599265469464704
105.2118476106095,124.45310687186634,31.106908638134136,23.69332027012023
105.6463476332914,124.39876458942453,31.098927770545206,23.80200483500387
105.22503044590142,124.30358520448672,31.078891774552012,23.99236360487946
105.35928736528028,124.21852005946903,30.81037793579429,24.162493894914874
105.37002204466563,124.2080198902852,30.78890857702359,24.18349423328252
105.76006935645623,124.23773115960385,30.87295727379733,24.12407169464521
105.70056718976805,124.24221895879609,30.9919616071737,24.115096096260743
105.55420105214891,123.81880981221215,31.284693882411982,24.095777669483816
105.64098571569798,123.77055620213372,31.111124555313832,24.192284889640696
106.05348220066597,123.73944087883508,31.155345822323866,24.254515536237967
106.18543479500545,123.71812741597276,30.891440633644894,24.297142461962608
105.67543179586322,123.72256858681364,31.04388751792314,24.288260120280842
105.72155464768981,123.73911646599704,30.951641814269948,24.25516436191405
106.22946092334857,123.74511290292195,30.80362735643829,24.243171488064235
106.34385812746287,123.69300616846638,30.57483294820969,24.347384956975368
106.28279878939689,123.6309883062403,30.696951624341633,24.471420681427528
105.81918626782782,123.59013100978908,30.756767431129077,24.553135274329982
105.77352336493576,123.1522952733276,30.848093236913208,24.55915543608624
105.78091692481235,123.16649914387965,30.833306117160017,24.530747694982136
105.8476901590519,123.17861691193913,30.69975964868094,24.50651215886315
106.23472344266051,123.23611973858482,30.79371443042541,24.39150650557178
106.1154242734304,123.2662799911533,31.032312768885614,24.33118600043482
105.60140787915999,122.81541485645505,31.19007754495096,24.362648257355822
106.15676081631034,122.26710465317909,30.952564430147092,24.586075904410922
105.75716603926895,121.71806862149123,30.878567525676797,24.810961509233593
105.84319726934926,121.18888740151101,30.706505065516183,24.993625819021933
105.96012932698552,121.64263766549136,30.472640950243655,24.962138520093873
106.11175389397815,121.644592592376,30.16939181625842,24.958228666324597
106.1821792708263,121.62339554124321,30.02854106256212,25.00062276859018
106.12740114760007,121.67955123044317,30.13809730901456,24.88831139019026
106.13221604882072,121.78594036835165,30.128467506573248,24.6755331143733
106.09111711375245,121.84989668020106,30.21066537670982,24.547620490674483
106.1365291579291,121.91049358818938,30.1198412883565,24.426426674697836
106.54373839571166,122.34456026452887,30.163248546882638,24.41611905611013
106.06439552918499,122.42033515972078,30.26360877532985,24.2645692657263
106.23035547733193,122.3233922661534,29.931688879035992,24.45845505286104
106.1988330394508,122.33511013249745,29.994733754798233,24.435019320172962
106.24594706659555,122.30403194415979,29.900505700508752,24.49717569684828
106.33676762498997,122.2771545222497,29.7188645837199,24.55093054066844
106.33480239134157,122.3064550519129,29.72279505101671,24.492329481342047
106.40853126491226,121.89216259185991,29.57533730387533,24.46812682807042
106.4901926143556,121.4601326741736,29.41201460498862,24.482059100003365
106.52681901463345,121.47900070408704,29.33876180443295,24.44432304017647
106.53592431097806,121.48675228066986,29.32055121174373,24.428819887010842
106.37314581204434,121.49340290229944,28.800538245991284,24.41551864375167
106.37214036415642,121.54174808848546,28.802549141767102,24.31882827137963
106.35700567683539,121.5437715657977,28.8328185164092,24.31478131675517
106.28658765546793,121.6512475251246,28.973654559144112,24.09982939810136
106.66176204902305,121.71242724601257,29.058227158143534,23.977469956325415
106.17625847016595,121.78425557987194,29.19498516848101,23.833813288606688
106.56512260454899,121.82337008275582,29.251288455816333,23.75558428283894
106.16425281157142,121.75484216380481,29.219396527995283,23.89264012074093
106.18023884282343,121.80920820886631,29.187424465491276,23.783908030617926
106.57418166603884,121.88776612978775,29.232647278529246,23.626792188775056
106.28798024130455,121.8823426955937,28.973789134923024,23.637639057163145
106.24181078642832,122.32257574560722,29.066128044675523,23.584633300522285
106.90331212317216,122.17193150969267,28.571147069460054,23.885921772351388
107.19425728673546,122.30440210233202,28.81452815770794,23.620980587072687
106.34502805530569,122.75101904983794,28.86350098253007,23.55248951107955
106.38330093218686,122.73787401298023,28.78695522876775,23.578779584794976
106.35402033940062,122.8064078037832,28.84551641434021,23.441712003189025
106.42474444318972,122.8216519738355,28.704068206762006,23.411223663084424
106.83149952698088,122.92245934754504,28.710212458697246,23.209608915665353
106.89979670691591,122.86361436475286,28.573618098827186,23.327298881249718
106.93954322013164,123.27209127366366,28.494125072395732,23.326637742859496
106.76244414824795,123.770635289299,28.848323216163106,23.144609727200113
106.8078886345437,123.75739926871307,28.75743424357158,23.171081768371963
106.89239383263535,123.62065584298888,28.588423847388306,23.444568619820334
107.02918462552276,123.48470766403906,28.314842261613492,23.71646497771996
107.01225804797218,123.5151904580344,28.348695416714637,23.655499389729307
107.03719406849817,123.48692920111307,28.298823375662657,23.712021903571948
107.21926562340829,122.98153565514767,27.934680265842413,23.904537226840894
107.11815857190585,122.93698771692904,28.1368943688473,23.993633103278153
107.40779817527131,122.8070277385936,27.557615162116388,24.253553059949
107.76704503259575,122.63628406377828,26.8391214474675,24.595040409579653
108.04508060423751,122.2792367843683,27.092844346656157,24.499340925927406
108.15585975609676,122.26759829521353,26.871286042937662,24.52261790423695
108.39369997405548,121.73985535591216,26.39560560702023,24.768962277031658
108.15082509243098,122.2760315058197,26.881355370269247,24.502249396397524
108.33368374506433,122.18935841006493,26.515638065002513,24.675595587907083
108.76188603753714,121.90462856924334,25.659233480056916,25.245055269550242
108.81681172313912,121.86380600840073,25.549382108852924,25.326700391235473
109.15897088388738,121.96592499004522,25.666260018329517,25.122462427946477
109.35275959211198,122.43081054121917,26.078493540971568,24.992502264689875
109.08386860639801,122.55605371237081,26.61627551239951,24.742015922386592
109.57183015329241,122.41158472237476,26.449009755058988,25.030953902378698
109.50628807469874,122.87345226070227,26.580093912246337,24.91785001853794
109.75216038952166,123.09163550486655,26.088349282600504,25.2923691488339
109.94730036091005,122.84782364620864,25.698069339823732,25.779992866149698
110.26052156580553,122.7543539997112,25.882304818364496,25.966932159144594
110.62812597972571,122.5057560270285,25.147095990524154,26.46412810450999
110.84037582655495,122.85018092306541,24.72259629686567,26.587987333963042
111.14681682347823,122.53827282448124,24.10971430301911,27.21180353113138
111.75708935964344,122.42642103693655,23.697012924522813,27.435507106220783
111.72421745944705,121.9647977334147,23.762756724915622,27.554055419466955
111.83405823899919,121.54294126441462,23.54307516581133,27.59018115381462
112.13461714813678,121.4252424246873,22.941957347536146,27.82557883326927
112.55313047040482,121.31670958670179,22.90349415531192,28.042644509240297
113.12418341214628,120.77405326485813,22.562668530853934,28.32667689390271
113.20735185411652,120.6523918153292,22.396331646913453,28.569999792960566
113.01222425681107,120.86033410122765,22.786586841524343,28.154115221163657
113.12066476693343,120.83202856175839,22.569705821279616,28.21072630010219
113.0533006292245,120.90087471138669,22.704434096697486,28.07303400084558
113.20863586846272,120.99434693206268,23.192290658296468,27.886089559493584
113.79324841935406,121.15489185189548,23.63013438206954,27.56499971982801
113.68203570424896,120.44673199522808,23.852559812279722,27.370065390819217
113.34792730903263,120.72991080990612,24.52077660271241,26.803707761463137
113.11522809473658,120.90925727739126,24.9861750313045,26.44501482649283
112.98715853136852,120.96808021015626,25.242314158040617,26.327368960962833
112.55862192273862,121.24000196551438,26.099387375300406,25.783525450246596
113.14584684966529,121.11811415579689,25.74198748136858,26.027301069681585
112.95707633466418,121.21431555801178,26.119528511370774,25.8348982652518
112.67590847151484,121.792224514913,26.681864237669462,25.497257231123886
112.88320373141762,121.8359311267775,27.088939223976066,25.409844007394902
113.3026499337287,121.67617718344563,27.076693589162858,25.729351894058613
113.58768781554315,122.62180709245139,27.338141418368206,25.50113926171557
113.34858801558822,122.6479800826167,27.816341018278045,25.44879328138496
113.56276215444151,123.14418611340808,28.22660657480683,25.294995054037525
113.44512183026433,123.02675590949487,28.46188722316119,25.52985546186395
113.72707620396427,122.98856479280387,28.74792864817161,25.606237695245927
114.19331297757009,122.7798741112405,28.671068687403462,26.023619058372667
114.11027385209923,123.1079004478432,28.837146938345192,26.228647754573
113.86352310797065,123.08315479490966,29.330648426602366,26.278139060440083
114.09216981764949,122.50482082170281,29.74875403921092,26.559407974887538
114.03766850185028,121.9339147653212,29.85775667080935,26.814833055400793
114.87663831403384,121.71815060266212,29.96413714306094,27.246361380718962
114.78684134796283,121.67416971753345,30.143731075202957,27.334323150976314
115.04591955631722,121.66129090095795,30.530470515333988,27.360080784127284
115.19021838413184,120.55621995346202,30.24187285970475,27.747581928357683
114.83458821233461,120.64456593901185,30.95313320329923,27.570889957257997
115.09087523942759,120.73193507041996,31.36181244938661,27.396151694441787
115.30712915730383,119.88191928037068,31.854099866936092,27.24659276793635
116.21842921162236,119.8312281742802,31.89152417538886,27.347974980117314
116.77150460515523,119.79872057009773,31.717592648238913,27.41299018848226
116.68204020483107,119.90015141693095,31.89652144888722,27.210128494815827
116.54954285471324,120.09494795914814,32.16151614912289,26.820535410381446
118.11020953792527,120.03942728105184,31.823878793132344,26.93157676657404
118.14759667631898,120.17485844224342,31.74910451634492,26.660714444190898
118.69664740809938,120.23280245264652,31.569969715187813,26.544826423384666
119.1621265283595,120.32422032050884,31.55334935941682,26.36199068766004
119.4178021928683,120.91312818975786,31.953134149540226,26.095311068303037
119.29483086375211,121.4703486544163,32.199076807772606,25.89385450220997
119.57421524198617,121.84034621900378,31.640308051304476,26.067360548361584
119.95616876990539,121.96984803639077,31.78412312892469,25.808356913587616
120.04328403842355,122.02660444818987,31.60989259188838,25.694844089989413
120.19858814941614,121.59294702945986,32.20051848309133,25.66092481426127
120.00360771168457,121.74461229229684,32.590479358554475,25.357594288587332
120.30031227829846,121.7574025731813,32.90785944551426,25.33201372681842
121.24867349130406,121.75250478622121,32.84157983282511,25.341809300738582
121.37969534015062,121.8080025717317,32.57953613513199,25.230813729717585
122.34144741983648,121.27606888226364,32.473148906534476,25.386122643266628
122.38949280768549,121.82022913059882,32.37705813083646,25.207261371264497
122.8464694747742,121.75443309214285,32.368185468567084,25.33885344817644
123.35178799371035,120.77745641526002,32.26463360449273,25.47863645434615
123.71207918218796,120.69906089907582,32.451822840853566,25.635427486714534
124.0241313378331,121.25825909021574,32.740902438715366,25.430215013586746
126.29653223220052,121.28578050329308,32.76745159647902,25.375172187432074
126.22416250847904,121.3684911962487,32.91219104392198,25.209750801520855
126.01329271557238,122.10012016428558,33.33393062973531,24.659787488569872
125.88925875410413,122.21057206402989,33.58199855267178,24.438883689081244
126.25749624811975,122.23938764397302,33.7563976074123,24.381252529194995
127.0790297049993,121.86475333353066,33.93847605367017,24.21794847007121
127.01640524666934,122.49718293896933,34.063724970330085,23.865734567108927
127.94905552404192,122.39570196361935,34.01589258762342,24.068696517808878
128.24265710576657,122.47852594086376,34.34004786027579,23.90304856332004
128.55929946193504,122.01719422057829,34.620288190604825,23.91218696122502
129.94378204698245,122.04011510892684,34.605043779034766,23.86634518452793
129.82260989336598,122.11359501912705,34.847388086267685,23.71938536412752
131.31413008222162,122.52544466362069,34.61876708608566,23.81382586764996
131.42023107675843,122.97498190021238,34.40656509701206,23.83100824941796
132.40235375352938,122.49272840449441,34.26899754410613,23.882176340535935
133.94858444202663,121.88232081970726,33.912857474689915,24.190884407584157
135.1821173393501,121.75396518129092,33.26941525874642,24.447595684416832
135.75318292864551,120.91933349897846,33.0335552067873,24.304316795778394
144.11151317940215,118.62425742070789,31.62265354384495,25.2931139314793
147.47901422637088,116.35362667699422,30.257199014041575,26.254677042817274
140.25200017833745,117.32398370105736,30.480945659360405,26.09274817603449
148.06557893940442,115.5379975633617,29.097852625014475,26.993958359965564
140.85541822198022,115.91425004326612,28.504109777214175,27.124633652077236
140.76106845755737,115.38285896394603,28.692809306059843,27.311439948501288
140.84911870317802,113.97386488678215,29.3985984224172,27.483759280033176
141.6549613941479,114.48859804841385,28.68257130335721,28.245609482529392
142.1327812992381,114.62376901350773,29.519931856565936,27.97526755234165
141.73348958691082,114.66313127347334,30.318515281220535,27.896543032410406
141.61184238757258,114.84306426669494,31.478383877073057,27.53667704596723
141.74106908630296,115.0866848988618,31.21993047961228,27.978288421921743
142.552689866656,115.5420166456787,31.46050076332962,27.99953085049971
142.39951260322005,115.98093867747401,31.766855290201562,28.05766859543665
142.82821849588095,115.90486503927642,31.851109178354058,28.20981587183185
142.9017423313145,115.79173280690145,31.70406150748699,28.436080336581767
143.41591764558765,115.790164301916,31.622450094937623,28.439217346552674
143.58490826797376,115.67437189067205,31.28446885016541,28.670802169040574
142.9926450049207,115.39030574922386,32.46899537627152,28.294981271912853
142.9113320054585,115.1613088315496,33.58796981253539,27.796626669921917
144.1078557664387,115.22219914423003,34.091753483649974,27.67484604456106
136.93486179860673,114.49994939552343,33.866903940203386,28.147956376700215
146.0543799803951,114.25975273774642,33.18818591246379,28.62834969225424
146.6223616861931,114.08498646563734,33.02504891528223,28.97788223647239
146.71915314172608,113.84140386796554,32.8314660042163,29.465047431815993
147.29486084442874,113.23263352237248,32.66073988544238,29.701898836370727
147.63367395586843,113.04930500147987,31.98311366256299,30.06855587815597
148.04624062896931,113.03063901784373,32.135055671802625,30.10588784542825
147.97997370628087,112.55597211093126,32.26758951717948,30.075179554557778
148.37956717667475,112.5970392411548,32.45002668282667,29.993045294110694
148.4976912199304,113.09021812893462,32.21377859631537,29.989852656899124
149.21817297332117,113.59966279781656,31.752243304289948,29.950391533891384
149.3138599963753,115.21182198143829,31.560869258181718,29.640847524275465
149.64452695709005,116.03667586239786,31.863223320188965,28.954827745793136
149.51509799796392,117.09267398973206,32.122081238441254,28.757813008898285
149.47331542796465,117.7390214238592,32.205646378439795,28.423490594419462
149.341253052359,118.65931054345755,32.46977112965107,28.491562357652214
148.99486186947394,120.0545756130787,32.20304367415696,28.57956168220265
148.58111857399015,120.10384698978329,32.07374919164913,28.481018928793464
147.82490702416004,120.7427133538691,32.632973589697045,28.156484902234197
147.86184313710135,121.63712516652618,32.5591013638144,28.280991635080394
147.9719058976354,122.01636363385111,32.338975842746336,28.48003404282845
148.2706052072964,120.50929048624697,32.69887480046252,28.62228760692207
148.76360291314256,120.75914023695177,32.67803335677711,29.08774207351938
149.57192156656006,120.58696424602594,32.033674523618984,29.432094055371035
148.47150591509248,120.09479295562303,32.29900967443985,29.44868856011969
149.21616516199126,120.04069795579461,31.781836840761276,29.55687855977656
150.3522394972953,116.83096079436362,31.441298445599447,30.18152205629986
151.79238756475075,116.56076256497124,31.472164570351808,30.721918515084596
148.6637980105542,114.11724437552348,31.85284429610182,30.71187207511089
148.8621827556522,113.83653996769289,31.456074805905764,31.273280890772067
148.1782462863245,112.98628056946362,31.836084923872164,30.998074045852672
147.05542949700302,113.39487718066536,32.1027338757704,31.170373136821517
147.400117137512,113.76401369704205,32.409758431592024,31.42849994090775
144.86136019367376,113.76026464455893,32.46078625801402,31.435998045874
144.98540142614962,113.17363715164623,32.21270379306233,31.603036814322035
144.6518955934252,113.48043214974764,31.87475463106857,31.994407645561772
144.73583655203595,113.38089271065776,31.706872713847048,32.19348652374154
143.78393414919475,113.24741691203212,31.59808236902805,32.460438120992826
141.46078151810653,113.08263252698744,31.200523903288886,32.79000689108219
141.5598854425001,113.9904596883494,31.002316054501737,32.98964691132339
141.1411253184049,114.29747061710121,30.832210354722086,33.38325100178988
140.15080373298008,115.26243581819656,30.79071833845036,33.475455786720545
139.2999838080666,116.7456740483287,30.468668325656726,33.54451412038722
139.44691649871606,116.75977696061695,30.1748029443578,33.516308295810724
138.14504784802904,116.54332544765313,29.770546838836545,33.94921132173833
136.78680470907614,117.04962110018243,29.478269574387816,33.93954119746455
136.04604224643245,117.53277110062461,28.96361910344682,33.97132889469434
135.91399242864046,118.39292784613978,29.227718739030838,33.241332263170165
133.04249425141901,119.92061616837978,29.071174129764437,33.13572610054483
133.01707705967934,120.6030686745157,29.12200851324379,32.74993438784064
133.07728934147576,121.18975212684052,29.0015839496509,32.55050994433465
131.54274382049215,121.44099525055026,29.163910697023503,32.04802369691514
130.21212299097783,121.43955521495235,28.934052556857495,32.05090376811097
129.5931969278778,123.71814212093125,29.211825299367277,31.33404749091443
126.98006390752016,123.22469313367354,28.71810012445638,31.367613596158797
126.75587403687874,124.05470684766905,29.16647986573924,30.65358786850414
126.07585960279486,124.6758954951319,28.64255766536237,30.353186107850703
124.84212534550912,125.60911317630256,28.323118621574572,30.344689117748917
124.15117407586155,126.13859712714546,27.857490461521245,30.20948656573734
123.70679503946224,126.75006777055104,27.831995504554968,29.900798308691066
122.559282267424,126.80730433140374,27.399925315174666,29.78632518698565
122.15114651939292,127.00688463493309,27.315821992391328,29.38716457992697
121.2190542303083,127.05434025714877,27.394383654175225,29.2922533354956
120.17732822610968,127.23394927498408,27.692679950949042,28.933035299824976
117.26419315769209,127.18867088713452,27.277119648420076,29.023592075524117
117.14536510519552,126.83203450737722,27.51477575341321,28.85034610629287
116.41692105648909,126.65771714760125,27.196509018321244,29.198980825844824
115.41449815590049,126.80481385847489,27.425398874364664,28.904787404097547
113.6403726580891,126.85675607035598,27.425597620659822,28.80090298033534
113.22642407838975,126.91445312332249,27.36810430081688,28.685508874402345
110.49788815606759,126.48518185080897,27.52913746130412,28.66137830540317
110.5733965272074,126.00055116806902,27.378120719024505,28.745794570760317
109.74300110267328,125.82894761306328,27.271360416608935,29.089001680771815
108.31903293299837,125.3931286580304,26.569499327568778,29.96063959083757
106.60218012369043,125.19420457734277,26.443853471901733,30.35848775221282
106.25292120253945,124.85901145268726,26.248377484117544,31.028874001523853
105.1272760740307,125.1444650151726,25.79601313676092,31.359185078011215
103.12434675537818,124.90298879531885,25.306795236490082,31.842137517718726
103.27351254164216,124.88264275289629,25.008463663962125,31.88282960256383
100.88283078644608,125.42908771597023,25.318380973307303,31.684228916625354
99.68355842909921,125.29320380984346,25.028090595816295,31.95599672887888
97.49004210353175,125.19234880651209,24.93648495075374,32.15770673554162
97.45371405687803,125.16893825102801,25.009141044061174,32.204527846509805
94.982354662596,125.77984049541178,25.45576201424123,31.881942921419064
93.51462264446933,125.50401210523454,24.785077605672587,32.433599701773545
93.3240958461444,125.38063817624545,24.26706450424948,32.680347559751716
92.62854034910839,125.2475671562155,23.869456456209804,32.946489599811635
90.58131916099627,125.15566419240957,24.39637850121219,33.130295527423456
88.55765641138834,125.00650659868728,24.830432661144773,33.428610714868064
86.65488375460109,125.23508530498607,24.976122461642603,33.88641718053967
85.44447604273812,124.93782677588904,24.624007250984477,34.48093423873374
84.21036450199497,124.9539546528163,25.237140468350795,34.448678484879224
82.6122987306385,125.69084106476862,25.621877656118187,34.849168564271615
82.33782457712655,125.55778089925948,26.170825963142065,35.11528889528988
80.53834367636921,125.23151102598604,25.919537624104024,35.76782864183678
80.48968590613175,124.94225350780967,26.016853164578947,36.34634367818953
78.34087950785239,124.55418095499239,25.4208467481535,37.12248878382408
