6.5,166.5,42,26
6.9720152356555225,166.10941331655243,42.18282849135152,25.781173366895104
10.479990340166701,166.672334154802,42.60423102637419,25.71781065383098
11.294386953073658,167.27312094962696,43.1108182800423,25.583927303922128
12.824936146748641,167.26069589998488,43.26862411191803,25.608777403206243
14.779351791085361,167.25110227857357,43.66272629682088,25.62796464602888
15.131625934953657,167.17015702880897,44.04009031665664,25.78985514555807
17.257627859590247,167.66823372513636,44.1491044189384,25.883956240792006
18.189044657987957,167.62512439119814,44.47320141907579,25.97017490866844
19.320383536573342,168.1909325361285,44.40999519300596,25.938294384358205
20.33118861210774,168.1394168500196,44.58490090025081,26.041325756576015
21.399504168071925,169.85655806250978,44.65346610384851,25.914837804884755
24.03747453592459,169.78938436371428,44.884892231672985,26.049185202475766
24.51955742942227,169.78167631968728,45.027909085937154,26.064601290529765
25.50196067063217,169.74662285872085,45.28223287772449,26.134708212462623
25.828781438868926,170.3307164868969,45.743116207102695,26.081045821962192
28.06943497601705,170.3005576385179,45.74358313575803,26.14136351872028
29.136562394693776,170.22759288184028,45.852277872797146,26.287293032075475
30.18695515867679,170.1775117312806,46.00261724213297,26.387455333194826
32.45497470894054,170.63051753100336,45.98453834397941,26.610933784342766
32.86532675593648,171.19391202743157,46.29684666798896,26.61715720948777
36.38564435206321,171.20057386139288,46.08269993161051,26.603833541565166
38.079188452409376,171.18655013301603,46.09865458649797,26.631880998318902
38.60287205892709,171.17710303795855,46.18634710305301,26.650775188433848
40.26668067464114,171.13800676073237,46.2687707603988,26.728967742886173
43.17466744967532,171.19098651537826,46.148938164422376,26.623008233594444
43.72218493272908,171.31949835419607,46.18955801930514,26.365984555958804
44.110824710070915,171.9755000994936,46.54417344492322,26.185876045665516
45.201492236257984,172.08974779025675,46.63100217842147,25.95738066413916
46.30877516569367,172.14765643283567,46.67938486505547,25.84156337898135
47.3326916136644,172.1823037826336,46.89198081744233,25.772268679385483
48.50109750336427,172.15070958641888,46.81951092664271,25.835457071814897
49.029895170210494,172.13407785938165,46.89409520618421,25.868720525889383
50.11049565970954,172.6942667340638,47.000591243319946,25.882191284592025
50.559497000697164,172.65183289135504,47.23823929728304,25.967058970009514
51.6792186415756,172.62758800946168,47.28001128919729,26.015548733796276
52.256116465636154,173.21301998875168,47.2682677035046,25.98673683764468
53.95326827822854,173.2129508377162,47.29812459533831,25.986875139715643
54.53127354228478,173.18567499777996,47.28394396778551,26.041426819588153
55.10419241522948,173.17321305782045,47.28065807190848,26.066350699507176
57.854599957869354,173.166663959787,47.494486600182434,26.079448895574025
58.32225193566059,173.14478148084666,47.705491476498885,26.123213853454725
58.82016391729928,173.1529933035244,47.85983769677569,26.106790208099262
59.323086556222044,173.17662555772154,48.006159050603046,26.05952569970496
62.14577778398088,173.1597215667452,48.12835847987644,26.093333681657654
63.21404973254317,173.82258961979176,48.30360715661398,25.923493862495594
64.40167079091478,173.75135586106393,48.239507674896515,26.065961379951283
65.56548932463711,173.6776294329014,48.22600323405646,26.213414236276314
66.66205575597878,173.62215487010363,48.351649878218296,26.32436336187187
68.32442040610442,173.54788623110508,48.516339658293376,26.47290063986896
68.74900186739282,173.50212501671263,48.83528455527843,26.56442306865384
69.92405364807102,173.39123628952035,48.83393389290487,26.786200523038435
71.0748262085896,173.29287224234213,48.888681445516156,26.98292861739488
71.63728096616907,172.70043795693883,48.9460847706211,26.98548434793756
73.8017188163642,172.67020995633285,49.35002519016657,27.045940349149518
74.3651059669955,172.56955069975797,49.41344950984013,27.24725886229932
75.39788068623955,172.5351020553684,49.73704393234699,27.316156151078435
77.13115204633766,172.65814479465163,49.87207616396128,27.07007067251199
77.66350577748854,172.67697582901485,50.00568019027915,27.032408603785548
78.22042809542118,172.65129925115517,50.091472212076816,27.083761759504892
79.27636578106308,172.61292130065453,50.38315673879292,27.160517660506173
79.87961229476355,172.57381502033516,50.384056022396464,27.238730221144916
80.27762956448919,172.4261505455219,50.79676578414793,27.534059170771457
80.79743645591222,172.31506879015592,50.977032961189224,27.75622268150343
80.5452636717857,172.2449686370013,51.48137852944227,27.89642298781265
80.54568325045041,172.33267213134707,51.48053937211285,27.721015999121093
81.0160772536464,172.9158289274031,51.77290948006004,27.787860521348186
81.57071904338608,172.93583871249103,51.90223590671944,27.747840951172368
81.41786435125772,173.0042176739134,52.207945290976156,27.61108302832765
81.2869684824523,172.98070475475433,52.469737028587026,27.658108866645776
81.13277067499023,173.03296103816055,52.77813264351116,27.55359629983334
80.71680514903954,173.58751676366754,53.61006369541251,27.69386238535599
80.5807102557734,174.18968260419473,53.8822534819448,27.753541135147756
81.1353440187409,174.09542011787892,54.04201990351001,27.942066107779386
81.13792464531682,174.05637433900802,54.03685865035818,28.020157665521193
81.07825987640895,174.49792057638481,54.1561881881739,28.412960628631833
80.95260614144257,174.29139049517696,54.40749565810665,28.826020791047515
81.39093233265778,174.12118235561505,54.82603775858767,29.16643707017134
81.20185117685776,174.03857067876845,55.204200070187724,29.33166042386452
81.18952539231873,174.2015064817203,55.22885163926577,29.00578881796085
81.75121828902962,174.30359965524693,55.4158272114818,28.801602470907575
82.15093952995258,174.8589998855374,55.92598256611693,29.00039984680768
81.97978680682698,174.82911827817932,56.26828801236812,29.060163061523824
81.72036440130204,174.89218651729365,56.787132823418,28.934026583295186
81.50632782402131,174.92734292226845,57.21520597797945,28.863713773345587
81.35292995166827,175.47819923701303,57.522001722685516,29.09906639289644
80.66992361300443,175.31106564612935,57.5423873932833,29.43333357466375
80.491489499673,175.15448628355588,57.89925561994616,29.746492299810697
80.24088335616,174.96197261049778,58.40046790697214,30.1315196459269
80.79427966715423,175.46202875397273,58.669996430239266,30.50772850423263
80.69123838123033,175.25223276522496,58.87607900208707,30.927320481728128
79.95141059638902,175.2603058122045,58.95873529137142,30.911174387769073
79.87964328274599,175.8677632050773,59.102269918657505,31.094196511134296
79.7031395376435,175.6252772445796,59.4552774088625,31.57916843212969
79.66187104388038,176.08037474014463,59.53781439638871,32.08568380443568
79.64616359214551,175.84514539947176,59.569229299858435,32.55614248578143
80.28622494990866,175.75151469763702,59.72422301070796,32.74340388945092
80.3055115082924,175.79569642406483,59.68564989394048,32.655040436595286
80.28325929093964,175.73552157593932,59.730154328645995,32.77539013284634
80.2379305165481,175.61298025490254,59.82081187742907,33.02047277491991
79.94218572129648,175.4764694197542,60.41230146793232,33.29349444521651
79.91209305738269,175.22600766370033,60.47248679575989,33.794417957324306
80.42023243765881,175.13614870590604,60.92578877591998,33.97413587291288
80.41626517222777,175.15055571963532,60.93372330678207,33.9453218454543
80.18163444104425,175.07017831387932,61.402984769149114,34.1060766569663
80.69588026953053,174.96702993708405,61.86313617220726,34.312373410556845
80.51215133209055,175.01993813970475,62.230594047087195,34.206557005315474
81.22860037249339,174.81407255138853,62.30027501599109,34.618288181947875
81.14732259454287,174.74851120285695,62.46283057189211,34.74941087901105
81.79515838295309,174.55723754436437,62.68242829099134,35.1319581959962
81.62756099973504,174.29039174229382,63.01762305742743,35.66564980013733
82.10963317883827,173.9064456899874,63.59255015920008,36.43354190475015
82.64579721457343,173.94301273367375,64.08085249853274,36.36040781737744
83.20251883380612,173.94183588910872,64.53402902223156,36.36276150650753
84.69308056123475,174.0666114263859,64.69963768282369,36.113210431953156
84.59484287543349,173.29852752103815,64.89611305442622,36.07781193218624
84.37760484049,173.97502886942942,65.3305891243132,36.298675878777615
84.1801033727551,172.93643268753198,65.72559205978298,36.79181708919461
84.58990078834596,173.01333506437493,66.5042888598935,36.638012335508684
85.34153853183084,172.81232094080156,66.60818741889486,37.0400405826554
85.94636742309326,172.49024126872985,67.01409549162977,37.68419992679881
86.62484962881638,172.26591617644482,67.2896690056652,38.13285011136891
86.41490220979361,172.08224886970666,67.70956384371071,38.50018472484523
86.92566774234334,172.5310736445934,68.3447386955888,39.25924109204928
87.52207389045438,171.46623342487894,68.83092985949273,39.709918071352185
89.0763001993327,171.36292721018867,69.11018700381861,39.916530500732755
88.89763643706175,171.27507164412012,69.46751452836052,40.09224163286984
90.3907028734352,171.09233142328804,69.90093367076318,40.45772207453397
90.90953570507403,170.88469276580503,70.58566695199094,40.87299938950003
91.34665973724606,170.71864839006813,71.45101145987964,41.20508814097384
91.78482896166838,170.4323491887466,72.33272704827989,41.777686543616866
93.34640716674718,170.19988423124485,72.77124257208067,42.24261645862038
93.90626246931807,169.9520853500476,73.44675150716355,42.73821422101484
94.41171598833856,169.68920019113204,74.24948124838373,43.26398453884599
95.00485214628037,169.44120395483125,74.89766124833902,43.75997701144757
96.62227251106627,169.2894478287228,75.36775989147671,44.06348926366448
97.23624165437637,168.17704147573895,76.00440675153229,44.42371682295643
98.03066403097293,168.00659480038377,76.29569480276734,44.76461017366679
98.71530722167888,167.9180568431378,76.8166344223417,44.941686088158704
99.3165681879173,167.757376808479,77.51506920659708,45.26304615747632
99.8946025477239,167.55304576262816,78.27576412770804,45.671708249177975
100.47118878169115,167.52601601546863,79.05756401024014,45.72576774349702
103.93167905047414,167.41648520142536,79.92652905472119,45.94482937158355
104.65385316793422,167.14152709456948,80.44626466956392,46.494745585295306
105.21200788669618,167.03378278962143,81.3110703423786,46.71023419519145
105.57711921962036,166.79276318631187,82.57843751639365,47.19227340181057
106.99939860790624,166.55570179081565,83.78297813497949,47.66639619280299
107.16041825513008,166.30683948930997,85.5113806882659,48.16412079581437
108.96836986477668,164.91897793199476,86.06444694839226,48.85535917073504
109.69412975986126,164.81566846743118,86.71735122780115,49.06197809986221
110.31880824462591,164.88266646155773,87.58559478771812,48.9279821116091
111.1429493044478,165.8103028484743,88.06547451134367,49.20087118104527
115.9495811142776,165.73058452327228,89.15173087588079,49.36030783144929
115.39066920332117,166.04209011972287,90.26955469779367,48.737296638548116
115.21531376480038,164.8256967140429,90.62026557483523,49.00556406307568
115.87981775614301,164.62761612241246,89.29125759214998,49.4017252463365
116.71304462983237,164.0446507380931,87.62480384477126,50.56765601497524
114.89311924315909,163.94006410880746,86.95143605940896,50.77682927354651
116.20088476190027,162.62916205104364,84.3359050219266,51.248469086222585
110.07938472081716,162.3687659667114,85.98274176420573,51.769261254887056
111.75131587706986,164.058756538677,82.63887945170033,52.694340743576184
112.57700841728817,164.18923777950917,80.98749437126372,54.55152723201178
129.56778432870104,163.27253136130616,85.243317698532,54.26064144896809
160.72958667763498,175.37889360989402,79.68617489306465,58.43114789799265
149.02843655139745,163.27357279788507,81.40220020671268,56.61825959541818
140.50874373317436,164.35333402618693,85.45295247578318,54.45873713881445
131.05550525872818,163.46315390023258,89.03099653735195,54.049321263962625
147.82756980917824,164.2646116979547,86.79554385014444,54.682739698067834
141.48407560215617,164.45439342855062,86.20087478261517,54.30317623687601
137.46685437988867,163.22717407468187,89.83859514796316,54.55925390502
164.24826629648447,164.73036512816552,83.6717349523387,56.06677309686866
164.43898130877955,164.8740244099528,81.10045962623626,55.77945453329409
161.2296670835883,164.84316664645868,83.22639045746459,55.841170060282295
163.26314133629654,165.14764759141508,83.51823977048714,55.2322081703695
163.8821872651239,165.44827973085978,84.4538133891177,54.630943891480136
157.62132459329024,165.29880339489196,90.44247836482413,54.92989656341575
162.8026082629557,163.6722744148684,91.44084741301234,55.91076724595905
160.36356202926584,164.47897377587444,94.01536825509865,56.6009401492404
154.84897489035507,164.20262800640003,97.9839110311047,57.15363168818921
149.68667022768787,163.8494698476861,103.46479047929394,57.859948005617056
143.88612879481218,163.36601161167556,110.03579127118698,58.82686447763813
137.27507434141415,161.11856042449517,115.37237989513783,60.69326009105052
134.97192813745545,160.45590943074998,122.71772801639574,62.01856207854088
129.9950648248678,159.58906966949252,129.8017501979154,63.75224160105577
127.00330357464802,158.78532726685316,135.78527269835496,65.35972640633453
124.32339544140723,158.0363842463705,141.14508896483653,66.85761244729986
121.82982134835171,157.42156401948665,146.13223715094756,68.08725290106756
122.67339081015187,156.89871981216928,151.07928130976686,69.13294131570228
123.68374634518656,154.5801926377828,155.87327479938074,70.3626433846336
126.94145726473519,154.13339428825702,159.85355931661763,71.25624008368513
130.20446059219088,153.7147097687368,164.043672264801,72.0936091227256
131.9932832706998,153.25421934174238,167.76109659025724,73.01458997671446
135.82604558324408,152.83120591210658,171.24845145064234,73.86061683598602
135.8434197693768,150.42762656747038,174.9967512343962,74.88472736923914
135.952152965149,150.0212487863154,178.6346637716333,75.69748293154913
134.30744783655834,149.45753780900372,181.92407402881463,76.82490488617249
134.69893287019102,148.83881297224588,185.13097194186184,78.0623545596882
133.0206202980528,148.3122915545745,188.4875970861383,79.11539739503091
129.30961334820967,145.53249664548568,191.78432424010052,80.54970046748458
125.62443600873519,145.1790644692593,194.956343047686,81.25656481993738
119.9425025389963,144.8005832998498,197.80684917897472,82.01352715875636
111.6489365812115,144.5771724598053,201.46018910449476,82.46034883884536
109.68896163368709,140.10727759975651,205.3801389995436,82.65632822089806
105.02898815344079,137.22984612847483,210.26820480289018,83.97931000631544
91.35181889987712,136.89570896690816,214.99322223482557,84.64758432944876
85.04714887159614,134.78426479827885,218.39099405350305,84.26468854776519
71.401987939077,134.93037843696038,222.4425626440613,83.97246127040214
69.37159064919256,132.63758346723523,226.5033572238302,83.8574108809197
64.7553367748766,128.0675549164209,230.97910330690135,83.4839446514268
60.03598934560168,126.83704923558963,235.60373278233294,85.94495601308932
60.38199646543333,126.39275209151998,239.8364510975594,86.83355030122861
63.69267508110957,124.40724032103502,243.21780007332495,85.80322073863957
64.04407556351364,123.03275070214224,247.54599595852795,83.52120312641397
70.35747439367807,123.8695753940006,250.07266019970274,81.84755374269724
73.93642412291322,123.84406852220417,253.02770010135578,81.8985674862901
72.16077183394941,123.10721226366931,256.5790046792834,83.37228000335982
83.2740915532234,122.47634193835259,260.23701490579447,84.63402065399328
86.68756479516415,121.13502616265833,263.91422633766393,87.3166522053818
87.68433040889127,122.50924344901776,267.2742488807231,89.92177140317638
94.16443983954969,124.1045220712728,270.6611367555915,92.18024973739469
95.50286204427891,122.80736835653059,273.5228106560237,94.77455716687909
99.42491030390548,121.66142786948933,276.9319016029718,97.06643814096161
103.70969762229763,120.68047356934616,279.7961727087676,99.02834674124794
101.86501496828222,119.68075478974482,283.4855380167984,101.02778430045063
109.57905075842734,119.03133290095168,285.70475074843665,102.32662807803692
111.86710402125291,118.39083200824899,287.0663301629998,103.6076298634423
116.98262196505874,117.86310773257024,288.79599912610036,104.6630784147998
118.89155499959884,117.62180008728929,291.0023224714387,105.14569370536171
124.51415408908997,117.35485374978157,291.8860769552741,105.67958638037715
126.99636222654243,117.41846660400638,293.0084376771108,105.55236067192752
129.77879564229823,117.44988449424719,293.5440941098758,105.48952489144591
132.06571263060113,117.76009379266003,295.0773032725351,104.86910629462021
137.99071886747382,115.08610093695431,295.46270422290974,104.09938529397166
144.27934821167634,115.12746841376821,295.10392428336286,104.01665034034387
149.94062799882875,112.45398687016623,295.98659290377964,103.26099933018703
153.0577638795604,112.88156783258212,295.85380141996484,102.40583740535524
155.74670317401254,112.89033009361577,296.55994834167194,102.38831288328794
158.77038530054034,112.94976562600286,296.6063613189185,102.26944181851378
162.41689830387,112.72843330238624,295.4056093562977,102.712106465747
166.69645313047874,109.64947709244973,292.9297059922709,102.78681259642934
172.93368194260816,106.5610400034846,292.55371322879404,102.9144543439686
176.5160600204579,106.13973993019715,291.4351411467689,103.75705449054351
183.40091641828906,106.22742825507697,289.75643447058417,103.58167784078388
187.2665673612118,106.47723519567599,288.0434692210813,103.08206395958584
200.38935689877061,106.7808427901508,285.73709454968304,102.47484877063621
206.78446964485607,107.21182347123307,284.82853706333424,101.61288740847166
221.6977822889703,107.81974540695691,284.56304554541316,100.397043537024
237.69253403110307,107.8170306475181,282.00540706094597,100.40247305590162
250.67744489109873,108.1513465854776,279.43534833951344,99.73384117998262
272.1744219570101,108.44192654925033,277.04905978940405,99.15268125243718
292.8155799490693,108.34011494090052,276.06196076526453,99.35630446913677
320.12014244246734,108.54563400558257,273.1671863466467,98.94526633977267
