143.5,125.5,30,54
142.47638254347692,126.11101390383172,31.047234913046164,51.777972192336556
142.13763154878438,126.89245804544638,31.724736902431218,50.21508390910726
141.8677274317432,128.0710534569517,32.26454513651361,49.140044097561145
141.7175724218481,128.6780311255922,32.564855156303814,47.926088760280095
141.73805208525667,129.07345546637148,32.52389582948666,47.13524007872157
141.81252083945307,129.95222701446787,32.37495832109387,46.62688471176549
141.80133399117219,130.80181486338847,32.39733201765561,46.16676107480776
141.66281328300974,131.15040018316455,32.674373433980534,45.469590435255625
141.72871491989352,131.82787390911778,32.54257016021298,45.341125487421884
141.833716929062,131.96157507201656,32.33256614187599,45.07372316162437
141.79694629489478,132.05618641040567,32.40610741021041,44.884500484846114
141.83361078528657,132.1230087679704,32.33277842942686,44.75085576971666
141.83724793145828,132.2187396077427,32.32550413708345,44.55939409017208
142.55899913585463,130.78598009274214,32.08894945384425,45.011017669066106
142.27588328749573,129.47691849503894,32.65518115056203,45.20933707082187
142.06647146652432,128.52637491203515,33.074004792504894,45.88820232686167
141.77279255309676,128.36410010698182,33.66136261935998,46.21275193696836
140.54973979876493,128.83468893725157,34.85349658791574,46.52554581653673
140.72758693613156,129.64933955316417,35.77606231373803,47.45276458582262
140.27993097115984,129.72524071200405,36.67137424368146,48.608423677560666
139.66867776147367,130.67861088625315,37.89388066305377,49.38107483447918
139.87143269316772,129.94478171601673,38.85980003267058,50.848733174952
140.03322778414497,128.72219679899166,39.94578511454592,51.88432774517236
139.0623853860563,127.73827508800156,40.444384935026754,53.85217116715255
138.63622682268286,127.56554300703291,41.296702061773615,55.678862917580446
136.70001416206617,128.48435000938278,42.12318799879145,56.8871882970962
138.65052707142596,127.72958191657841,42.886798390259415,58.396724482704954
137.80422965610933,126.65385111009606,44.57939322089264,58.9578522402658
137.20620184343142,126.69683247040417,45.77544884624848,60.4984619229896
137.739293009289,128.431944526202,46.37885141901781,62.03699252484753
137.31058405792697,129.34653000472935,47.23626932174189,63.61357882040551
137.74767972818523,128.90525853998255,48.102975302593634,64.49612174989909
136.11392957068642,129.6474716544243,49.60196587188132,64.78020526672555
135.95314373576318,128.30552758325416,49.92353754172781,65.66676854354202
135.6346722035945,127.1343594706105,50.56048060606517,66.19301076908502
135.34065929484365,127.71603071552914,51.14850642356687,66.86418104848457
134.06715123863938,128.02532293804217,51.841179369549735,66.24559660345852
132.12795783114828,128.8253585928261,52.007221710357335,64.6455252938907
127.72812282010729,130.52926284449373,51.63512282948707,63.07207057114585
127.9642899382502,132.40979926181416,51.16278859320125,61.1151640952683
126.84195982551972,133.11229069515988,49.87461021952488,59.710181228576836
125.61488403879717,133.72962913930866,48.88074953301314,58.47550434027934
125.25015551562313,134.20757378121883,47.92124577215334,57.51961505645899
121.09217563765469,131.39588597591444,47.94337987757199,56.507930146653166
121.92356477159156,129.34953742337157,46.280601609698266,57.31358816033505
122.5191541228111,127.6802844803203,45.08942290725916,57.39391432581521
124.74455675994318,130.09834373738843,45.471617905682585,55.77979599347065
127.45859266498566,130.28971544804614,44.820875887600465,55.39705257215526
129.80998807590026,130.87414290816082,44.84619447673367,54.2281976519259
135.0185644229437,132.2136028509564,45.33837911796786,53.107754528523465
140.45549538689775,132.33267254656266,45.30839454188488,51.320489801335874
144.89571124481532,131.98634810055677,44.03285378283052,52.01313869334767
145.58294978508394,132.9222866310936,42.65837670229323,51.65249113279388
141.95509509303795,135.12529861180172,42.49648061665008,50.2135093592717
139.97971617177794,135.06597018657206,42.07103399961924,50.33216620973104
139.65043104019352,135.15007272657772,41.2758903621019,50.16396112971975
137.56719697632514,136.8711195450843,41.1274704821394,49.598459497839436
136.50325144894984,139.29962952005542,40.40096751845446,50.450227584768186
136.29921315703484,141.04745500965475,39.380506429652485,51.2401896234654
136.72195747263456,141.79810656621711,38.53501779845304,51.162925499855156
136.7712150854131,143.11456032643545,38.43650257289596,51.348142189281454
136.50784759816105,143.63582898248566,38.963237547400084,51.71587647318633
137.1284656548208,142.4554207328427,39.14648416025844,52.65221024629436
137.56419564437576,140.50396614308676,39.71675617523714,53.67165543762896
137.7876761296709,136.8720744987975,40.73636826299997,55.06914649279504
135.44227600807045,135.35998773969186,42.418125648886075,55.0842771536915
132.46698489464643,132.90635432300758,43.77202240140643,55.39485851273241
133.314079012488,132.02222616262273,45.195832682837626,57.1631148335021
134.18780654298283,126.98315154792176,46.66676828968224,59.19528739331853
137.25158563810135,116.44891894769154,48.86019853646552,61.957578032334254
138.7112993888872,107.1192048559999,51.167107058478514,63.19588613710185
139.34170728506498,99.55661059714087,53.5032907708885,63.933076635757665
137.33973608610063,92.42986670333688,55.659665866446275,65.25359330676923
135.76696487716592,87.32696884823939,56.90256155538721,65.94615537232161
133.08068343624103,81.35802903399863,58.40849546352949,66.28414807968069
127.81975693756524,81.5475874708682,61.07961150088174,65.90503120594158
114.49912342449412,85.18677424479125,63.72811256570266,64.62484914842582
101.00369824311045,96.83609271562653,64.44213896686593,67.60303616835932
90.62396719132701,111.33299896231527,62.329272210172284,71.87806565354256
88.30262168481494,120.12376525790748,60.6354725026914,77.53033237087669
88.91614772718883,131.35760004904233,59.4084204179436,81.12388974882525
89.2731293053626,144.31380958941895,60.90094923015204,83.89586625929984
97.02252104083942,155.31578712130164,63.58668495477599,82.34949529055929
105.23534124601584,164.6658681905355,67.80213062149849,79.7035112120391
118.14792448560289,169.2651076181221,69.82935366523947,77.46812973759462
128.5265625965419,167.54057535964188,69.94186664908725,76.27946331994931
139.29003941822904,169.79174493179423,69.13432891595761,74.07928149900516
147.27736420460667,170.40058417633472,66.6896572418288,72.86160300992418
149.5465710674128,168.13384631055635,64.34836375529295,73.00083826332812
152.48919672963342,161.22895575870882,62.78692506108375,76.00108779144306
152.12961298728865,149.75834836606361,61.32293259715602,79.29386303917774
149.35915015776177,139.7218739654711,60.23412212869316,79.47760345781292
139.90264051553805,128.92702891398554,59.392493723852624,79.11768501713067
131.94831685866973,125.31219352509851,60.071059120693036,77.6444518423926
125.91658988452448,122.94205379281897,61.31286619973223,75.89174318540091
166.99747532758823,82.91161423796473,63.29948219893842,73.96188635555355
166.35429863103954,81.40736836247031,64.58583559203578,72.65044745746951
172.07382771090406,74.42054817578209,63.948118473187364,73.66247858178923
171.3384619200316,78.8012811338066,63.25310439387282,75.72974097103747
172.850825633192,83.87122385385544,62.414877277373655,78.7088573898696
172.076101091835,83.59680563268417,61.74561174680957,81.47640844549022
172.1386965913856,81.6848276237887,61.62042074770836,83.05025670367357
169.91229475262833,78.9812795127869,61.52918235015058,83.91331085060482
170.74504697661584,82.6510545598484,62.1473193032171,83.42468495960658
170.0272243880521,82.01062469822585,63.5829644803446,82.41920238253643
170.81632041774705,81.29619089699449,64.29923044117794,81.55361196477588
171.97991677077866,84.87319079198436,66.55778481600224,78.98535925568368
170.97800869970524,83.54254222222288,68.56160095814911,77.06680006342626
170.04927827716205,88.9115593558102,70.4190618032355,75.49829626376
169.39318747265756,88.47121152417225,71.73124341224447,74.08142884008329
169.05510756656722,86.67379052043924,72.40740322442515,73.08389487318256
166.66198049158888,82.32207283210863,72.61126666851625,72.62254883811265
166.60659958696652,85.7999557055019,72.72202847776097,72.5282231888257
166.32068607640716,77.99377115564641,73.2938554988797,72.12875708541131
164.47106943834254,74.49259872175273,72.41288575890972,72.26079742904993
168.30050056043325,73.0734816483864,71.5889997290237,72.82070617101746
167.30836113133108,73.60452115468422,71.29913067065172,74.03277507499811
173.36484927267205,72.93142828855036,70.6291054302309,75.37896080726583
172.2291420446665,76.06580260096062,70.60148445326145,76.00731848138687
170.99161166817555,82.67310696281312,70.76813756867082,76.64315558311677
169.37948056339656,78.03525694307831,71.67142305485012,76.63494872907174
169.07299362736035,83.93008371902195,72.2843969269226,76.5213270974053
167.45033870223094,77.78652562865838,73.18654703623315,77.09264457339111
168.5348353866518,72.51287206311767,73.38395524267139,78.17434540335262
168.06924724018307,73.90948704831166,74.31513153560881,77.76756225009585
168.76688011376098,73.12793878016706,75.31471455636219,76.93581001847588
166.54510162226364,71.5659004939992,74.96304738275347,77.6622745125099
165.30176274847173,70.17385713490935,75.04627072572568,78.04290682607795
170.34781391685425,70.71141671398806,74.59711926701596,79.3785253874344
168.08180228354948,70.04929788834315,74.28010052075706,80.7027630387242
166.62265678997517,69.89869881395879,74.75824048898548,81.00396118749293
164.14127050477467,69.93704166589421,74.81610302546001,80.9272754836221
170.1934970531705,68.00380823097066,74.97254766827085,79.88938325762817
165.16689540401958,70.05896309698758,75.27189798219518,78.2175367716887
166.73839057800527,66.4878477643673,76.96299797490667,75.69158675556352
159.14614007240593,66.74892730616742,80.12755716897557,72.76543930853735
139.3030405837973,104.31883914120128,86.11483514887625,67.43052341862543
134.66838330430102,102.70403528750057,90.55703497405565,63.41945902530706
127.28893155445141,100.11612546744843,90.82357898242473,63.76449216830132
123.37145838680689,94.16482484252751,88.95806040901387,65.96662850944325
122.84982518727111,93.7298968072954,87.56829377057493,66.83648457990746
121.30258046073638,92.68049676829114,85.81061220257413,68.93528465791599
122.53146023818604,90.53349952962404,83.35285264767482,70.79596118407163
121.78938039237256,87.92959776652967,79.985960341339,73.578238711279
120.825742285666,84.99942864773939,77.07762163161766,77.0207694872923
121.97432665688888,81.23272262175821,74.78045288917191,79.70068898816575
122.92741595100551,78.29069161146259,72.87427430093862,80.71982024029872
123.72686192847098,73.89106150245752,71.27538234600767,82.26503355357116
123.24732491586803,71.5887370778924,72.23445637121358,79.62045115553144
123.87988093698695,72.91497821195107,73.36005291830843,76.96796888741412
126.43922253969657,73.96029278491707,72.97576963533896,74.87733974148212
130.85546910527347,76.02074303998992,73.45666562439357,73.0847865113885
135.72557442745688,76.48129278830869,72.94740516401131,72.16368701475096
137.17836589086318,79.67386984464659,74.61223367304804,70.3489443379245
138.87958474509998,85.59744247886539,78.0576150661048,67.63222453819401
141.86168524423795,91.5925616806095,81.26485067770855,64.81342274458541
144.15488407712994,94.83142600335647,83.56883852019644,62.929284437939394
149.26731207639995,109.36775131732387,84.85061185625841,61.47254421304945
121.26408431364442,105.34045908362253,85.73057192405226,60.33937943749924
97.14756303684192,99.31806255504671,81.25660084992747,63.21773534200224
99.33534231253671,102.443833121599,76.88104229853788,66.04918777535455
103.30284406358686,104.92093066824046,75.69379861250049,65.5934992261136
112.67606336392305,94.43571442028487,70.28881007195127,68.7753316418605
119.54721055268428,99.61451834731302,67.49628598902257,69.36749408239794
125.92183438682298,111.3195034486445,65.52346211037765,69.66565621692644
125.47877846765027,102.46367587374505,64.28086130628627,68.2188975847942
126.51888759653811,110.41355247795948,64.28702301300788,66.92380412784621
127.0810860839073,108.44455659338524,63.162626038269515,66.72938004001658
126.74387350422577,110.00895887751129,61.79170060086982,67.69127666528996
126.4170060953751,113.5129801312307,60.406862616505485,68.83752536611398
122.50495803073109,114.63327200727838,58.0596494735926,70.66546532289902
118.94904510744074,117.73250952569312,55.04779704247622,72.56593290822721
116.60967279515518,116.77914813827667,51.706839274493234,74.47265568306011
117.62495769170744,116.12643964768793,49.67626948138872,75.7780726642376
117.59280408167459,119.05361041139349,47.77563719276117,77.78348917159934
117.66002279144875,122.11469574497082,47.641199773212826,77.55074094949026
117.41121409909421,129.80084938881936,48.13881715792193,75.88030225946204
122.72390658282809,130.62982580607888,49.158251241873046,74.22234942494299
130.57039820737756,119.76728312848934,50.861842253336874,72.75200243270507
136.52172436290613,120.93530446269716,50.59336368879147,72.35498872204136
140.73160445351425,116.93490816075384,49.887993125214166,72.64139170828909
143.68599420467424,116.10448216847873,47.821736000704846,74.30224369283931
146.41683503147698,115.985620456171,46.183806383997926,74.53996711745474
145.52553291417945,116.45647967340324,46.07840543124251,73.59824868299029
145.5817610927187,115.84041728692523,45.96594907416405,72.9582003330547
145.67682109348118,116.9359787345481,45.775829072639056,72.62779968604227
145.95898438352833,118.10508208414885,45.21150249254475,72.14219091818923
147.0839881234839,118.2767642155345,44.797378739563584,71.79882665541791
148.22132910867978,118.25656559805924,44.34650685597255,71.83922389036843
149.28401530959601,115.43016598124835,44.037979712461436,72.0414873490262
152.46802165252626,118.01745741547964,43.113994369307164,72.31093182326987
154.2882160330773,119.33956845919113,43.079842694268905,71.46982827887881
161.05941736278598,116.59448019009821,43.857660088397154,69.79989479029182
164.14617997957748,128.2654796996208,44.796888715911386,67.79615735453841
170.05009436364458,111.40440493752234,48.86367832114589,64.4775306742085
173.98554756714577,111.76710122540501,51.67674224655903,61.9714763763739
175.1370171910946,112.91559545838015,52.949601147810995,61.462386984998474
177.67947759766201,113.406269169979,53.26622931949592,62.28155589007406
182.10987239072648,125.78037011208598,51.67849969850842,64.80732887514037
189.4268007712696,129.36820495939457,49.865194391618125,66.78919593352025
191.4318855387919,128.4430939200002,47.68726222187522,68.639418012309
191.98310906530634,123.02232294965737,46.58481516884638,70.35859808461561
192.13404148259926,123.54539904963204,46.28295033426051,71.14453587000743
191.3962212964754,120.2663144742167,47.75859070650826,68.50839990862487
191.6670933244275,121.726952506578,49.040518638090084,65.58712384390228
192.6558527816148,122.68794947848774,50.66390328073457,63.6651299000828
197.09216943404817,119.90185287649668,50.77899241579625,63.84468964010788
205.5380942699978,110.84275215210062,48.30444849851584,65.74342211495383
208.6961545879862,103.1358750931685,47.36064563695507,66.83099550104193
188.49547937637703,128.4866806684759,48.34357119010759,66.29828873051089
183.47110743342228,119.00548311245949,47.59327691620224,67.26228690951896
188.7038913185874,118.70714332624148,53.346665785609645,62.452647602042454
191.87036264915446,115.41527960433955,57.946929894368935,58.10316827595286
174.47470162052758,99.88354334812509,56.187048210731525,59.925677795668804
168.99913428813835,89.21851512612344,54.340013663375316,62.97263536519405
165.76796023918251,86.90180927264718,53.417592209435725,63.913662296220906
160.42544321680887,87.1730713338064,53.02730394860874,65.2170252248315
154.19620082730557,86.06489498214503,52.46830806383921,65.57373783332909
148.73460831103452,81.1382097605648,52.25511236685134,66.14679100188121
136.70343338226644,85.43299528076103,52.119447486559956,66.86414870680704
148.26250039012638,68.7281843521362,51.44319892581112,68.4810995028478
178.77357778813894,30.37225861585921,50.70266398435178,69.84092615719447
175.99585900267738,23.12378260724934,52.47343459621018,67.30687685862294
145.94922366144132,20.68566725842529,54.203482922580065,64.65236918774173
138.80497429531465,21.101467999171746,57.272362116659984,61.95083111655323
133.48872567049628,24.440467147256676,58.519013508537725,60.90434033503874
83.7018517184598,54.87455994885982,56.54095820333801,62.095590026387995
79.25037520422177,58.394608119443774,56.105010846773595,62.52661399325248
78.80497100150848,64.35055479999366,55.128289075638754,63.68743186808264
78.29023308514489,65.771091824634,54.28786531896676,64.58615699760026
80.51983353965875,69.17914666621411,53.56921400945472,65.2511465134714
79.41887125130938,65.54048272541262,52.03328949321668,66.9217007556692
53.32552321481219,74.5123406789968,53.73983632234649,65.80470126312238
59.7802632998533,81.49740022856255,55.871897805278735,63.11573840375172
66.24976787461169,88.84373802933271,56.0435578116409,63.4066846946445
66.8654879691352,111.04230814796371,56.69233013417508,64.13464473533108
70.41665367833708,109.92661857591162,57.197536371286276,64.46413946555653
73.36955393100072,106.98941764751336,57.0369678966979,66.50838663519374
73.12172873473986,95.76039569322928,57.53261828921961,67.58060174466604
76.91071515711009,96.71079916472276,57.82943654567283,67.64849257697753
81.8023418043976,100.79707151600367,55.94425227167922,69.34853415014246
86.92401784136425,100.73479788833035,53.58205944836914,71.44337121814493
97.32336555046894,108.33257801786323,52.422113824674426,71.95881079469092
87.31516061535076,132.15733272687402,56.816886018266075,69.22150969702285
106.1087484333611,121.67680988372352,56.89629666413035,66.39313246844912
111.79282333010008,128.3405571387388,55.22877316778067,64.7063895149725
115.06159360381481,116.23385671880271,52.465768292922434,66.27257631941728
87.92826116062128,132.80474205977717,56.3306640581,62.998520672259176
90.78353631829043,135.06315773846114,60.012444645396215,60.360155495418134
92.6197984663539,133.45337756114563,62.026808912582524,59.78845680784035
91.70795033472666,132.9391717584384,63.85050517583699,58.89859873758947
92.33404190726603,132.0243065265066,64.5309855006472,58.7956657315641
91.25794685984584,129.1037229373555,64.74154872126523,58.81195228719917
90.79533512778869,127.59388323724185,65.66677218537954,57.94130336816781
91.84504253150223,123.53931688581065,65.51299054120854,58.2679034180058
92.48772238815975,119.7356062062945,64.2276308278935,60.029913391127025
93.85665239560655,117.34136926225796,63.446303361597046,60.90532218200589
94.0926336832363,116.25819017386232,62.97434078633755,61.113489254482715
95.7486732488804,113.74559178393241,63.57042989972799,60.276433667324554
100.00410556004314,109.80022654598821,62.86025262503078,60.366476795584674
103.23926634301532,110.64825698051112,64.15184733304561,58.67041592653886
105.03351830227443,99.41044759542318,64.43079792226402,57.941307650295045
106.17606014878359,111.97003282210378,65.99859864353719,55.93944368268303
109.63431544967645,110.61897821916841,66.75668777081263,54.8042530240232
155.40060048524626,89.28504642695194,65.08956069655407,55.40744116310755
160.21832849904922,89.66386859738202,64.93439726234472,54.64979682224737
161.5396386306096,88.90459105157666,64.17325069376952,54.2868782193125
162.1349143033668,88.89387613395566,62.98269934825508,54.30830805455451
162.1912321661591,89.10515375720702,62.870063622670514,53.88575280805179
162.68259913034376,89.01071005124933,61.88732969430117,54.07464021996717
159.5154233206139,89.44759806436618,62.74627237670253,53.20086419373348
159.83023891448917,89.36624129777653,62.11664118895195,53.36357772691278
160.12428314259736,88.6446469033894,61.528552732735605,52.98948687736369
160.701424782223,88.09880366911094,62.17644933127539,52.27899346812954
160.77455264718554,88.25383195605207,62.030193601350334,51.96893689424728
161.74358676036414,88.48835267617363,61.88563842968331,51.49989545400412
162.0932381457838,88.44652732994139,61.18633565884398,51.58354614646862
163.5132663989865,88.33400575438789,60.12057239855832,51.80858929757562
163.96367101146873,88.20187716649932,59.21976317359389,52.072846473352755
163.49256237218668,88.66805628238903,58.41024461996071,52.892224073770585
164.08687912006653,88.7799840205818,57.22161112420106,54.42062478182619
164.38165704776645,89.31872786236008,56.63205526880121,55.10114420590818
164.72427708530196,89.83913124816303,55.94681519373019,55.8198740874369
165.04372042957868,89.51846459607823,55.30792850517673,56.46120739160651
166.14165188409493,89.59542264987108,54.87218604319111,56.3072912840208
165.90516239149474,88.34908975314791,55.34516502839146,55.29831418739128
168.7103510330748,85.04822455241079,54.96203861464721,54.93037676297765
171.72079867367484,87.37361564748304,55.86350013579906,53.74077297400912
173.0823385308502,88.64449487701478,56.59236165234214,52.92498513039256
173.9666526076415,87.83505538080307,56.54817435948749,52.819423262088065
175.81554002935536,88.55267264289841,56.29454772331439,53.1062628415247
176.62434521682962,89.31002549962261,56.399601842268325,53.31422162197877
177.37153216594746,90.62050046773227,56.632833881306524,54.14848356030711
178.07383338138348,94.18746887094507,56.97270945131601,55.73693675828914
179.2240294331446,96.90811818021363,56.44724573420842,57.39535168541062
179.81195822050958,92.08983527439322,57.06416942579704,58.0680111654587
180.9204770095274,97.8914989913113,56.66021982444495,59.15629956840701
181.78627260496864,102.28149333938447,56.752404928886705,59.49519234888192
182.81206310481528,100.08297600341541,56.53136735766236,60.23114016388219
184.0988722267166,102.11488746826309,55.7962979734529,61.68296381296633
185.09417787013973,101.84316123822353,55.655173060987025,62.226416273045466
182.1927920201881,99.7033548311166,55.89089948592725,62.79466557061731
183.9959429684525,103.48017852994391,56.021144256705725,62.71411150757728
184.92490060006693,104.2965979270329,56.03233272662508,62.95037644654754
184.7776015742699,104.20664709632085,56.32693077821915,63.130278107971634
184.64270689423955,105.0878602274433,56.59672013827989,63.24830485185422
183.29676610443548,104.40608211226106,57.40200534868955,62.725264713020245
183.2445396561338,106.15243331783037,57.50645824529287,63.015169543220566
183.13091152783915,104.1125042388021,57.73371450188222,63.30006234136165
183.44726340875232,110.73197388190309,57.101010740055884,65.30544091901281
184.63051708600904,109.98329703765643,56.66108123517818,66.80279460750614
185.74690914035776,108.51700922233317,56.37096953337096,67.79269783126244
185.8641552537902,107.20444122274512,56.13647730650608,68.46456984242792
186.35430434865174,109.5023948520737,55.15617911678301,69.74811858044073
186.8330340775005,106.16893374922246,54.19871965908545,70.5241260878611
188.2440931695858,108.88998064910402,53.336529789278885,70.96181723118997
188.76831089143207,111.22613254417429,52.288094345586345,72.14709843733587
190.23266539499787,109.78359088477353,51.31274581078472,73.07882128380741
191.6007196711705,107.4866634012796,50.528047860175384,73.7698550473234
191.92088887252373,109.072203848481,49.887709457468944,74.49652148511196
193.4412765957597,110.28627475817656,48.79613311491397,75.96677787355478
195.91743613459178,109.4617010392539,47.74998911099915,77.6159253114001
198.23884519051452,108.91300672745922,47.02759199062674,78.71331393498946
197.34617690684382,106.7101159335276,46.84853731534096,79.19031303759843
196.58598063205497,105.59947884635429,46.400470389258736,79.44312773628509
196.56733869999888,106.71510439805095,46.43775425337086,79.17651263679284
196.5975277879672,107.71080246055172,46.377376077434235,79.14642540799571
196.539003868299,107.78300854958138,46.49442391677064,79.00201322993637
183.09662802446508,151.3775096441579,49.863064247901534,78.03875268141896
182.0868625839196,159.11318522911807,51.882595128992484,78.58297204625258
180.67425938664942,159.7302859100161,54.707801523532865,79.39256163570599
178.17672484734737,159.49838002114822,57.60001754940794,79.85637341344177
180.61816599020528,158.0402465688744,59.18982157534312,80.61507821410575
178.5941367189685,159.2107823104476,61.042701141439224,80.46918570733673
170.5272313053725,159.514138611144,63.83684525386881,79.86247310594393
173.5773193798872,158.90945805444775,66.77451120128616,78.81237369522479
165.2029056204256,159.27530912107477,69.77885877615145,78.08067156197072
169.46104338751377,155.67113412882645,70.57289845541635,78.30628513638646
168.3932010625639,154.22341365875724,70.36481992106181,78.85796289227065
166.06279061665134,151.4797705674926,70.32761415909363,79.64722242100657
163.06140561303116,153.71056335138294,71.6090478605769,79.906973158983
166.1087526772678,155.20655814469188,70.28472238887355,81.6853522291351
166.98132038050755,150.72436434247265,68.53958698239403,83.47510381167459
166.72969597864426,149.9468723082749,66.65179401799368,85.0300878800701
166.41179699577998,147.69884763482054,64.90328837831404,87.14183362157063
166.47584755702357,145.2379100403449,62.38718736714019,89.67570892183525
166.37648255036908,143.07486117189558,60.20088549313389,91.61677477141858
166.35788433608232,142.17537009123532,57.86008419342557,93.4157569327391
163.92660406640866,142.82686886996996,55.62527830041562,94.47854818605562
163.69743130243074,142.28121605910636,53.7396646554553,95.56985380778279
163.42773623348373,141.7448932308573,51.95090706630388,96.64249946428093
164.28666425896714,141.45755409231663,50.23305101533708,97.21717774136229
164.95446628349953,141.2356708383314,48.89744696627231,97.66094424933272
165.57528989453746,140.97321690580523,47.655799744196415,98.18585211438506
166.0494523295983,140.98590715009215,46.70747487407475,98.16047162581124
166.3894923628066,142.37992653412516,46.02739480765813,97.61755593763391
166.68570207507403,142.63763590855126,45.43497538312329,97.10213718878171
166.92751864711363,142.8583087340381,44.95134223904408,96.66079153780805
167.14059114380697,144.53102269227267,44.52519724565741,95.5079924014757
167.41334300705867,144.94930690158213,43.979693519154026,94.67142398285677
167.71421427019132,144.0142285499294,43.37795099288869,94.39489122268544
168.82571668363116,143.2266962927868,43.28708505575384,93.83781684722585
174.99575622362852,145.6285038671948,43.681684587309256,93.27909456892655
174.2333234445347,147.3511213102515,45.206550145496855,91.95507213210583
170.3841448319502,151.68132507335173,48.64804759447403,89.67995427019318
157.44268276556315,147.58912095425282,52.987957179279114,87.09285523440649
153.56041748984444,151.58587883876817,58.56289692652534,83.47852107375819
156.95837834343533,158.16211769530466,62.90823932176591,81.46730746310755
154.89963724629155,160.28902424771863,67.02572151605347,79.48242386529034
151.92767803331975,161.0402765411871,70.66451087515235,77.97991927835338
154.25058527511845,162.5898086455516,73.03914146133455,77.2210034262176
154.36931375042542,161.73929680288006,75.16775689034306,76.55595473193827
171.01645519902183,156.87101584132557,75.32402100518931,76.73521750875034
163.2457978626357,163.0339751297401,76.49768830002242,76.38233841353731
164.1273561106421,164.62503295708987,77.14213110848904,75.6077820633172
165.1540033796328,167.41393120988764,77.49431667479993,74.84094576630626
167.38406231425435,168.92442412172656,77.83197786980769,74.2188494747539
169.62440923641458,170.388474000521,78.13994842813688,73.6850819184898
168.3422121926165,171.78707220717996,78.31365448313042,73.27857353777446
104.23734165027224,144.02476812139767,77.62809830559813,73.90333287543017
95.69798520574935,144.08654876313068,78.00382060870993,73.77977159196415
95.71796513586654,143.10883207583788,77.96386074847554,75.73520496654976
95.7869993172234,143.5316807151811,77.82579238576182,77.30990180106494
94.7259697033247,142.8132147930041,79.94785161355924,76.30375522427114
94.95516592500745,142.71188405294777,79.48945917019373,76.50641670438382
95.90975471871315,137.59536208071972,77.58028158278235,76.91339795398434
93.46934874157078,134.92410989866696,75.16219654314622,77.38997098880928
93.31468350934034,135.02473973939948,73.06919471070455,77.18871130734422
94.32882011950814,135.38697888987508,71.04092149036896,76.46423300639302
95.5942965355697,136.57549226169957,68.50996865824585,76.40972953167316
94.30654563938258,137.87351766297473,66.52276620142871,76.09503085371853
94.4015066137998,143.28788542772753,64.08815976188664,76.48971777775112
100.63584196700722,146.77530774413387,64.88951002179272,73.93821346704544
106.72979705539993,148.01862445482783,65.81221215732579,71.4515800456575
112.0498413276855,156.00747217770342,68.13919398053953,68.44095496769118
107.36003680820417,157.07907231011308,71.0662014946608,66.29775470287187
109.49098914812744,156.07804093317645,71.13006888348778,66.1369314224084
126.27411792361731,144.84155685701,65.6610685822005,69.1579522480312
138.58840554803726,135.04344374225596,60.13909403827145,71.77053340650735
141.7708045488559,124.1399717943689,55.84959306683861,74.89980403044187
144.45852021687944,116.67590654555144,52.52773626843046,77.50648730224349
146.50224085298188,113.71755879973992,50.47861076655436,77.3082354828801
141.3108085390295,109.41473561469583,48.85384403699575,77.90879428132607
139.4288859685675,109.21661387445735,48.65147074593015,76.32192854580823
131.47051325266955,118.12695484464638,50.876302030370155,72.19316075278614
126.19704873385629,118.79616284954017,51.769132050810526,68.92392493956136
120.2565659510756,120.85128634527207,54.17073678205141,66.70955011496162
114.31445865383787,122.32174054746926,54.64856422910354,65.66970623513778
104.9352362317805,125.7675889729978,52.586345529507994,66.34915976361172
103.56496863485518,125.4576876861542,51.58715583758693,66.96896233729893
104.82793800411908,127.64555009057841,50.92430993809771,66.31942320652763
105.22708530668254,131.2801525934132,50.126015332970766,66.41971560940061
110.15211005531268,131.6319056690145,49.43034687729005,65.71620945819804
115.25213649298576,129.48848710426176,51.89183553765018,64.57667164382937
120.34027933586816,125.48673106464636,52.70411873620844,63.42304298612426
123.8671102660548,125.23036677654292,52.95775903269309,62.10894602311663
131.27468870659953,119.97510845246272,52.62772914419996,61.75561742682979
145.0884609181913,113.46964985429796,50.19847796605379,62.16738800064064
151.74836962490227,110.82882586720064,52.781928537651574,60.38091687038201
159.7375975936498,107.05593293602436,56.3954327263121,59.02126631175473
161.7566352245005,107.6969518936287,55.99229388311018,59.55669660579583
163.62167886558066,104.12926560084344,54.08165928657313,61.23371113449649
166.20146029709628,97.01174524136832,52.55232978760776,62.762935079216334
166.908269250463,95.41641486429921,52.95291970782182,62.32518017945942
170.7141220298733,92.1143876498082,52.59682444035487,61.67362431708787
176.15605518004682,97.09511006643946,52.50164685990855,60.70275341707593
176.26946637332233,96.15702206686379,52.274824473357526,60.79735288662202
181.19086916086644,95.19354543907075,51.32901522393299,60.94490687707537
182.63291927931664,97.62420888092419,50.21138630482352,61.38299394674134
180.60464696235638,98.75339914788984,49.0023642365688,62.63499121426019
174.57625354031472,100.64754498476788,47.02084341015734,64.11106491693965
163.83369941668343,86.96620941379587,49.31174891255661,61.809968180458505
156.68024657967663,85.48749694151948,53.13558086546888,57.77867731094372
157.03828997643592,88.48883747904165,55.91209121626822,55.26859338021732
155.8389296610708,89.40476698996494,58.310811846998426,53.43673435837073
154.33998929742563,89.85759740812503,59.54930723494631,52.531073522050534
163.1935527893391,103.30052506780163,55.95562074753999,55.6362792575912
164.16882184670453,108.35513164920928,54.005082632809064,57.82852279416231
164.65411053409008,106.17414997132434,53.03450525803798,58.66868254520115
160.04983542779013,104.84856117462782,53.450326376582694,59.56131431978312
154.41552775623882,111.25704977641325,54.04458006864415,59.197759042426874
148.83630236346826,110.91375626200032,56.28861960228394,59.884346071252736
137.94481719117573,115.09156397562488,54.29099637761212,60.675112786025494
134.8226259218092,118.18730326880777,51.486419346574436,63.53259376943048
131.09243819188433,121.67953376241073,49.9026056472912,65.59232194135758
132.60295470409085,123.48464441883189,48.69618983802645,67.42595227396016
134.09222711087148,127.21003460520143,47.54038364124152,69.0888649851027
136.29025582232958,129.0828262197923,46.80198035054882,70.82976295425618
139.2138642430281,125.0697597965729,46.48310858726787,71.48476902987365
143.5433877143948,126.44158616781468,47.06057055561519,70.58841806960623
145.14372451551512,123.06123212035901,47.546806045282786,69.97530798070116
147.1554605698691,118.354317871637,49.050224237402006,68.3353558764908
144.32508615696017,121.95683148043064,49.18393990772221,68.49970619956699
144.2522610707737,119.02228597437805,49.329590080095144,68.82769410901082
142.61471978807737,119.12163488296692,48.895872502068464,70.48339636354277
142.31918361751698,115.51570700819144,49.486944843189235,70.20609906467199
170.7725855914274,104.31266462378962,50.79369066826009,68.20005005774689
170.43403187398624,105.42465831218331,51.4707981031424,65.9760626809595
170.22247566439628,107.15986814853483,51.89391052232229,64.35166998395209
169.84024060120092,109.47013173623515,52.658380648713035,63.38716098262023
169.41495489320477,109.96735527627023,51.68341684299146,64.21824912426396
169.18296250776768,109.08453410764608,50.324849082583185,65.98389146151224
169.63988587227811,108.43502372198907,49.41100235356234,67.28291223282628
170.10312899837112,110.57062107218881,48.48451610137629,68.508628003317
171.6535745829459,108.87380954405077,47.21927769242396,70.06659829939582
172.93462382309522,107.52079559513297,46.49541885318821,70.93438655616858
173.87645815280968,106.48810278367881,46.4509991524564,71.16052322037977
172.8368581878969,105.43908332429393,46.68829663166345,71.416659688531
171.6187400595794,107.27285763686287,47.27483238335972,71.44851207327062
160.8776023024531,124.74407783434859,48.297717512124606,71.84501870777787
152.52670836450267,130.25701481447314,48.05336256357115,73.99947805543768
