150.5,53.5,40,148
149.22408271264183,58.78462519110727,38.71596432304398,153.44597112781952
149.64146078187383,57.91325430560589,37.88120818457998,158.07689783175144
147.07506521300272,57.604034122931495,37.139512557219355,161.63258157965168
145.5141598106446,58.10495411635385,37.288500657185594,163.60356429755697
143.78165118934822,57.6879696777264,37.750275064591094,164.43753317481188
140.31890467262434,57.641431013526244,38.628237391348144,164.5306105032122
138.24019542092327,61.01702774379264,39.743771023126996,163.86318678592588
134.45866998709687,63.3128307440692,41.19915249519396,162.32541548316567
130.39918148431826,64.67526789577386,43.198293152921394,159.60054117975636
127.44898003894363,66.92301317869564,46.03935987075635,158.1643867868271
120.99909376427331,67.79245305717964,49.66241253638697,156.4255070298591
117.82518017224054,70.05958489110314,52.87552528018338,155.02595780228123
114.97646383761887,70.46023905105783,55.39925684743274,154.22464948237186
110.58370025340501,71.1557413222352,57.76850430371306,152.8336449400171
108.0251012116062,70.80043277140066,59.65470980842212,153.54426204168618
107.25793957375001,68.33033811171283,61.18903308413452,155.2093912286098
105.06911951182924,67.61740236336284,62.24020875368334,156.6352627253098
104.6674045861024,64.73949544229932,63.04363860513701,159.02531048952332
104.46247231394088,63.79386254692943,63.453503149460076,160.9165762802631
104.25774868104101,63.14885608471434,63.8629504152598,162.20658920469327
102.30132785837557,62.517967422880446,64.30087663103279,163.46836652836106
102.08202936190582,62.22319795070119,64.73947362397229,164.05790547271957
101.89127163796283,60.63596979029623,65.12098907185828,163.71514541199502
101.94777231585196,61.18286975388635,65.00798771608001,162.62134548481478
102.32559664997929,61.50071143603313,64.25233904782536,161.98566212052123
104.64612005602126,63.46794137326535,63.089992205315696,161.52990221563107
107.14613891186582,64.00581561205591,61.54130699480811,160.45415373804994
109.66849436660345,66.39894264014539,59.904727953453474,159.0760315499916
112.0683391991071,67.23319739057504,58.463980671810695,157.4075220491323
116.33531666464953,67.71841776501948,56.54817599551888,156.43708130024342
120.40165625234073,67.69594327109586,54.936647819279294,156.48203028809067
122.89723012951069,66.9461374289957,53.17749306127667,157.981641972291
125.33741092323982,63.963956288854845,51.51844907275108,160.72468665364002
127.2967273442277,60.70168256654297,50.82972359612999,164.0193267329091
129.1144959449472,57.24106551131163,50.45813993859158,167.6766072994712
131.42314140985457,53.81124837812109,49.14972462837292,171.2273659462562
134.05158888586294,50.60129978757553,47.22755945516517,174.3125333485383
136.61350374416799,47.7891526413688,45.445963853475746,176.5945935260311
139.03529079365407,45.170103992442264,43.94312663027281,178.49195394811497
141.36686257846077,43.16368539901903,42.61884496915613,179.16592922646467
143.360115608201,45.14424763438174,41.9554052713471,178.52787111741065
144.85294355724403,49.78444152204631,42.271201850297736,175.85038829615502
146.1319695208401,51.78482117745541,42.983139771759625,171.8496289853368
148.54775466283988,55.311848688078015,44.60645500558341,168.02301672300325
150.641916974178,60.02803495908907,46.82689277692237,164.99940657499633
152.22407087879796,61.02735322138294,50.069475311408894,163.0007700504086
155.5093842994116,62.06138667874242,53.205246289602265,160.93270313568962
155.66183412225286,63.78042880414651,56.164171673073135,160.75844391403484
157.92369027549998,64.42689395950272,58.27114222681318,159.46551360332242
162.13230921596576,65.57831673965333,59.859081068240194,157.1626680430212
164.78959117358465,66.82109628354533,61.20587435589354,154.6771089552372
166.0857401979443,67.81437946347828,61.932686230571875,152.6905425953713
166.0554100052081,70.24023156194953,61.993346616044306,151.1423191183188
166.29276816737337,71.34840333878664,61.51863029171372,148.92597556464457
168.11440606802387,69.77110842779389,61.11718999823255,148.83872987881026
168.3238987379653,68.30545090360945,60.69820465834973,148.53660469178226
168.66866446261696,64.59370550893355,60.00867320904636,149.51683622278134
169.18839007685253,63.99801664427888,58.96922198057523,150.7082139520907
169.5275042606642,63.243537896427526,58.29099361295193,152.2171714477934
170.05711643570564,62.39716001877605,57.23176926286902,153.90992720309634
170.4216718520036,61.936276174345736,56.50265843027307,154.83169489195697
170.77134092779906,62.03957487238705,55.80332027868218,154.62509749587434
171.04987819473297,62.33458336337942,55.246245744814345,154.0350805138896
171.43880433964128,62.713026440386955,54.46839345499776,153.27819435987453
171.5789265691435,64.89797022099788,54.1881489959933,152.08604730645868
172.2579897682586,68.08504211026525,52.830022597763076,152.02315536453494
172.7926594460938,68.37898813762462,51.76068324209269,151.4352633098162
173.4509881453315,68.9812176141707,50.44402584361726,150.23080435672404
172.53314048006317,68.96316797653432,49.21872199722327,150.2669036319968
173.06848266096978,69.3382604223511,48.14803763541007,149.51671874036325
170.71821949949572,69.15811199991504,46.83104733365489,149.87701558523537
169.53306603266205,65.2340345082635,46.21173890437489,151.74593984264374
168.32039025211728,62.2253421099914,45.63243886748448,154.758673041208
167.1732447406284,58.937080014376576,44.89019806788549,158.2986654098609
165.8968457827893,55.63596045342868,44.37029941117498,161.828207959368
163.14859004095257,54.056719635023285,43.64135813948512,164.9866895961788
162.05808992425486,51.06713848790011,42.67888047938609,167.82237399693065
159.5591128028691,51.37834876832687,41.346552710157574,170.36509444207712
158.58923510015825,48.55256620658153,40.110809210741564,172.84116066073005
157.3900567564998,48.06317554249026,39.322602995917165,173.8199419889126
154.65874574595514,49.34746621870863,38.41496731370603,174.43648948812609
153.02052836395083,48.26805960062035,38.51512605395179,173.4190267005398
150.99779625097204,50.4137165821065,39.396594821937164,172.29170819553968
145.4725986674054,52.45047678243361,40.95143707707089,171.38337209888533
142.62115379196828,54.814573360961205,43.472096234792616,169.83740953498264
139.37146110584362,57.18017584711477,46.763019813323794,168.31466635639364
134.2649464686428,60.265801914922974,50.4780280690467,165.3924247301166
129.54183711352528,63.62476302277361,53.3704372859759,161.95140726106825
126.62755421675845,66.91121601526503,55.91766197423253,158.65984238136244
120.3123232025732,68.25062628567868,58.70540717684882,155.98102184053513
117.54076651717513,69.10476200657982,60.9555387590527,154.27275039873285
113.57798565908158,69.72739112820736,62.263464264680934,153.02749215547777
109.68798043057875,69.94977499032787,63.4150185477637,152.58272443123676
109.57741915930481,68.1477386210934,63.6361410903116,152.8585072481104
109.68953563367674,67.56565917352447,63.41190814156772,154.02266614324827
108.02862485197664,67.08347418290329,63.384718480696094,154.98703612449063
108.21492817483599,64.75697160883442,63.01211183497742,156.27760689813272
108.492511760093,65.41144964796459,62.45694466446341,158.34304527485273
107.27378376401529,64.81332550482048,61.500193869537455,159.53929356114094
107.69723644108757,62.646143590116466,60.65328851539289,160.47939802381617
108.16092281889439,62.45872734465199,59.72591575977923,160.85423051474513
108.60860075557835,62.41124371407727,58.83055988641132,160.94919777589456
108.74800105268929,62.27390137989677,58.551759292189445,161.22388244425557
109.02984756273396,62.278038397207595,57.9880662721001,161.21560840963392
110.97764248768047,62.18294466227377,57.44744548016928,161.40579587950157
113.08160171862173,61.87761858374701,56.58741579381673,162.0164480365551
117.32760299226067,62.32457730296848,54.77739257431142,161.12253059811215
121.2095076175043,63.83729588519297,53.60412639425505,161.39236496887864
124.70517008366568,63.67450540689889,53.16813896872513,161.7179459254668
127.73880081851743,63.64214059617845,53.64950391896001,161.78267554690768
128.83366759667152,61.82749978898184,54.743823190404264,162.12790433354849
130.06540708910396,59.42829649822272,55.58932420266257,163.61733091794355
131.43494353324533,58.27630363878609,56.195885121143704,165.9213166368168
133.70482899506962,55.746880768268966,55.04564279959467,167.59063377575154
136.18872030795043,55.593232760075665,53.470101594122205,167.89792979213814
138.44835748504192,56.04153777871478,52.31849041696995,167.0013197548599
138.82940040171007,58.137122209351986,51.55640458363362,166.1438697283345
140.60157881367047,60.27825457213389,51.319540709756915,165.16909795281472
142.32488311004076,64.68768177511281,51.16223187543055,162.92884306368538
142.0954895414634,66.50983974582232,51.621019012585315,159.28452712226635
143.36369703775583,70.2376738761502,52.29593971617371,155.0401945577839
144.64945182483166,74.11294712730424,52.88775370024595,150.45297161369973
145.82669498646467,76.13691606050011,53.64196659391886,146.40503374730798
147.01845930619854,79.75035115975987,54.32293996833813,142.24266556267543
148.2561911187239,84.09562754498411,54.864594008489334,139.58634812263088
148.0429183239711,84.96564424983336,55.29113959799494,137.84631471293238
147.53085404940222,85.66745935279232,56.31526814713272,136.44268450701446
148.51603225997235,87.55995554802871,57.314179056071254,135.62695944662045
149.10944894861285,87.79974540409064,59.10255938407656,135.14737973449658
149.67723794798545,87.56618672548164,60.96686090311526,135.61449709171458
149.9096462181429,85.68250401404916,63.54150268284268,136.3424041945372
148.46229682872365,85.4005818594884,66.43620146168124,136.90624850365873
148.17035851584558,84.61284117519058,70.17388021687266,138.48172987225436
144.26069439913528,84.21273650325047,74.75161194086351,139.2819392161346
140.76959061157163,82.05999457473528,78.40173103813905,140.2553345953132
134.72713630131793,79.84617959295521,80.26023603710284,141.27416335169218
135.1212927686433,76.16463928141462,79.47192310245217,141.72625733882973
138.66859578628032,70.43806538518659,75.82609046412844,142.83308494043453
144.23166416948752,69.58544895927541,71.50553438476658,144.5383177922569
146.31094444323853,66.67082636571149,67.34697383726454,147.01424905266475
151.9103944181361,61.652026578593336,62.78201623652823,150.41790627784223
153.6721327753339,58.54889964584463,59.258539522132665,153.3383570653585
154.70586454556653,55.90570103281185,57.191075981667375,155.35975447504543
155.65886468832204,54.93522568190794,55.285075696156355,157.30070517685326
156.25773344583035,55.93585295610781,54.087338181139735,158.54946117569918
156.7146785625764,55.19417801235164,53.17344794764762,160.0328110632115
157.04249220784249,53.481303161415525,52.51782065711549,160.2081205983967
157.15804373387704,54.86144420301392,52.28671760504636,160.68875990151093
156.78451097896914,54.24047428402157,53.033783114862175,161.93069973949562
