141.5,73.5,27,34
141.32124631819946,73.06167702930045,27.316554724028972,33.8766459413991
141.70373688860462,73.09737542097852,27.51386066662818,33.80524915804296
142.10647612793844,73.14578547516123,27.672765951691584,33.70842904967755
142.00138370215015,73.16576586166445,27.882950803268166,33.6684682766711
141.8914119772988,73.17762995801992,28.10289425297091,33.644740083960166
142.7823945668538,73.20313444794044,28.263777277674706,33.59373110411911
143.22521999150842,73.18904035016499,28.351355952261507,33.62191929967001
143.15815440827987,73.17268979716553,28.485487118718606,33.65462040566894
144.09848975290635,73.20121743659666,28.56029154368887,33.597565126806664
145.04004260123784,73.18526497702202,28.63330578774421,33.62947004595596
144.95095092846475,73.17679740245794,28.81148913329044,33.646405195084135
145.36731276561383,73.17770931734276,28.96161730857341,33.64458136531448
145.78299899116206,73.15906765478903,29.115479462940137,33.68186469042195
145.66039859708525,73.14492105250073,29.360680251093775,33.710157894998545
147.614889304907,73.11966176340377,29.422302522180892,33.76067647319245
147.5240788855328,73.1500442624677,29.603923360929258,33.699911475064596
148.49814078986037,73.1200875895703,29.648577442007475,33.75982482085939
148.98700709874686,73.06338715893025,29.668877471273152,33.8732256821395
151.0777248150644,73.01486412571492,29.48790316262688,33.970271748570156
153.18444691312496,72.991569799156,29.269330528434217,34.01686040168799
153.28396962004885,73.04190200527447,29.07028511458646,33.91619598945108
154.84760641624072,73.0321091818638,28.916548257150147,33.935781636272395
155.50172852727505,73.07838518234358,28.597315168066174,33.843229635312845
158.06998673479342,73.07977802154443,28.373037243827042,33.84044395691116
159.19197607490221,73.12973971270003,28.086645706112968,33.740520574599955
160.27971226623742,73.1563706643625,27.856449043725043,33.68725867127502
163.24472324901413,73.14325418281575,27.73505218262168,33.713491634368495
163.79188594829003,73.170020756805,27.607274722813376,33.659958486389996
164.83451559987154,73.20422508363495,27.449336469216004,33.59154983273008
168.18239265167702,73.14183350913562,27.47397702742184,33.716332981728755
168.18675050509216,73.12447082015842,27.465261320591562,33.75105835968314
168.67970434405754,73.1383233403453,27.44211879049726,33.723353319309396
171.13149792047986,73.12967822318292,27.348357578251537,33.740643553634165
171.54241831776588,73.12861845257,27.48723069885261,33.74276309486001
172.53898857200207,73.13748067213677,27.420076172594005,33.725038655726436
173.0940705374245,73.16394455958371,27.271546791862043,33.672110880832584
174.9936799483735,73.13867132067972,27.306001849180753,33.72265735864056
174.9744795302927,73.13388109896924,27.344402685342335,33.73223780206151
175.4619968511726,73.14359863458837,27.32988887175725,33.712802730823256
175.9580437554675,72.683885560178,27.29778255982518,33.67224138298631
176.45934273960555,72.69067012606115,27.25402963380423,33.65867225122001
176.43656731508116,72.68204471320135,27.299580482853028,33.67592307693961
176.94589925229943,72.69979587808068,27.23984728549253,33.64042074718094
177.4471371957741,72.71090715850262,27.194790221756502,33.618198186337054
177.39871872278118,72.71517935438816,27.291627167742334,33.60965379456598
176.8781620789369,72.73898413756292,27.374956280462712,33.56204422821645
176.83823445365294,72.71603030581669,27.454811531030575,33.60795189170892
176.79045654940086,72.6800994113386,27.55036733953475,33.67981368066509
175.90151200744532,72.69980146204372,27.402164001208295,33.64040957925485
173.04461708129452,73.11790187413278,27.35568628086583,33.764253350517414
173.05257133322314,73.12663877756518,27.3397777770086,33.74677954365262
172.60529005181488,73.13007934801867,27.273671040595893,33.73989840274564
169.7689905907561,73.12233805584715,27.18930797004815,33.755380987088664
169.30605225909665,73.15114824375809,27.156819317215174,33.697760611266794
168.39157210612362,72.76385539136164,27.071869861767098,33.5153914353626
165.03077595164746,72.76613811173247,27.124000934849306,33.51082599462095
164.56597739954552,72.81126632491176,27.100044087711577,33.42056956826237
161.76198627001773,72.81295669749383,26.9973448252553,33.41718882309824
161.30702267319123,72.84826298323604,26.957205889696684,33.34657625161382
157.0518599610709,72.84044868760748,26.932540618796274,33.36220484287094
156.57256527672456,72.82528194713171,26.942957085593576,33.39253832382248
155.61464233843242,72.81544125118057,26.96118863050008,33.412219715724746
152.28489522844092,72.75544808792469,26.974851607235056,33.532206042236496
151.26688333475263,72.73322366526557,27.107941157963264,33.57665488755477
149.2612496041868,73.1535461268215,27.30199018395445,33.690314573228015
147.78713442843915,73.56918840462683,27.37264848884014,33.81822069982057
145.84290373372414,74.02875977086958,27.41191669478253,33.861376263206935
142.5014417109095,73.99949845362599,27.349665261978878,33.91989889769413
142.03749628666165,73.95235744349559,27.314069008034934,34.014180917954945
138.2719317063184,74.08355182207791,27.130340448141613,33.751792160790295
138.34451738862558,74.15592451957045,26.985169083527275,33.60704676580521
135.99311397474926,74.25917821814078,26.924063434757826,33.400539368664575
135.55527047689105,74.32463966526632,26.851126407848042,33.26961647441348
132.33540756971288,74.36853832880058,26.67281774596194,33.18181914734497
131.86323490627652,74.86714562744683,26.67596476968727,33.125802853199886
128.626860935769,74.9343591219767,26.56598441922695,32.991375864140146
128.19668854155438,75.40463449683915,26.489783599442365,32.98737072262905
127.25860227813358,75.50417796932813,26.495456619101656,32.78828377765109
123.56264337465845,75.55685801482974,26.429083346052607,32.68292368664787
121.23662799064365,76.13063115541826,26.4331420799021,32.46497181230687
121.23399335480758,76.16855373440097,26.43841135157424,32.38912665434141
120.75586863453105,76.22880647659889,26.469428562991894,32.268621169945604
120.7085919535802,76.3217356451516,26.563981924893582,32.08276283284016
120.25865382651196,76.3895612424514,26.541310262621607,31.94711163824055
118.3904023159745,77.3459901823511,26.597439455778346,31.874440672400254
117.96276945023573,77.43346551826761,26.532826138543257,31.699490000567227
118.02314041285814,78.0021070483455,26.412084213298428,31.478348458037075
117.69285332550089,78.14319008120572,26.16187122993228,31.19618239231663
117.29920304039183,78.33011838076617,26.04676558953021,30.822325793195724
116.94741672862799,78.85481656093725,25.855551739990464,30.667715905920964
116.95256694814404,78.94865329780006,25.845251300958342,30.48004243219535
116.53000905527284,79.08981210519848,25.804105651166935,30.197724817398534
116.50497874803798,79.22990126799867,25.854166265636643,29.917546491798127
116.5225499565872,79.3294506823576,25.81902384853823,29.71844766308027
118.78241410342928,79.34235831460391,25.66962921088126,29.692632398587655
118.40597080446763,79.3799548672291,25.551244830035134,29.617439293337274
118.49043988026537,79.86911398904688,25.38230667843965,29.507329067984774
118.56013117608845,79.96862229606644,25.242924086793487,29.308312453945664
119.38602996609026,79.63872516514795,25.30808247997483,29.10962872919019
120.74420529845578,80.09954820820187,25.16107849542097,29.044431536474736
120.73374686756279,80.2186551122428,25.18199535720698,28.806217728392877
120.69256118896128,80.2516049886711,25.26436671441,28.740317975536264
121.14517782152724,80.25360699542918,25.20916040565376,28.736313962020105
122.50902005811574,80.68920989999302,25.02871873768556,28.71418908796204
122.5947603080082,80.29230924863373,24.857238237900603,28.662143040897096
123.92920870374215,80.24619899267941,24.715218172638867,28.754363552805728
124.7959600316117,80.60412792127285,24.664595138335212,28.879945506336576
125.62999459687204,80.93669000130127,24.68166119919343,29.05738894196917
127.36060480111188,80.8773442604622,24.60277116590773,29.176080423647324
130.34093182527928,80.79827822240594,24.56513303149243,29.33421249975985
129.90832579770537,80.76962642462433,24.58236755979641,29.391516095323055
130.30726873326606,80.62519862914581,24.633620181881728,29.680371686280083
131.5886667253551,80.94970187054844,24.634068767789337,29.885780060170063
133.68788756219828,80.44395098415761,24.723546557230755,30.039697940326192
133.63982783521203,80.42392732767253,24.81966601120326,30.079745253296363
134.83637931050538,80.42819006267035,25.017258039705915,30.07121978330071
135.6147374648137,79.98590217204652,25.19378548969487,30.089173685245594
138.03121225219462,79.96928963683474,25.579300090230532,30.12239875566915
138.2447375980486,79.60302130787205,26.028711792024886,29.9784730200922
141.298840032923,79.57027317640468,26.09068786019822,30.04396928302695
141.25767483937705,79.15972367927208,26.173018247290166,29.981606149193926
141.61900142198726,79.12402303632231,26.334181243760206,30.05300743509347
141.9312079347406,79.1119988643085,26.597272509836856,30.077055779121093
143.24976734451917,79.11213831535423,26.636418957078245,30.076776877029644
145.04392444804157,79.00960243982672,26.61894583918212,30.28184862808465
145.054552595143,78.88238434077509,26.597689544979254,30.536284826187917
147.79078759753588,78.84351315115663,26.520497525422314,30.614027205424847
147.85362486277214,78.81047286975883,26.394822994949777,30.68010776822045
148.3480354027699,78.76691764807603,26.30418613946792,30.76721821158604
150.600089495708,78.75974616354732,26.2904528396991,30.78156118064345
150.67721330071979,78.73047287309923,26.13620522967549,30.84010776153963
151.1645272222652,78.23998484900406,26.05807736545732,30.924583830857294
151.65927502851645,78.14652271641035,25.96512798188489,31.111508096044734
154.00916492722067,78.06318518741827,25.75500195767303,31.278183154028884
154.5564608659512,78.41505489666969,25.557516957510988,31.471550612825084
154.60342352998788,78.39390303178892,25.46359162943765,31.51385434258661
155.55510051214955,78.38558117382439,25.35227174099136,31.530498058515647
156.01946933133132,78.37001501901726,25.31800383737648,31.561630368129936
158.30422633122564,78.37426770515421,25.2204504620177,31.553124995856013
158.25989817192323,78.79362727659858,25.309106780622525,31.607086345666374
158.21844030105476,79.21071853862414,25.392022522359476,31.667848933832488
158.62014042274274,79.24247773049991,25.48584312859386,31.60433055008092
158.49819563416878,79.28905587246497,25.729732705741775,31.51117426615081
158.40273584710036,79.72824663408423,25.92065227987858,31.533074133238937
158.26383637899153,80.65073632434705,26.198451216096252,31.49550116676416
158.11839616575557,80.73711808539689,26.48933164256815,31.3227376446645
157.53063615494645,81.29943777043655,26.755221194973522,31.10772874379809
157.4531607425576,82.75634792873771,26.910172019751215,30.925656953473712
157.39886713178976,82.88574138115932,27.018759241286915,30.666870048630503
157.34204377843793,84.00033525705817,27.13240594799052,30.25364397228303
157.27975745940597,84.60444661589838,27.25697858605446,29.94880433184738
157.25447339424304,84.79085916593223,27.307546716380333,29.575979231779684
157.26560079681985,85.876805145064,27.28529191122668,29.19533820577366
157.26417368210545,86.95099513155381,27.288146140655485,28.825621393826268
157.3243881289749,87.54448402653483,27.16771724691661,28.522242053918067
157.78058494799808,88.65845367376107,27.132265986071914,28.048187513868886
157.87016628984736,89.26229529825316,26.95310330237336,27.709457856752188
157.93239760948785,90.26739346486575,26.828640663092354,27.420875789771973
158.3331211450765,91.76568287413494,26.881503958487137,26.987228070949726
158.78373398076036,92.87901113297615,26.828604367313652,26.457223713655797
158.79371885176909,93.48252391715937,26.80863462529616,26.08933994896466
158.78230749246612,94.05782691894635,26.831457343902137,25.771753661286326
158.3936160214431,94.62185237539235,26.780485286877976,25.472057747464483
158.4415051427505,95.12995676153675,26.68470704426322,25.27865917078114
158.83991753371131,95.56980929854396,26.706128094055284,25.217199928480376
158.8524061378878,95.5822425423674,26.681150885702273,25.192333440833504
158.83521819262182,95.6179756418798,26.715526776234256,25.12086724180869
158.32575761147402,95.63959049953898,26.918223347541453,25.077637526490324
158.79677803671873,95.27083304712727,26.794886685133847,24.996448243231935
157.8892020123393,95.37804272734454,26.979061472125725,24.782028882797377
157.85956452309748,95.43498731966756,27.038336450609407,24.66813969815136
157.76742085638367,95.51638232210065,27.222623784037005,24.50534969328515
157.30785247061974,95.54980676164094,27.32742782998704,24.438500814204595
157.31711109089434,95.18668640802497,27.30891058943779,24.34984747819535
157.3297773208562,93.65024579267154,27.283578129514076,24.1699686159851
156.3647680623314,93.20168402835823,27.593754454013755,24.25717104833674
155.46826252837198,92.73621848650212,27.754511030583892,24.371974886374595
155.44489548234435,92.21946278201436,27.801245122639187,24.585028945698348
154.9757309004605,90.808619737204,27.91498237928548,24.932939313955
153.6995079077492,89.75266205778917,27.971670061500333,25.38101580397948
153.23352070155465,90.04231736129958,28.06369236050539,25.641657310342627
152.35784580278,89.3904544788744,28.123965177209094,26.09984458477014
151.81599300433433,88.74233464484139,28.353901260091106,26.542314738826867
151.33472229404342,85.93531869907217,28.45205303265994,26.97000874228743
149.99390416972804,86.15378369223366,28.51555821237361,27.40578911227016
150.04113891210835,85.43610779281312,28.42108872761301,27.960533126683018
149.95816812910678,84.75174184141063,28.587030293616102,28.44137287840279
149.9788395200369,83.66366753552818,28.545687511755908,28.821352776193685
150.07395843506458,83.03091136987042,28.35544968170049,29.183449757804176
150.20480656245795,82.39950593855862,28.09375342691378,29.540159675112104
150.30034046116623,81.80233163403888,27.902685629497253,29.826959064202022
149.94790145252696,81.7214620218704,27.698561654159747,29.98869828853899
150.01597761063408,81.63940025102417,27.562409337945518,30.152821830231446
150.11319816376582,81.56439269887382,27.367968231682045,30.30283693453214
150.67423452173236,81.04956806527335,27.153803117335364,30.42457860014662
150.35588424499593,80.56282949921334,26.884123320740265,30.49167538219875
150.4989402246436,80.51955076925935,26.59801136144496,30.578232842106715
150.64736689364875,80.06033049056572,26.301158023434674,30.596805695373448
151.1365861845182,80.07549120574119,26.218111732944458,30.566484265022485
151.26973781639398,79.67109310503744,25.951808469192862,30.481690580254288
151.35476386729042,79.7204310009612,25.781756367400014,30.38301478840678
151.84840922931033,79.33885878622833,25.67820787999208,30.262416981240563
151.92184459864671,79.41331057412668,25.531337141319312,30.113513405443864
151.98447287913444,79.05624781695364,25.406080580343854,29.952085146764286
152.07310282830684,78.634648621261,25.22882068199908,29.92423658716382
152.12874615424136,78.26066451282304,25.117534030130066,29.804439969294236
152.61408352703887,78.33539744537741,25.010984561653903,29.654974104185506
152.22349083089264,78.36972797194424,24.93206567358911,29.586313051051842
151.7888308316332,78.3253750984475,24.943611037456503,29.67501879804533
151.010321694563,78.34841752251245,24.781971901737972,29.628933949915428
151.01072291350977,78.76119150853947,24.78116946384443,29.659400272438937
150.5594951018478,78.75352454636283,24.82715418766258,29.67473419679223
149.25037057118575,78.72827537314404,24.87305836477545,29.725232543229794
148.31435103322931,79.08195781667035,25.027164766127438,29.876833993457613
145.57245309483645,79.09836398523737,25.32824320448145,29.844021656323566
144.1374018981368,79.05636512719602,25.593965558232604,29.928019372406276
140.9726598836635,79.4487110549314,25.807579438266316,30.0170232524945
139.18584245065526,79.43586256091982,25.867204097058792,30.04272024051768
135.57606110538154,79.83574052486841,26.04790936713083,30.12282149017988
131.18177952493306,79.7853036389981,25.996509248670932,30.22369526192051
131.1612592838617,79.77451118964747,26.037549730813623,30.245280160621785
128.0249590591361,80.18956920583545,26.11007990261177,30.300888453624836
124.90477611131311,80.57564964856715,26.13620542446079,30.416476192989553
122.2034168059262,80.61680868874944,26.19919121898768,30.334158112624987
120.43173175921939,80.72867668982879,26.18378766380188,30.110422110466295
116.92813390810338,80.78369560159032,26.103114008536195,30.000384286943216
115.23129074785113,80.79006498529851,25.964854045943664,29.987645519526847
112.54876672125312,80.74594442931038,26.046468891931298,30.07588663150308
111.71007154157327,80.26524643548338,25.95736535071598,30.154035668869586
108.19198141881739,80.24935323349004,25.92933737584337,30.185822072856254
108.6443416174864,80.23289530511488,25.90768448573357,30.218737929606593
106.92600267712834,80.21822564138614,25.811447985117113,30.248077257064082
106.53852075633044,79.74217901370817,25.704276111494217,30.318034797201328
105.69269300206956,79.73133927811531,25.632945964241394,30.33971426838703
105.29805738278179,79.73641495886832,25.541537454112515,30.329562906881012
104.4441811522863,79.70388750346137,25.491186405067452,30.39461781769491
104.03864009002355,79.68876719971122,25.42302443796483,30.424858425195236
103.62122017110656,79.69273229736619,25.379252336618055,30.416928229885283
103.20683299602936,79.681475624807,25.33024248329763,30.439441575003656
103.2559097317264,80.10475621021872,25.232089011903568,30.47022127087488
102.8473555884573,80.1586690258236,25.172965750448512,30.36239563966512
102.83929012741012,80.54646595324951,25.189096672542888,30.46041931757503
102.43798856153755,80.57260364265915,25.116312936327642,30.40814393875575
102.43651340472728,80.62031452943825,25.11926324994817,30.31272216519756
102.44655516790266,80.62637001272127,25.099179723597416,30.300611198631515
102.464910355048,81.0601937058517,25.06246934930673,30.304439601297794
102.49077008033255,81.48515903271263,25.01074989873762,30.32545126938727
102.50125706306136,81.57293719388886,24.98977593328002,30.149894947034785
102.9563553361293,82.0702448568265,24.946969553660075,30.022669787675454
103.3644053905148,83.88050429602839,24.995609981665986,29.861113056379295
103.76784107585223,84.39058372805736,25.051774097922706,29.703989679252935
103.80137574982473,84.44593490432706,24.98470474997771,29.593287326713536
104.2135317706746,85.74267970670846,25.019122261226237,29.575986380795605
104.24825737787886,86.18838475030218,24.949671046817745,29.54359274589202
103.85375917448494,86.2478365393148,24.881268518957306,29.42468916786678
103.84920306892178,86.27163604051405,24.89038073008362,29.37709016546828
103.01773110269497,86.31372744569157,24.845574041463294,29.29290735511323
102.19779413096242,86.39439572437684,24.781737905135856,29.131570797742697
99.61454106998562,86.84692898057887,24.85821992993311,29.07484163486469
96.23317276445849,86.89076372939314,24.831433699357497,28.98717213723615
96.66549373394717,86.9343443304482,24.813696940040312,28.90001093512603
95.00730080138156,86.5604006105072,24.74899083026867,28.802625381282336
94.18152056122324,86.59134691835334,24.71509471035973,28.74073276559006
91.27068486760838,86.59098663402371,24.648176621739935,28.741453334249318
89.60712803416851,86.21451573409078,24.614635950899874,28.65423154968522
87.97545899856242,85.80899225349145,24.524867795335464,28.627001954189716
85.9151732274261,85.8547601162523,24.46336997591807,28.53546622866805
82.60317507771741,85.85453044218659,24.415276512763192,28.53592557679946
81.77938099902475,85.88028723767682,24.396373223721156,28.484411985818987
75.96355989109497,85.92354887740643,24.377972465453958,28.397888706359776
75.17157571783466,85.96761067621942,24.30091489523864,28.309765108733774
72.28254157962539,85.95928765666528,24.28359138505418,28.326411147842077
69.40189266360672,85.96748082736852,24.24964385681571,28.310024806435607
65.99408566816976,85.94243195556012,24.448508926928596,28.36012255005237
63.077216670956474,85.95405356753675,24.464816815825777,28.336879326099133
59.745065357495484,85.95041562569963,24.48141035734365,28.344155209773366
56.81507548687654,85.94336154149464,24.52199279179143,28.35826337818336
53.495902837418825,85.48580261606779,24.502642811148714,28.4411693190923
50.53108270591581,85.8552251822701,24.599995984356347,28.535508056658863
44.68735994329755,85.83989736031049,24.580563067525784,28.566163700578088
44.70583817216647,85.81126973394021,24.543606609787943,28.62341895331867
42.16584724444478,85.7888392784426,24.60363151619296,28.668279864313885
40.94565691992152,85.76861310040142,24.529061110117077,28.70873222039623
38.028758125729794,85.74980864698836,24.49864898491332,28.74634112722238
35.92539067327807,85.73980134924906,24.516201601120933,28.766355722700958
33.79272957082471,85.70657256765618,24.589384982555952,28.832813285886722
32.122893217765565,85.70072344430315,24.56653493728896,28.844511532592783
30.41910171283759,85.69719238957079,24.61234166194823,28.851573642057506
27.440415201365255,86.09470415008404,24.68068833169879,28.897839600058727
24.09906052030903,86.0704168643177,24.61857621336492,28.946414171591385
24.525532997455493,86.07740555743881,24.60848580281394,28.932436785349175
23.28699275186374,86.12640854740349,24.558136941125362,28.834430805419817
20.74039584300797,86.16160699047506,24.610410567678223,28.764033919276656
20.319371015824395,85.75202306205333,24.612554323198783,28.743295877273553
17.769913314787214,85.71550670629946,24.67375061111393,28.816328588781293
17.78137306188046,85.68846342936585,24.650831116927446,28.870415142648504
16.964454506635615,85.7066788969717,24.60026991567336,28.833984207436835
16.610179642161214,85.7155652668207,24.467995914884884,28.81621146773882
15.382354957479446,85.75060550024509,24.408377497427935,28.746131000890042
14.138506474276829,85.34354320223207,24.386929198275904,28.723873841730313
14.15167330178207,84.89265050792908,24.360595543265422,28.78996606394835
14.131437978283632,84.88341177324907,24.4010661902623,28.80844353330837
13.700925463501232,84.87874946169534,24.424865126798473,28.81776815641583
13.290495476674728,84.88202541568711,24.407972215419782,28.811216248432274
13.329252140355393,84.87371564593315,24.330458888058452,28.82783578794021
13.370240372261629,84.8422775440045,24.24848242424598,28.890711991797517
13.406276464780476,84.83639394442758,24.176410239208288,28.902479190951325
13.010018189251323,84.36985431141078,24.13386752991032,29.000499196628688
13.048044753252325,84.35479040032767,24.057814401908313,29.03062701879488
13.012963519341174,84.3062510889672,24.127976869730617,29.12770564151584
13.460820210998676,84.31353291673838,24.070011161013674,29.113141985973456
13.873873701967065,84.33034043978404,24.080492245222803,29.079526939882147
13.838251047414001,83.90861465618981,24.151737554328932,29.086738749772454
13.785456932740328,84.32083367551034,24.25732578367628,29.09980092558444
14.185448475839294,83.88443634594407,24.296746839035507,29.133191443159824
14.974642604788597,84.24720486370316,24.399466809045162,29.248208521595792
14.965277564890295,84.2506520616939,24.418196888841766,29.241314125614302
15.782596479850675,84.66096312501234,24.47191476444395,29.264869851738904
16.151786536757157,84.69994623246731,24.578941275078293,29.18690363682896
19.510477014141586,85.12131286412261,24.628987970541786,29.190098829797403
19.902384224519775,85.53625706043046,24.691956958031632,29.206993845427913
22.026162643039818,85.95974099154124,24.684687742233404,29.208083507454727
24.156074712728397,86.78412143219242,24.66465040748099,29.255237348002247
26.694150518451586,87.65457917022661,24.678673149070576,29.211046656279194
29.270907602194484,89.35085171894316,24.612596733070333,29.210126726503127
32.230443929446075,91.92860082767861,24.6213237164816,29.135599627244613
35.12059120636039,92.37258997913641,24.76176323727615,29.0934404778466
37.97704036102117,95.36461224596164,24.980856237879234,29.041387254120803
41.327631441902476,97.93289376007093,25.080817920275976,29.005682109021734
48.03699391796659,102.61136039479527,25.281214009255688,29.01189455533475
48.35293980908526,102.61449915114173,25.503827037940134,29.00561704264183
51.73605780009368,105.60556890199408,25.601378976571866,29.029291971504662
55.12231545316315,107.32206755527885,25.70807978429092,29.03590272186408
58.44626802493477,110.81227938123845,25.95386785060834,28.94917227980555
61.42002452306484,113.36816159391931,26.05640632328914,29.0231662563932
64.3580888405914,115.9690890409908,26.249839239542073,29.023792691941157
67.36320519585516,119.04400894934571,26.330844211093897,28.965190557310684
69.98078039010589,119.49997023354182,26.31903348423351,28.92382459919199
72.57798275878795,122.57341834403087,26.342975527594064,28.864999622392716
76.04136056924244,126.61975194590214,26.36974076421815,28.595043383374808
76.0327088793905,127.15088819688454,26.38704414392202,28.398180665688503
79.07798960076263,127.96861202042494,26.334781424652505,28.48796122531477
80.8063902451625,130.12179739950503,26.33071530323197,28.497509426378578
83.37679466346204,131.44573637663285,26.369514637387574,28.439435557500303
85.12155703187108,133.1874069638692,26.33190660706738,28.408011089525502
85.9597804991723,134.1469252289425,26.379241541358546,28.212756428272485
88.08368551339929,135.0401808499417,26.429407884810217,28.145435735036372
89.37616657963862,135.94501292726636,26.422466151451562,28.054451846467042
90.26683409047718,137.56957083038074,26.356747079484393,28.236567939658144
93.21582383583622,139.3807126143775,26.47603630955647,28.05272364068756
93.60482952368758,139.42756319997477,26.556655815045477,27.959022469492993
95.35419593752752,139.84552659942355,26.491697398128277,27.98153927328612
96.19478950713653,139.86808718491955,26.526042323171097,27.936418102294095
99.13350264029121,140.27848498882753,26.651848554082488,27.97322713693822
99.5193808513828,140.77590872236624,26.740266620599094,27.838554158560584
102.14419297843847,141.62714779282746,26.647435258718016,27.85500698171493
102.9874014687015,141.64089305367602,26.67752529314275,27.827516460017826
104.23445701958529,142.49366828075546,26.758312242039562,27.838564706301838
105.08874676738634,143.33653994414016,26.769235270906165,27.872323904001096
108.01483221782067,144.1918963881905,26.940236472190254,27.88251733080125
107.98777670941074,144.20716076741397,26.99434748901013,27.851988572354294
108.40381952951515,144.59961196154407,27.025957276385462,27.930781611678235
110.98102257181804,145.0096433629505,27.06413796600611,27.97614993790313
110.57672121322642,144.99900799428568,27.00599424416116,27.997420675232796
111.52581678796571,144.5309891090304,26.840123758908195,28.067298113630482
113.28093465516129,143.19221474306067,26.788407291627042,28.150957395237448
113.29827890267117,140.53908776209323,26.753718796607284,28.266489424683456
113.36043317677128,140.02176825908688,26.629410248407062,28.43475033925643
113.8444461030925,138.70144221532203,26.528420007241316,28.474295592356093
116.08030824936384,135.6346922423116,26.38694058276441,28.54545272308495
115.69838855958886,135.60993828647378,26.28586988015638,28.594960634760575
116.6607967335585,135.13841604648007,26.089201088215418,28.67393133674885
117.03163347815914,132.97798310548606,26.209698952106454,28.68394045327524
117.47153119359321,132.45140018095583,26.19415072334071,28.872859100233292
118.23254113524445,131.49731472254533,26.40601176453778,29.047149092554758
120.25420602015217,130.07956333136752,26.727834320045716,29.263560479716325
119.60670495173534,129.54338254500902,27.141308294956843,29.454393890510786
119.32475465105564,128.52292604267132,27.705208896316236,29.71313732425228
121.36523726208435,127.90114132794028,28.144682127308787,30.05261906310438
122.96650222625155,125.87036909979102,28.607631377143942,30.44868434123333
122.78756963298363,125.71296968580432,28.965496563679782,30.763483169206726
122.63398941375142,124.96498809135815,29.272657002144207,31.318939052869943
122.94472420689765,124.78363607149923,29.605249732901342,31.68164309258779
123.33945770405681,124.06577464870131,29.7807921668742,32.15235650989247
123.74100945145537,123.35431128250315,29.95283506651468,32.60013684785115
124.7102116244858,122.58507745473166,29.984161926829994,33.15373890020603
124.62128142736222,121.8351110390283,30.162022321077135,33.65968734961696
124.50737785293958,121.51828817693853,30.389829469922404,34.2933330737965
124.89750687377253,120.81030875862706,30.62774008538652,34.69112325328945
125.29130241323666,120.07519607819835,30.86829481138297,35.133202809222134
125.21745050785871,119.74708474861231,31.01599862213888,35.789425468394214
125.6748649300082,118.90746723642377,31.152552080322504,36.41727819028871
125.64911021759754,118.02823655911646,31.204061505143812,37.11245552227472
126.65907644740713,117.19959585641512,31.333817652594067,37.694892624142746
127.12521063830786,116.39057932303153,31.487461062930485,38.227013898772014
129.18227782912933,116.22245390320676,31.759656456858423,38.56326473842157
129.04647205517418,115.3754497022068,32.03126800476874,39.15112206181662
131.65128971168795,115.79734792373918,32.41953158675805,39.42690539775528
132.41873957386673,115.67404298771045,33.1448194264867,39.67351526981272
136.54685198412167,114.95642853637978,34.05333536036203,39.96315157817594
136.1851979742999,115.42944348430753,34.77664338000558,40.181806407671075
139.33302792069156,114.7235530385653,35.55906669740578,40.41390676412496
140.0738092685172,114.61241838568871,36.469131850251614,40.63617606987813
144.04521030581756,113.83984098043878,37.023023757440576,40.96751745440807
146.62072550566327,113.00174025386626,38.01101696844762,41.415914185413406
149.9556720950334,111.50082716178545,38.844306510019564,41.91667946280428
154.14756505277208,111.41557195583447,39.36169573048471,42.08718987470624
157.85488777900707,110.16016493318358,39.64193070614539,42.033043777297806
160.80396802013433,108.04032828895909,40.1741815427192,42.41447027444977
165.8127767346594,104.58524566400192,40.56047658563226,42.82219022938712
166.29269371612733,105.09470898693141,40.91363471685715,43.116255677688926
168.07615907194628,104.35289944191113,41.31627911232714,43.27668306536017
171.19191327543254,104.39716782206531,41.74518669368325,43.188146305051816
172.9687456069069,102.3563340531862,42.2039756644612,43.25736020908337
174.20596250140753,101.69300887279164,42.42118637543485,43.238188319885055
176.83662757186093,100.97149126386518,42.55566099923268,43.33227234656182
177.3926997576323,100.25210713742662,42.796068683784895,43.41848854334396
179.32642829023357,99.49776707335133,43.001713769880666,43.569467954395094
181.24386829197314,99.4307287444843,43.2567888667084,43.70354461212916
183.14083753769677,99.4689070760585,43.57119903255164,43.62718794898075
181.68836886259209,98.79774064846364,43.72973063511332,43.596317930346586
182.25051689609697,98.93690650163569,43.98064753011512,43.317986224002524
184.11485559879367,99.05375485670508,44.376285321126645,43.084289513863716
183.2553032302567,99.04787642996291,44.71809574197809,43.09604636734807
171.73777075047718,88.72224267067169,44.24486548429266,43.00470045895009
170.50731569270872,89.6267343064644,43.95782717612089,42.56969139921901
169.9183989517758,89.80690305529077,43.773066408406876,42.20935390156627
169.29613593769454,89.22511159740696,43.66359455555028,42.01893893631477
167.96482744421698,89.32439477446971,43.627673359674894,41.82037258218928
165.89952050470777,89.32528854657883,43.721597432728906,41.818585037971054
164.55371068960733,89.33375326982816,43.719204771039344,41.80165559147238
162.42082900696468,88.53798166037093,43.94486644586444,42.04649824690011
159.3396372933724,87.67853882886718,44.69080099600106,42.41127169064565
158.4460919790895,87.4054021786367,45.10632288071645,42.95754499110659
157.29028049932418,87.26130661002769,46.03121648913127,43.24573612832463
156.81462750884498,87.14193015963325,46.98252247008966,43.48448902911352
155.75316450178445,87.02460101609367,47.6810374153122,43.71914731619269
155.398754884573,86.91863350535087,48.38985664973506,43.93108233767828
155.01587232664784,86.0556795174896,49.15562176558541,44.20354122384928
156.07690895122613,85.23001901418628,49.972960260067055,44.38515635863678
155.57211578884397,85.24985160318397,50.98254658483136,44.34549118064141
156.67905039455985,85.24864304107376,51.76931543696184,44.347908304861825
158.1067873334843,84.55887869090093,51.938898859362524,44.21490835508272
161.32481141689982,83.76289379147877,51.554895910820875,44.29386684935467
163.98274607458373,83.75857975171611,50.76406504977622,44.30249492888001
168.79188009797957,83.12618592666146,50.123275354468305,44.071036187075336
172.12038197691254,83.15401804736018,49.39670875575903,44.01537194567793
175.27949428691355,82.52019621112194,48.96026815260139,43.812569613943324
179.3188796852496,81.85673492987723,48.18363334144727,43.67906497932913
183.79245414396814,80.4603198155961,47.91381514702538,43.57945163355301
183.8634524558727,79.76377442222861,47.77181852321628,43.53210783146465
187.76565001732473,79.089365755144,47.15477096660607,43.44345565237508
191.62611022999388,79.00180987634478,46.566072634304405,43.618567409973544
195.23092546911425,79.0850454952012,46.45664668941091,43.45209617226069
198.75202237802756,79.12976018353947,46.492893132200855,43.36266679558416
200.81145098522103,78.33848229640162,46.618536464802425,43.530389054197016
202.83664993194742,78.29701689978592,46.82651814978553,43.6133198474284
204.97789315994504,77.5828043147427,46.81610571715112,43.617720343061215
208.58873048787459,77.52405571947159,46.71409131629593,43.73521753360346
213.4186367058768,77.51037458283595,47.02371687573116,43.76257980687473
213.27124779377453,77.47540085117816,47.31849469993571,43.83252727019031
213.17646293236112,76.76762642616767,47.50806442276253,43.81288941410444
215.18387004215285,76.13792428727594,47.806742891893954,43.6344627956496
216.5261300003987,75.44754409201437,48.00151135292823,43.57557899740978
220.85420845137548,74.1447436720621,47.99578105367895,43.2977043030795
221.6792113275959,72.64518174185706,47.78299198219931,43.422394801567286
225.48499680690517,72.43387777784525,47.3508952469197,43.84500272959092
226.50697576531388,70.1133331798099,46.7428278664518,44.17842031661313
230.50546279477922,69.76102761847208,45.90429527891521,44.883031439288736
235.27555315344995,66.40740885240254,44.94230895711689,45.871472707732366
235.62761262128188,66.79805107863697,44.238190021453,46.52030783497152
236.76105836210746,66.62152002710867,43.40045325800509,46.8733699380281
239.98617794266806,68.03330592487512,42.63570202539577,46.89254210675115
240.4078579813638,66.63269110138762,41.79234194800425,46.874781507499065
242.13052825674035,65.33758558061831,41.138519507738735,46.673474438550144
243.93132138552465,67.13223901989073,40.30129146390801,45.84852577374312
245.0409172196268,67.58374294553883,39.438086519744026,44.945517922446925
246.23003175718077,68.77565729633845,38.38802533526062,43.889857111472196
247.46229601096945,69.41003197274519,37.21848709390916,42.62110775865873
247.53426406538384,70.64462448521479,35.81795439603915,41.408519322760796
248.16712000707156,71.3400633594951,34.55224251266374,40.01764157420016
248.7146697204536,71.50156791195622,33.457143085899666,38.52109237794684
248.6464269171338,72.19161892781447,32.46081470657973,37.14099034623032
248.56978939383455,72.80584772321805,31.51861800844603,35.91253275542316
246.37501999199873,73.32217375608185,30.60143618194242,34.87988068969557
246.26814048148552,73.76777140476025,29.78454379819706,33.988685392338766
245.10680784089973,74.1889137384685,29.095937776267952,33.146400724922266
243.9644355816745,74.53971957928903,28.441656399754002,32.44478904328122
242.77700690005432,75.75072659043236,27.941543508876567,31.939421857073093
241.06786023851362,77.85737764419741,27.589909783608867,31.496046797892127
240.7906017792203,77.61524841101243,27.21444766733272,31.05032622939933
240.4280083259966,78.30761676541238,27.022576332577763,30.582647761801827
238.64815208839337,79.00944230814521,26.955346102613106,30.085732352628945
235.94052716561063,79.12549870858723,26.982917193389987,29.853619551744913
235.14526685420813,79.27202082259996,26.783881606463904,29.560575323719462
233.4134456110111,80.22354406390312,26.69934458669524,29.431618594194493
232.1146204591158,80.77111502531022,26.645923901483236,29.22016700104785
230.3846865489634,81.3492032370308,26.587602009888634,28.943538005581527
228.26370699265377,81.38603016054613,26.458014300353472,28.86988415855088
225.31506355535222,82.26039135429575,26.257611699097414,28.86335876415425
225.42913763342386,82.3154109294405,26.029463542954165,28.75331961386472
223.75951903568156,82.72213745704234,25.918883325766686,28.802320911829103
222.56049750964107,82.8088974603872,25.7325700598111,28.628800905139382
220.47609326584566,83.23133355498308,25.62247464213724,28.639709497000553
218.41272724398073,83.26436170614792,25.478245385589837,28.573653194670854
216.32859124037105,83.26433894766473,25.392207485740304,28.573698711637277
215.13359043488813,83.24936152145074,25.233746608172456,28.603653564065226
213.93528056568587,83.26966353200626,25.088113119037313,28.563049542954193
211.8745730085022,83.2507225852868,24.98724305800506,28.600931436393132
209.8907113797047,83.2390033184621,24.73782419340081,28.624369970042537
209.97942344652347,83.20550052195652,24.560400059763282,28.69137556305366
209.68569625952577,82.73920324088844,24.309874854343054,28.78599054577422
208.96013502312465,82.64886426546227,24.090172887888464,28.96666849662657
207.76235590314568,82.6199958867501,23.981756964396318,29.02440525405088
207.43845110167058,82.55336776204555,23.795768727613385,29.15766150345998
207.06755203678227,82.51672236441948,23.704724011721886,29.23095229871213
207.12680942630337,82.02291713898337,23.586209232679717,29.386066478893007
207.17852991478534,81.94504456088478,23.482768255715744,29.54181163509021
207.18930116331515,81.87669373851611,23.46122575865615,29.67851327982755
206.7926994270226,81.41332236615439,23.419016094407695,29.769842887717413
206.402938733016,81.36378627941626,23.362411700813468,29.868915061193672
206.40643642060718,81.34557947346924,23.355416325631076,29.905328673087695
206.41809153061737,81.29878698858117,23.332106105610723,29.998913642863833
206.79826107502092,81.25269958908297,23.40998342962427,30.091088441860244
206.8023259726469,81.19705709880024,23.40185363437228,30.202373422425687
206.76562584825564,81.1466525209204,23.475253883154824,30.303182578185396
208.00873089859112,80.74588150750992,23.52463265043854,30.259528315688133
208.43618745658486,80.71502493343743,23.515052429306525,30.321241463833104
208.45466498475594,80.74399106015889,23.47809737296437,30.263309210390187
210.12195337271362,80.84123291291053,23.52205381833184,30.068825504886913
210.0959028561481,80.44871628810454,23.574154851462936,30.01148371477663
210.4346669805188,80.41069828181475,23.738971254468254,30.08751972735622
210.8327728731195,80.48328366716827,23.788945489273505,29.942348956649177
212.07763128322034,80.1507350758703,23.833549997371314,29.762672363145235
212.42240410336322,80.13342114434403,23.986747197252235,29.797300226197795
212.3825515421338,79.73474055207436,24.06645231971109,29.748905154028577
