118.5,57.5,82,98
118.33456774442261,59.260137825811654,81.33086451115477,96.3115689837139
118.57546753470635,59.73233498285686,80.84906493058732,95.36717466962348
118.77365338537973,60.24944863246342,80.45269322924052,94.33294737041037
119.01612615334662,60.6669790722605,79.96774769330676,93.4978864908162
119.22660601528094,60.84407080604676,79.54678796943813,93.14370302324369
119.34674843491081,61.00445181795303,79.30650313017838,92.82294099943114
119.35093423726507,61.23858544892399,79.29813152546987,92.35467373748922
119.22581660131601,61.47903586603191,79.54836679736798,91.87377290327339
119.15480409504177,61.66356867778371,79.69039180991646,91.50470727976979
119.00581219557102,61.86459539547587,79.98837560885795,91.10265384438547
118.79874270757624,62.02552809828124,80.40251458484752,90.78078843877472
118.82797895454283,62.117086451342125,80.34404209091433,90.59767173265296
118.84221958988756,62.10864803745565,80.31556082022487,90.6145485604259
119.00390606791203,62.16930188880413,79.99218786417593,90.49324085772895
119.17178352239064,62.17296015764061,79.65643295521872,90.48592432005599
119.38449086170954,62.154545463544885,79.23101827658093,90.52275370824744
119.46816797833692,60.856333232127625,79.06366404332616,90.44736938998145
118.09372301295983,60.903224504793485,79.14459419802029,90.35358684464973
118.34523021526033,59.474175738920636,78.64157979341928,90.54388124689251
118.4490832877245,59.46449493784301,78.43387364849094,90.56324284904777
117.15754232161171,59.485547566134514,78.35729791404533,90.52113759246475
117.22425062446622,59.46246110365887,78.2238813083363,90.56731051741605
117.21399526836828,59.523494343734825,78.24439202053217,90.44524403726413
115.91564280912489,59.45146395526427,78.18630491918637,90.58930481420524
116.15022437514205,59.37375884050376,77.71714178715206,90.74471504372626
116.26719331028778,59.29936744812076,77.48320391686059,90.89349782849226
116.35979994697534,59.27225554409161,77.29799064348546,90.94772163655057
115.17439417749634,59.36780183791852,77.02144422344399,90.75662904889674
115.38986485344331,60.69241193724203,76.59050287155006,90.74736885260671
115.47080194656871,60.68419815714351,76.42862868529926,90.76379641280374
114.19195465395498,60.76305885378238,76.35579230476755,90.606075019526
114.34122439986622,60.679009400627294,76.05725281294505,90.77417392583618
114.58600507020688,60.73399387671438,75.56769147226373,90.66420497366201
113.4508656346672,60.68866286145768,75.22284542331857,90.75486700417541
112.27195607150702,60.73964230050897,74.96970503658865,90.65290812607283
111.03803756260757,60.73390701462604,74.83223695216101,90.66437869783869
111.13544354244911,60.780787557277414,74.63742499247792,90.57061761253594
111.27059712507518,60.8164529088758,74.36711782722577,90.49928690933916
111.49690480211889,62.01407283250138,73.91450247313836,90.6972591885541
110.41040881508428,61.926608219090625,73.4985536631819,90.8721884153756
110.49921542817368,61.98926969335524,73.32094043700309,90.74686546684637
110.5602118467479,63.228364184764786,73.19894759985463,90.84877550537598
109.2339964879425,63.336052255584335,73.27169038201383,90.63339936373688
107.88923309400666,63.48298600051463,73.38365736501638,90.3395318738763
107.89864957137787,63.47696718447694,73.36482441027394,90.35156950595167
106.61259723655868,63.56343463659121,73.36218997022225,90.17863460172313
105.32213309929391,63.729950064900834,73.37107835404825,89.84560374510389
104.10577658590384,62.55562910899391,73.23672540608152,89.62717968217086
104.04935875425005,62.756958370931024,73.34956106938908,89.22452115829664
104.10087832386144,62.7616693409363,73.24652193016632,89.21509921828608
104.08313747528739,62.60687587179608,73.28200362731442,89.52468615656653
105.25479170285851,62.484472580245814,73.49938814552922,89.76949273966706
106.50257287073003,62.29726880587749,73.57179566739084,90.1439002884037
106.41196485828486,62.15549489080811,73.7530116922812,90.42744811854247
106.32506665734218,62.07675547159063,73.92680809416656,90.58492695697743
106.30866517100527,62.14847482298485,73.95961106684038,90.44148825418898
106.24161673748863,60.98908507776656,74.09370793387367,90.1745288071885
106.15924119963094,60.95823346757561,74.25845900958905,90.2362320275704
107.42427051425331,59.797579724073884,74.3158111121734,89.97012878274475
107.34233345615803,59.85973560761924,74.47968522836396,89.84581701565403
108.54472593640006,59.75856318834483,74.65987337767336,90.04816185420286
111.00443050174155,59.73765468724225,74.92245560402098,90.08997885640802
113.21034751066202,59.891675032470964,75.70237189546953,89.78193816595059
115.56703207869982,60.02731628422417,76.19638872329276,89.51065566244418
117.81279780690338,60.13450497597854,76.91976335103057,89.29627827893545
119.15556026762039,58.82682204003545,76.84999916400109,89.29588341641707
120.3140758066206,57.47432758510257,77.14760277109146,89.38623764119208
121.35612951954491,54.9671358215967,77.68430439561547,89.15900306745851
123.76007947716144,55.20890464112134,78.12820389144782,88.67546542840923
123.63310558585336,55.320109390293126,78.38215167406398,88.45305593006566
124.64408835593986,55.54176088715748,78.9863152646111,88.00975293633695
126.9667894044392,55.83387973035486,79.59871193012849,87.4255152499422
126.89186781207411,57.689591309574574,79.74855511485868,86.34367280181029
127.03595144160919,59.49908429870827,79.46038785578853,85.33979690517248
127.11328807179262,61.199547314071474,79.30571459542163,84.53373644075661
127.13079494285189,62.39279958041847,79.27070085330311,84.72705233036035
126.74433912796161,62.26395393939333,80.04361248308369,84.98474361241063
124.40890058991415,62.764816998710074,82.11590905218222,83.98301749377714
123.48744293726995,63.534177159534764,83.95882435747063,82.44429717212776
121.40570497159985,64.52062253759226,85.50180582500623,80.47140641601277
120.61010079581517,64.48430229925158,87.09301417657556,77.93059566178073
118.57891834058196,64.60803361029102,88.55758368134006,75.08533763399997
118.17853974556473,64.70383596994533,89.35834087137452,72.31886328983111
116.21314758439486,64.849886370597,90.74656503444331,69.48420232925679
114.6991104453202,65.83170121435332,91.25688036406592,67.52057264174417
113.32345244247114,66.55160037754524,91.51475894159756,66.0807743153603
114.10792101251064,66.44225565358921,89.94582180151856,66.29946376327237
114.83697787701696,67.8414281522142,88.48770807250591,68.40812064526055
114.58286784399675,68.80027621686307,86.53019152339512,71.4218977462652
116.09757575962985,68.56481198076659,83.5007756921289,74.37741433200468
117.21142778741361,67.70306299422697,81.27307163656137,76.10091230508391
118.17717036781002,66.74585083079492,79.34158647576855,78.015336631948
120.23051232441665,65.76930417779042,77.7129423397074,79.968429937957
120.69294213984709,65.18137156180903,76.78808270884653,81.14429516991979
121.07432724539841,64.69788357724404,76.0253124977439,82.11127113904976
121.44169107383092,64.2688336475291,75.29058484087886,82.96937099847963
121.56945825272011,64.21577989053733,75.03505048310049,83.07547851246319
121.80621535743398,64.05445285648837,74.56153627367274,83.39813258056111
121.9579582828938,64.03638977159669,74.25805042275313,83.43425875034447
122.04007289691552,64.08612619535731,74.09382119470968,83.33478590282324
122.13880690411789,64.21694065759664,73.89635318030494,83.07315697834458
122.24400357100113,63.05458975144981,73.68595984653845,82.92695432360034
122.39227781089902,62.995995698011775,73.38941136674268,83.04414243047641
122.61892442469494,62.81547714993303,72.93611813915082,83.4051795266339
122.6461401271469,62.530981108793945,72.88168673424693,83.97417160891207
124.70329648813693,62.44277812321681,73.70462671477182,84.15057758006634
124.65240855522025,62.35706142553535,73.80640258060518,84.32201097542927
124.44731019292837,62.3158516527989,74.21659930518895,84.40443052090217
124.25488176620236,62.2247208011228,74.60145615864096,84.58669222425436
124.17477364346803,62.08232295729724,74.76167240410963,84.87148791190549
124.01493225027089,62.03167175883925,75.0813551905039,84.97279030882146
123.74324067161069,62.03337050543732,75.6247383478243,84.96939281562533
123.53761699877501,62.056049611395,76.03598569349565,84.92403460370997
123.3277985100231,62.08380827041418,76.45562267099947,84.8685172856716
123.17733785504626,62.16304366310109,76.75654398095315,84.71004650029778
123.04854143119525,62.31116340764341,77.0141368286552,84.41380701121314
123.02181667449148,62.55707596702839,77.06758634206273,83.92198189244318
123.08763260472983,62.762291385580724,76.93595448158602,83.51155105533851
123.18243542264024,62.957872626534424,76.7463488457652,83.12038857343111
122.03782947993844,63.06793823762162,76.51847463857455,82.90025735125673
122.34650060715657,62.84467993973579,75.90113238413831,83.34677394702838
122.50667610799572,62.74191401710905,75.58078138246,83.55230579228186
122.57378316848218,62.7678622281349,75.44656726148708,83.50040937023016
122.50936083772586,63.060773996968564,75.57541192299969,82.91458583256284
122.66886631741794,63.45355923562912,75.25640096361556,82.12901535524172
122.74859698692781,63.242598891916316,75.09693962459582,82.55093604266733
121.64003396313863,63.79290038949419,77.31406567217417,81.45033304751158
120.54705441598998,63.57375423178746,79.50002476647148,79.38861074959442
119.04055965476418,63.92249851226871,82.51301428892307,76.18893910594669
117.51341087173381,64.3681986143801,85.56731185498381,72.79879166624356
116.03187690692735,64.66342627127133,88.53037978459675,69.71640933038536
114.70536356809747,64.6920899849181,91.1834064622565,67.17141351869361
113.62255489594095,65.89879039286487,93.34902380656953,64.75801270280007
112.49120791975479,66.94276632339182,95.61171775894186,62.67006084174618
111.87091025032498,67.46187312322645,96.85231309780148,61.6318472420769
111.27946786527166,67.84245575801248,98.03519786790812,60.870681972504855
111.52712076623645,69.02663093120138,97.53989206597853,60.98761740063492
111.98497880293505,68.960176347655,96.62417599258136,61.12052656772768
111.97432580070726,69.30060159979372,96.64548199703691,60.439676063450236
111.91262716557668,69.61184700829529,96.76887926729808,59.817185246447124
112.12138323665067,69.69730906099478,96.35136712515009,59.646261141048114
112.04236703174752,69.93306435807818,96.5093995349564,59.1747505468813
112.40935440251836,70.07391790012687,95.77542479341471,58.893043462783936
112.5029141480187,70.48235277519598,95.58830530241403,58.076173712645726
112.27136846048532,70.7733129508014,96.05139667748081,57.49425336143489
110.74731587940201,71.18348253124034,96.70059518597373,56.67391420055701
110.34118289706865,70.41294135883936,97.51286115064046,55.8203010241204
112.21257803233019,70.50518718176522,96.1623462135628,55.63580937826869
112.5525910381856,70.6688761131062,95.48232020185198,55.30843151558673
113.09824750830721,70.7232356614403,94.39100726160873,55.19971241891851
113.29808212448992,70.82126627391001,93.99133802924332,55.0036511939791
114.78054147603231,70.73274711396158,93.35262783988567,55.18068951387595
114.30418064325448,71.16811641125513,94.30534950544133,54.309950919288866
114.09259689288317,71.73830364431919,94.72851700618396,53.16957645316073
114.62372030688746,71.97392970132522,93.66627017817535,52.698324339148684
115.38351721775683,71.73647545935648,92.14667635643661,53.17323282308617
113.56746597479221,72.30421911928327,93.51094509218366,52.037745503232564
113.73332668321436,73.0365884078445,95.44794691880367,50.573006926110125
113.38528805878782,72.81614704166748,93.87179119241696,51.013889658464166
114.63192076547217,72.02858799381224,93.63509618770232,50.332437345520596
111.7325780959871,72.53892872887238,94.95094226204708,49.311755875400316
112.19444024058674,73.04517739560629,96.27046921601435,48.29925854193249
110.59027013936313,73.15747899704184,97.23367376162867,48.07465533906138
110.21812947658833,73.33586243254214,97.97795508717826,47.71788846806077
109.82963049166091,73.45697436361624,98.7549530570331,47.4756646059126
109.15582431298266,73.76103763402497,100.1025654143896,46.867538065095104
107.86363395913773,73.63993157287103,100.41073067876444,47.10975018740301
108.99921853096728,73.55548913817978,100.42449419619358,47.27863505678552
107.09602983410159,74.15267371321437,101.942790792768,46.08426590671632
108.85299216373659,73.81218761610687,100.71813195543139,46.765238100931334
109.54905609503459,74.48120324123593,99.32600409283538,47.71059624690337
110.0093096043571,73.85954913924206,98.40549707419034,48.95390445089113
109.64948166312176,73.8202909838416,99.12515295666103,49.032420761692045
109.04036641698627,73.98318017086838,100.34338344893199,48.70664238763849
108.28242376456157,74.36449052255128,101.85926875378141,47.9440216842727
107.11945486531162,73.09831395507122,101.86461175019755,48.15578001714902
108.04032953548813,72.24964393326685,100.02286240984455,49.85312006075775
108.99557641506387,71.52980254067062,98.11236865069307,51.29280284595023
109.7060391006122,70.78311811113352,96.69144327959638,52.78617170502442
110.60293781086362,71.04059709616779,94.89764585909356,54.59966759018647
111.38807879089282,72.00298119650252,93.32736389903515,57.340514116603906
112.12967577260582,71.6176433090813,91.84416993560914,60.46693150257205
114.33025075596875,71.0285922689383,89.82886175300959,64.03087536698438
116.68099870807998,70.3919744405639,87.54182385425388,67.71856902919995
118.24793415589593,69.63918417042758,84.40795295862198,71.66420778996189
119.56312188563214,69.58016661129736,81.77757749914959,74.23802300314858
120.41875605626963,68.65720791824403,80.0663091578746,76.08394038925525
121.15362098755342,67.69966394870237,78.59657929530701,77.99902832833857
121.78266779702835,66.47817999407101,77.33848567635714,80.44199623760126
122.1507413495315,65.71965341761043,76.60233857135086,81.95904939052245
122.50021287033312,65.06121343401976,75.90339552974763,83.27592935770377
122.7475988691025,64.64037077214488,75.40862353220885,84.11761468145355
122.9324549865728,64.27081615472589,75.03891129726827,84.85672391629151
122.88312884031646,64.15335694721523,75.13756358978094,85.09164233131285
123.06951543171976,63.991240245185786,74.76479040697433,85.41587573537173
123.00981767068592,63.90740907001345,74.88418592904202,85.5835380857164
122.98807776611568,63.84286937717298,74.9276657381825,85.71261747139734
122.99500731025724,63.776079758076165,74.91380664989939,85.84619670959097
122.9289874979201,63.77414800067394,75.04584627457365,85.85006022439542
122.85617122590587,63.75534001274999,75.19147881860212,85.88767620024332
122.72412035885588,63.788216979344384,75.4555805527021,85.82192226705453
122.76232242049076,63.76890017674006,75.37917642943233,85.86055587226318
122.7427964928128,63.71954332745018,75.41822828478827,85.95926957084293
122.79740889705036,63.6545179176281,75.30900347631314,86.0893203904871
122.79218326107517,63.62932473387211,75.31945474826352,86.13970675799908
122.69754138248587,63.63925335789453,75.50873850544211,86.11984950995424
121.29445804636485,63.700900025485076,75.77094477576244,85.99655617477315
121.33503547651577,62.431148518715425,75.68978991546062,85.98981220598743
121.36301469515317,62.360014930465795,75.63383147818581,86.1320793824867
121.49935129051354,62.39444854749013,75.36115828746505,86.06321214843803
121.74825999559947,62.36879615053919,74.86334087729321,86.1145169423399
122.721789845865,62.49592097215112,75.44981709668615,85.86026729911605
123.86845860737685,62.52740444176756,75.69547296375087,85.79730035988317
124.70423938320948,62.70675573047483,76.56586049525794,85.43859778246862
125.81374952963255,62.716708413687385,76.89713474726611,85.41869241604351
126.93919468600909,62.69527801899325,77.20151837084265,85.46155320543178
128.08616390940662,62.66892642621477,77.46837728667414,85.51425639098875
129.2191079375939,62.688039770211354,77.76836287629354,85.47602970299558
128.86355899052614,62.73261177466005,78.47946077042897,85.38688569409818
128.6531917381642,62.74640581760983,78.90019527515287,85.35929760819862
128.4602234908577,62.74610399135419,79.28613176976593,85.3599012607099
128.34111568756856,62.724788197010675,79.52434737634414,85.40253284939693
128.2117915732161,62.677065084814224,79.78299560504914,85.49797907378984
128.15305154609825,61.41854158275292,79.90047565928478,85.41256510646897
128.0596386354372,61.48648537141729,80.08730148060685,85.27667752914024
127.94431963435046,61.621614470720374,80.31793948278036,85.00641933053407
127.87950332720223,61.69307199341439,80.44757209707682,84.86350428514604
127.83598868922431,60.4957850412295,80.53460137303267,84.65498637139886
127.7381227824676,60.63961458635832,80.73033318654608,84.36732728114123
127.5220472610289,60.61165022949828,81.16248422942348,84.42325599486131
127.30783225869875,60.64083039499293,81.59091423408378,84.364895663872
127.36169658646682,60.60738177307593,81.48318557854766,84.43179290770601
126.47393047199415,59.18290153521397,80.64598665630307,84.66802223224002
126.88284139893537,59.31610060771473,79.82816480242064,84.4016240872385
127.04264667825473,59.29859168074806,79.50855424378193,84.43664194117184
125.76700950667737,59.40401889869083,79.47830609490889,84.2257875052863
125.7344768775782,59.54782176099823,79.54337135310719,83.9381817806715
125.43752944010089,59.65940163535995,80.13726622806185,83.71502203194807
124.29336168317239,59.71053427491592,79.84540453216127,83.61275675283612
124.4330624421001,59.714757331814276,79.56600301430588,83.60431063903941
124.53757403701309,59.78507236679616,79.35697982447988,83.46368056907565
124.81692821691722,59.70522197115086,78.79827146467161,83.62338136036624
123.93572386913901,59.703727997881074,78.00314103882582,83.62636930690581
124.65758461815388,59.71878743387986,76.55941954079609,83.59625043490824
124.25056435605302,59.57040462626093,74.85193222617146,83.8930160501461
123.82005762358685,59.58207545266803,73.21403907650644,83.8696743973319
124.51608569051274,59.69346848317794,71.82198294265464,83.64688833631209
124.0767328718605,59.91285268351538,70.25413100745564,83.2081199356372
123.6594571737474,60.0573632381412,68.67410749489609,82.91909882638556
124.39115998725599,60.21244941617509,67.2107018678789,82.60892647031778
123.89773268725682,60.311045635083175,65.84130966614363,82.41173403250161
123.41767473591716,59.33625657449187,64.47038067793413,82.03026726279546
122.8595450602273,59.605830238337845,63.2836901790177,81.49111993510351
122.30136723282021,59.75876493047224,62.124639579190955,81.18525055083472
122.79590129038394,59.918327844862155,61.13557146406349,80.86612472205489
122.3647586114044,59.83858169374895,59.76701277851602,81.0256170242813
121.59705996266422,59.83313923654044,59.09153100949855,81.03650193869832
121.56683498301425,59.92512331331305,59.1519809687985,80.8525337851531
121.54186452602886,58.83049902444661,59.201921882769284,80.84361801373345
121.45655413621236,58.67797339572749,59.372542662402275,81.14866927117168
121.72345889363535,58.698700363822354,58.83873314755628,81.10721533498196
121.31594359036703,58.71813575362985,59.653763754092935,81.06834455536696
120.32323605081714,58.691530112778445,59.429506898552795,81.12155583706978
121.31339899951901,58.676887527973335,59.655983452051004,81.15084100668
120.36352435125892,58.77741505977225,59.34477112187294,80.94978594308216
121.2109894324789,58.78690562068614,59.8526448797724,80.93080482125438
121.17004112665326,58.766469270577545,59.93454149142369,80.97167752147158
121.15556082799353,58.78425717503249,59.96350208874315,80.9361017125617
120.28005701530574,58.80988556835609,59.50177197828418,80.88484492591449
120.68207842544638,58.837129355171754,58.697729158002915,80.83035735228316
120.92565816105017,59.01595058667021,58.21056968679535,80.47271488928625
121.0639109072672,59.313102475127664,57.934064194361255,79.87841111237134
121.1372993840954,59.379248928641694,57.78728724070487,79.74611820534328
122.14837812867765,59.30959178713779,57.92409757309287,79.88543248835109
122.74454953676496,60.456337801264176,58.895083316437194,79.75526901961724
124.15155274943096,61.69716744104584,60.4356434853361,79.45089303716937
123.21710197913362,61.67444473150597,62.30454502593079,79.4963384562491
123.09537187650012,61.537555035313495,64.77698325115475,79.77011784863406
123.2948754263177,61.41468714487172,66.65124504948234,80.01585362951761
123.38026921461105,61.18036590085039,68.78777705180782,80.48449611756027
122.48224673323291,60.83977497219051,70.5838220145641,81.16567797488003
121.86861845420799,60.450473480848196,71.81107857261394,81.94428095756466
121.67740322051395,60.05060851077864,72.19350904000204,82.74401089770377
121.589123459073,59.782509651496184,72.37006856288393,83.28020861626868
121.51659100178829,59.53934934519857,72.51513347745336,83.7665292288639
122.68882986530997,59.406784846496016,72.630189219339,84.03165822626902
122.66767219340076,59.35688645545494,72.6725045631574,84.13145500835117
122.53788770796791,59.26385655004484,72.93207353402313,84.31751481917136
122.50746945141213,59.24070963713058,72.99291004713466,84.36380864499989
123.57639661443429,59.28112381791573,73.3314962687927,84.2829802834296
123.51013674585573,59.16830187277817,73.4640160059498,84.5086241737047
124.37171867368056,60.58719468270403,74.22708975863183,84.15707616218471
124.29308068683773,60.642593576094626,74.38436573231752,84.04627837540352
124.09367899297206,60.82048162074568,74.78316912004885,83.6905022861014
124.01844786685785,60.8208223135878,74.93363137227725,83.68982090041717
123.88966231996181,60.90402788531499,75.19120246606934,83.52340975696279
123.8902619171464,60.97339344141419,75.19000327170018,83.38467864476439
122.62186572542049,62.40972829416735,75.23039032485421,83.00841426955586
120.19859941223416,62.52984770031361,75.094529013076,82.76817545726334
118.9912047162824,62.51309331843186,75.02402594906619,82.80168422102685
117.88711099881431,62.638040971983564,74.74752373870875,82.55178891392343
116.95081504722063,62.62604711106377,74.14372343722478,82.57577663576302
117.26219517753668,62.63706428770018,73.52096317659266,82.5537422824902
117.51091035652043,62.49050794127245,73.02353281862517,82.84685497534566
117.73393311018927,62.35350624965771,72.57748731128748,83.12085835857513
117.805812512921,62.3074542661837,72.43372850582404,83.21296232552316
117.86796234061416,62.22564224848557,72.30942885043773,83.37658636091942
117.84045228341948,62.194234037076626,72.36444896482706,83.43940278373731
117.89720987953797,62.06531997642805,72.25093377259009,83.69723090503446
117.83291619674404,62.01316139123017,72.37952113817795,83.80154807543022
116.37177762738054,61.989010709898785,72.84389877985569,83.84984943809299
115.05573993171637,61.855889496764306,73.0098782960099,84.11609186436195
113.73106705275283,61.821296359150125,73.18634513671864,84.18527813959031
112.55355053031757,61.795130943784834,73.06459861495077,84.23760897032089
111.24455893147271,61.6521799781864,73.20694440494242,84.52351090151775
111.34254169399492,61.23579426287547,73.01097887989799,85.35628233213961
109.95661564739444,61.11616583073709,73.29075348756027,85.59553919641638
107.38951936190048,60.975614967683256,73.424406481733,85.87664092252405
106.11757889653985,60.80210668031239,73.46152630666884,86.22365749726578
104.69013449606936,60.77591789815593,73.80369639479191,86.2760350615787
103.03351373125483,60.94427316815748,74.59791091314041,85.9393245215756
101.33713859331937,62.503555723876694,75.46409347087301,85.3473271282755
98.31128848806834,63.05621003820398,76.45325898723186,84.24201849962093
94.9879737035377,63.787934588862555,78.04010646932757,82.77856939830377
94.5276407992027,64.55817812070737,78.96077227799756,81.23808233461413
91.23926484439912,65.20784669268292,80.49201842640453,79.93874519066303
89.59412514190791,65.7045397865063,81.25583286903128,78.94535900301628
89.29129969208569,66.11344030540715,81.86148376867574,78.12755796521456
87.61039202626992,67.48245117324433,82.70395818264222,77.90887714720527
87.60882710176367,67.71321186367811,82.70708803165472,77.44735576633771
87.34969267664263,67.91908162769099,83.2253568818968,77.03561623831197
87.26530958561398,67.90102284374996,83.39412306395413,77.07173380619403
87.50293830045024,67.8281404622962,82.9188656342816,77.21749856910152
87.39313688048603,67.85684024914465,83.13846847421001,77.16009899540462
86.0675566524089,68.01452580786831,83.26568098588072,76.84472787795733
84.8128785996677,68.01151378493711,83.25412027301707,76.85075192381971
83.69034563874723,69.42063968602599,82.9783538123987,76.55333250410126
83.87797016113981,69.31767623714397,82.60310476761353,76.75925940186531
81.41927788156542,68.06016931423919,82.50204601760606,76.76505159309673
80.19843683783213,68.30612319170139,82.4359916668591,76.27314383817233
79.06776490397107,68.61949731357626,82.1984501971416,75.64639559442257
79.21687241899551,70.08079328438072,81.90023516709272,75.20901381969773
79.35750626347976,70.19494541155404,81.61896747812422,74.98070956535109
78.19270995713383,70.30847473054504,81.48297743513356,74.7536509273691
78.63170991007404,70.4338751384758,80.60497752925315,74.50285011150756
78.80172668590166,69.21400161239981,80.26494397759792,74.5004268232859
78.91401255864005,69.33083612429463,80.04037223212113,74.26675779949628
78.9825266476709,69.67232772519465,79.90334405405943,73.58377459769625
79.14715040861034,69.83165669065671,79.57409653218052,73.26511666677212
79.22582033260525,71.12134336017657,79.41675668419072,73.09214736781516
80.57877378296048,69.87684219482237,79.11204844484075,73.17995103716305
81.93199798634996,69.88469012649895,78.80344434145606,73.1642551738099
83.15108663957972,69.8076223230955,78.7580471927242,73.31839078061678
82.97785207177868,69.58194391183699,79.10451632832627,73.76974760313384
84.153684735662,69.43539460335259,79.15995323048836,74.06284622010261
85.35083116235566,69.17598399620655,79.17828404560795,74.58166743439469
84.93981412936994,69.11606236570995,80.00031811157939,74.70151069538788
84.61054661992009,69.06579688235115,80.65885313047909,74.80204166210548
84.52351042233968,68.94108239760519,80.83292552563988,75.05147063159741
84.44682942654615,68.79837419161032,80.98628751722698,75.33688704358717
86.78861231679764,67.26083798463428,81.2254824248645,75.95057911346899
87.97769493563587,65.70366870800905,81.32218224935644,76.59005260455108
89.25979410022914,65.26904092294146,81.24451160507212,77.45930817468623
91.66192116092334,64.85171143411947,81.43844754324229,78.29396715233024
99.19794079665513,62.130218003034834,81.45850371341994,78.70625553395242
101.774248876674,61.95507639728799,81.35026069853721,79.0565387454461
109.21409517203082,60.4755208023039,81.6267286937039,79.48962317110089
110.68075293786224,61.456633925629646,81.23062274327467,80.06460650568297
110.84572401951128,62.42816536671842,80.90068057997658,80.66160938086486
112.24413305616743,66.01704258666557,80.64814984115631,81.11671694444672
112.38395111153608,63.41302460629831,80.36851373041901,81.22980181449003
113.63490377322064,65.43084455388868,80.41145473352728,82.28385457226413
115.20616705320596,58.80142361517097,79.83101660960821,82.73225426944167
116.76404651831615,61.276489248546085,79.27520726232348,82.9020221685627
118.34810204722402,59.83747440812354,78.66090865614535,83.22623939777017
116.94725280010721,62.27365544850041,78.913456692676,83.45217823242236
120.94126507718705,69.90102625821476,78.5955002434819,83.5375728229248
128.30421547843935,72.529307185298,79.18748054638586,83.38697133722785
120.89799790759164,68.81196413937435,81.19984548414523,83.14161530671348
129.18509102922343,68.4953338480049,80.15371526321938,83.77487588945237
138.67716354184873,70.64864452720735,79.23933628284806,84.63104482958441
137.5319314613782,69.31607710240293,78.94951375597219,84.71589299137634
136.27256859423548,70.44532541639227,78.89123147268674,85.03440438096857
136.16473054154113,73.0341895176202,79.10690757807546,85.01878188314302
136.17168158555478,78.12112584344037,79.09300549004814,85.18185844641457
131.02776557349296,74.16011201791387,79.0345917772772,85.34420179479659
120.74143615465967,72.91910824710658,78.9019256610002,85.23804371716822
119.74210336327761,70.26463219840463,78.31619135022778,85.37819602749902
116.38363724867409,67.86671263554577,79.87859445021813,85.01950602400004
110.62948171619519,59.499463589033134,81.00088567668523,83.57846939966656
101.16500300304031,58.46363018216292,81.78779330869754,83.05841481422162
92.97909956474838,58.38215922593258,82.58369619594512,83.2213567266823
85.88924514958411,60.627796037089055,83.70791318537601,83.95227984072841
83.00045152208187,63.62000060618431,84.20486584179157,85.88882260042125
78.02990176372147,67.87535577384405,86.11014152401938,88.09254404442581
71.49189032504964,59.002805088043516,88.21294452027745,89.37781559439847
68.93714611829415,55.38657611018438,90.52574309095765,91.01689386445526
69.34454595884199,58.23162075388515,92.5698799588167,93.90361422391783
59.68627396244881,48.82492196399411,94.26699386473481,95.09758171683167
60.46354723635409,49.03417621955222,95.69455944593426,97.66118533472545
61.43342364402489,50.67824538751362,96.79973961389415,100.46291296540564
62.93349418472046,53.910046033741686,96.90596308748258,103.31840533788822
64.47878763801323,52.93129334595883,96.96811155008433,105.27591071345394
64.5385466831681,52.45796088299844,96.8485934597746,106.22257563937471
64.72729946245262,52.230516830495944,96.47108790120555,106.67746374437971
65.1737750947384,54.05560364428379,95.57813663663399,106.2254703416944
66.99156412086944,57.66102284756595,95.1194621187726,105.36843900393141
67.77252247315302,58.07860903338107,93.55754541420544,104.53326663230118
68.91624270725681,60.05849612602103,91.27010494599784,103.69183544331186
70.22655243339042,60.53358696982495,88.64948549373062,102.74165375570402
72.99895129925761,67.17415597579861,86.11667822061553,101.50847757823391
74.12081442986828,74.7058783392968,83.87295195939421,101.20623414142796
75.23813525228717,69.70130461189464,81.63831031455643,99.56963924704384
76.12003128201542,69.03042709193923,79.87451825509993,98.0612208128417
76.81980783564511,69.8134245562861,78.47496514784055,96.49522588414798
77.45755764893185,72.1131947328443,77.19946552126706,94.6474658091639
78.17270870239489,74.52263489654645,75.76916341434101,92.5313468470809
77.36260842855367,72.08309134004384,74.74225060210082,89.46909388031834
77.85967671323338,74.47437991707889,73.7481140327414,87.26992096798433
78.38855154376184,72.13492638608068,72.6903643716845,84.34838555746923
79.08631353464156,74.17915364090968,71.29484038992506,82.73127799544663
78.40751843370785,73.88347736918354,70.22849457028909,80.89869451739553
79.04014127206474,75.6118799317134,68.96324889357531,79.82036167170659
79.00918764443952,73.91371972130187,69.02515614882574,78.533704336812
78.51444826011254,72.72447700573157,70.0146349174797,78.58963464340374
74.7646852817056,71.75095451456588,72.83565990890112,78.1974291430389
71.98411970509423,71.9621036095808,76.01869194548078,77.77513095300905
70.52608599377824,73.34241889321478,78.93475936811276,77.43641086446962
69.58665359901313,73.6700405608657,80.81362415764298,76.78116752916779
70.94057534570108,73.91458053600701,80.58738528787077,76.29208757888517
72.59088833977165,74.20820574362551,79.75707066562887,75.70483716364816
74.20126315255646,73.41901765956187,78.98433212979117,74.83520224204352
74.60527021218459,74.63833941914137,78.1763180105349,74.8186932725055
74.69327013382387,74.84259595406311,78.00031816725635,74.41018020266203
75.93612944835529,74.0276205810078,77.91459838812793,73.64013209883824
76.23443928562293,75.316834169355,77.31797871359265,73.44815626148235
75.14848011557882,74.14080614457197,77.11582275013066,73.42613800749824
76.41340818983352,74.22694323570997,76.95652811916457,73.25386382522224
76.73443761734961,75.35589995332498,76.31446926413238,73.36128870092317
75.76535816696983,75.43456284939799,75.89564431742349,73.20396290877717
74.83687694490555,75.46933636443478,75.4046771077244,73.13441587870356
75.06965260876008,76.57853239698451,74.93912578001536,73.25515382318899
73.6837422293298,76.5774834463576,75.3772160246254,73.25725172444282
71.36835338256327,76.65410664608271,77.66735296090009,73.1040053249926
70.20737786689912,77.46236030444534,79.98930399222837,73.86157820712668
68.01698886237098,77.1048750226644,81.94771394569062,74.57654877068856
67.51816067171285,75.27349124674097,82.94537032700687,75.77505072248653
67.54009967369484,76.13831523431168,82.9014923230429,76.54429920847002
67.66365904543889,75.7521540226501,82.65437357955479,77.31662163179317
68.1306349855629,75.3053457640831,81.72042169930677,78.21023814892717
70.18317754972267,74.88774125915235,80.13377797728548,79.04544715878868
70.93933634303735,74.72687725054789,78.62146039065613,79.3671751759976
74.23058743429502,74.55062810090578,77.01496436843517,79.71967347528181
75.17511519068947,75.43365598955285,75.12590885564629,80.42178783137477
77.50199336624439,75.40036382717255,72.9213675704021,80.48837215613534
79.62254895948544,76.81436534232337,71.09542294912687,80.07553569104061
80.5051012790252,77.0011252179599,69.33031831004737,79.70201593976756
81.0253680647713,77.13554000587692,68.28978473855517,79.43318636393353
82.77044968308135,79.64830112354511,67.12431219728381,79.05704551929462
83.06466663877733,79.81029718344477,66.53587828589187,78.73305339949528
83.3159656418498,79.99497788239543,66.03328027974692,78.36369200159396
83.50290818867424,80.17939039144544,65.65939518609805,77.99486698349395
83.88586427519263,80.34565169956065,64.89348301306124,77.66234436726353
84.33699105979026,80.55526301967558,63.99122944386599,77.24312172703368
85.94954431418552,80.64780667027425,62.98783693366935,77.05803442583633
86.31187272220625,82.25147758261699,62.26318011762788,76.053354936626
87.86599517104662,81.47685716963727,61.33044022617521,75.42709075635732
87.87878880948938,81.77940375727175,61.304852949289725,74.82199758108835
88.09296185746044,83.17345315545037,60.87650685334758,74.17498490399888
88.11334353750452,83.44325117315509,60.83574349325943,73.63538886858944
88.31124942767092,82.55208735827229,60.43993171292663,73.3024605279675
88.45158572708667,82.89195900764977,60.15925911409512,72.62271722921251
88.52066027286992,83.25701130821142,60.02111002252863,71.89261262808925
88.65756441344433,83.75413990604434,59.7473017413798,70.89835543242337
88.79193946701201,84.18076102675151,59.47855163424444,70.04511319100905
89.02448515167364,84.47259697552477,59.01346026492118,69.46144129346254
89.17224273533586,84.93880877957874,58.71794509759677,68.5290176853546
88.59338147395388,86.08912348070174,57.8732680894243,68.23078781404499
88.79331084311927,85.52581983498129,57.47340935109353,67.37317979763849
89.23279761824574,86.3159169838537,56.594435800840586,67.75752762072536
89.36018160306949,86.53382502046423,56.33966783119307,67.3217115475043
89.53110228942134,86.8125513225908,55.9978264584894,66.76425894325115
89.65802240333198,85.08399039668365,55.7439862306681,66.35857766355494
90.0066395813711,87.88296632207954,55.04675187458987,66.52379901987851
91.33078284192442,85.87746688649864,54.310828139639824,66.71007231872716
92.73788550594128,87.74868357208489,53.39996139361229,66.77431611156703
92.93675514148066,85.93102284167452,53.002222122533524,66.63048553948688
93.12537506543201,87.74374322728414,52.62498227463082,66.76688690154567
94.19535546863453,85.98397651716051,52.361908044441655,66.53264716936113
94.1716538917503,88.15599287788586,52.40931119821013,65.92666942896412
94.36261361966731,88.11652591684494,52.027391742376096,66.00560335104598
94.55709448289268,87.07772734793696,51.63843001592536,66.22767466366155
94.55501150755052,87.26913859022225,51.642595966609676,65.84485217909096
94.48891414181439,88.38744103404586,51.774790698081944,65.45506067816922
94.55053104103031,89.19202055736969,51.65155689965011,65.68889575625303
94.38428341725385,87.49475579968288,51.984052147203016,65.39428022600168
94.29186607127541,88.95393135353328,52.16888683915991,66.16684768789052
93.97701966247556,87.80363904909208,52.798579656759614,66.6071397699193
92.5347956981121,84.90879941263968,53.80576864706578,66.76504222756185
91.90044044318722,88.17576609000908,55.07447915691553,67.81514495472484
91.28021098790684,85.77277508512685,56.314938067476305,68.75579150348342
90.73182469974732,85.27271365229176,57.41171064379535,69.75591436915363
90.15142302442656,83.93848575424391,58.57251399443687,70.42409056361242
89.36063911361313,82.72060310087622,60.15408181606372,70.83055784560194
88.46993993969447,82.40884550300208,61.93548016390104,71.4540730413502
87.43814735548304,81.99111494613904,63.99906533232392,72.2895341550763
84.94982598964509,80.50219655854805,66.83042387508623,73.12208674134467
81.26387249148937,78.86890969555296,69.7954914891279,74.18524077619999
78.53656807281891,77.55326679834087,72.98295069320753,74.54937693736285
75.90805814800743,77.34156302326379,75.9166595401177,74.97278448751703
74.70961148620677,77.14119031329004,78.31355286371901,75.37352990746453
73.6169452652669,76.8910770540353,80.49888530559875,75.873756425974
72.60591291490195,76.89740507253467,82.52095000632865,75.86110038897527
71.76754800076088,76.79104473020146,84.19767983461078,76.07382107364167
72.43904362808732,76.52837391968305,85.37783849749708,76.59916269467851
71.81189415352878,74.76895358487285,86.63213744661412,77.56812119142475
72.71835612406491,76.5406230617431,87.40405923613376,79.19447369886805
73.76012145209566,75.80104219323374,87.94333104644026,80.6736354358868
74.94184619804906,76.39633694725657,88.23464980691229,82.1378141802199
75.2904682026757,76.08435792069469,90.22000720933079,82.76177223334368
75.8457731253169,75.7580558692243,91.83288679506593,83.41437633628448
77.99682883500208,75.3178173575977,93.04878182902536,84.29485335953764
80.73406957249648,73.38700040775146,93.15822519498914,85.36452483875385
84.86515394136171,71.37465049586935,93.32819255820743,86.57851262886848
85.18088482991041,70.66860010830464,92.69673078111003,87.99061340399788
87.30158821810753,68.34944691196145,91.30055269457445,89.78369110682566
90.54534126282057,67.74824191162833,90.51643733068173,90.98610110749188
92.97330449110949,68.40696062479688,88.51881617367613,92.52696898072699
95.41155671039598,67.78790337353611,86.49325177931733,93.76508348324853
99.12523344842283,68.70319702583842,84.74217113033203,94.7726325921781
99.73946267352375,68.77472633723178,83.5137126801302,94.62957396939137
101.91247979862229,68.81756246775636,81.97171880796357,94.54390170834222
103.94752315137342,69.11678500416066,80.67964241042192,93.94545663553362
104.44141787985242,69.58716127446512,79.69185295346391,93.0047040949247
104.92810421057219,70.21545349977791,78.7184802920244,91.74811964429914
106.46295454751412,69.81444047726268,78.33133180945859,89.86759349801156
108.19507731822216,70.457736034379,77.51433022861863,88.58100238377891
108.3264443421447,70.04495588788268,77.25159618077356,86.792340036717
108.66018251487974,70.77553304121268,76.58411983530348,85.33118573005697
110.20650412161181,72.7666552102082,76.04039359060354,83.89785836083016
111.62099838662968,73.17757346582455,75.72935768838956,83.07602184959745
111.79745622204791,73.51293519871444,75.37644201755306,82.40529838381767
113.28654189750671,73.6173025138217,74.88240602702098,82.19656375360316
113.47390201049582,73.57703298134292,74.50768580104275,82.2771028185607
113.78549265356145,72.33277875492169,73.88450451491151,82.29731749379935
114.09224920353907,72.18507074450265,73.27099141495627,82.59273351463744
114.3812965622123,72.17727371318887,72.69289669760981,82.60832757726502
115.80988944888436,73.49122676377515,72.28015298692114,82.42486353874793
116.04303072286976,73.68825696304435,71.81387043895036,82.03080314020951
117.42467081862202,73.69676761065773,71.4720049872692,82.01378184498276
117.5710536298193,75.04054941527454,71.17923936487463,81.74189155506143
118.74463408188424,76.2679580978797,71.23884861895668,81.69384434806305
120.05040462115198,76.15806400538793,71.0342890286106,81.9136325330466
120.10763903222576,77.53984134922365,70.91982020646304,81.5571827050063
121.32684079568655,78.87154061600654,70.881168048575,81.29353554047404
121.35893797951866,79.07674133742795,70.8169736809108,80.88313409763123
122.28547812562621,79.41718336938787,71.35155624621348,80.20225003371138
124.36144958375884,79.26496095296014,71.97092617377152,80.50669486656685
123.82511817489859,78.91981977318201,73.043588991492,81.19697722612308
121.53270086251415,80.17107791126348,75.2002868956287,81.12259767059237
124.18762007755664,81.54190134263803,77.27445647122775,80.84228680973798
125.06814564884897,82.7285883563612,78.00327429963374,80.95878175328228
124.53471640325654,84.06689447571995,79.0701327908186,80.78540080760187
122.75394381038271,85.33651745322094,80.11430422925434,80.76352859991178
122.32791407487827,87.45450423611874,80.96636370026324,79.06105905513616
120.58456562912062,89.38322957185629,81.93298835345371,77.72368062198589
119.61515943834046,91.07388324455898,81.35774095224397,76.85643305935056
119.74370396776456,92.80053389120248,81.10065189339576,75.89444145138256
120.78659395202968,97.29711636153579,81.4868957212385,74.31734789983483
121.15213973115607,99.1737386944385,80.75580416298571,73.01706384157382
121.34464694180755,101.04321322147817,80.37078974168274,71.69896798471018
121.57480420076246,106.62361081727988,79.91047522377296,70.11347553428301
121.42622403084658,111.26674120028301,80.20763556360471,67.91118128160048
121.88949095064063,111.69808368903969,79.28110172401658,67.04849630408711
124.93985968049809,109.58557036251003,77.78514275749708,66.66874446395104
125.75381791784716,106.67750669691321,76.15722628279896,65.66533248979552
126.76095935650774,103.55758992863403,74.14294340547778,65.20947296834191
127.63448825066405,99.96170328781793,72.39588561716515,65.82105046947208
126.86953876299899,97.27623857425544,71.7497556822305,66.83992207606752
126.30778552907182,94.3606813052881,70.69108997067706,68.30669225518665
125.53668801752104,90.28034248586653,70.04442405955479,69.90078709135828
125.91373618197068,88.63512268605639,69.29032773065552,70.98736538825969
125.7061155117005,88.6848368666063,69.70556907119587,70.88793702715986
126.02443925182904,90.0733347054495,71.28297297917786,70.32499273771252
125.88427286019586,89.37495942885033,71.56330576244419,71.72174329091084
125.6201005736827,89.49224879190625,74.34810745601075,71.487164564799
124.52281255293552,91.5049540396976,76.54268349750512,72.05477001365664
123.95455786880544,92.75429073901606,77.6791928657653,71.89594716070428
123.82841302178144,92.77498973417687,77.93148255981326,71.85454917038264
123.56262637909556,93.23820215295959,78.46305584518504,70.9281243328172
122.33111706642691,94.9327890828078,80.92607447052235,69.89081924708078
121.42627799259623,95.06686535020607,82.7357526181837,69.62266671228426
120.66102571845454,94.8494966183132,84.2662571664671,70.05740417607001
119.77439666915913,94.63222969431816,86.0395152650579,70.49193802406009
120.25716876445524,94.45519618644146,87.5359915485383,70.84600503981349
119.67807746632066,94.43722071851735,88.69417414480748,70.8819559756617
119.284293438623,94.2713746796262,89.4817422002028,71.213648053444
118.90606832778064,94.17592032503525,90.2381924218875,71.4045567626259
119.89938574361705,95.40303280304703,90.79278937586098,71.49156359224864
119.85008657510437,95.68259457209811,90.89138771288636,70.93244005414647
119.98371199697017,97.15135805228078,90.62413686915474,70.53846937397276
120.22507122218798,97.30079382694618,90.14141841871911,70.23959782464198
120.59621553289895,98.76041613506492,89.39912979729718,69.84117233091715
119.51227271752525,99.02297777343736,89.0640271763119,69.31604905417224
119.73412249793269,99.18778748233098,88.62032761549702,68.98642963638503
120.18006349049577,100.60694608744417,87.72844563037086,68.62528916569877
120.35055910979405,100.72171175459412,87.3874543917743,68.39575783139887
120.41886561991534,100.71290253506129,87.25084137153172,68.41337627046455
120.29522484632022,100.62365680079651,87.49812291872195,68.59186773899408
120.31419198971723,99.16380410592615,87.46018863192793,69.05797505982942
120.39764580571617,98.92281761459856,87.29328099993006,69.53994804248458
120.30266847247567,97.46358826667517,87.48323566641105,69.99255129673264
120.35464673684908,97.38653251432486,87.37927913766424,70.14666280143328
120.34695779142868,97.41599190897094,87.39465702850502,70.08774401214112
120.62151332385346,97.53302814724532,86.84554596365547,69.85367153559234
119.83561449911393,97.56185530182553,85.95326910743714,69.79601722643193
121.44380511670909,97.52532723278571,85.18633083885261,69.86907336451156
123.1562836372824,97.48135279966202,84.20021077317774,69.95702223075895
123.46580479927097,97.3708513327898,83.58116844920059,70.1780251645034
123.96467206515487,97.19695466339836,82.5834339174328,70.52581850328627
124.44954334951623,97.01204939693301,81.61369134871008,70.89562903621696
124.72286229640994,97.17288273426875,81.06705345492266,70.57396236154548
124.66899917242212,98.65531500157152,81.17477970289829,69.99571558192976
124.6955504084096,98.78585472603547,81.12167723092332,69.73463613300186
124.83095442349638,98.84984985436049,80.85086920074977,69.60664587635182
124.71626105722223,99.01197891101683,81.08025593329809,69.28238776303915
124.57796534838155,99.0873568591235,81.35684735097942,69.13163186682578
124.14914667521194,99.14466000392528,82.21448469731864,69.01702557722221
123.53507920416189,99.1500495958161,83.44261963941874,69.00624639344059
124.23400336188146,99.15551243302892,84.44284826741115,68.99532071901494
125.19578695769682,99.0326159070226,84.93256684653224,69.24111377102757
125.14040842428264,98.9253272745282,85.04332391336062,69.4556910360164
125.15627788770809,98.7623080848511,85.0115849865097,69.78172941537059
125.36425846295836,98.56104303297668,84.59562383600917,70.18425951911942
125.39147681098416,98.5088718540145,84.54118713995757,70.2886018770438
124.08532732264408,97.32003466201671,84.71780576278752,70.23059590718916
124.03424202957608,97.22398017471815,84.81997634892352,70.42270488178627
123.86459113496916,95.9311326589667,85.15927813813735,70.56626305831047
123.8104597834789,94.17036115996555,85.26754084111785,71.63812875487446
123.48951111393592,92.28287639062856,83.44081436852872,72.94447448187333
121.71377920234164,90.2297373294276,82.06953167928265,74.58937934805792
120.83424436528882,88.56695105569432,81.36223506427118,75.44858560640743
119.92920104515726,88.06240916324472,80.70329900768726,76.4576693913066
119.97271606761487,88.24272434480056,80.61626896277203,76.09703902819493
120.02104441828901,89.12713285264667,80.51961226142376,76.79589156678273
120.02667334756438,89.91601877255144,80.50835440287301,77.69535572222014
119.90578794242772,92.13188623036255,80.75012521314633,78.24621790291647
119.90930731049374,93.38332121038526,80.74308647701429,78.24714973867194
120.20247744256204,94.63486292750088,80.15674621287769,78.24777241903006
119.02764335867623,97.13918082504401,80.01190031901572,78.228164747211
118.95115496371241,97.12983506106733,80.16487710894336,78.24685627516435
118.94215057287884,97.17123326805316,80.18288589061049,78.16405986119271
118.86916133225692,97.34920125143842,80.32886437185434,77.8081238944222
118.84461140327852,98.82858602200672,80.37796422981113,77.33962152710629
118.7753192336423,101.56785366793353,80.51654856908357,76.82833880491214
118.83665642293514,103.10306596002494,80.3938741904979,76.23561627450312
119.80869370521347,103.26960575343438,80.91618845247712,75.90253668768422
120.73135554800871,103.4434831603713,81.54013543501587,75.5547818738104
120.90504406646475,103.55653328719546,81.19275839810379,75.32868162016207
122.2206152758838,104.97137518375057,81.02608803279799,74.96346988058414
122.34219967123163,105.06466604448556,80.78291924210234,74.77688815911415
122.30405892232514,105.24451816235866,80.85920073991531,74.41718392336796
122.21440143282285,105.45748173427496,81.03851571891988,73.99125677953535
122.33711157416452,105.43489737367445,80.79309543623654,74.03642550073639
122.45879122067609,105.37811933353854,80.5497361432134,74.14998158100822
122.5658041006248,105.42478174039508,80.33571038331598,74.05665676729512
122.60570976076079,105.47742737744554,80.25589906304401,73.95136549319419
122.74950326633298,105.57149588475852,79.96831205189963,73.76322847856822
121.70487051171808,105.71032730901737,79.63710149371721,73.48556563005053
121.53432437974921,106.10072747626467,79.97819375765496,72.70476529555593
121.2488346251259,106.69399391703033,80.54917326690159,71.51823241402462
121.07494515154075,107.14810080655018,80.89695221407189,70.61001863498493
120.998967104103,107.51040403694465,81.04890830894736,69.88541217419598
120.74910889060777,107.87600753579707,81.54862473593784,69.15420517649112
120.68230626093585,108.26399175685808,81.68222999528169,68.37823673436914
120.6742119698737,108.56967308124635,81.69841857740599,67.76687408559259
120.76433187523921,108.6298604699131,81.51817876667495,67.64649930825908
120.6393965884671,108.68496314260855,81.76804934021919,67.53629396286819
120.38166675071862,108.51547314170452,82.28350901571613,67.87527396467624
118.88141684915371,107.25835456313078,82.92202663526928,68.02752893824704
117.93839689974212,106.3904155581468,84.80806653409245,67.38914340687478
116.89291951254302,105.74729489656357,86.89902130849065,66.28250588270612
115.8635301070018,103.95410657246686,88.95780011957311,65.05520411644484
114.95459206650487,103.43808935301215,90.77567620056695,63.66915039776542
113.99955810984538,101.35872446886577,92.68574411388593,62.98224250111644
112.89328267142206,97.31343916026233,94.89829499073258,63.75196793953705
112.15185749946315,87.19345290248381,96.38114533465041,66.5873962770652
111.40266680475978,78.6702756089019,97.87952672405716,68.29961649788842
110.74655239845566,77.90382351400785,99.19175553666537,69.83252068767653
110.13698469561672,77.55158110681303,100.41089094234324,70.53700550206617
109.75517097881193,76.0458843718422,101.17451837595283,70.86660255873963
109.32913857628309,74.7908069790897,102.02658318101052,70.67797914473557
108.909937113439,74.91163496593046,102.8649861066987,70.43632317105404
108.50997280185528,73.65097893644807,103.66491472986613,70.24045218488342
106.94331208843008,74.13015670642622,104.0722442642047,69.28209664492711
106.88077888279517,74.75824460879177,104.1973106754745,68.02592084019602
106.95646418561978,74.0657435888987,104.04594006982529,66.71374206854142
106.88759745039253,74.76111621971333,104.18367354027978,65.32299680691216
106.93011436058981,75.10795518274193,104.09863971988523,64.62931888085495
106.98420639414701,74.47526142269277,103.99045565277082,63.25581053504948
106.88726048512058,74.9179500670659,104.1843474708237,62.37043324630322
107.09790142787945,74.0708438606398,103.76306558530595,61.462482081424085
107.00922756488214,74.45158322929748,103.94041331130057,60.70100334410871
107.02815328892427,74.86686151572542,103.90256186321632,59.870446771252844
107.06350975934865,75.26635936929863,103.83184892236756,59.07145106410641
107.1021308840989,75.48677402252719,103.75460667286706,58.630621757649294
107.1443893694072,75.6767986103915,103.67008970225046,58.250572581920665
107.2275340295476,75.7933545268155,103.50380038196965,58.01746074907265
107.27697445383318,75.97959647457236,103.4049195333985,57.644976853558944
107.3186414696407,75.93362529092448,103.32158550178346,57.736919220854716
107.32542877769453,75.84096674326129,103.3080108856758,57.92223631618109
107.28116050705727,75.90125119663952,103.39654742695032,57.80166740942464
107.21463157046286,75.91241896826813,103.52960530013914,57.77933186616741
107.10539245948247,76.08504501335993,103.7480835220999,57.434079775983804
106.98194318452033,76.17115500853203,103.99498207202419,57.261859785639615
106.93054623160498,76.17042298137312,104.0977759778549,57.26332383995743
106.92246140788359,76.1459654822839,104.11394562529767,57.31223883813586
106.87168587813639,76.13718976409818,104.21549668479207,57.329790274507296
106.80238794283335,76.17478368718417,104.35409255539814,57.25460242833532
106.77534031789155,76.15763050043068,104.40818780528176,57.28890880184229
106.75533195682118,75.93032836357887,104.44820452742249,57.74351307554595
106.67509319530654,76.77780137942823,104.60868205045175,58.576154121872634
106.47007364122405,76.01121970163337,105.01872115861676,60.10931747746236
106.30752125773718,75.40300938747654,105.3438259255905,61.32573810577598
106.34537180707832,74.67630438897163,105.2681248269082,62.779148102785825
106.40074931481077,75.34173010707201,105.15736981144332,64.07347781865455
106.48936807510876,74.61953398422513,104.98013229084734,65.5178700643483
106.74463895823958,75.31817432199604,104.4695905245857,66.78755705657355
106.83571514431223,75.96503489907009,104.28743815244039,68.17442781267397
106.95051188000785,75.12257268356777,104.05784468104915,69.85935224367861
107.12326959980123,75.60304888031249,103.71232924146238,71.62398364719692
107.2709948666855,77.42962565103039,103.41687870769384,73.47006499460896
107.11761341313941,81.15957269871086,103.72364161478603,74.33703977982633
106.77681940624086,87.28440079599412,104.40522962858314,73.26555122351661
106.53033772567991,91.87917980958925,104.89819298970502,72.43759553360465
106.82630683809535,93.84280849301189,104.30625476487415,71.29130673410765
107.39077423230499,95.18866478523722,103.17731997645487,71.35266386753172
106.85184543259004,96.34780561053073,101.51812108652967,71.77143870629979
107.89629644967269,97.29589658789787,99.42921905236437,72.594155883213
109.07527553950955,98.04860245222226,97.07126087269066,73.78952060000486
111.41253817441364,98.82391084286185,95.08120441740652,74.92337263324973
112.59824119581191,98.47698438104447,92.70979837460997,75.61722555688448
115.1031568867566,99.98870984359588,90.34736743751031,75.24117507657135
116.32957027530458,100.10311039407443,87.89454066041436,75.01237397561424
117.43942092211107,100.33809969443632,85.67483936680136,74.54239537489048
118.42395936913245,99.88357209682627,83.70576247275861,75.45145057011058
119.0163578099518,99.59192921008153,82.5209655911199,76.03473634360007
119.3370226503691,99.39700159766926,81.87963591028532,76.4245915684246
119.60139477643524,99.29814548988071,81.35089165815302,76.62230378400172
119.77946075207005,99.23168013443211,80.9947597068834,76.75523449489891
119.91415712802481,99.08358706443494,80.7253669549739,77.05142063489326
120.12023119862307,97.58099522791767,80.31321881377735,77.57209889979976
120.051560576847,97.39737668045788,80.45056005732951,77.93933599471933
120.18337768072195,97.01229509468638,80.18692584957962,78.70949916626233
119.97429987184555,95.32526513857108,80.6050814673324,79.58128021458074
119.85278246986653,93.64131043702625,80.84811627129045,80.42658262947383
120.91347558539502,93.29172417153055,81.26648690916483,81.12575516046525
120.78570290237548,93.00832249188645,81.52203227520391,81.69255851975343
121.83736131051948,92.76884149910427,81.9890236246525,82.1715205053178
121.70261320020188,92.4214953303597,82.25851984528771,82.86621284280693
121.47048005725958,90.67367082058024,82.7227861311723,83.76147677365013
121.33097539441064,89.03213524211927,83.00179545687018,84.4227612713968
121.18933271950428,87.4366387254403,83.2850808066829,84.97717085249133
121.14239196156669,87.19632242661811,83.37896232255811,85.45780345013573
121.14970939269247,85.56734884157478,83.36432746030653,86.05695430184788
121.02130126690537,85.43121682696915,83.62114371188073,86.32921833105918
120.98252909902313,83.68836341172873,83.69868804764522,87.13862645320432
121.02289703361302,83.44877672641442,83.61795217846543,87.61779982383294
121.05530474413814,81.97066318276615,83.55313675741519,87.8775848215257
121.22889295338462,81.64293977073906,83.20596033892222,88.53303164557985
119.86855323391721,81.48997487485582,83.22241401283637,88.83896143734634
119.76683249974879,81.37214311030503,83.42585548117322,89.07462496644791
119.84875766262385,81.18442607909297,83.26200515542307,89.45005902887203
119.64213101791698,81.43991302229554,83.67525844483683,88.93908514246691
119.36398194845043,81.72379825405372,84.23155658376994,88.37131467895054
119.09745751553737,82.12705224978541,84.76460544959603,87.56480668748718
119.02236285388925,82.22020703676664,84.9147947728923,87.3784971135247
118.90026674646504,82.42727663628202,85.15898698774073,86.96435791449395
118.86842730867849,82.41180408704233,85.22266586331382,86.99530301297332
118.7861578351505,82.67159245927382,85.38720481036978,86.47572626851033
118.50226764827542,83.00450354300061,85.95498518411996,85.80990410105676
118.30162100148695,83.18468044314689,86.35627847769689,85.4495503007642
118.2261111778582,83.32530424195791,86.5072981249544,85.16830270314216
118.2953701139265,83.36586589967239,86.3687802528178,85.0871793877132
118.4892704928524,83.6109869906862,85.98097949496601,84.59693720568559
118.70921390161675,83.77538306177738,85.5410926774373,84.26814506350323
118.79233795855583,83.98219307061494,85.37484456355912,83.8545250458281
118.92484239712122,84.33556564506125,85.10983568642834,83.14777989693549
117.67423004114644,84.80959981424448,84.96137920763704,82.19971155856902
116.4613351424355,85.07577956953737,84.75480069826335,81.66735204798323
116.60218469660671,85.49496222545793,84.47310158992093,80.82898673614213
116.84070890566879,85.73818485603923,83.99605317179677,80.34254147497954
117.06338972523753,85.75757137447096,83.5506915326593,80.30376843811607
117.18383347292155,85.83268445626925,83.30980403729126,80.15354227451947
117.46390406720892,87.06471940064621,82.74966284871651,80.26357834210384
117.41417126724349,87.37233401467634,82.84912844864738,79.64834911404358
117.31713840089253,87.44857824079139,83.04319418134928,79.49586066181348
117.29198893559271,87.57988233978112,83.09349311194893,79.23325246383402
117.27365291451798,87.59231840166211,83.13016515409838,79.20838034007203
117.31387445732034,87.6368662613888,83.04972206849368,79.11928462061866
117.38388338446723,87.65615735853373,82.90970421419992,79.0807024263288
117.53357806401067,87.60276536493622,82.610314855113,79.18748641352383
117.59145552772799,87.67700582797164,82.49455992767837,79.039005487453
117.70877821854688,87.5298843052168,82.25991454604058,79.33324853296268
117.79468155104225,87.5169624179023,82.08810788104987,79.35909230759167
117.82849135841539,87.42902797204408,82.02048826630356,79.5349611993081
117.75270839444232,87.38801976415112,82.1720541942497,79.61697761509402
116.2717340069855,87.35293745890314,82.58622363366929,79.68714222559
116.3073777175904,87.27244354915543,82.5149362124595,79.84813004508541
114.94979940262783,87.25670069220831,82.67328038736757,79.87961575897964
114.89148331572122,87.27877930292625,82.78991256118081,79.83545853754376
