118.5,69.5,114,162
118.5298638712372,65.16897979848943,112.9402722575256,165.3320476203857
118.94419458018754,63.70543206865045,112.11161083962492,168.25914308006367
119.22491430363355,62.74272321876168,111.55017139273289,170.1845607798412
119.48878647424301,62.03848375375246,111.02242705151397,171.59303970985965
119.54979411759615,61.63862807795586,110.9004117648077,172.39275106145286
119.67091827434223,61.19372262110468,110.65816345131554,173.2825619751552
119.75618380141901,60.867274512635376,110.48763239716197,173.93545819209382
119.77086799581265,60.66681440702598,110.4582640083747,174.3363784033126
119.72165895006121,60.45701657770283,110.55668209987758,174.7559740619589
119.62426808147146,60.48706067663058,110.75146383705709,174.69588586410342
119.58298091469622,60.23059785163633,110.83403817060756,175.2088115140919
119.5278543258061,60.13040899955584,110.9442913483878,175.4091892182529
117.2582778983314,62.48093945780674,111.00259967882286,175.18897282626543
117.1136385034209,62.67672060571576,111.29187846864384,174.7974105304474
114.96331783552435,62.674682293706624,111.11501232903997,174.80148715446566
112.83134269202867,62.82064474632185,110.90435260336564,174.50956224923522
110.67344702861806,62.952801707309035,110.75342647903943,174.24524832726084
108.63118973958707,64.9145123234163,110.37770369244137,174.78206445970633
106.55150422750043,65.65519810494052,110.07509535422412,173.3006928966579
102.33275199993939,65.80524593330185,109.64308990684842,173.00059723993525
99.7310191630568,64.83379658136839,110.42351941547618,170.52045977866473
96.82915095060346,58.124039071177066,111.82831986621808,166.3442309023883
93.91517098189338,58.19574692120126,113.29669186051657,161.84122725921824
91.1085669908037,58.352540375437655,114.5939125069935,157.211653015043
90.52063774983128,58.408615686822145,115.76977098893832,152.832274088352
87.93865835189254,58.47696989778885,116.71385524332322,148.47569112492602
87.78273072525678,58.392517836524746,117.02571049659474,144.47587708000583
87.71140767482574,58.224244845426654,117.16835659745684,140.69996394164139
87.67958837921034,56.036064538739296,117.2319951886876,136.9629462720438
87.59661539860663,53.80486148739858,117.39794114989505,133.4252444545305
87.74913501481078,51.40607175034346,117.09290191748674,130.3269140950535
88.1881335478071,50.72584594946166,116.21490485149411,127.79238431982532
88.55097616612781,51.84509930957983,115.4892196148527,125.55387759958897
88.99402056085492,50.90635027620895,114.60313082539847,123.63624872509037
89.39535662006801,51.744285051924905,113.80045870697228,121.96037917365845
89.59699818716527,52.3975749705574,113.39717557277775,120.65379933639346
89.88449753898968,52.86997804601067,112.82217686912895,119.70899318548692
92.13370760773667,51.359128070345214,111.98526339339239,119.06918647506042
92.44143815242832,51.70591136439073,111.36980230400908,118.37561988696939
94.5363571646399,52.0589080756313,110.79758186011401,117.66962646448825
96.54644657358696,52.38688566960711,110.37490491484937,117.01367127653663
98.6636473953937,52.61880121064326,109.72104416855882,116.54984019446432
100.64424030182931,52.73135758761201,109.32277365469429,116.32472744052683
102.63561080784848,52.82940618910877,108.8931088662553,116.12863023753332
104.57936996421026,52.86636727564708,108.54878197340817,116.05470806445669
106.40865422385662,52.77294574460018,108.42678248073173,116.24155112655049
109.8699076320185,52.61089472954913,108.57937339149649,116.56565315665259
111.67205285900391,52.60353877281058,108.52011621130555,116.58036507012969
115.12760113548282,52.57203805530969,108.69766222161485,116.64336650513147
116.86715447040324,52.53215602798997,108.7666816072323,116.72313055977091
118.76181461254012,52.362380218952815,108.52782929685789,117.06268217784522
120.57650150082225,52.09513443555489,108.45042630872412,117.59717374464107
122.42715133070931,51.87068026884032,108.30820273218286,118.04608207807021
124.15845757123242,53.290350696233475,108.40939989949432,118.77055087164157
125.95958526855125,54.777243896729885,108.38385119115667,119.37347115694882
127.94293630351461,56.1700697880342,108.00283462626187,120.1735048793721
128.10551992564928,57.58779041821998,107.67766738199253,120.93011367935341
128.14868379554983,58.94328080079109,107.59133964219143,121.81774283481576
130.24381765203145,60.094553000157205,107.0120763035306,123.12620281038596
130.14518058371476,63.20853454820042,107.20935044016396,124.14224596129685
130.13624665351853,66.13429768126282,107.22721830055646,125.57250322842859
129.89874932275723,70.8936202559621,107.70221296207905,127.04372943555478
129.73309678504597,73.51016936492304,108.03351803750155,129.19792747406623
129.5078082042053,74.08409473752575,108.48409519918289,131.78228629265985
131.18997288347595,74.72866323234436,108.89903855672597,134.272422019107
130.8665860249519,75.36609807045096,109.54581227377403,136.8218088992154
130.62508401750733,77.90551421374278,110.0288162886632,139.49068864525327
132.42077128584444,78.53466583114476,110.36002897512401,142.1549726335843
132.36124642340053,78.96882406099256,110.47907870001181,145.2553818403255
134.44530413832976,77.48253009618253,110.3289575930437,148.22796976994556
134.27585565028906,76.13453747302694,110.6678545691251,150.92395501625674
134.0923824081132,75.09387952329772,111.03480105347684,153.0052709157152
134.0373839278924,74.22585887586271,111.1447980139184,154.7413122105852
134.12811781600703,73.43300862433453,110.96333023768918,156.32701271364155
134.0772857313325,72.61194511374958,111.06499440703824,157.96913973481145
134.0104686184206,72.0586198965342,111.19862863286203,159.07579016924223
133.88291025287222,72.095296085303,111.45374536395877,159.0024377917046
133.83874439222362,72.29550709213765,111.54207708525598,158.6020157780353
133.8269342604166,70.45426859217365,111.56569734887,158.04642358994502
133.88162131212647,68.65967735884415,111.4563232454503,157.40554932601643
133.80889275234102,67.62878870729573,111.60178036502118,155.24876807616093
133.773518437061,66.78649906221524,111.67252899558119,152.74505335052035
132.11337281718906,68.5629589612942,110.84134163398868,153.34361215369884
132.76332884744727,69.98583705639656,109.5414295734723,154.64476686199632
133.48381473345103,74.9931552465458,108.10045780146473,157.0658107956524
132.00015781037715,74.44063294882926,106.90976200124366,158.17085539108547
132.61670147916936,74.50453508564624,105.67667466365923,158.0430511174515
133.77940349981856,71.811976742122,103.35127062236087,159.29562104830597
135.45161437765807,71.07827089420067,100.00684886668184,160.76303274414863
137.7098610025348,71.31167903372807,95.49035561692838,164.3748685386111
142.09373726240915,71.73916793622517,90.7788651694523,167.5761528058895
146.15289940826588,71.59010922966397,86.6839351565737,171.8976644978468
147.61648694276948,70.1104350191518,83.75676008756648,174.85701291887113
148.603212386449,69.49824426933262,81.78330920020741,176.0813944185095
149.3292168228069,69.11424974324652,80.33130032749166,176.8493834706817
149.91261287593264,68.83471196834574,79.16450822124017,177.40845902048324
148.59746433992322,70.57613009846659,77.82902948269344,177.8913985708071
147.18315650146081,68.55269735075427,76.70837864140701,177.9889975480205
147.91484306031037,68.28830291192205,75.24500552370787,178.51778642568496
146.55520805560707,67.88408428569694,74.0516189442952,179.32622367813516
147.09186636459273,69.53619686598049,72.97830232632391,179.92514885556233
147.60498237105344,69.02682688216606,71.95207031340249,180.94388882319117
148.08039726194386,68.68595183305797,71.00124053162165,181.62563892140736
148.22266563403969,67.00241105758622,70.71670378743002,181.11087380531438
148.38331684778692,65.4867448730544,70.39540135993553,180.27285328491647
148.62128187717914,65.53584772630178,69.91947130115106,180.1746475784217
149.01840054760336,67.21726992554582,69.12523396030264,180.6534197423236
147.51575203448132,65.21482991937398,68.29628981434375,180.82405858246432
147.86326005687303,68.26077890816705,67.60127376956034,182.37573814170764
147.9727281868328,67.95020623903955,67.38233750964083,182.99688347996266
148.1214630064215,67.6429739069922,67.08486787046341,183.61134814405736
148.333768553392,67.31256721884137,66.66025677652243,184.27216152035902
148.25607042649233,66.9280088512839,66.81565303032174,185.04127825547394
148.13000584351926,66.72032796815287,67.06778219626787,185.456640021736
148.10591220991552,66.68137932050706,67.11596946347535,185.53453731702763
148.16588800478308,66.5713767969669,66.99601787374021,185.75454236410795
148.23062964982282,68.31413383021393,66.86653458366077,186.13794975820417
148.12554631479784,68.45551565179532,67.07670125371074,185.8551861150414
147.9942839936941,68.60296108031213,67.3392258959182,185.56029525800778
147.85502038223248,67.20182855953219,67.61775311884145,184.49020573319822
147.55510005201143,67.95001221130134,68.21759377928358,182.99383842965992
147.3914497989374,70.35807442013675,68.54489428543164,182.02918760863173
147.43003069611555,68.83261495940258,68.46773249107531,181.23656402684333
147.2744810827762,69.0117630633434,68.77883171775404,180.8782678189617
147.17496219533732,69.26195021404806,68.97786949263177,180.37789351755237
147.03129328900164,69.49898682673701,69.26520730530314,179.90382029217446
147.0062796946355,69.63662188826584,69.31523449403542,179.6285501691168
145.18529077492937,69.73459297089695,69.13427426406628,179.43260800385457
145.1907034764771,69.55508827495589,69.12344886097083,179.7916173957367
145.14713760257558,69.61391868478852,69.21058060877388,179.67395657607145
145.10567969324035,71.59187452985469,69.29349642744434,179.5397574126785
144.86704052967585,71.63723479031304,69.77077475457331,179.4490368917618
144.51369540638828,70.11423813311956,70.47746500114847,178.66650320455068
143.95929184388785,70.80370038255438,71.58627212614934,177.28757870568103
143.51985746858793,69.01505082391009,72.46514087674919,177.03499664328433
142.94596027322564,69.74137788748192,73.61293526747373,175.58234251614067
140.15277705728175,70.74154379629057,75.35798116664714,173.58201069852336
136.64770193155198,70.12564750378615,78.52486540192442,170.97053726734987
133.02376892298426,69.3761525917546,81.91168773212826,168.6084834044814
129.32985382265687,68.14154035048645,85.4138280596837,167.19201801391836
125.74150617714139,69.07520175949088,88.66494007236336,165.3246951959095
122.15798609223383,69.94416754566264,91.87795229772658,163.586763623566
118.70512541456583,69.19687457493464,94.80042761045189,161.0981035224113
117.4868819992901,68.21855094968687,97.23691444100334,159.05880724176123
116.22749189974155,63.687473401310115,99.75569464010043,156.1008901234456
115.08730712931285,64.25556982870972,102.03606418095784,154.96469726864638
112.17684541483442,66.42227194889324,103.83124641301703,154.65703422517703
111.84114481210217,69.40346388895816,104.50264761848152,156.79657260612152
111.61501759363854,70.71006043385967,104.95490205540878,158.27767444944197
111.3305594516998,72.05988580960883,105.52381833928625,159.70210091002951
111.1825757526317,71.23471418781291,105.81978573742245,161.35244415362135
111.05499316631797,70.26039493199279,106.07495091004992,163.3010826652616
108.9595262852783,69.13684369623275,106.04774158694673,165.54818513678168
108.64028578734678,68.6118202610887,106.68622258280975,166.59823200706978
108.45901643764304,68.27312770704089,107.04876128221726,167.2756171151654
108.18971140072401,67.99672016365423,107.58737135605531,167.8284322019387
107.85483727912302,68.07596763595382,108.25711959925731,167.66993725733954
107.62444770611327,67.96088521023883,108.71789874527677,167.90010210876952
107.43802439051899,67.66547966143749,109.09074537646535,168.4909132063722
107.20598779344206,67.44851122452812,109.5548185706192,168.92485008019094
106.98733522261945,67.3650542194327,109.99212371226443,169.0917640903818
106.80496464162366,67.15736697409504,110.356864874256,169.5071385810571
106.60996131531988,67.47871180255612,110.74687152686357,168.86444892413493
106.4798046459391,67.78470026745345,111.00718486562513,168.25247199434028
106.40744576218859,68.19547181268514,111.15190263312617,167.4309289038769
106.17121593194236,66.86802245459289,111.62436229361863,165.72113456849925
105.82558881970996,65.93968772069559,112.31561651808342,163.2309790651035
105.30331819226895,63.65508237406763,113.36015777296544,159.15867603154243
104.8698693349027,63.49717120573894,114.22705548769792,155.19804107551823
104.9167501373104,66.65828581231484,114.13329388288251,153.10644445723804
103.38762431446771,72.04754486259986,112.99424898016301,154.91981600188268
103.38418070007677,73.2777344530104,113.0011362089449,156.66562100019542
103.34302995542832,72.2486944356277,113.0834376982418,158.7237010349608
103.47675901011574,70.91229790862535,112.81597958886695,161.3964940889655
103.38695772075015,69.78864391620561,112.99558216759814,163.64380207380498
103.68792222045359,68.83683154165509,112.39365316819126,165.54742682290603
103.94547612269237,68.50971620894886,111.8785453637137,166.2016574883185
104.18029659426773,70.62845306262496,111.40890442056296,166.32245965148914
104.24812347858334,70.36158111250234,111.27325065193176,166.85620355173438
104.6207443579895,71.95412151284248,110.52800889311945,168.02919313992822
104.94725848118495,73.47200437592878,109.87498064672855,169.35672692267195
101.0387407169044,74.81577896772598,108.94734389441575,171.04151387951447
101.50009118205062,74.25008665750343,108.02464296412332,172.17289849995956
102.23332675502397,75.47218540236534,106.55817181817662,174.11225581753263
102.69783241308266,74.7337633358951,105.62916050205922,175.5890999504731
103.40807204781406,76.17901172178343,104.20868123259643,177.09284330956584
103.93081081844163,75.6741978321076,103.1632036913413,178.1024710889175
104.11952452872268,75.6128270846245,102.78577627077918,178.2252125838837
104.55581781036054,75.05525873478166,101.91318970750349,179.34034928356937
104.97224610469179,74.41021299730485,101.08033311884097,180.63044075852298
105.31474907507864,76.0186538150887,100.39532717806728,181.80550710432334
105.47927149706379,75.6371141990675,100.06628233409695,182.56858633636574
105.52575634916954,75.4643758635539,99.97331262988547,182.91406300739294
105.22439726003432,75.89658584375073,100.57603080815589,182.04964304699928
105.05412762958278,76.1694540253554,100.91657006905899,181.50390668378992
105.07512510386474,75.99884789614228,100.87457512049508,181.84511894221617
105.015871234975,75.99701741710894,100.99308285827456,181.84877990028286
104.87604458290583,76.05960431738957,101.27273616241288,181.7236060997216
104.74084602944141,76.17835725823349,101.54313326934172,181.48610021803376
104.90890653464314,75.70438964247532,101.20701225893826,182.4340354495501
105.08622680994682,77.91081578811665,100.8523717083309,182.44194442396423
105.17604387277859,77.89319035887881,100.67273758266738,182.4771952824399
105.34543571853916,77.82149479894866,100.33395389114624,182.6205864023002
105.46462847421088,77.92197537274203,100.0955683798028,182.41962525471348
105.61369135541598,77.61025417911202,99.79744261739259,183.0430676419735
105.72945205944401,77.3411962310058,99.56592120933652,183.58118353818594
105.75674951400512,77.12243147131763,99.51132630021431,184.01871305756228
105.78908857710711,76.99959441104951,99.44664817401033,184.2643871780985
105.79132306401769,79.00999966474738,99.44217920018919,184.66126973329992
105.56771617725875,79.33421394723841,99.88939297370707,184.01284116831786
105.34768080593156,79.58150416201721,100.32946371636143,183.51826073876026
105.26752357174746,82.03584056659938,100.48977818472964,183.0313770927931
104.74875280526821,83.02913429103495,101.52731971768813,181.04478964392194
104.76041306655344,83.1005104215698,101.50399919511767,180.90203738285226
104.38962988907718,83.82857071180231,102.24556555007017,179.44591680238722
104.02514099292983,84.52585313942905,102.97454334236487,178.05135194713375
103.65265523412624,85.30102317397676,103.71951485997207,176.50101187803833
103.65218418998225,85.73933733161606,103.72045694826005,175.62438356275973
103.67826936126075,84.05961867825302,103.66828660570306,174.62127515227874
103.82991108688907,81.6875852672687,103.3650031544464,175.01858577842899
103.5287362225994,78.19014438349132,103.96735288302573,173.31839400338782
103.05004132151288,76.58014723592558,104.92474268519881,172.2059621909566
102.52635411235195,70.50888208732508,105.97211710352065,171.35252424079482
101.93908015996533,68.53048296820782,107.1466650082939,170.9724533520967
101.44685296002407,65.67895501205528,108.1311194081764,172.32460969832678
101.16955228158783,62.577928299724064,108.6857207650489,174.13905650807462
100.65266768586255,57.77957245415739,109.71948995649946,174.88773870863358
100.24277236317778,54.827795808492354,110.539280601869,176.33875924736375
99.80621730350956,51.6045579658563,111.41239072120543,178.29727757156607
99.46352613656678,49.171150613188715,112.09777305509098,178.63223413638852
99.29222028114464,48.515648936679185,112.44038476593528,179.94323748940758
101.2841190265468,46.61895277361171,113.03027284970446,179.162944240969
100.91310928360889,45.35374747780354,113.7722923355803,177.1214462369388
100.42369833530717,38.869793733164116,114.75111423218374,171.8742910468392
100.32885387615475,40.72484894649256,114.94080315048856,168.16418062018232
100.20351901681164,40.34853062444466,115.19147286917479,164.47821147334065
100.29031768775437,41.472937849760044,115.01787552728933,162.2293970227099
100.4936390802826,42.078465247966506,114.61123274223286,161.01834222629697
102.92738870250672,44.13986601223512,114.06894855727566,161.22075575725074
103.18841502922544,45.86018216869077,113.54689590383822,162.09946710224315
103.5468868594125,47.07776627788763,112.82995224346409,163.9883188981998
103.93361585878506,48.36932452825866,112.05649424471896,165.74589412994857
104.23520657823595,49.87603071531865,111.4533128058172,167.0868488890407
106.71680278480801,50.75178728342536,110.85465114330954,169.69986650346374
106.88391453018728,51.73723748711737,110.52042765255098,172.12278393465033
106.98162343090439,52.77010108220368,110.32500985111677,174.48162229704448
109.24304994244164,51.95053252727867,110.25876070532667,176.1207594068945
109.26649060664835,53.347621039604846,110.21187937691326,177.80657984747333
109.19062933048616,52.99649871653874,110.36360192923763,178.50882449360554
109.17361808928733,52.57717184371673,110.39762441163529,179.34747823924957
109.22816321545024,52.20445724693619,110.28853415930948,180.09290743281065
111.3968302139651,54.41866157413067,110.49098424619534,180.2042828623373
111.37273630536968,54.67466471135823,110.53917206338619,179.69227658788216
111.38459311863744,57.011596714063884,110.5154584368507,179.55643556948107
111.36144291558713,57.12361417984255,110.5617588429513,179.33240063792374
111.37381710294395,57.16669773253314,110.53701046823768,179.24623353254256
111.38705892953756,57.29700217556942,110.51052681505044,178.98562464647
111.32329922205247,59.42488774948052,110.63804623002062,179.25685276442562
111.22706018994718,59.56571910399521,110.8305242942312,178.97519005539624
111.19781412397873,59.58116873037969,110.88901642616808,178.94429080262728
111.21586159975843,61.90680622479772,110.8529214746087,178.82575412868454
111.2068240180997,62.119516834090206,110.87099663792617,178.40033291009956
111.2037812062014,64.53278572525166,110.87708226172276,178.09811027609717
111.04503744759666,65.17459233617555,111.19456977893226,176.8144970542494
110.86961770571018,65.91683830483424,111.54540926270519,175.330005116932
110.7584057049667,66.76243130254866,111.76783326419215,173.63881912150316
110.53876528577712,67.35906230442151,112.20711410257132,172.44555711775746
110.27070438422501,65.56016214545345,112.74323590567553,171.58580275624306
110.0848903189551,63.986857788274065,113.11486403621534,170.27882499841402
109.6446889126207,63.1789243048394,113.99526684888419,167.45455540578644
109.17451378650762,62.59477145815411,114.93561710111034,164.21061427699263
108.69902308252512,60.21126064461441,115.88659850907534,160.2199398227296
108.07158502242741,60.15716851403454,117.14147462927073,155.99402493230332
107.69237752570169,60.03108264306371,117.8998896227222,151.95574322353667
105.32022262992601,59.937238768085805,118.40297319732188,147.90220475654084
105.33059019202818,61.8750041233549,118.38223807311756,144.02667404600265
105.57953624055679,63.56846332959056,117.88434597606035,140.63975563353134
103.67437065230445,63.0934204127407,117.6273761673351,137.52254048200115
103.56759053594465,64.64797680416702,117.84093640005472,134.4134276991485
101.68642764266505,66.01350379454811,117.63289634604435,131.68237371838632
101.81205850536318,67.13767043473466,117.38163462064809,129.43404043801323
100.07138597604781,66.21229448393376,116.9772773674708,127.39909002780699
100.14172240340196,67.00638567964151,116.83660451276252,125.8109076363915
98.31739385488294,67.6025443356787,116.66469437600125,124.61859032431713
98.67321995141015,68.15421456348119,115.95304218294682,123.51524986871215
98.94491545963366,68.5660861201776,115.4096511664998,122.69150675531932
99.3066055346606,68.97695566959392,114.68627101644593,121.86976765648669
97.78733194536164,69.44073981626464,113.99995568405001,120.94219936314525
98.19973833578464,69.85589604272593,113.175142903204,120.11188691022267
98.56841688666535,70.1883315420226,112.4377858014426,119.44701591162934
97.07818184759006,70.54208313032417,111.76694380843458,118.73951273502618
97.3852582857352,70.75072636834335,111.1527909321443,118.32222625898783
97.71269969631135,71.01595208152575,110.497908110992,117.79177483262302
98.0187415621575,71.43065307357718,109.88582437929969,116.96237284852018
98.27680115771682,71.75055893570166,109.36970518818106,116.3225611242712
98.48173029114328,71.98675395286688,108.95984692132814,115.85017108994076
98.55876651890352,72.27164548949881,108.80577446580766,115.28038801667691
98.69011371558855,72.4301131256534,108.5430800724376,114.96345274436771
98.81654239976376,72.59790866623388,108.29022270408716,114.62786166320677
99.10544178599734,72.6627722599178,107.71242393162001,114.49813447583892
99.27594520707751,72.70137759976785,107.37141708945965,114.42092379613882
99.38220749884783,72.73438095809902,107.15889250591901,114.35491707947648
99.42453835765758,72.78897366086989,107.07423078829953,114.24573167393476
99.5957074871427,72.66783749775244,106.73189252932927,114.48800400016964
99.6862097080207,72.63319143072306,106.55088808757328,114.55729613422841
99.73047296387716,72.52206752734406,106.46236157586038,114.77954394098639
99.74953601640775,72.43176715098508,106.4242354707992,114.96014469370436
99.71296461274018,72.3510161326931,106.49737827813433,115.12164673028832
98.01510567189818,70.72209937917918,106.40369348996225,114.89007756746007
98.18551548211198,70.51267245794584,106.06287386953466,115.30893140992677
98.27474395230854,70.31641639285988,105.88441692914154,115.70144354009868
98.34934144695292,70.23694763445879,105.73522193985278,115.86038105690088
98.53276797150414,69.95646647317376,105.36836889075035,116.42134337947093
98.53890609647212,71.19743674581275,105.3560926408144,117.43106973075845
98.54121498987709,72.41950924375311,105.35147485400445,118.49409544301346
98.44540047272451,71.90287960221903,105.5431038883096,119.52735472608164
98.54553953852607,73.07782169976937,105.34282575670649,120.72017639503997
98.3381315015623,72.58571473593364,105.75764183063401,121.70439032271146
98.30557610273155,71.82590466373088,105.82275262829552,123.22401046711695
98.13549227449256,72.63326132344675,106.16292028477349,125.21372945133666
97.98546323854976,75.03839873541179,106.4629783566591,127.68473002247913
97.59321468567589,80.64749086293537,107.24747546240683,131.2008549448543
97.47370103942387,82.23344493044846,107.48650275491087,135.5296510685339
97.73434783122623,81.15517799013266,106.96520917130616,141.5068354593682
98.1346118804139,78.18063434195614,106.16468107293083,147.45592275572125
98.27123372654735,76.16510856899008,105.89143738066392,151.48697430165336
98.23331258470749,74.26223119605994,105.96727966434364,155.29272904751363
98.1928509852385,74.35378879391838,106.04820286328163,159.20557186063238
97.99770755167162,72.89706501701825,106.43848973041537,162.11901941443264
97.77992047754807,71.91310583733461,106.87406387866245,164.08693777379992
97.59314217235811,70.81228878723915,107.24762048904239,166.28857187399083
97.31045578257145,70.03060483277861,107.81299326861571,167.85193978291193
96.97119358802875,69.78850563134542,108.49151765770111,168.3361381857783
96.731136033062,69.66555339695425,108.97163276763462,168.58204265456064
96.63553092556938,69.43980590300721,109.16284298261986,169.03353764245472
94.37574229087507,69.22901461274256,109.32681248344463,169.45512022298402
94.20322601808783,69.20384979799849,109.6718450290191,169.50544985247217
94.05202731581676,69.2912193329661,109.97424243356124,169.33071078253695
91.9884299313776,69.13734066602153,109.72783546416912,169.63846811642608
91.80710813411558,69.12867021778753,110.09047905869315,169.65580901289408
89.75741085281669,68.73455603181955,109.80945799510408,170.44403738483004
87.60417955475407,68.66133677697633,109.72837986340147,170.5904758945165
87.4248318338357,69.46462777423288,110.08707530523822,168.98389390000338
85.04951632362331,71.72592640443555,110.4674247940695,168.83157817119152
82.8301071981819,71.77592276729325,110.53190761484535,168.73158544547613
80.67769531667119,72.074899694268,110.46282235399165,168.13363159152664
80.84142021649126,70.2437491514724,110.13537255435153,167.43215049008336
78.48459356564709,70.10747313964875,110.50122851462567,167.70470251373067
76.5852867135583,69.82106732226276,109.94186135634124,168.27751414850263
77.25217342272745,70.23277035276215,108.60808793800294,167.45410808750387
78.3524485918368,70.70877394501989,106.40753759978425,166.5021009029884
79.71464998918688,68.94230546242552,103.68313480508408,165.76337651173262
81.0674943235927,67.28527816703973,100.97744613627245,164.86242896664197
82.4003831392788,67.9085394575381,98.31166850490024,163.61590638564525
85.8260801544115,67.8524383224761,95.55294195646225,163.72810865576923
87.12241942484431,65.96419968860857,92.9602634155966,163.45686084200338
88.42472670269204,68.05059854142267,90.35564885990115,163.28379339730205
89.49650147261295,68.41465314760217,88.21209932005934,162.55568418494306
92.70508840430827,67.68486612190776,85.70039723355809,164.01525823633187
93.98099208363263,67.69762992257237,83.14858987490935,167.8736116857609
96.88645230669222,68.63766053882048,81.23407624453958,169.88995726901408
97.74991281652495,67.46905353525031,79.50715522487413,172.22717127615442
98.41831311011163,68.39536581810499,78.17035463770077,174.27106037303437
99.0084819873722,67.64700573088739,76.9900168831796,175.76778054746958
99.48738288824134,66.70778338967065,76.03221508144135,177.64622522990305
101.81449824482323,65.83278410690966,75.29197691663438,179.39622379542504
104.19619945582909,64.87347479174703,74.45475349265081,181.3148424257503
104.56439317225248,65.61075570108711,73.71836605980403,183.77928219814865
104.889845063683,65.36337939309784,73.067462276943,184.2740348141272
107.04060664254729,64.81601144370659,72.72283128895197,185.3687707129097
107.44656260585026,65.92890177028359,71.91091936234602,187.1094624214734
109.37676538411004,66.26243987044057,72.02744156383088,186.44238622115944
109.60045567076801,65.28304958418491,71.58006099051492,188.40116679367077
109.55122190601159,63.51316531116825,71.67852852002778,187.9514132545629
111.82996970935655,63.140744950524166,71.10587183355804,188.69625397585108
113.91058099628157,64.67559334697484,70.92987431538205,189.6117822386238
113.99581807301607,65.77618151453858,70.75940016191304,191.40578577512488
113.97209304025998,65.39463971460482,70.80685022742523,192.1688693749924
113.84665867499248,63.20320030988344,71.05771895796022,192.52215820142015
115.8365283021732,63.402183848683464,71.11715635452686,192.1241911238201
115.67609613117828,63.53517356047499,71.4380206965167,191.85821170023706
115.79063144965588,61.211760793835296,71.2089500595615,192.46851077072702
117.85950076951364,61.38994686814473,71.11234879271515,192.11213862210815
117.84380792864604,61.237012968671166,71.14373447445035,192.41800642105528
119.83653202315887,59.01765743399132,71.19752371643499,192.8174800594047
119.67562692147015,57.73669709988977,71.51933391981241,191.33347218215454
119.72341838270268,57.9510399879741,71.42375099734737,190.90478640598587
119.7993516694073,59.520500149267406,71.27188442393813,191.78847353612542
119.65571034235097,57.40796195249065,71.55916707805078,191.98101777113217
121.76666340281186,56.76838117334958,71.37773059302592,193.2601793294143
121.53777747990227,57.06836954664266,71.8355024388451,192.66020258282816
121.30531905864343,57.22620461543076,72.30041928136276,192.34453244525196
121.2156389011364,55.328410620402764,72.47977959637684,192.08108851321145
120.87886995248755,55.64732999934252,73.15331749367452,191.44324975533195
120.39979705658581,54.297225243084895,74.11146328547802,190.08201732523693
120.03889088714521,53.227758689655815,74.83327562435919,188.1618696422962
119.51100228534344,54.58119204179786,75.88905282796274,185.45500293801211
118.76531659289688,54.38412787190239,77.38042421285589,181.82491475921677
117.84349260157998,54.09858220588811,79.22407219548965,178.39773487793218
117.10995291024744,55.531437111803385,80.69115157815475,175.53202506610162
116.10111599296111,54.8488428565708,82.7088254127274,172.93190995419695
115.14102888115579,55.959053194922745,84.62899963633807,170.71148927749306
112.05722528153807,58.551026664429656,86.83303608213632,169.49111309191642
110.89978564040248,58.89533019213572,89.14791536440747,168.8025060365043
107.46567150648312,59.71516279623056,92.00264398539866,167.16284082831461
105.92377735891277,62.106042064136574,95.08643228053936,166.41929288943624
104.53736904982239,60.358047652460996,97.85924889872014,165.83556425938448
103.33012167100644,59.30859909226993,100.27374365635202,163.81642613183868
102.08853943419076,56.61320028730208,102.75690812998337,160.9498353879183
101.02030403170573,57.71179335588903,104.89337893495342,158.7526492507444
100.23489080722683,59.81080945377627,106.46420538391122,158.6848073415277
99.91830895727313,62.8535425084259,107.09736908381865,160.9099014572576
99.79269251525722,63.756342624469355,107.34860196785047,163.30356483246138
99.54072374315021,63.304369100874496,107.8525395120645,164.2075118796511
99.46259211920716,64.65553133473738,108.0088027599506,165.76655645552708
99.359256073772,64.02913008040247,108.21547485082091,167.0193589641969
99.20424217569997,65.41300867780022,108.52550264696495,168.56120645584386
99.0121916019998,66.9687223908173,108.9096037943653,169.78766779288532
96.65522508098776,68.70207562604321,109.26085928388218,170.6836388749407
96.42261793823447,68.56364505222368,109.72607356938877,170.96050002257977
96.27232813219383,70.40296329763186,110.02665318147004,171.67574885650936
96.1625223986388,70.06843805213398,110.2462646485801,172.3447993475051
96.046495969628,71.71873588576285,110.47831750660171,173.46751295479626
95.93366600009844,73.74597808314155,110.70397744566083,173.8570249693488
95.72897089708133,73.68990682995125,111.11336765169504,173.9691674757294
95.58348496755491,73.61484737371302,111.40433951074789,174.11928638820586
95.5499122009193,73.33053455079131,111.4714850440191,174.68791203404928
95.30749883803827,73.67055237473447,111.95631176978117,174.00787638616296
95.16720111892946,73.8743621462593,112.23690720799878,173.6002568431133
94.9289725817259,74.49630575600769,112.71336428240589,172.35636962361653
94.72767916345168,72.90181762231047,113.11595111895436,171.08069060802578
94.54892750475952,73.58685499688917,113.47345443633868,169.71061585886838
94.38185001139095,74.27518236190099,113.8076094230758,168.33396112884475
94.3580510609124,73.06947872231595,113.8552073240329,166.3229862203521
94.37449289800377,72.13681334977045,113.82232364985018,163.79544590156905
94.29181168668495,71.56956298259895,113.9876860724878,160.57575695746212
94.1255475139358,71.08839580610314,114.3202144179861,157.2298468631256
94.04426119247225,70.6239563433153,114.48278706091321,153.89571514434536
94.27763139843306,72.0537189235358,114.01604664899159,151.03618998390436
94.77836938294644,73.59216076351335,113.01457067996482,152.12316639915198
95.01742405768405,73.16923127487348,112.5364613304896,152.96902537643172
95.09719259900649,74.16466214376716,112.37692424784473,155.1472141521667
95.15773848549891,73.41943286535971,112.25583247485989,156.6376727089816
95.12810760834748,74.80118226691152,112.31509422916275,158.09427261404585
95.1282094774532,73.92907937832759,112.3148904909513,159.83847839121373
95.35995819765486,75.14220984553856,111.851393050548,161.6817302072517
95.53548052359109,72.86174848005932,111.50034839867553,161.9529514837079
95.88595193369582,72.46895014199298,110.79940557846605,162.73854815984058
96.46129102842796,71.49504725756356,109.64872738900178,164.68635392869942
95.02116497514118,72.30209597188086,108.23053268431592,167.37070331132426
94.00833062129925,73.05420477974157,105.94107836106322,170.1816087265394
95.26107169620472,71.7686179811228,103.43559621125226,172.75278232377693
96.39758386179687,72.52264390885416,101.16257188006794,175.559771629847
95.73827790743866,73.18703991125939,98.16290471637832,178.54925869744264
96.43956056102243,72.1890021008217,96.76033940921077,180.54533431831803
97.31463305924629,71.15659653203386,95.01019441276303,182.6101454558937
97.93309448171254,70.40326335957957,93.77327156783053,184.11681180080228
98.20940265833443,72.23824780294463,93.22065521458676,184.76486038463705
96.58869223521322,71.97532627521514,92.144103047511,185.29070344009602
94.9291979110425,71.60326650877971,91.15604108178243,186.03482297296688
94.96738678039276,71.82822910934891,91.0796633430819,185.58489777182848
95.14527189126642,71.7201576032441,90.72389312133457,185.8010407840381
95.30302991428407,71.77459395905684,90.40837707529928,185.6921680724126
95.43796017338856,71.68611798274446,90.1385165570903,185.86912002503738
95.59544847494493,71.54176321380746,89.82353995397756,186.1578295629114
95.82797725023428,71.26603750179058,89.35848240339885,186.70928098694515
95.97821646474478,71.1274894253373,89.05800397437787,186.9863771398517
94.43421997219832,70.47376654923619,87.86777504107188,188.29382289205392
94.27277468666509,72.88736748604046,88.19066561213833,187.74312881295998
94.5321082725192,72.97967006165482,87.67199844043013,187.55852366173127
94.94922070408829,72.75737038792835,86.83777357729193,188.0031230091842
95.0242076042948,72.88324004087266,86.6877997768789,187.75138370329557
95.09206163255993,73.12533290836646,86.55209172034866,187.26719796830798
95.37889853071209,72.91709528516229,85.97841792404432,187.68367321471632
95.75541934537301,72.63918737588153,85.2253762947225,188.23948903327783
95.8254952557003,72.82419751684212,85.0852244740679,187.86946875135666
96.14058975998456,72.57254451477618,84.45503546549938,188.37277475548854
96.2547375263514,72.58460208918373,84.2267399327657,188.34865960667344
96.14469929952594,72.87428635731388,84.44681638641664,187.76929107041315
96.3142908029703,72.85554665366045,84.10763337952791,187.80677047772
96.44475305855264,72.86557350570443,83.84670886836325,187.78671677363204
96.56084061027221,72.83485450393559,83.61453376492408,187.84815477716973
96.55931810811285,72.92744960123359,83.6175787692428,187.66296458257372
96.66547291701778,72.98047977225959,83.40526915143296,187.55690424052173
96.80802914625517,72.80339647227714,83.12015669295818,187.91107084048662
96.89452537826689,72.71057606067706,82.94716422893472,188.0967116636868
96.8731723015625,72.83656965300639,82.98987038234348,187.84472447902812
96.8451804171579,72.98206273918458,83.04585415115271,187.55373830667173
96.66005566398493,73.20132012590915,83.41610365749862,187.1152235332226
96.56578167335681,73.45643884450615,83.60465163875487,186.6049860960286
96.34146496726834,73.85533230609555,84.05328505093183,185.8071991728498
96.37977246777656,73.9070044457295,83.97667004991538,185.7038548935819
96.33284838314069,74.10029940274799,84.07051821918712,185.31726497954492
96.54029827897438,74.18667730393781,83.65561842751977,185.14450917716528
96.55628303007038,74.20901528079541,83.62364892532774,185.09983322345008
94.78088451241688,74.04566857872172,83.01869722008533,185.42652662759747
95.050363836412,74.2833646436221,82.47973857209507,184.95113449779672
95.07395989432024,74.62340384343075,82.43254645627859,184.2710560981794
95.09166466211481,75.02566304573773,82.39713692068946,183.46653769356544
95.39985801018184,74.78336855578327,81.78075022455539,183.95112667347436
95.35272116888137,74.63524391807685,81.87502390715633,184.2473759488872
95.34455644161582,74.35740648682729,81.89135336168744,184.80305081138633
95.60626010714573,73.97387728625851,81.36794603062762,185.57010921252387
95.62887661946164,73.66373829960963,81.32271300599581,186.19038718582163
95.31850759983328,74.383406366421,81.9434510452525,184.7510510521989
95.26740874684207,74.42211295550796,82.04564875123495,184.673637874025
95.18478881035776,74.3329084950763,82.21088862420358,184.8520467948883
95.10906151898097,76.27735626363642,82.36234320695715,185.09048197624645
95.55800142108086,75.7083931058301,81.46446340275735,186.2284082918591
96.1727483868317,77.08408800696064,80.2349694712557,187.6111572882962
96.64177112658129,76.45532307161099,79.29692399175649,188.8686871589955
97.10188306152185,75.76402091905146,78.3767001218754,190.25129146411456
97.50277009935073,75.23769661470764,77.57492604621764,191.3039400728022
97.86006682466741,77.00744206244573,76.86033259558425,191.90298488840506
98.04668123264008,76.69288060290484,76.4871037796389,192.53210780748685
98.01424280416865,76.50001620130074,76.5519806365818,192.91783661069505
97.88762446185503,76.44201388147339,76.80521732120903,193.03384125034975
97.98314001031932,76.08482407690967,76.61418622428045,193.7482208594772
97.63767058904111,76.61676721981125,77.30512506683687,192.68433457367402
97.40793566542804,76.78670781814287,77.764594914063,192.34445337701078
97.2992758984357,76.94980977226291,77.9819144480477,192.0182494687707
98.71520616616478,75.51567699350967,79.30613268759143,190.73043625127528
100.9471853869005,77.58066446475655,83.16428431421443,186.60046130878152
100.61230369392831,79.5345077297321,88.00350840629403,182.69277477883043
109.85056436713269,86.14691255252173,94.71034311072859,177.86241715019892
97.8704482044921,84.82934835951352,97.4592948267392,176.25528941436124
103.61258414412677,85.46652648493847,103.03734133922256,174.98093316351134
102.62566960827871,83.22555657582832,105.01117041091868,175.1214348526619
104.57590917308352,83.87493207387868,109.86441072952381,173.82268385656118
102.57191630691074,86.04254469998494,113.87239646186936,173.92649606983878
102.51001534636423,88.37711279181141,118.50372899113975,173.76489049436321
102.90374722259008,86.02894580699417,122.29830640307523,173.8791832996105
103.0772332034241,85.97629319242832,126.59782999561436,173.98448852874222
99.19163212348316,85.39866465294647,129.6501809275135,175.13974560770592
99.85065652572557,87.5044319574115,133.11859012664522,175.71466900239238
100.89280224069674,85.03982124029233,135.88623564979235,175.79195348354125
99.36418673177324,84.95455563400202,138.94346666763934,175.96248469612186
97.96894977620376,85.01986174659363,141.73394057877832,175.83187247093863
99.33259379634808,85.20654984430581,144.00047669581915,175.45849627551428
98.47262292765848,84.97808495484749,145.72041843319835,175.91542605443092
97.61655669581756,84.66273964493737,147.43255089688017,176.54611667425115
99.36433358480693,84.45815723178642,149.03387073713935,176.95528150055307
98.7361139908227,84.05189678257051,150.2903099251078,177.76780239898488
98.36970817578843,83.32494047547243,151.02312155517635,179.22171501318104
97.91218836832591,82.8609318902673,151.93816117010138,180.1497321835913
97.55425816355596,82.66088112423259,152.6540215796413,180.54983371566072
97.2998569732398,82.36326951094784,153.1628239602736,181.1450569422302
96.93478256347655,82.06747260070689,153.89297277980012,181.73665076271212
96.50099554139884,81.85926905944905,154.76054682395554,182.1530578452278
96.26030355008615,81.56429871588173,155.2419308065809,182.74299853236244
96.06059815022613,81.51312613641026,155.64134160630095,182.84534369130537
95.99613125418276,81.31971565742862,155.7702753983877,183.23216464926867
95.85192425230119,81.32610134362886,156.05868940215083,183.21939327686817
95.7837773121719,81.0411707934896,156.1949832824094,183.7892543771467
95.660667744145,80.7555333467974,156.4412024184632,184.3605292705311
95.63524653205224,80.58228185012115,156.49204484264874,184.7070322638836
95.57307823107357,80.43207216406448,156.61638144460608,185.00745163599694
95.41880746995776,80.17442342827859,156.9249229668377,185.52274910756873
95.44044620023318,82.50995260513584,156.88164550628684,186.2398642351914
95.00294148971741,82.16409138122987,157.75665492731838,186.93158668300333
94.43317835154454,81.8543493101667,158.89618120366413,187.55107082512967
94.01906144082619,81.75420305956263,159.72441502510083,187.7513633263378
93.66593795132987,81.61206879153293,160.43066200409348,188.0356318623972
93.41503514736522,81.32113908599966,160.93246761202278,188.61749127346374
93.39169216080974,81.11127821799266,160.97915358513373,189.03721300947774
93.37793563911241,80.8893368628685,161.0066666285284,189.48109571972606
93.3806904347678,80.59262954982259,161.0011570372176,190.07451034581788
93.29507412600526,80.17599403220348,161.1723896547427,190.9077813810561
93.06327680168114,79.82428507716841,161.63598430339093,191.61119929112624
92.99801307284969,79.96189464069003,161.76651176105383,191.335980164083
92.78159263650568,79.72363218495758,162.19935263374185,191.8125050755479
92.54722686669656,79.55261571044213,162.66808417336009,192.1545380245788
92.28238220630311,79.3676749021445,163.197773494147,192.52441964117406
91.9636247134404,78.93969229254304,163.83528847987242,193.38038486037698
91.68405215301816,78.73850315657516,164.3944336007169,193.78276313231274
91.35522600815324,78.57564551271852,165.05208589044673,194.10847842002602
91.08409662378938,78.33384006706817,165.59434465917445,194.59208931132673
90.99195329790054,78.22088468045693,165.77863131095214,194.8180000845492
90.74521289297729,78.02905521219681,166.27211212079862,195.20165902106945
90.76307043950936,77.55065127320808,166.23639702773448,196.1584668990469
90.76380882687806,77.07905463704968,166.23492025299709,197.1016601713637
90.92665520403673,76.71488027536121,165.90922749867974,197.83000889474064
90.7837857014589,76.65736511267833,166.19496650383542,197.9450392201064
91.01337805846468,76.5130126137164,165.73578178982385,198.23374421803027
91.59487779922998,76.27932295492393,164.57278230829326,198.7011235356152
92.3206181025622,75.99067969374256,163.12130170162882,199.27841005797794
89.92362287371277,75.95673328654391,162.2153157746305,199.34630287237525
90.51080585033878,76.30246663159076,161.0409498213785,198.65483618228154
88.71333438732377,76.66856061028491,158.97914026720994,197.92264822489324
87.2684304091658,77.78864261580969,156.2568186924471,195.68248421384368
86.78460328873797,72.29345232027367,151.69082267538624,190.07191403116616
86.73511602017822,72.13303270922042,146.4161984595055,185.01915450027244
89.31913887436689,73.71138396219712,141.24815275112817,181.86245199431903
91.85058089245466,74.21290558687691,136.18526871495263,180.85940874495944
94.1024077125723,77.11563666144002,131.68161507471734,180.03436912266773
95.95445889470506,77.79793198517874,127.97751271045183,178.6697784751903
97.57326334211581,80.46527841648864,124.73990381563033,178.14765246789528
98.79046919238499,81.06740246390126,122.30549211509197,176.94340437307005
99.74820857069687,81.56248026654627,120.3900133584682,175.95324876778002
100.54149677493228,82.1391893505997,118.80343694999738,174.7998305996732
101.18666075317643,82.66681490851781,117.51310899350909,173.74457948383696
101.71510489495049,83.20011749707177,116.45622070996097,172.67797430672903
102.13695297823608,83.69185982681222,115.61252454338978,171.69448964724813
102.50107971220879,84.01324075361754,114.88427107544435,171.0517277936375
102.78716772719437,84.40437315307705,114.3120950454732,170.26946299471848
103.06567728704546,84.8936471198445,113.75507592577102,169.29091506118357
103.32190366583438,85.25322362530048,113.24262316819316,168.57176205027162
103.50170338413456,85.81347706839625,112.88302373159283,167.45125516408007
103.71031883334815,86.04462896635326,112.46579283316564,166.98895136816606
103.84755238548243,84.19976639587738,112.19132572889707,166.2988049431968
103.65353472735093,82.51418340445466,112.57936104516008,165.30504247040318
103.3153963157298,81.47595536129856,113.25563786840233,163.0251039397936
102.87013056775092,78.96666583272533,114.14616936436012,159.3772965422814
102.42902705839182,76.67103169268466,115.02837638307831,155.38315038144395
102.25496274041437,74.4873717539685,115.3765050190332,151.257314838569
99.98681443147078,72.63463883320243,115.72335948166788,146.58389636959615
100.1727896803182,74.72248056842632,115.35140898397306,142.40821289914837
98.26358387026053,72.74964804631789,115.11620862130518,138.24665397779884
98.25715782071529,68.94752323978321,115.12906072039567,133.89348153609905
98.22331903244273,71.05103412411137,115.1967382969408,129.68645976744273
98.18698014761786,65.63105016803866,115.26941606659054,125.10746672654751
98.55176839900028,67.44138271675826,114.53983956382571,121.48680162910831
98.91937051952067,69.1416204600541,113.80463532278492,118.08632614251663
99.67822673411767,70.44543787241005,112.28692289359091,115.47869131780469
100.17829399226608,71.71088821853152,111.28678837729409,112.94779062556175
100.62532408604018,72.72095143706872,110.3927281897459,110.92766418848738
101.1094617100684,73.59201377822562,109.42445294168945,109.18553950617357
99.68072792811512,74.4455866834647,108.83924397315444,107.47839369569542
100.19929553401418,73.36546404531666,107.80210876135632,106.23207885339787
100.77401810017125,74.05995188083234,106.65266362904218,104.84310318236649
101.33537646180318,74.49556078643563,105.52994690577832,103.97188537115991
101.76913119306576,74.86026517601908,104.66243744325317,103.24247659199303
102.182105324762,75.24387534533922,103.83648917986066,102.47525625335274
102.42499092325498,73.88332598878378,103.35071798287473,101.94736878121678
102.57622428446227,74.23498648099923,103.04825126046015,101.24404779678588
102.74912443651169,74.36368549289091,102.70245095636132,100.98664977300251
102.87380642104016,74.66843220181845,102.45308698730437,100.37715635514743
102.90223362872179,74.81382527961111,102.39623257194111,100.0863701995621
103.00256396103688,74.9678229422637,102.19557190731093,99.77837487425693
103.04177521915994,75.2200814879836,102.11714939106479,99.27385778281713
103.02086312171775,75.40630441973346,102.15897358594918,98.9014119193174
102.96086908515753,75.57361591856849,102.27896165906964,98.56678892164734
102.97396963857867,75.61567253512955,102.25276055222734,98.48267568852523
103.01634594593368,75.68092249597403,102.16800793751733,98.35217576683627
103.13585351155909,75.71330132732388,101.9289928062665,98.28741810413659
103.10162666507676,75.77823851092865,101.99744649923116,98.15754373692704
103.0694500167096,75.81534807872947,102.06179979596548,98.0833246013254
103.05970244710808,75.8115848075119,102.08129493516853,98.09085114376053
103.15902668872437,75.8188444955665,101.88264645193597,98.07633176765134
103.24399665277326,74.20422959194232,101.71270652383816,98.15674391919656
103.26824904973867,74.39751462774211,101.66420172990733,97.77017384759696
103.22101335003413,74.48255830776927,101.75867312931643,97.60008648754265
103.20481945968183,74.5582981095317,101.79106091002105,97.44860688401778
103.18827989869277,74.64547493254268,101.82414003199915,97.27425323799582
103.18902649296425,74.6402262508761,101.82264684345618,97.284750601329
103.10081221374104,74.57109697029675,101.99907540190262,97.42300916248769
103.09515510339415,74.45736733060559,102.01038962259639,97.65046844187002
103.25568470908117,74.24526809814363,101.68933041122236,98.07466690679394
103.3200657438343,73.97830920811175,101.56056834171608,98.60858468685768
103.35327769432693,73.61100130598246,101.49414444073082,99.34320049111626
103.40874249546441,73.44335172463781,101.38321483845587,99.67849965380559
103.46241335569493,73.14523499705467,101.27587311799483,100.27473310897186
103.64156140318741,73.09252253827341,100.91757702300987,100.38015802653436
103.70009483434302,72.79374584628209,100.80051016069864,100.977711410517
103.56047276309383,72.61622273056457,101.07975430319705,101.33275764195203
103.5282789857922,72.39437267925783,101.14414185780029,101.77645774456553
103.46671182052776,72.22529064489098,101.26727618832915,102.11462181329922
103.45367161384603,72.06841116619074,101.29335660169264,102.42838077069969
103.50483990539848,71.80260446498585,101.19102001858771,102.95999417310951
103.46113363175598,71.48420733279985,101.27843256587272,103.5967884374815
103.41713050213397,72.7967429706718,101.36643882511675,104.19804695197202
103.25218252108422,74.07437668963617,101.69633478721623,104.87993872849188
101.49595319894179,73.68783708584584,101.9557203527635,105.65301793607253
99.83219247508758,74.41107050834387,102.0139424698668,107.47585042168159
98.09171733040102,81.34332794666237,102.1961212398124,110.10519314218217
96.27128818018227,82.96993077783509,102.49423181391899,113.53748293249856
96.1349505010685,86.2341350768272,102.76690717214652,117.2119627769093
94.11882489499861,88.18198876055155,103.33679192788938,120.24098832225438
92.0314222494685,93.566490191208,103.9932041125903,123.54555788637863
90.02330568538322,91.34279199806959,104.42945851907618,127.99295427265545
88.10868448193222,89.23993755421174,104.60321107034095,132.19866316037115
88.01185956404554,87.68098347986326,104.79686090611429,135.3165713090681
85.6272290054121,86.62185799795496,105.79245211542465,137.4348222728847
83.24409582592753,84.55159900967664,106.73647958833897,137.75310136338652
80.937344473666,82.590720446561,107.50750625440573,137.8323824511615
80.97124063614064,79.78431144726814,107.43971392945643,139.58896568207362
79.05332086549043,80.65848489014431,107.3935830525453,141.72258921453283
79.1466161661365,81.41735654422087,107.20699245125317,144.11861185756226
77.3111565931199,82.04706301196677,106.93071399732419,146.80639652203263
77.6216257950032,82.98324810429622,106.30977559355759,148.9175314100794
78.23969430596492,80.85275630878652,105.07363857163415,149.17321368965867
79.19822652232618,80.0235543886487,103.15657413891162,150.8316175299343
80.50068287001878,79.66680123897746,100.55166144352644,151.5451238292768
81.67903384392632,77.51101883498552,98.19495949571134,151.90701748019484
82.97845070174017,77.17460685396378,95.59612578008365,152.57984144223832
84.33487360618456,76.44732291663139,92.88327997119487,154.0344093169031
85.63289088035035,76.07966999291162,90.2872454228633,154.76971516434264
86.98654861037728,75.00131883448022,87.57992996280942,156.92641748120545
87.79561545424414,74.00886169397087,85.9617962750757,158.91133176222414
90.11726372919823,72.79870324962283,85.131749551713,161.33164865092022
91.18397979715837,73.22419225564258,82.9983174157927,164.3153276421432
91.18673194453913,72.62986733001759,82.99281312103119,165.50397749339317
91.30007432483855,72.29930727835502,82.76612836043236,166.1650975967183
94.50426369855975,72.80362706222101,80.22253306312034,169.02124147911672
98.13491829251993,72.0740573923136,76.82354398693836,174.3427009306699
99.73380703670989,71.8298101802888,73.62576649855845,178.71131940709893
100.95656298719473,70.19769128282087,71.18025459758877,181.9755572020348
104.0231052556844,68.35277619944384,68.93725150634319,185.66538736878886
106.96034622470451,66.65027722499863,66.96549079945024,189.07038531767927
109.25611783429926,64.30349003199242,66.289700236499,189.8482070474534
109.2867607352247,63.42425143375672,66.22841443464814,191.6066842439248
109.20903908446316,62.90084323691052,66.38385773617122,192.6535006376172
109.05045526894938,62.58935590913917,66.7010253671988,193.2764752931599
102.7380422301468,62.605825411527576,67.41293991626165,193.2435362883831
105.10986578590067,63.71944081447451,66.65274994253933,194.99976262027465
107.27162950531246,63.46388267357983,66.32388067700306,195.510878902064
107.33479235462076,62.952570415133266,66.19755497838644,196.53350341895714
105.2651468781262,62.653128412075006,66.32864724760233,197.13238742507366
107.30137175719842,62.87286604286429,66.27531949895788,196.6929121634951
104.97665074763798,62.63156723382278,66.91287194841587,197.1755097815781
107.08661961885264,62.65131944332572,66.72334082123909,197.13600536257223
106.8152772276578,62.853990041781344,67.26602560362878,196.73066416566098
106.70768935140813,62.84785190349358,67.48120135612812,196.74294044223652
106.61082604247486,60.90710677172362,67.67492797399466,196.58982167721922
108.75924385586086,60.80777647341486,67.4140487704734,196.78848227383673
108.75145195042433,60.668595147631436,67.42963258134647,197.0668449254036
110.90417559626106,60.8437463149819,67.16247112311012,196.71654259070266
110.8945188024444,60.89992968123779,67.18178471074343,196.60417585819087
113.11159318354086,61.12825261986026,66.7748080317973,196.14752998094593
113.20097947914493,59.13351485072148,66.59603544058915,196.12376466130914
115.36524953697591,59.08595513684523,66.27713511991978,196.21888408906165
115.18012095711683,59.254694690744586,66.64739227963793,195.88140498126293
117.28660520132655,59.41803971650677,66.44154782981543,195.55471492973857
119.43684955370588,59.460519273506975,66.1397720812531,195.46975581573815
119.22268394026497,59.631943160329854,66.56810330813495,195.1269080420924
121.60460759416247,59.48467965335173,65.79918233174003,195.42143505604864
124.03183054169023,57.132291353369766,64.92982018939547,196.14112790330165
126.39182613315042,58.59143035101084,64.18925212112148,197.2022730226659
126.34129164522919,56.668671170164856,64.29032109696394,197.066858046577
126.31961434980049,56.72052525097476,64.33367568782134,196.9631498849572
128.57564302238023,56.50560085540653,63.80180321083529,197.39299867609367
128.3911452270135,58.5288055507023,64.1707988015688,197.32311762619278
128.23653828513315,56.576150647081576,64.4800126853295,197.2461153935981
130.39096595677506,56.349713290775654,64.15804939355868,197.69899010620995
130.49116890728382,53.92329495309322,63.957643492541145,198.56440737446778
132.41977103047225,53.88909436112225,64.096471811759,198.63280855840972
130.0371712375395,53.712909267415284,64.8621157062761,198.98517874582365
132.29456859583814,51.33946896494548,64.36594419322552,199.71343614721653
131.89318341180837,51.350275787119855,65.16871456128507,199.69182250286778
131.28684513725142,49.79315744426546,66.38139111039894,198.7717655157034
130.85866508235108,49.915582462271445,67.23775122019967,198.52691547969144
130.68652140439795,50.06372175200568,67.5820385761059,198.23063690022298
130.56871657828546,50.17626847022852,67.81764822833088,198.0055434637773
130.5696660544403,50.330214638126094,67.81574927602121,197.69765112798214
130.573924013788,50.38947353257268,67.80723335732579,197.57913333908897
130.62160605164263,48.1303881410721,67.71186928161653,198.04483232683515
130.0919368348283,48.93085417259647,68.77120771524525,196.44390026378642
129.73226613966858,49.5664922808231,69.49054910556463,195.17262404733316
129.55821843410587,45.81002971071359,69.8386445166901,194.58808356076628
129.0468968117449,46.06066164764019,70.86128776141206,194.0868196869131
128.12891003807263,47.35107868788498,72.69726130875655,191.5059856064235
125.44091559494173,48.20841159308098,74.01910376489477,189.7913197960315
124.80519116904303,49.025932578791554,75.29055261669217,188.15627782461036
121.86159802367001,48.60208937135906,77.12527239456404,184.9514977266012
118.89010273758294,48.31227518189654,79.02934233911118,181.4922054778992
118.1334510176651,50.090034579944856,80.54264577894686,177.93668668180257
117.35175400891347,51.47584871588141,82.10603979645009,175.16505840992946
114.39807324181785,52.804060819409685,84.02870051449379,172.5086342028729
113.28545822300312,52.44335006365921,86.25393055212325,169.2506235221805
112.14607869427189,55.13687757305766,88.53268960958572,167.83383634009175
108.97163661799536,55.934180942283476,90.89288532121226,166.23922960164012
105.751361401848,56.48232400883626,93.32780834531624,165.14294346853455
104.75634428249937,55.84022858125165,95.3178425840135,166.42713432370377
103.83540433207072,57.68048685062507,97.1597224848708,166.830380238555
102.89661919289732,55.351340629468254,99.03729276321761,167.36770216824763
102.39505349560505,55.71057650137092,100.04042415780215,166.6492304244423
99.56027057661484,55.84214162341736,101.54303025297207,166.38610018034942
98.64065330611098,52.78750029699343,103.3822647939798,164.1186815469176
97.76586360404843,54.04887980113362,105.13184419810489,161.5959225386372
96.95041404080006,53.15725411416028,106.76274332460164,159.20233240695438
96.3701852000177,53.72768255427992,107.92320100616635,158.0614755267151
96.04885881456187,55.5434376310521,108.56585377707802,158.60005441695657
95.87201227401732,58.64322620972354,108.91954685816712,160.7781794163492
95.69090797256446,60.14499046459814,109.28175546107283,162.0021844906873
95.5456247554608,59.81225606786215,109.57232189528015,162.6676532841593
95.41284299092034,59.27504172209359,109.83788542436108,163.7420819756964
95.36818457406599,58.90426529496273,109.92720225806978,164.48363482995813
95.31785207926961,60.34646114643145,110.02786724766251,165.8992691937435
95.31080903013708,59.489523296208134,110.0419533459276,167.61314489419013
95.31145972172266,58.49356055396996,110.04065196275646,169.60507037866648
95.36754346583442,57.56594818033801,109.92848447453292,171.46029512593037
95.35216844810108,57.101418004983316,109.9592345099996,172.38935547663976
95.37130076092379,58.68613597081868,109.92096988435416,173.6390974020313
95.37554178156455,58.40981853065897,109.91248784307267,174.19173228235073
95.3760497972101,58.12794545966716,109.91147181178154,174.75547842433434
95.42253765317997,59.93533389310352,109.81849609984182,175.5944744596485
95.3329830401548,59.91079744118731,109.99760532589217,175.6435473634809
95.25114511071806,60.0668257175833,110.16128118476563,175.33149081068893
97.25757122383295,60.05114968432298,110.61499751665198,175.36284287720957
97.2209300321458,59.90228004421874,110.68827990002629,175.66058215741805
99.38024852022303,59.625478200869495,110.84995984363495,176.21418584411654
99.37004687808137,61.45421599356311,110.8703631279183,177.048011934685
101.44819966372548,61.32922261340957,111.21816306524212,177.2979986949921
101.31630696590071,61.213066157480455,111.48194846089164,177.53031160685032
101.142607509194,61.35895985696223,111.82934737430509,177.23852420788677
103.22014037793407,59.60649150508772,112.1973028280502,176.22043972041052
103.23252317836167,60.07138228201971,112.172537227195,175.29065816654654
103.26831906753017,60.33228678427021,112.10094544885798,174.76884916204554
105.57591707231579,60.65542171966135,111.97635419102201,174.12257929126326
105.44646528684979,61.01701292465263,112.235257761954,173.3993968812807
105.27296268777317,59.16994958276895,112.58226296010726,172.6211964911232
104.9677647297258,60.06458025958608,113.19265887620199,170.83193513748893
106.68029973731274,59.482560413596985,114.2173315973176,167.54623209317765
106.24900405563544,59.16458191243251,115.07992296067218,163.76488133754833
107.94638154324133,54.694812625426835,116.05966014832335,159.5809434229708
111.84743115733605,54.70227446677582,116.91205876107442,155.23877081980257
113.62773162182644,55.11895762448566,117.62665944510044,150.1302028913761
115.41347855549778,55.35315876909196,118.26403484464007,145.4529313352812
117.10501450073679,53.75918513890048,119.02846437695767,140.3458757500729
118.88073785438564,54.146220286621244,119.5582026089732,135.49062051531814
120.91649529808598,54.34783891845214,119.50124495406475,131.07282601916413
123.21012953708524,56.219228804326534,118.85897277069694,127.33004624741534
123.59154489229094,56.16291904665162,118.09614206028553,123.5662471585604
126.08259557726815,56.0764834106113,116.91950386398392,119.93365525698826
128.4136803074887,55.89898799627754,115.98722990555505,116.5587505836435
130.93034337445857,57.44222125967079,114.61604243166514,113.472284056857
131.40904585144523,57.07541219623292,113.65863747769183,110.6139713245293
131.78835910331384,58.06587439199572,112.90001097395464,108.6330469330037
134.00520545513743,59.027275435633044,111.95486605584087,106.71024484572905
134.28819225398195,58.389817514221434,111.3888924581518,104.5418632635045
136.33450593605426,59.28375293071699,110.69632201746114,102.75399243051338
136.68391468482326,58.50369232724418,109.99750451992315,100.95327316157329
138.74325313632517,59.20204110952417,109.20012371459265,99.55657559701332
140.75772795595128,59.88874971844783,108.45780409474784,98.18315837916599
141.11333832783373,60.349908623492055,107.74658335098293,97.26084056907754
141.50898988579567,60.58229992879735,106.95528023505905,96.79605795846696
141.7400617540673,59.23459775213391,106.49313649851572,96.28377711693133
141.84578213856,59.360946324724495,106.2816957295304,96.03107997175016
143.42926053196348,59.381663874405014,106.29974436115407,95.98964487238912
143.43840734806193,59.35077124042086,106.28145072895717,96.05143014035743
143.51078437300214,59.32720845738484,106.13669667907673,96.09855570642947
143.49343996342122,59.39430384660308,106.17138549823855,95.96436492799299
143.5226029122298,59.492994179337614,106.11305960062147,95.76698426252392
143.5325634430927,59.60660005886115,106.09313853889562,95.53977250347685
143.60331304049257,59.729043040076775,105.95163934409591,95.2948865410456
143.62939868979564,59.76697108463661,105.89946804548974,95.21903045192593
143.68761382311575,59.822498529934634,105.78303777884952,95.10797556132988
143.8358621859751,59.953387197391685,105.48654105313086,94.84619822641578
143.9693465010477,59.97630446088793,105.21957242298558,94.80036369942329
144.10585344637468,60.017962362601466,104.94655853233166,94.71704789599622
144.28347630642554,59.9666148066624,104.59131281222997,94.81974300787435
144.34649264634544,59.88976495373917,104.46528013239015,94.97344271372081
144.37705279436713,59.75511298638275,104.40415983634675,95.24274664843365
142.99783898706065,59.554217888170854,104.01936934687298,95.64453684485744
141.38647986047673,59.4195042511618,104.09846568766396,95.91396411887555
141.40757537013494,59.34250654167081,104.05627466834754,96.06795953785753
139.9035697820936,59.24677526326744,103.91335085610854,96.25942209466427
138.30479872975724,59.246129886721974,103.95914198332012,96.2607128477552
136.83900463474896,59.22670234431251,103.73824433155255,96.29956793257413
135.39401882615726,59.19303387851754,103.4785587499828,96.36690486416407
133.80235366381405,59.17111585777536,103.5152146352408,96.41074090564842
132.12804995763864,59.200513743213186,103.71587881295136,96.35194513477278
132.08328114812613,59.327515436467344,103.80541643197637,96.09794174826446
130.4578959621333,59.30884265375438,103.9086874567146,96.13528731369038
130.495765407959,59.40416565679163,103.83294856506318,95.94464130761588
130.62802531422108,59.44734494300842,103.56842875253903,95.85828273518231
129.1347052028269,59.60913840379962,103.41507768035808,95.53469581359991
127.62893434842917,59.63240897442494,103.29416660145505,95.48815467234927
127.63477075937081,59.58126333344851,103.28249377957177,95.59044595430213
126.09799988654885,59.554478734424514,103.2247639199695,95.64401515235012
124.33713667050911,59.575671830599404,103.61526745223065,95.60162896000034
122.84089602500158,59.553588252722754,103.47110940368273,95.64579611575364
122.90539912814657,59.45228785533707,103.34210319739277,95.84839691052501
121.58613316062244,59.29968276444659,102.84433187125313,96.15360709230598
120.19087675732987,59.11671972941116,102.5014617256267,96.51953316237683
117.169777477851,57.22645015510393,102.27599039682416,97.16623736711114
114.18708592188537,56.61269086224825,101.96024396638482,98.3937559528225
112.744213264051,55.71847588016881,101.69093315747844,100.18218591698138
111.21759210561329,54.849127636989344,101.56509343385889,101.92088240334031
109.5022051894455,55.28306295536139,101.79136493428224,104.25751409850844
107.84695261168443,56.93747037415499,101.85706395741153,107.43831152570696
107.57764921944305,60.363051756397724,102.39567074189429,110.47424027487963
106.99210567214155,60.727980306896086,103.56675783649729,113.09606166380757
106.31267661693155,64.84316617945213,104.92561594691729,115.09925322025504
107.75800795759707,67.02664508452746,105.49898569852219,117.6603602759763
107.61686098202327,69.29016671350288,105.78127964966978,120.15934809656369
107.42006583619316,71.67982455606803,106.17486994133,122.49266949988962
107.15988950557674,72.32225161517802,106.69522260256284,124.8065860519857
106.90717955273419,71.08849698640722,107.20064250824792,127.2740953095273
106.55323012656282,71.75338304786473,107.90854136059068,129.63345432893425
106.35586657700121,70.46949923517127,108.3032684597139,132.20122195432117
