153.5,105.5,26,43
152.5010004235709,97.38551256010983,26.9979991528582,43.1322462334003
151.74199811844105,92.9229648365663,27.41892160099979,43.280684383542315
151.631508688801,85.51878942055035,27.63990046027989,43.706456389651045
151.4196600282227,79.76111916196413,28.063597781436478,44.057598660421746
151.35497643105757,75.67232874320855,28.192964975766774,44.333837418357405
151.234794804227,73.33953681487927,28.433328229427893,44.45917661613366
150.54468010018937,70.84753593979651,28.672601038819515,44.87935197156449
146.3375158149004,70.22818759157633,29.028198116571225,44.966801311886826
141.54202899971824,69.32214289149861,29.35119081642673,45.62039309572864
136.09386569510298,66.8409058069009,29.684356999033245,45.888129297535606
128.61885222491114,64.89397407193174,30.43527669831374,46.23221595719815
123.67620454834199,64.77250890410785,31.914007743713046,46.47514629284593
115.8926219233369,63.4412019561553,31.50236689229174,46.679482326992336
110.30240280315493,62.16427206943624,30.42883758212126,46.782548590323586
107.41182948915694,61.25058731440363,30.164536032765348,46.19173882944804
109.54507136557872,59.513674547121894,29.48551351877639,46.07810312515691
111.45341352252446,56.91950450551263,30.39996631617487,45.352521819263
109.66820966593974,54.45613603475311,31.596117167493603,44.343616606155265
104.55066043106606,51.380323422046644,32.29776287918763,43.345152263028204
99.41136565369467,48.525482622752705,33.07197871691984,43.11460028848447
93.74419603605949,47.36545428199142,33.631698455131925,43.04029708177188
88.1175297133303,44.42941050982045,34.03860802592794,42.88659402907918
82.2826610024297,42.19989527945088,33.6141904765918,42.507962501363394
78.22781131559704,41.80057063799176,33.34680207357244,42.109884959040954
74.87808864618036,38.62498675943668,32.92851183500983,41.343317138755175
75.08442064095104,39.4743102750463,32.515847845468485,40.812426977837475
76.58995902422522,40.187463485955845,31.810624412395303,40.53904722275599
80.94285636732408,40.8474030137787,31.06586079285599,40.356458319490045
85.11995950210083,41.53518287344434,30.56831057554661,40.10327803619364
88.5653425942192,44.56850392304617,30.33996317063951,39.58865158643137
92.74669137193308,47.87156567242317,29.669057916151306,39.5754929170541
94.09983696118744,51.50756990507932,29.13811055715142,39.91718782002263
98.23523769935234,56.57073549230928,28.456484116296444,39.54836740545895
101.83153732367765,61.77443262664909,27.668136761097173,39.81472629253159
105.58856483619036,66.572284950531,27.562949694820595,39.744709020301975
110.12916459557455,70.71781399087462,27.98227785604692,39.89856443294336
114.2091921639231,71.05023270100847,28.341133331083682,40.29859083914239
118.02727358628097,70.53163961438233,29.319628209944167,40.258944796947645
121.99878516304773,65.23701691726521,30.11528241180885,39.92484349693416
126.14017339552973,58.6812152888264,30.634796149977042,39.83301144911344
133.20276375118635,53.87992961103123,30.90533765335925,39.46931357914539
137.37363598322557,49.33611098338902,30.30705496255098,39.7072802364068
142.4840208533669,44.972708990986675,29.987191754576614,39.63327841471523
147.05882244539907,42.182421737308346,29.58759904365602,39.745096376357
151.56620603021688,42.42651022321546,29.284193301890195,40.34583958302648
155.99787930326684,41.66561306299213,29.16541674780782,40.774562654470955
160.02617624720781,41.99525066474456,28.792143226103367,41.21290464613431
161.73446153189448,42.393264218865326,28.669857631540847,41.514972529496355
163.43384456679647,42.64638758294703,28.572997900637876,42.10936124763328
165.1564951301444,42.25404502898397,28.451676443971927,41.78605313221609
168.2711943663515,41.34119150089247,28.828946777707895,41.4095372530157
172.5847362792152,39.628840020526276,29.015248698337224,41.52922055886428
180.24787725344825,41.45065475930514,29.180779790485513,41.20526530429536
188.48990739142226,43.265235241461916,29.262577262978773,40.889275889670046
196.60643954722616,47.31239861596602,29.5438202725774,40.50162589055819
204.20579238463324,51.40259957735368,29.740890246494573,40.01911179214852
209.23502367798926,55.56020542265619,29.542806309989,40.46868112394925
218.40093047389325,61.496332855096966,29.89707890628616,39.588241663835454
229.98650944251477,64.59546371260421,30.740968724749386,38.84794534784511
234.81157042817378,67.51031532022549,30.937095895544573,38.48838054488769
238.46158705185104,69.10225710497743,31.278938721704755,38.57958672117582
242.27533710825918,73.12314668854042,31.341857967434077,39.32685824953049
249.1716818674282,84.86642175463444,30.882556655643327,39.17373747880022
253.42735473039653,89.77249425606352,31.181734222889425,38.172115769124844
255.19791401968254,94.13496466626484,30.913011927218307,38.173565036458086
255.62585892729578,98.25015272959874,31.143596621867665,37.54851047892157
256.0535344221146,100.02080512499711,31.36883486850025,37.248973396935206
256.1121593050726,102.87590868919938,31.25158510258415,36.936781442754665
256.33232330124883,106.22550790756742,30.81125711023168,36.67497738078683
252.7229334140317,110.22927482549423,30.597633236941597,37.161619142332526
242.80800465764167,120.20874134055771,30.17686519146581,38.51913406826441
229.2817719450586,126.34117849138599,30.23356316930203,39.21222814132621
212.95900631913506,135.64223469239226,30.138685298520194,40.254361212891
