310.5,102.5,39,50
309.8876531123478,101.07738485304577,39.22469377530444,50.44633433143669
308.34281404746133,100.22059670940699,39.49562172593547,50.75053552914331
307.5037229653614,98.00055736072008,39.75537032465424,50.935313530073714
303.9439772602799,97.9726708774042,39.74744100888353,50.991086496705464
304.12655544026666,96.43740094088429,39.382284648909994,51.209210419781314
303.3541571985751,94.88869594057269,39.50348609252734,51.4594303408731
301.7684420477115,94.0917603484703,39.81613619415557,51.62391142502837
298.9883768691255,91.10521172867527,39.62828202527716,51.84902413856797
298.1838512383642,91.1831930579715,39.79996317531679,51.693061479975526
298.15417002687116,90.33438531388484,39.85932559830285,51.952888409743025
296.70885141338454,89.59479074624842,39.864517907300595,51.98935508602819
296.6577326406442,88.84166323026737,39.966755452781285,52.05224645257246
295.7436619105589,88.88890335501448,40.34890669772961,51.95776620307826
293.6862528941237,85.25868848965504,40.11141000554878,51.964338058711704
293.5980474735889,85.19795452608182,40.287820846618345,52.08580598585813
292.79911145909284,85.12035496734613,40.433959345436605,52.24100510332952
290.9014432621747,83.64504417512765,39.85984335942404,52.27865843453398
290.98538696090185,82.85098080546186,39.691955961969825,52.41908389568242
290.3973739514342,82.88351626610229,39.420880232548534,52.354012974401535
289.0236634954962,81.88368355649129,39.284937717149504,52.911996679986046
288.3566753309791,81.893802555772,39.17096407324938,52.89175868142464
288.1305801572069,81.19820247560872,39.62315442079371,52.837183206234656
286.06743907826456,81.31522157623452,39.39239843321532,52.60314500498308
285.4106112958709,81.43942229394338,39.26104453711563,52.35474356956537
284.6629134616285,80.71437976241816,39.31736035824207,52.365748785257416
282.48358099824617,80.75388023277338,39.35552058385755,52.28674784454698
279.9673785545691,80.8850572596984,40.06915851885297,52.024393790696934
279.8594984081463,80.9199239403439,40.2849188116986,51.954660429405926
277.0342295199427,81.04602177930676,40.13672627198763,51.702464751480214
276.2413889236868,81.04359528230435,40.278991019449734,51.70731774548503
273.4826623263498,80.99941736569528,40.01322178181448,51.79567357870317
271.88514223969486,80.20731347339803,40.32260257727071,51.93705167437087
271.09576625390105,80.22843605933728,40.45132766921665,51.894806502492365
268.1439764867148,80.13521639838615,40.549004521936865,52.08124582439463
266.5310821347847,80.08224238455719,40.86296301640732,52.18719385205256
265.6425484674785,79.265951805285,41.177388983522185,52.35713364309938
263.16060280963745,79.19096813880937,41.73022484800559,52.50710097605066
261.76994949496714,79.72613626085223,41.54828279239322,52.918389074441436
260.4546572796813,79.51828591439289,41.20893172748714,53.334089767360084
259.14613919979985,80.10551007329434,40.85436349139317,53.64544364748559
256.4063206938537,80.72925357384513,40.394905027409905,53.882730515352925
255.69981177554993,80.77496480020348,40.32703905603859,53.79130806263623
255.22668790057136,81.35094359996036,39.794904617482125,54.11773265163606
253.06054425299376,82.00953972920266,39.7032932521303,54.27517327998716
252.23414372717616,82.13288249455316,39.88057289345407,54.028487749286136
249.87746543524892,82.15522652817037,40.16988621763454,53.983799682051696
249.64486052915623,82.24169752087019,40.63509602981989,53.81085769665209
248.74719376212215,82.24065696683674,40.94671442034633,53.81293880471898
247.89083715739775,82.27592858392225,41.17059246226281,53.742395570547956
247.77207787719988,82.33416748070316,41.408111022658545,53.625917776986135
247.94638615384164,80.1894471897554,41.05949446937499,53.434847413864084
248.65873164125802,79.78237326047196,41.11970953541875,52.76408923155445
251.82303818945866,76.9008209771177,40.69365352494903,52.62463671233135
252.61648165364582,77.05941943258676,40.57334012694529,52.30743980139324
256.74265547161207,71.94170684416241,39.61983431593738,52.324486423347494
257.5865678288811,70.92198795833538,39.3764918194959,52.91944197690509
262.71540100532883,67.19043766046546,39.265760595939405,53.13473176597418
264.87299712181476,62.35385783264998,39.30363520366719,52.65073545997231
268.90970265908885,61.86013894052833,39.89591413412962,50.7496099092121
273.2740379146186,58.12798964501704,39.71681167092056,49.66434045238418
273.03986268375996,57.283148746879526,40.1851621326379,48.54322986792364
276.9696022859951,55.93060749887721,40.700163826602676,48.45681873111659
280.8462475166103,53.65675736692841,41.363180989439115,48.79636518298078
280.66975849575806,53.35876078958263,41.716159031143604,49.392358337672334
285.6259799411518,51.666698305126246,41.83825894127779,49.90947107775035
288.55753541483926,51.749635218259414,41.74893899699933,49.743597251484
292.0547660377341,48.864914287505655,41.951735423754904,49.75523297495524
294.16738801095,48.923543707626884,42.05518104771629,49.63797413471279
294.8494975071488,48.15027512013309,42.13371381772126,49.74175954729773
299.8526431605603,45.059304471777054,42.24674250093728,50.14123227827316
300.455104855722,44.17658528718797,42.4954193297327,50.45307042833251
303.42566500915717,43.15701643603073,42.40395510821554,51.02979410930871
304.9207415613541,40.854353593456935,42.35346038323616,51.22563222533452
309.45786180927615,40.81771477929529,42.11139826962369,51.29890985365781
309.56929071620516,39.91256366127257,41.888540455765714,51.63996353377669
312.2703552647821,38.52066174531454,42.3699597218418,51.48199318407771
312.1235153567949,37.11627693994745,42.663639537816294,51.33828082943195
312.9112372924284,35.17306136453449,42.56696422407771,50.788406307672595
314.3322958841536,31.52653095553979,42.66232177578922,50.737780287756834
315.06122122291816,31.885501201108422,42.67396377234378,50.01983979661957
315.7606252891305,32.15166621279006,42.73375415909311,50.946108292430274
315.7758686028289,31.36890694465438,42.70326753169625,51.037771266805855
315.8344035191624,29.20563128604757,42.58619769902929,50.939990354141145
315.8501482860124,28.41756646657327,42.55470816532923,51.04473619734868
315.82531693233955,28.142811746491944,42.60437087267496,51.594245637511335
315.860117199565,25.749023151663827,42.534770338223964,51.93656401851108
315.73141591181536,24.89205818874389,42.79217291372329,52.16459940145526
314.92183304032005,24.878137290226995,42.9177785444643,52.19244119848905
314.90331917145465,25.580282499356827,42.954806282195094,52.28416810715089
315.061151079124,25.53669862294454,42.63914246685642,52.37133585997546
314.41648594418126,25.62462703391696,42.43420841435101,52.195479038030626
313.8282024205123,26.45092617060061,42.122527564985305,52.03112866136706
313.10065453971856,26.52155744163723,42.09694269768161,51.88986611929382
313.02924122244906,26.500675779873276,42.23976933222055,51.93162944282173
312.31622836534376,27.311151133543994,42.18474569692158,51.79172808498991
312.22733413588,27.258210530079005,42.36253415584912,51.89760929191989
310.745082752613,28.088285098497437,42.36201333913217,51.71997194670851
309.31780662921176,29.023157463510103,42.25702028150812,51.32999986889641
308.71031678233754,30.660865451306734,41.999921144800744,50.99874155421479
308.2871249827039,34.92108633196469,44.30913553042308,49.7924537246745
308.6019620789082,35.20026765292972,45.16074703126739,49.23409108274444
309.4105425159287,35.62093044672815,45.029772989374706,48.39276549514758
306.8159544118661,36.80922128853296,45.80600094030127,47.48716656393749
303.83196442729405,38.962467407819275,45.89748449681057,47.58804663484095
307.97488097367255,39.47815680251416,44.97241593996783,48.02882075263405
305.44438378002997,39.99967651120318,44.175855676294454,48.450169997995665
302.6856317063076,42.66116599077593,43.860202840145234,48.96034802244401
301.0788379190593,43.51972650063146,44.15141198971678,48.704416215195536
302.3349079030633,41.588598369504844,44.56298597608244,48.18110154588821
309.2638377268404,36.7161791204444,45.307715648937645,47.70412751972256
307.6535822217762,36.16506561076641,45.598962878666065,47.34172264887856
306.12400745193173,35.942453356076896,45.730975392881106,47.78694715825758
306.2835553209572,36.73310462197909,45.41187965483017,47.678278836962676
307.19354423521327,36.750695245606806,45.057779951314245,47.64309758970724
309.4683518151132,38.23414891376967,44.88730799256047,47.595619054078874
343.0874779621045,27.416454539135334,43.181111866414035,50.29952491041707
343.2570518377861,27.720934848584413,41.37089553052914,52.63270146056266
334.1205311743481,27.73207735908801,40.433663400161755,55.5658431252852
327.1523626246773,29.29977841729776,40.806095429622246,56.95174269882605
321.9128192217689,28.108411249649492,42.07977041265936,57.80024173032599
321.9672920950287,26.739120022172138,41.97082466613984,58.97078884425834
320.9194551542346,27.175029231113434,42.48251274937675,59.68295622472715
320.5313899419348,26.833191225667612,43.25864317397631,61.96982664403639
325.0672891505078,33.84204033109159,44.09031756985519,62.80733765272585
326.435176866324,37.8414391320238,43.03150615570357,63.193360138265504
329.4463220883965,39.03594820803454,42.005063058257285,62.4696244351436
329.3013407696817,41.052545986569825,42.29502569568698,60.073789568352275
328.8680687650403,42.957045779807345,43.161569704969835,57.87080765269195
327.8312419250175,45.09789840280771,43.64838349139478,56.762782193932324
326.80458543390586,46.9894849042063,44.12379359269298,56.13541495298524
326.8307796271888,48.03509364412214,44.071405206127096,55.620247305380815
326.16407409325546,49.06948675040245,43.83750483074115,55.11877253607279
323.9890927876737,49.26188231808999,43.519968942094586,54.733981400697694
323.42431916711683,49.254577773103364,43.10473139819174,54.748590490670956
322.8004862947439,49.93400942423865,42.814129801962096,54.92799452937584
318.33568754247904,49.75581125573998,42.526000598585426,55.28439086637319
318.62205967360705,49.51346361157101,41.95325633632936,55.76908615471112
317.3591713883112,49.24369636580629,41.408863483264476,56.30862064624057
313.5006825017072,49.14071743310785,41.45394481549639,56.51457851163744
312.566521891054,48.37154903475358,41.78401899767276,56.5146682692159
313.04792191638126,48.36857886769032,42.36487822801132,56.52060860334242
311.2035060399369,47.61342358968372,42.947194781437716,56.477661559624465
306.7244560594342,45.50829863072233,44.094710206098895,54.43944384847187
306.49358495888737,46.666665074933775,44.55645240719247,53.67229054312935
303.23676348587105,46.72743093567565,44.88912276727778,53.5507588216456
299.68363635066396,45.99784647277272,45.80044354115216,51.912460999181576
299.44023662271104,47.691179555955706,46.28724299705797,50.063827965466615
295.6259783030427,46.236425884587995,46.330518237472994,48.422190468849024
296.98071525379083,46.910958318856814,46.60519982591034,47.07312560031139
296.4876537111023,46.11985433225185,46.11607829297191,47.18008895520594
295.7847282744909,45.92997579860433,46.05272207325868,47.55984602250098
295.7716880428835,47.836057901131284,46.07880253647336,46.696013629634415
295.09197462332133,47.31480501457761,45.97721673161434,46.277506758758406
294.8485010058194,48.29532174715489,46.46416396661824,45.76930166068132
293.90639959326603,48.327562952119,46.89588157500705,45.70481925075309
292.934619118255,48.06766745260375,47.38119392937745,46.224610249783595
289.3676009906492,46.685906625780596,47.14483507958854,46.03997386142969
289.93105536679724,47.58531397852717,47.485377845878844,45.708610674522895
290.4075974177128,47.20752840227986,47.999848926870776,44.996626644194436
289.64736841403135,46.66003761503002,48.05598643743019,44.627287721890646
285.9378929019533,45.99489159630349,46.71896097988542,44.498250345726895
285.86159781401403,45.400906337027585,45.4351660677145,44.24983577622923
285.038661235686,45.5812459861203,44.25637643480033,43.8891564780438
284.8123324785855,45.049704968912,43.32091833199509,43.56412289545419
284.36830094669705,45.72098392375645,42.84071437007849,43.589832011458924
282.57129189435915,45.344134457927254,42.35143791839378,42.982432757663815
280.7656089874285,44.26506029795524,41.93130983728068,42.452918480958246
280.8061571505904,45.14938905939907,41.85021351095676,42.013140096439514
280.9154400478523,45.31924280132915,41.63164771643298,41.67343261257935
278.3424533686018,46.15628769507205,41.53005712475087,41.31123381263932
279.98559519786113,46.88797289278198,42.157531829316405,41.15244953824755
281.05988193658715,47.683489106584986,42.63284703354688,40.873361451482786
281.11847435132626,49.08395579288916,42.515662204068704,40.702398922514135
281.28644778086317,49.84374210756222,42.179715344994854,40.49326916344943
280.9261274059186,49.17233345874454,41.59848705284124,40.53421741904201
281.06101185711594,50.00679993535728,41.32871815044651,40.15868573530772
281.78282256936853,48.93796806822278,41.16832985787711,39.729883205705235
281.65247573692545,49.557473392593195,41.429023522763316,39.76480981496217
282.3869372359841,49.55721056776093,41.238676419826604,39.765335464626695
283.1389839376872,49.539598113425804,41.01018399411493,39.80056037329696
283.9140168781532,49.48029080471072,40.73269261773999,39.91917499072712
284.6468762151139,49.43250383360203,40.5370659419335,40.014748932944514
286.00745011018284,49.515844885680245,40.35296985322543,39.84806682878808
288.72165831319364,50.26572530412618,39.97656222553155,39.61130818647814
290.18738152483263,49.78110610277552,39.55181378267467,39.32719759896891
291.64360443683495,50.29217785198101,39.123743751720795,39.54724199708332
292.47804598505513,50.28143618778978,38.69376932895928,39.568725325465785
294.40652887018166,50.841031220874434,38.53418648406019,39.681996234414456
298.6841782483663,51.569763836184464,38.60091198595613,39.45624875497514
300.0569042336604,52.24813792311375,38.313916366650695,39.32872875675791
301.4672752958053,53.010773633104776,37.93855966341158,39.02615004730117
305.19959776372673,53.036902319282795,37.74598924006763,38.973892674945134
305.30980100109275,54.1190982649448,37.525582765335564,39.22579764339817
305.9838590057214,54.74949163763874,37.386075768970656,39.17361991090263
310.2548249942257,55.014121146582696,37.28322015892535,39.84994323115234
311.5489459303471,55.34957861573048,37.12403297015923,40.39355563459507
311.5848379314074,55.91502073296634,37.05224896803864,40.48314933747267
313.31387553045283,56.597255864392984,37.2563667955427,40.339410083151066
317.551327763308,57.68376209189579,37.3336393968889,40.6098767901616
317.26843933020166,59.139809961981285,37.899416263101614,40.15215271384988
317.803128732537,59.86128513154422,38.05906802851429,39.938232944807474
318.3648121109253,60.4929543462577,38.16391609851566,39.903109342158515
323.13973160923103,61.9171726708384,38.448682711648345,39.513324095433155
323.57709879527,62.17609813367201,38.80166785856785,38.99547316976592
324.64573541460464,63.526021819430184,39.11469637354409,38.74592755189517
325.09606660967705,64.69196023418826,39.440182103109805,38.86634696179991
328.214688448515,66.83640461760746,39.36876546682531,39.51011982807462
328.78751680821716,67.25136011905334,39.46529541877146,39.92239549653333
328.79868381549596,68.24535328456875,39.44296140421382,40.43479851753703
328.7500792743362,68.5098251893776,39.540170486533384,39.90585470791935
328.9377433893599,69.85567630479821,39.16484225648597,39.716382864226816
328.9858573107677,70.43781978775837,39.06861441367036,39.79431232460658
328.87408110990174,71.67779523696943,39.292166815402325,39.79820684345655
329.0076430516966,73.15905770850695,39.02504293181249,40.5722158658836
329.0715796099936,74.47593674488192,38.897169815218575,41.69878060695563
329.0132071451964,74.00680741273011,39.01391474481292,42.63703927125926
328.8197887287922,73.60374009593072,39.40075157762132,43.443173904858035
327.8711903873618,72.49908065315417,39.99370786301276,44.34825239294176
327.77325665076745,70.98947139894179,40.18957533620151,46.03969369459601
327.7123520839235,70.79244327825751,40.311384469889376,47.79090966813625
327.64515948415607,71.27403494146623,40.445769669424266,48.21391351819785
327.4768293721001,70.57686255385052,40.782429893536275,48.21338326799144
327.3799684322019,70.4582301927464,40.976151773332575,48.450647990199684
326.9950935556829,69.54977321215605,41.7459015263706,48.86049622377076
327.58286790547595,69.87831779344269,41.99612509926112,49.629179333674024
327.7174877091002,69.51569425130654,41.72688549201262,50.35442641794633
327.66867229028594,68.68408618844069,41.8245163296411,50.56913526912442
327.6062347541993,68.43620331695082,41.94939140181443,51.06490101210414
327.630536294459,68.13693021238795,41.90078832129507,51.663447221229895
328.46654848035814,68.66754052408116,41.70020988855805,52.07367253690472
328.75775181504116,68.42490131656885,41.11780321919201,52.55895095192934
328.383311649013,67.88245255451588,40.394212347998874,53.64384847603529
327.68146355240816,68.32885396276605,40.32067362610585,54.228280574637665
326.76262018932346,68.88030551338314,40.673432929561464,54.61030489611728
325.438345623918,71.03760633862859,40.32895582299325,54.785242601695074
324.7699254088906,70.803763944727,40.172266305851956,55.25292738949827
323.94675930785814,71.36334789872438,40.32053842296277,55.63181956645754
323.2173380934756,71.23560147971286,40.273137316309914,55.8873124044806
322.06349046030454,70.81951667206832,41.07149393214869,56.719482019769686
321.0804736855997,71.53721871656671,41.502448976578734,56.81915643575242
320.36555535587996,72.12884322461548,41.388618017113835,57.17957503855929
319.689256880044,72.06947747584837,41.193947825333964,57.29830653609352
317.3170559120238,72.44645873928252,41.3007488887079,56.54434400922524
316.59857731162055,72.96410227163591,41.20152049510885,55.50905694451846
313.79905401612547,73.80014852567933,40.72525186184609,55.35579324249484
312.37844655663264,74.22217765249302,40.549075884706326,54.51173498886747
311.59857047470365,75.34255624172025,40.61584997746931,53.76395588150796
311.0969830057241,76.30033092095238,40.136338794567536,53.331092643904526
309.4897079169862,76.32316745048608,40.41437547458022,53.28541958483712
307.9295400717877,77.20398114206682,40.59050548236122,52.99589504298363
306.3895939175096,77.35001096894302,40.72927577481129,52.703835389231244
301.9721010130379,77.3351164999419,40.7540809267056,52.733624327233485
301.75367050109605,78.01385557697212,41.190941950589306,52.84536861618449
299.5432647513456,78.02277273582627,41.17763120981763,52.82753429847621
298.0381550496736,78.7527009162052,41.23274753232626,52.845229478136
294.24450893595434,79.47656890430744,41.426446591342355,52.87621213561599
294.24471254626604,79.37851187301086,41.42603937071895,53.07232619820914
292.9620628201789,79.74768180568672,41.02066861417316,53.81932143721743
292.16194448274064,80.33938058045828,41.13076597342575,54.12606320329826
290.85765568666,81.02526580412106,40.74611640521985,54.250906336156305
290.24188821361025,81.14021009797926,40.48541924889067,54.0210177484399
290.4024146312665,82.50442992020504,40.1643664135783,54.261516609282594
289.7659894385329,83.42685129899033,39.95434373930233,53.89954691145512
289.20400323284235,84.09660178470709,39.60438658043469,54.03397551027027
289.45310542473806,84.87246349834749,39.106182196643324,53.95248830311266
289.03636970679133,86.19344745712763,38.4788326713747,54.23216230787652
289.2758275600556,85.83871143040847,37.99991696484614,54.94163436131488
287.27458401151125,88.12756536484096,39.087294715885164,54.736590511524454
287.78473578710634,91.36704116701122,39.539385481565034,54.14721617466448
286.55806342462347,92.62676738981472,40.52184112153695,54.56954189904534
286.30741178636526,94.5607687429263,41.023144398053276,55.1817733327835
284.4511119707655,95.77429000413396,41.71388274693984,55.77659209268118
284.7186777698942,96.55930586956411,42.71003589299807,55.73784510613652
284.6375438968671,99.27845504881795,42.87230363905235,56.4873984039601
284.5412604083664,100.73896013095535,43.06487061605383,56.68847394030921
284.93081252737625,105.57126070339862,43.85301828229659,56.427384220997915
285.39879155910563,106.85276273457416,44.493172309229564,55.44049224903847
284.87685595997914,111.53762024386045,43.96564747990129,53.92775736837254
284.38768034129305,113.63308081768623,43.40436724304682,52.81609916917401
284.5150487978801,115.5796244578131,43.14963032987272,51.94995117522732
282.57412974923744,117.35374969358664,42.54338662387074,51.3937552392051
282.79242262521257,118.979642948654,42.10680087192057,51.097334188483956
285.35711359019126,121.53905030193616,42.84171297894361,50.376740009654995
287.1294163168529,122.60494125155337,43.69753058216489,49.71176579593541
287.9354729113718,116.32006623391133,43.55566747011085,49.049265138364866
288.644072867816,114.63410241954665,43.5961712830931,48.04808158948204
289.06204877485004,109.69899970963019,44.2030102670729,47.818751422980775
291.0871141371239,104.87191213392848,44.49952526637962,47.330753218723785
294.3903856493101,104.29624077224874,43.676879350976215,47.03612166484097
300.2225223646309,103.3886883072132,42.01075000847969,47.42292029660561
300.9298890979503,98.70601590323821,40.596016541840896,48.34170883206107
301.6473650515947,94.36231860048277,39.161064634552055,50.032775668434226
302.1762251561723,90.85873799437185,38.103344425396934,51.43187111534552
302.62823616614236,86.58304453110426,37.1993224054568,51.54670484517338
297.4615949885761,82.21119543849198,37.781592281560116,50.53939055136885
297.15108019243775,79.90160233772002,38.40262187383692,49.60957979675946
295.8602969339977,71.6013112543949,38.21777446955584,48.22847147586168
290.9831747382186,66.70494291232859,38.45849896069622,47.148613988088286
288.1634197319354,61.86557479690513,38.71238545170159,47.40250905620336
289.6838899434656,56.473067234614945,37.025857724753486,48.7066353079982
290.34980045750825,54.23354175597778,35.694036696668114,50.49172317467816
289.21797060223827,50.37364682373388,35.25320550996305,51.45028579605329
287.12315037979437,46.73488271428154,35.364525924506516,50.57117395426931
286.33111916925407,42.501314941500695,35.6005776406201,49.602234565062325
281.97757901689675,37.97248338107787,36.28422098349252,49.29922123042536
281.6525832345326,35.55722985222233,36.9342125482209,48.754252477751066
280.91665769203547,33.62416516015614,37.059852419922386,48.581748222005295
280.11215360672446,31.59124646270048,37.32322882779569,48.61069032867035
280.10654541265075,26.606810100348945,37.33444521594307,49.12698438570729
278.54953074280223,25.590955839845506,37.73161955880353,49.800265408295886
278.36233750508586,23.144911166053976,38.10600603423633,50.56682852973588
276.24072642516103,18.602307508864342,38.170314162381025,51.294207780705364
276.08951527420555,17.716887061185748,38.47273646429199,51.659953429949745
275.2172837005893,15.992848757495679,38.801590313604834,52.276811441490594
274.4121924605703,13.550270702590488,38.981397213682854,52.87084081142078
274.22662219475444,11.925085094790433,39.35253774531453,51.794157298639334
273.4444082795751,12.319901587631524,39.48493155228329,51.00452431295715
272.46275161687157,10.511617103504115,40.026103779084266,48.932528886787225
271.5930171641474,12.103627465875572,40.36640575138208,47.14767509519478
271.6158059876419,11.638567125070598,40.32082810439303,45.323516311770355
270.3301303063254,11.808567287522422,40.1958705136144,43.63536151016085
269.8114178353741,12.434876520832262,39.91339639388296,42.38274304354117
269.38814848381395,11.620818385646686,39.464078764220744,41.419146648347464
268.9439189167533,11.892970518492497,39.07887934583103,40.87484238265584
269.21977915028174,12.487921474230266,38.52715887877421,40.943974783539254
269.38053279323526,13.077731632475668,38.205651592867135,41.0157236927875
269.46340436796226,13.170001597531808,38.03990844341317,40.831183762675224
269.3884007512064,13.261611666863857,38.189915676924905,40.647963624011126
269.4105503409278,14.862783065642159,38.14561649748212,39.92840189522462
269.9741324223118,15.660810323242988,38.24788429673228,39.56177934204123
270.0128330214279,16.432483438911213,38.170483098500085,39.243738469494275
270.6700130999479,16.970237551912113,38.07521525044877,39.387322552481066
271.1656697138312,18.096836877911542,38.303740756457756,39.57380136803356
271.16434807117184,19.296479267053712,38.30638404177654,39.62727101476618
271.0817716000377,21.091407133214464,38.4715369840447,39.71918803352241
272.29427293103805,22.60491500042101,38.50915594278364,40.386104730218705
272.49719667756744,24.803297107478492,38.10330844972483,40.95876910245198
272.6383784003799,26.473834874565352,37.82094500409988,41.35230074672642
272.7435263920679,28.28979059487869,37.610649020723976,41.459927324237185
273.4274219922422,30.150883230615577,37.487694816747855,41.47225304188119
273.33264073806544,32.12959537685016,37.677257325101465,41.24403235950051
273.9051553118177,34.63870481649481,37.77476577558809,41.19596387217574
274.5149118310065,36.61533863743392,37.79859448018075,40.97272145920841
273.93572465967355,39.08952641098186,37.7167274614236,40.98531135780471
274.5652522394107,41.66218290926465,37.69680723888534,40.796538108983114
273.97286614813765,43.386131003827415,37.645704733743045,41.05626598292249
271.8061452077106,46.23963325019335,37.02270605382036,41.54481219116163
275.41110263028094,45.29404045997208,37.23341892651589,42.19922648529814
275.95335911313737,48.80078097108027,37.39920250653786,42.68752473749047
276.5327549478455,50.623332547304386,37.50093154952715,42.823983722258795
277.2356614046731,52.810828334260236,37.359383344397656,43.50605098245007
278.53018976507235,53.7765136135951,37.3154293442173,44.11978314439839
279.14316986857074,56.18807347193474,37.37079376505158,44.421961939043335
279.77836672554724,57.922411797854586,37.38727780265563,44.81391854187474
279.0919282163769,60.448432119181504,37.46696928447447,44.934620045308186
280.0166021034641,61.57162872424466,36.91395145210667,45.2808867187949
282.2667472026972,66.12905380649242,36.29184894977361,46.50787041065456
283.2414176155137,66.815008687817,35.64395709439247,47.738858588509125
283.370626293176,68.35430347599421,35.38553973906788,48.589240356719124
284.2986128256626,70.35370257566849,34.84791106525105,49.863819721996116
285.0202372899467,71.33869254866377,34.73345523726941,50.551425977178496
