167.5,69.5,24,127
163.5109827473985,70.8772488475083,28.742659817639435,125.480876992547
161.26024151036066,74.89027477864855,33.24414229171511,124.37335599007888
159.50668578622927,75.2876854063126,36.75125373997787,123.57853473475078
159.82160798249507,75.55423091790972,38.55196365545605,123.04544371155654
161.04249073094422,76.93389106580904,38.56653444524818,122.74245970244834
164.6174803201613,77.11850557300748,36.32117039394239,122.37323068805145
165.39365761455588,77.14911883300366,34.76881580515324,122.3120041680591
167.22167845280026,78.24089101263729,33.48850608149074,122.50419176161815
168.67622488292517,76.83268640820955,32.93387684723088,122.96613734448368
170.06275081009616,76.151340623297,32.51136640622514,124.32882891430879
170.03080069455442,76.78763820977206,32.575266637308616,125.4179783297628
171.1188052341988,77.40501633381245,32.77751916265024,126.56148368631239
170.85944025966216,76.09168381996238,33.29624911172351,126.78999393590703
170.47708430333415,77.34609143014556,34.06096102437951,126.69234248856688
170.17961208333466,76.88599318843637,34.65590546437854,127.61253897198526
171.372328113215,78.03497234974137,34.71881445385247,127.76292169860989
171.42932258040332,78.14666678402168,34.60482551947579,127.53953283004925
172.790011791277,77.98768766482353,34.32980016107035,127.85749106844557
172.73518859964526,78.14004787685562,34.43944654433389,127.55277064438138
172.5324271127312,78.44271699261932,34.844969518161996,126.94743241285397
170.41582127226894,78.70761439014103,36.635658701294474,126.41763761781057
166.49467229032047,79.28810211531456,39.54088710489065,125.25666216746349
155.3454058268951,85.07107671979307,44.297850033319506,121.20852867211583
168.1220011890031,76.97104389713654,44.09534534342977,122.19818269683313
175.73340245910822,79.35767830261067,44.14591604944573,122.5160383012936
176.6228393766067,80.59332255641205,44.91806476286908,122.59577234211108
176.48929759881133,78.89627672705355,45.18514831845978,123.42373548175485
176.49927917580462,78.49774199575961,45.165185164473186,124.2208049443427
176.5439406989565,77.1599185140494,45.07586211816942,124.30260407164697
175.2957745294849,76.68083013434737,44.978792218287836,125.260780831051
176.004649732265,76.45074206198012,43.56104181272762,125.7209569757855
176.55657926303184,76.48877232406318,42.45718275119393,125.64489645161939
175.65052742367735,76.54823221890408,41.704326066857845,125.52597666193759
176.21982708134138,74.53352230072753,40.565726751529795,127.00589491865198
176.7680293533335,74.10922008124517,39.469322207545524,127.85449935761667
178.6450795154162,71.9474036393307,38.25667687211837,129.6366772527074
180.43272503583478,71.06224297652847,37.22558753356711,131.40699857831186
180.81611973199782,70.44405674481968,36.458798141241076,132.64337104172944
181.01149287986945,69.86329641071323,36.06805184549777,133.80489170994232
182.5759584980684,69.06226349826204,35.50119971812587,135.4069575348447
183.93230523407794,68.79637859863925,35.362445184816835,135.9387273340903
184.02270487789676,68.66926324599248,35.181645897179195,136.19295803938383
183.97772731564888,69.05536585310936,35.27160102167495,135.42075282515006
185.33647921916702,69.26223807971292,35.12389496975655,135.00700837194296
185.98341364280685,71.45113591057078,36.39121797112242,133.1904045588728
185.59634620443552,72.34877291191087,37.165352847865115,131.39513055619264
185.89856333787307,72.85465874745252,36.56091858098999,130.38335888510935
186.02754281673074,73.11549243643506,36.30295962327464,129.86169150714426
186.05710983944664,73.44389359004094,36.24382557784286,129.2048891999325
187.0675564111976,73.88744068863161,36.72349160717991,128.31779500275115
186.7118356559872,74.20711802416707,37.434933117600735,127.67844033168025
186.4382878443841,75.78943824817571,37.98202874080694,127.01503417222256
186.13740933858816,75.95149106538342,38.583785752398775,126.69092853780714
186.29054695136855,75.47079306938363,38.27751052683798,127.65232452980672
186.29486910843906,75.1845197500325,38.26886621269701,128.22487116850897
186.11230204309288,74.92695772036679,38.63400034338935,128.7399952278404
187.67761014114805,73.46505560795633,38.04191025081567,129.12527334912468
188.78358723885535,75.45551918107607,38.36293391071832,127.67732405820246
190.30323912933062,76.11564401111282,40.36054904097525,126.35707439812896
192.16089577427704,78.6666832893436,44.25518968870063,126.32829846674625
190.12638598677745,81.88032263792418,48.3242092636998,125.11594682612227
187.00530957873764,79.76152674104887,51.902790989971294,124.02639644025676
185.73660632812755,78.8897119235958,54.4401974911915,123.05831631939814
177.8184952469438,75.99394297819234,53.821196191340164,123.36477972279881
178.62597597300385,75.80248455406915,52.20623473922009,123.74769657104517
178.97024851798705,76.85144719378759,51.5176896492537,124.36283495253517
175.20843376633127,77.20005558734076,53.62185838274121,123.66561816542884
152.48242352781332,81.70263744417755,58.02020333056913,122.87118955759685
152.7378403603832,83.31361165561438,60.31191243869778,122.45178390799157
154.22107857588946,81.78325367908414,60.181709721952444,122.67622614678483
158.20009255708644,80.15484583110211,57.89827539240063,123.09574502632778
160.93558754677704,79.74659572848816,55.230972785821805,123.91224523155567
162.74882939947372,79.60916267110403,51.604489080428415,124.18711134632393
166.04919122688338,78.02481001417264,47.712501348263764,124.6470807375321
169.30660840308713,78.90374202737809,43.843528123150385,125.53507783841536
169.89202951295536,78.77694404541589,42.67268590341395,125.78867380233974
169.13187866825393,81.03254817489083,44.19298759281678,123.84840887356958
167.82611185783244,81.88491683720409,49.37544050223124,122.14367154894309
168.37773381871452,76.51945539570451,53.55142925780858,122.31612907725919
169.18231512462413,76.36988199249339,57.37451600434679,122.6152758836814
166.40325244711278,74.59589027717944,57.35755030434663,123.37571378679789
169.7936006311925,73.93959860157311,53.375173816500194,124.68829713801054
171.84978380147714,74.73137455155079,49.26280747593091,125.85209796423024
174.1715551277697,74.29911683092355,47.31023203707005,126.71661340548471
174.94038967852876,73.67019526037858,45.77256293555191,127.97445654657466
176.245388794885,73.63560494088958,45.82107958810046,128.04363718555265
178.04002984517152,72.57420182892086,44.89218038738691,130.16644340949009
178.93711312493744,68.49598739561712,43.098013827855084,132.9752528803314
179.9679552590263,68.0074843426645,41.03632955967736,133.95225898623664
182.3651404310015,66.15640352182609,38.89879091894705,137.65442062791345
183.29335893814735,63.50973664202982,37.04235390465533,140.27834143843978
184.0925399324338,62.357125884042205,35.44399191608243,142.58356295441502
184.94621537006034,59.56493486847731,33.736641040829326,145.4942979981546
185.57083730021853,58.87916566927265,32.48739718051299,146.8658363965639
185.9269415559985,59.74466595354603,31.775188668953035,147.81186109323463
185.95060443913138,60.07321821328898,31.727862902687246,147.15475657374873
185.71550448736463,61.91088982139527,32.198062806220776,146.14581830080692
185.5671309682313,63.32569158029365,32.494809844487406,145.97760961042079
186.8333677299027,63.116221818525545,32.627097675781755,146.396549133957
186.6411920253139,63.32532307339498,33.011449084959395,145.97834662421812
186.5382554961704,63.1441176473152,33.217322143246435,146.3407574763777
186.6393263381067,61.85331193473182,33.01518045937378,146.23864021452695
182.83849032303965,60.75006017979712,35.2600171080818,145.7667260336833
180.38667189258203,63.640007720614165,37.448876559851456,145.41638577034036
182.45408876720168,62.28517707254932,36.0654658651966,145.3746240118856
184.213897225272,61.854244645791965,35.2704578899529,146.2364888654003
184.27045262697104,62.04879619986073,35.15734708655488,145.84738575726277
184.26215891228816,63.67197310430893,35.17393451592059,145.31498220277717
184.54401597495524,62.029800687124904,34.610220390586456,145.89252093102132
184.49388191348604,63.92424968198637,34.710488513524844,144.80776227313805
184.7310541304546,65.8058667172913,34.23614407958774,143.73538941548148
185.13695614191428,66.25743236368118,33.42434005666839,142.83225812270172
185.54209409661465,68.37844204010082,32.61406414726762,141.2288619925107
185.79758441001385,68.61959635194998,32.10308352046924,140.74655336881239
184.77196731283772,66.54169234268686,31.570193572076768,142.31823724459392
184.62243293122378,66.12300771517724,31.869262335304676,143.15560649961316
184.17306115438953,65.61462160971331,32.76800588897314,144.172378710541
184.22135008843028,65.57336334611267,32.67142802089164,144.2548952377423
184.36039566212085,63.74012659358357,32.393336873510535,145.27728380649057
184.2558845794763,63.57815317817098,32.60235903879962,145.60123063731575
184.12983232961972,64.6239532444064,32.8544635385128,146.1712031196042
183.99634707462593,64.30181008272218,33.12143404850034,146.81548944297262
184.0005630490233,62.25562647367977,33.1130020997056,148.21933457598203
183.96419974701956,61.43037529475268,33.18572870371311,149.8698369338362
183.85740205281712,60.92299877700442,33.39932409211795,150.88458996933272
183.62278897199377,60.7773268057594,33.86855025376468,151.17593391182277
183.28132362630942,60.72249491670526,34.551480945133406,151.28559768993105
182.8324396581707,61.03852369743791,35.44924888141084,150.65354012846575
182.38143244279917,63.66308341863737,36.35126331215388,148.1912546020543
181.8799039841551,65.22119385046699,37.354320229441996,145.07503373839506
181.55858645012123,67.83189495426242,37.99695529750979,142.59847010452933
179.74915244036953,69.46275163932413,38.89367512926331,139.33675673440592
177.43780236027237,69.76088297128001,40.82332912237041,138.74049407049415
177.86669994814136,69.71142329093863,39.96553394663244,138.83941343117692
179.73064664738803,69.6701086702242,38.94370037712538,138.92204267260578
179.9250700772399,70.34271717068839,38.55485351742163,137.5768256716774
179.57474611829065,72.54129869669445,39.25550143532014,135.84154724861273
179.10434530119682,75.16793298115407,40.19630306950776,133.2387598866442
178.7213556419651,76.23742175183055,40.96228238797123,131.09978234529123
178.31399064566926,77.20114942795229,41.77701238056288,129.17232699304776
177.86046427740106,72.70377234550106,42.68406511709931,132.96172506651337
176.8397646041966,74.14383846324046,44.72546446350822,132.75476862807773
175.77088871707684,74.63030398994377,46.86321623774771,131.7818375746711
174.9921399618342,76.9941372940051,48.42071374823303,129.7868634040792
172.7941785380958,80.74168428820366,50.08432690071931,127.75638880566316
171.90142633663515,83.13648522270148,51.86983130364055,125.69983422661215
175.62221232613186,84.09835869594102,52.634093261333376,123.77608728013308
158.02667710937965,96.05355393598745,57.89360321167399,118.91305347114444
164.158164287791,96.78312495572351,59.34357271504467,114.71132265963365
163.5565382103768,99.66254940988802,60.54682486987309,111.65860283997182
163.88066128895366,102.90856205895768,62.58044609214218,107.84844492125526
164.56137777899212,104.0083560656711,63.879158592196404,105.64885690782845
168.98460410877402,105.59794235724053,65.63029031786101,102.46968432468957
169.51349266741352,105.2444938707765,67.20381635193505,100.5452781462646
171.62868975431843,105.5460138516359,68.2307034099828,99.94223818454577
173.08141689329207,103.49965344300503,67.96184460132925,101.39836353251376
173.3877672730898,96.79058146920372,67.3491438417338,104.20025405194285
173.83947867291795,90.26315744933471,66.44572104207745,109.19729043265787
174.1892030347587,83.78630159952877,65.746272318396,113.91458760033976
174.2587342199595,80.56249882983529,65.60720994799438,117.55842527295889
174.05904469091283,79.25288823762514,66.00658900608772,120.17764645737918
174.4679177860485,78.76653250264039,68.08968594491455,121.1503579273487
175.62544422724457,78.23490101418997,68.72535931411865,122.21362090424952
177.2202168753924,79.62056164146755,71.4903565680884,122.41957092482713
180.9968667806128,84.56510552620571,76.0460725996719,121.61224503686901
178.66184599640206,86.76495622793506,80.71611416809338,120.30452600981536
175.40527799160947,92.7682354724647,84.0789554816685,117.74885160878623
168.88906694744105,91.83228817342483,84.44212027405146,116.45343188287748
185.60927391224857,101.96663576414709,91.99919004245754,111.95299966221032
180.9066131689752,102.03719162962273,98.19651122782653,108.60388763008133
177.96679650656006,101.39109838842865,100.82047654212832,106.640406101941
176.88621462474316,100.10500075026346,99.714861199833,105.94582227234218
178.37083556820554,99.8131763671891,96.74561931290823,106.52947103849088
179.88849278554875,97.06486614298139,93.71030487822178,108.82583607911269
182.4788166741161,95.6903428562167,88.52965710108708,111.57488265264206
185.1531153625649,94.47788438677688,83.18105972418945,113.9997995915217
187.50509490375433,91.91200205492902,78.47710064181064,116.03585042293685
189.41103387415575,87.6636853226665,74.66522270100778,118.43471080291502
191.06313549832524,86.64785776495499,71.36101945266881,120.46636591833803
192.68392821511674,85.59656194716607,68.11943401908582,122.56895755391588
197.49336346255262,80.85259105100675,64.44497087054756,126.11249199990095
204.42053453887547,73.92122771324901,59.47470775765279,131.09113963566557
208.42384284540265,70.47925134538879,54.4156714428653,135.02751207311914
212.44886371634323,67.64448674520473,49.28068147273237,137.781989501739
216.05013895478865,65.10545849871058,44.94039030675697,139.99778668381188
217.60660558575023,64.6490404678085,41.827457044833814,140.91062274561602
218.80003217931252,64.15975041490788,39.44060385770922,141.88920285141728
219.65631782999554,65.10238555171951,37.72803255634321,142.74321064928668
218.69156709452633,66.43120837012759,36.93841747572772,142.8046815640244
218.85422265488245,70.05875533710324,36.613106355015496,140.95973350632198
217.13387783901572,72.82056113733492,37.3807997514461,138.10911814116145
216.52129860458916,77.04757219536656,38.60595822029924,134.94982335677636
216.3918868676454,78.40497017456364,38.8647816941867,132.2350273983822
216.11960467707615,79.523653849367,39.40934607532523,129.9976600487755
215.93632380243903,81.51186142640357,39.775907824599464,128.5919475491509
214.2961959290707,81.96591106363711,40.49859101495936,127.68384827468381
212.42631488865885,82.04231284282548,41.68032710697783,127.53104471630705
211.59568731726938,82.27144503738118,43.341582249756776,127.07278032719566
206.79877180649822,82.46773356047957,45.131076863672504,126.68020328099888
206.46101325255205,81.31332647754952,45.806593971564865,126.36062659693957
203.80828497230178,81.42059219407565,45.839933796322555,126.1460951638873
202.61017875403178,81.61856038688828,45.602553422582254,125.75015877826208
201.40257878119525,81.6806390372808,45.394117977872156,125.62600147747702
199.3921795050536,80.44788052898093,44.17874058092329,125.47343051946069
198.10218063260794,80.36738516140538,44.16486722689158,125.6344212546118
195.20235577761417,80.19160607624477,44.772681961624905,125.985979424933
194.04315500401253,80.16969494133946,44.4791111634362,126.02980169474364
194.26362648870244,78.74551169157976,44.03816819405639,126.27089808547373
194.7902663241745,78.49900143826247,42.98488852311228,126.76391859210831
194.31155988716148,78.46085418665612,41.351765722522046,126.840213095321
195.0957370148521,75.79551037873371,39.78341146714078,127.04744154814566
194.63276104949028,76.74023585978738,38.17354982142258,127.69380416248018
193.98754377883975,75.25243891884182,36.94880580737124,128.15421948901889
194.5629506473103,75.1076104075179,35.79799207043017,128.44387651166673
193.869570704103,74.88020982415526,34.70327109504128,128.898677678392
194.2135265918582,74.99394829978208,34.015359319530866,128.67120072713837
194.5295622141526,74.97617736208318,33.38328807494209,128.70674260253617
193.6902551287755,74.78488981729879,32.62214953712059,129.08931769210494
192.63505155541023,74.82322432788277,32.30183794715966,129.01264867093698
192.54600699806792,75.22133634129318,32.47992706184427,128.21642464411616
191.1970121819585,75.54343902223583,32.76214873588288,127.57221928223086
189.81981894231072,77.32371773840721,33.10446972242083,126.42372734264572
188.44915683000173,77.7701715623769,33.44339962717085,125.53081969470635
186.97497347432684,78.33005214842377,33.995539988760925,124.41105852261259
185.40245346797215,78.53201002572996,34.7497347842144,124.00714276800022
185.00691068045603,78.82003878979624,35.54082035924667,123.43108523986766
183.5956665697055,78.91585008438545,35.95736743037628,123.23946265068923
182.11131354815473,79.0156793693599,36.51507661236289,123.03980408074035
181.81613866519757,79.03694267179543,37.1054263782772,122.99727747586928
181.53545441578467,79.47945972364394,37.666794877102944,122.11224337217224
181.28520049293522,79.91916593277045,38.16730272280186,121.23283095391923
180.95380071469128,80.4222718197718,38.830102279289754,120.22661917991654
180.779815682991,80.60033742446458,39.17807234269032,119.87048797053099
180.73733677846528,80.577079451718,39.26303015174176,119.91700391602413
180.75222241865563,81.9772117484689,39.23325887136102,119.54173253285104
180.70992459006874,82.05765244686964,39.31785452853486,119.38085113604956
181.48330916542815,83.27958172302189,40.18945998924777,119.35536719517683
181.90098764222788,83.17529687191119,41.78806519257604,119.56393689739824
180.83392205092736,83.20264949159667,43.922196375177066,119.50923165802726
179.68523954452056,83.20733899009282,46.21956138799067,119.49985266103496
179.95908726817473,83.12823171473335,48.21703353595709,119.65806721175392
179.2880494483604,83.06103813503631,49.55910917558576,119.79245437114798
178.82734095026245,83.00758099799253,50.480526171781676,119.89936864523554
179.6153106615471,84.3489524296491,51.531468137961824,119.8435071706719
183.32479827219137,84.33919192953944,52.046512108314104,119.86302817089123
184.48711666167367,84.333263317389,52.375926547185344,119.87488539519211
182.93924430497617,84.42617560674502,55.471671260580344,119.68906081648007
181.23351874370923,82.96134595450468,58.883122383114255,119.90702461364818
183.115616374361,81.47148210897814,60.66750527983323,120.11246322568996
191.96377508556404,81.11027795069633,59.8203081657487,120.83487154225358
187.24599403548964,80.6681356214936,55.23534561772426,121.71915620065903
189.42220658129207,79.1447396741882,50.88292052611942,122.0288753702883
192.466379591541,79.33344196934826,47.45934676728101,121.6514707799682
194.74536231731832,80.7385095396273,45.499680085980266,121.43963440966398
194.6265758588899,81.05457383098991,45.7372530028371,120.80750582693878
194.16415824696125,81.30928596377295,46.66208822669442,120.2980815613727
193.86417409295868,80.92619904826209,47.26205653469958,121.06425539239441
192.55145034833004,79.22537553859864,47.30117780654911,121.87957619431356
193.0611162189137,78.49367970313597,46.281846065381814,123.3429678652389
194.36136702765285,76.15655074053112,43.68134444790348,125.41579715745866
197.04201722333192,73.99111437341743,40.90405144919393,127.1626624990374
197.82242849039568,73.6622976787759,39.343228915066426,127.82029588832046
198.37882379097087,75.28755529620932,38.23043831391607,127.10841980503257
198.9843638536254,75.38637388662485,37.01935818860697,126.91078262420149
199.4849644154533,75.73128277982494,36.0181570649512,126.2209648378013
199.57310410197098,76.21889360276805,35.841877691915826,125.24574319191508
199.01510240254112,78.38422204011997,36.95788109077559,123.35226699674354
197.9176683060731,81.15940985539686,39.152749283711614,120.23308071594596
195.57060209154346,82.45029787073923,41.419418932065135,117.6513046852612
192.1303668757776,83.51750697125578,43.43574380959603,115.51688648422812
190.18878205980286,85.13745345802883,44.88091593752196,114.71499101470556
188.56441465769123,85.19582502388762,45.67721884214201,114.59824788298798
188.8285617248389,84.67744274676573,45.1489247078467,115.63501243723175
189.3209951882028,84.51985506547115,44.164057781118885,115.95018779982092
191.3072946336012,81.52736590016364,42.648770518557974,117.0205428739641
193.12720350017884,78.28058346184467,41.45428790301244,118.62343751538256
193.36760074972375,77.70142671915404,40.97349340392261,119.78175100076382
193.19401236493886,76.52662704770731,41.320670173492374,119.67700241997471
192.4932313048854,78.02704038560316,42.72223229359929,119.13535689271959
188.84964426786445,79.76154462891594,47.53249893331785,118.14325584041734
187.81364939584194,81.17082918874098,49.604488677362916,117.87382491186077
186.78225870354223,81.11569659944371,49.085178234917855,117.98409009045533
187.76607017508195,81.13584858012928,47.117555291838414,117.94378612908417
188.85161732177954,81.02588183787748,44.94646099844326,118.16371961358777
190.0035178299562,80.96580132583775,42.64265998208994,118.28388063766724
191.03052007477038,79.55446542213105,40.58865549246156,118.64325862229349
191.98800417173504,79.33974651806517,38.673687298532236,119.07269643042525
192.77248820308333,77.95375447861258,37.10471923583565,119.44250315302601
193.33334039512806,76.42076986310205,35.98301485174619,120.12993800387747
193.6016160567654,76.18453978569461,35.4464635284715,120.60239815869235
194.96651572760982,75.890857506277,35.080881908245246,121.18976271752756
195.0110352486853,75.7120839495673,34.991842866094345,121.54730983094697
194.9441207362791,75.62310578197136,35.125671890906716,121.72526616613884
194.68267361883193,76.77422411382891,35.64856612580106,121.79713831804597
195.10312548356492,76.62074958049759,37.19252775836228,122.1040873847086
195.16317629382036,76.44542859594459,39.49029616012344,122.4547293538146
195.25272774852016,76.25136023968179,41.77642256448994,122.84286606634022
195.68637869741806,76.13065265293447,43.4217371358729,123.08428123983484
196.57183234989134,75.88815835593964,44.196840140608195,123.5692698338245
196.6083842213241,74.34193208383009,44.123736397742654,124.0947221371512
198.16888939107199,74.11031503898255,43.575908632451274,124.55795622684629
198.5197683282338,73.95045113907986,42.87415075812768,124.87768402665165
200.32093235322674,74.83982791047147,41.83345838855652,125.66056616428321
202.1351226861989,74.87708184193455,40.758857980272126,125.58605830135704
202.33728202798028,73.7500403593277,40.354539296709405,125.30711958870256
204.14607622006258,73.37158653345838,39.25858155902477,126.0640272404412
206.08795990836512,71.95008108046339,37.88699634986429,126.39485597898661
206.5648657083217,71.76521963661668,36.93318474995113,126.76457886668004
207.08870064721933,71.60006913638848,35.88551487215585,127.09487986713643
207.45237829967164,71.48866056623457,35.15815956725124,127.31769700744425
207.63751509349038,72.60670987853611,34.78788597961375,127.53521339823791
207.5570640152387,72.65869897155711,34.94878813611712,127.4312352121959
208.282473246642,72.661170817275,35.94925694375387,127.42629152076012
208.63558210636418,72.57227254689408,37.712999255108215,127.60408806152198
208.81144792511307,72.99671260279796,39.866622408473276,126.75520794971422
207.78296236769074,74.77415876529764,41.923593523317926,125.73351891759836
206.88830841932813,75.48860511379056,43.71290142004316,124.30462622061252
205.99188839550843,77.5476199397786,45.5057414676826,122.75531885753935
205.09825190401872,79.70051450429253,47.293014450662,121.02855105693669
205.77534192175793,80.45991213293334,48.52520190903705,119.50975579965507
205.75508926287233,81.08042443708338,48.565707226808215,118.26873119135499
209.9108326398018,79.22273523560673,45.39291699557236,119.41476133299676
214.47565994680684,78.89388587208084,41.32147150608687,120.07246006004854
215.17662730153015,75.73458083833431,39.91953679664029,121.46140080523182
213.6822468132084,74.03142597617901,40.44930742189811,122.40872017815678
219.99302268530982,73.84742040514416,37.75644197585106,122.77673132022647
220.79263777623657,73.2064928618234,38.59504508270292,124.05858640686799
220.1632364028544,73.11791036528541,42.325345699299405,124.23575139994398
220.42034748223097,72.35957114492243,46.896081748494694,123.20995073669575
219.09722308524528,74.17275972782566,52.152901565892314,122.19414459431553
219.4519210965031,74.93484776051825,56.82283104563484,120.66996852893035
223.16136629214978,78.89374877061093,60.40226116319452,118.25132676317152
221.01958468596473,79.8275283315435,64.68582437556464,116.38376764130636
221.2223285347725,80.2158318388993,67.10262065189748,115.60716062659475
222.09003870787748,80.44018523835987,68.21905930936786,115.15845382767363
221.05847324302238,80.55256584143649,70.2821902390781,114.93369262152036
219.98703483682146,81.98891630929836,72.4250670514799,114.95650974380443
216.3117721771892,81.98119132736498,73.91194025048668,114.97195970767118
216.08129073664858,82.27122997736117,74.37290313156792,114.39188240767879
214.60686164324898,83.74762873164383,74.36583589781813,114.39501031966245
208.93291665055003,83.48441636788328,73.89030798935592,114.92143504718352
207.97266021688503,84.65288092947354,72.85501200087579,115.54031477981314
206.93619165851334,84.56160098621348,71.98019312468502,115.72287466633325
209.04250467612735,84.76585774420006,70.70338564543087,115.3143611503601
214.31675477825115,86.67696820722021,68.87971567140623,114.40041696772747
222.483871796509,87.03963333680893,66.86527791683525,113.67508670855003
230.48886376387142,88.92493696864172,62.1319461486101,112.72364248650936
231.988582057562,90.49141432173218,59.13250956122893,112.31535195950575
234.31873208646113,92.052722175767,57.13950327849476,111.86003002650017
234.72665568826903,92.22676883881093,56.32365607487896,111.51193670041232
237.47431913780215,93.8058269730555,56.04255444922984,110.96093306863173
237.11006422199256,93.77836411476282,56.771064280849004,111.01585878521709
237.32041409908953,93.5608905578795,56.350364526655106,111.45080589898373
237.45822271437726,93.61445155034204,56.07474729607961,111.34368391405866
238.05812973228933,93.71698642224564,54.87493326025552,111.13861417025144
237.26116482115773,93.66377182201589,53.892286001719114,111.24504337071096
235.0700741625049,93.50047091733173,53.15231237136051,111.57164518007929
233.7897401865788,93.41080551104295,53.16001227109756,111.75097599265682
227.59569038239107,93.43693859139555,52.76952584270458,111.69870983195166
226.60717629555847,93.69662176134327,52.19840580629239,111.17934349205619
223.3338767861395,92.36805499378744,51.1531564875888,111.30586091465403
221.25373769759653,90.95467612872437,50.2850662236369,111.61843442426124
219.055525006564,89.23543213831817,49.67447954613901,112.55341637529216
215.44281471999153,87.11761190562922,49.380894496052406,114.28272163292621
213.10670489368596,83.04778149087261,49.000698214956465,117.36996652873232
212.1965356717193,80.24991690252453,48.25692976754483,120.40158881408351
211.4472118628775,79.38068862597959,47.16099741323808,122.14004536717339
210.58460907017164,79.15523196028359,46.2862331080629,122.5909586985654
209.65425906832635,77.11726254179008,45.55620707473609,124.07617149853505
208.59732407396598,76.20619724776753,45.07123206481552,125.89830208658013
204.86368978039147,76.00130045822566,44.69010216341305,126.3080956656639
204.75927361496178,75.97421399569599,44.89893449427242,126.36226859072323
202.01328845178492,76.74018132637738,45.15162860784919,124.83033392936045
200.55924976995016,77.15171790230976,45.45738517098214,124.0072607774957
197.90620201547657,78.72820004809483,45.57133339389401,123.45037012894325
196.2841040181471,76.9597031871107,46.22537073312885,124.3972051954874
194.7827929942201,76.79433080517718,46.61247493635544,124.72794995935445
193.23270152084325,76.86765195701344,47.08542391522386,124.58130765568195
191.64580038901715,76.67955827427338,47.62557971873875,124.95749502116206
189.96660236623174,76.71119143053869,48.33522140416473,124.89422870863143
188.34538705348564,76.90283757369711,48.91706780620635,124.51093642231459
188.45196553830007,77.47806682839045,48.703910836577485,123.3604779129279
185.71468607869414,79.44229745867744,48.8881855410181,122.07715875973958
185.6477874205226,79.85468248704326,49.02198285736117,121.25238870300794
184.36499256950083,80.24150746874231,48.96709568326707,120.47873873960984
183.1506112575839,81.87531472944741,48.78750637715225,119.81947614814834
182.24628769669366,82.16016485050463,48.000500987607076,119.2497759060339
177.67721807497907,82.47065581765399,46.844959648423696,118.62879397173518
177.75300813737317,82.91692446758302,44.14953211658024,117.73625667187713
167.82019685445724,83.56181962811317,44.15384340401132,116.4464663508168
159.85122328579703,85.50634374227299,47.770552522401054,115.02166572628332
157.51753491518588,85.91126777994032,49.92955760182562,114.21181765094865
157.35507004068387,86.47734495429997,50.25448735082958,113.07966330222936
159.72183374549834,88.0589040801262,48.04513380135591,112.44071891073216
164.69669710775338,88.05413552137989,43.047306513359544,112.45025602822477
166.21206072255782,88.02648253812724,40.01657928375069,112.50556199473007
168.42845153978016,89.09650065536289,37.916917301762794,112.69864541271558
169.87129173347557,89.30390786657972,37.32888339948901,112.28383099028191
169.21699378738737,88.21640926001344,38.63747929166546,112.17784104529139
168.28314450498198,88.13961161019589,40.50517785647625,112.33143634492649
166.5206222863095,87.8613722176176,44.03022229382114,112.88791513008306
165.6646814157563,88.95193922819064,48.15304260925955,113.11771968326894
166.12967138770716,88.76799251860027,52.198359712682105,113.4856131024497
165.63613431377595,88.47422038334184,55.74961513412229,114.07315737296655
165.68573734824338,87.99931493283114,58.28505827223789,115.02296827398794
164.80130785030425,86.25516315363262,60.05391726811614,115.81882473652513
164.2033373516445,85.92272464315755,61.24985826543565,116.48370175747529
164.15022234895207,84.18134736976484,61.35608827082049,117.20149821417579
164.81384344702556,83.84752433409882,60.02884607467355,117.86914428550782
165.6059653475008,83.87362697311187,58.444602273723035,117.81693900748172
166.39848657948568,83.92971318058954,56.859559809753314,117.70476659252638
167.52783651053312,84.03371205578932,54.60085994765841,117.49676884212681
168.72858509697411,84.3477299405743,52.19936277477642,116.86873307255686
169.88095323432495,83.32974775481595,49.894626500074764,116.29135495346506
170.22571305157282,83.48595129661477,46.64075624314333,115.97894786986743
171.6612720403235,81.90787062798108,43.76963826564196,116.63304374694751
173.13384794202443,80.39815513252805,40.824486462240095,117.19246529508911
174.45009577945532,81.11918677955052,38.191990787378316,118.16511191745013
175.404614322951,79.13915689755854,36.282953700386926,119.74473711376305
176.15056610671343,78.52751823325508,34.791050132862125,120.96801444236996
176.60411257378732,77.76052555898606,33.88395719871432,122.501999790908
176.78743013684914,77.15410517212295,33.517322072590645,123.71484056463422
176.9963591783613,76.37276265507398,33.09946398956636,125.27752559873215
177.19379873515092,76.10283561730168,32.70458487598711,125.81737967427676
177.2276900691991,74.22952350592989,32.63680220789076,127.17768523947618
177.26186865449048,74.08982881296893,32.56844503730799,127.45707462539808
177.14393112097147,74.02306724768152,32.80432010434602,127.59059775597292
178.48171979916404,73.43869310459385,32.54186434106187,128.75934604214825
178.66888431425386,72.36841745120122,32.167535310882194,128.47533308309318
180.39000058953673,70.96745467692273,31.1387795636735,128.86378182829316
180.34444748942065,72.55193025689155,31.229885763905628,128.09418555484245
180.70131893791546,71.58598450726966,30.51614286691603,127.63577245142218
180.82394180110296,73.22072873097409,30.270897140541024,126.7365575045889
180.33987789239185,73.29801793301301,31.239024957963252,126.58197910051106
183.06578591161207,73.33118793565896,30.52575989074085,126.51563909521916
184.94044477649038,73.31639467138868,29.131206652033512,126.54522562375973
186.48092678641814,73.25834379766684,28.378757176826596,126.66132737120341
187.42350844035516,74.69195687191386,28.80928082532102,126.10978817907787
187.81128750320198,74.54332377527135,30.349972314435597,126.4070543723629
189.56069623516944,74.30960528210406,31.55093576463881,126.87449135869747
189.80905202583568,74.43696454899093,33.43353082695634,126.61977282492373
189.62191448615044,74.68818034694235,33.80780590632678,126.1173412290209
187.9747945390864,74.73940418860671,32.27936290562722,126.01489354569216
187.38748079961306,76.2574455605656,31.07293779794972,125.35986338839854
189.05647909366442,76.47341168483317,30.08391809471628,124.9279311398634
188.24144336384356,76.66006460765449,29.389896650763397,124.55462529422076
189.63095287475304,76.83600319940422,28.91649025326366,124.20274811072132
189.60852059316755,77.27276507651942,28.96135481643463,123.3292243564909
189.65601809860917,76.3058420572197,28.866359805551372,122.98280672465513
189.73659253252217,76.44104746425151,28.705210937725404,122.71239591059151
191.14957478912734,74.72002934532333,28.14597597553601,123.88770259742688
191.31412333736094,75.8353899052316,27.81687887906886,123.92942950889304
192.65516043618607,75.89832989168463,27.401511396225814,123.80354953598697
192.69390358929036,75.9563734665154,27.324025090017273,123.68746238632544
194.21191998830784,75.91486626414266,26.541831685415193,123.77047679107092
195.548286183462,74.67929078455154,26.109000763796416,124.0017262815636
196.78036154776905,74.67806531788649,25.87959968715881,124.0041772148937
198.03612180820738,74.31461972440209,25.598416242135578,124.73106840186249
198.0952997829885,74.20851193361935,25.480060292573356,124.94328398342797
199.25384030381667,73.90764624775231,25.398642333631795,125.54501535516206
200.3412838309763,73.65566191195838,25.46621434849297,126.04898402674993
201.42229195076578,73.07869165138129,25.554989715358133,127.2029245479041
202.48082483557542,72.76118518740688,25.70650999437929,127.83793747585293
202.48287731936165,72.89538047448481,25.702405026806865,127.56954690169707
202.45131351568565,72.90269617191512,25.76553263415881,127.55491550683644
203.696338426062,72.61131242158149,25.55306906749923,128.1376830075037
204.79770629004173,72.53807732076555,25.631893583707075,128.28415320913558
204.7021786567812,71.42320533961895,25.822948850228148,128.2287618685057
205.8545516889845,72.378739757346,25.80628890131014,128.60577914854017
205.75749657224685,72.83693256437874,26.000399134785432,127.68939353447468
205.73827572301457,72.84445571313834,26.03884083325,127.67434723695547
206.9585712509875,72.62727057918104,25.88281644841552,128.10871750487007
208.16350366762092,73.80837419042811,25.760531876649413,128.0340905438767
208.08581022787556,72.74725746236574,25.915918756140126,127.87216360181961
209.2655232950696,72.60198034809308,25.841423202446233,128.16271783036493
209.20858178323357,72.80972058022658,25.955306226118275,127.74723736609792
210.35472895886545,72.77022844587474,25.946969062847323,127.82622163480161
210.34661884426296,72.61480665437323,25.963189292052256,128.13706521780463
210.30779012257204,72.66704555681304,26.040846735434126,128.032587412925
210.3102007349453,72.59469540510317,26.036025510687587,128.17728771634475
211.44151932369692,72.04357842781985,26.064904770539556,129.27952167091138
211.36463263796955,73.10847408341635,26.21867814199429,129.4571569848987
212.52007334988025,73.18237683259292,26.220689884841722,129.30935148654555
212.37198193966248,73.38161475183283,26.516872705277237,128.91087564806574
212.26750603632505,73.54250076629407,26.725824511952098,128.58910361914326
212.16911570206213,73.34412848996882,26.92260518047793,128.98584817179375
211.95315616422715,73.67690923768825,27.354524256147915,128.3202866763549
211.42520284848752,73.97541105957572,28.410430887627154,127.72328303257996
206.58456001002065,74.31850288860431,31.09831766379279,127.03709937452278
203.4347162839274,74.1327810502102,35.025024567711085,125.03556250304277
192.46565125922393,78.997334403975,40.03052763722839,122.56329592975156
183.41166983359025,76.33450192248397,45.75502990147657,120.45888454052212
178.99537781289771,75.16472908390494,52.03702108370108,117.69724449935903
198.73988971774625,73.37134414213777,51.885554085966064,118.66151059542923
202.75443956440998,73.99989584979261,49.124075043532166,120.03821750556637
206.40485815340486,74.59759839495035,44.42803450738167,121.44760905709012
209.93390390504538,74.4553924089306,39.91078554426929,121.73202102912961
211.60590612432375,73.80718148932276,36.56678110571255,123.02844286834531
212.7656650887373,72.9323545621257,34.24726317688546,124.77809672273943
212.04228468021654,73.57933653705935,33.29328283821287,125.88487392858625
211.14628538673395,73.43932633790286,32.6869030227458,126.16489432689922
210.31626700550646,73.03559024378146,31.95607118476415,126.97236651514203
210.66301426683077,73.13737992600075,31.262576662115507,126.76878715070345
210.9264621869003,73.5073951824755,30.73568082197646,126.02875663775393
211.2078848964901,73.65072471883875,30.17283540279684,125.74209756502746
211.56018078222752,73.54772090485042,29.46824363132201,125.94810519300411
212.11930268767415,71.37655200321856,28.349999820428785,127.96382653341796
213.86653807095655,70.28028364201562,27.188858272874352,130.15636325582383
214.30028215767777,69.25200061677467,26.321370099431924,132.21292930630574
214.60424883471015,67.30394246469685,25.713436745367176,133.75578861935745
214.7347459420604,66.83539063150972,25.45244253066663,134.6928922857317
214.6607234617876,66.6799176007415,25.60048749121229,135.00383834726813
214.54793750000167,66.32892569831314,25.82605941478416,135.70582215212485
215.52148457703845,65.85810849058414,26.27111966163152,136.64745656758285
215.14657134680436,67.95070900305095,27.020946122099723,134.87621501479333
214.73559656145852,70.5952206843258,27.84289569279141,131.9911533434548
214.42734951251012,71.63615300351898,28.459389790688206,129.90928870506843
214.13095993717477,73.54782564804027,29.05216894135888,128.4485479927384
214.09186589114475,75.67285391928584,29.13035703341895,126.55210131501445
214.12239561119264,76.2045370857678,29.06929759332314,125.48873498205054
214.11043304737433,76.53248984591096,29.09322272095976,124.83282946176422
215.2714247278705,76.65698148328713,29.075069878646662,124.58384618701189
215.27646451257328,76.3982465387102,29.064990309241097,125.10131607616573
215.31111442069889,74.68431337559235,28.995690492989937,126.22213577364278
215.08970528743015,73.11995163944235,29.43850875952741,127.02946221715116
213.78557471374947,70.99372259625595,29.705591708729187,128.94074210536436
213.53295936826964,70.39740423340886,30.210822399688812,130.13337883105854
212.14453704377746,69.13406909222603,30.588267825120774,130.26064988987181
211.8811771666987,69.23067710583766,31.114987579278328,130.06743386264856
211.66473631266814,69.46659837897428,31.547869287339445,129.5955913163753
211.5329254935877,69.68911290596722,31.81149092550033,129.15056226238943
211.35314669616935,69.82833273516331,32.171048520337045,128.87212260399724
211.14265832681542,71.7508455971455,32.59202525904488,127.44620820043943
210.78365221862836,73.69102591109286,33.31003747541897,125.97292309370388
210.59944199872638,74.62338130426288,33.67845791522295,124.10821230736386
210.52570127734,75.23703877807512,33.825939357995715,122.88089735973938
210.51857393147088,75.89651835240628,33.84019404973394,121.56193821107706
210.61795279436436,76.40324117041749,33.64143632394702,120.54849257505464
210.66579977300847,76.81696886417987,33.54574236665874,119.72103718752989
210.68325130787343,77.08225437591793,33.51083929692882,119.19046616405376
210.62886795085737,77.2244597768215,33.61960601096098,118.90605536224662
210.7122237403586,77.24782068457506,33.452894431958505,118.85933354673948
210.88131788100466,76.5756642833677,33.1147061506664,120.20364634915421
211.0804000478874,75.79371990456187,32.716541816900914,121.76753510676586
211.22307841707928,73.40928850593295,32.43118507851715,124.2068168737905
211.36766020374137,72.88078953513558,32.142021505192986,125.26381481538525
211.56882187169737,72.364097707592,31.739698169281013,126.29719847047241
211.65823849812853,71.91946810420617,31.560864916418673,127.18645767724404
210.47529379604754,72.82245091079392,31.54288261659612,127.7643637680531
210.63381983808418,72.82258822726794,31.225830532522817,127.76408913510507
209.59197142681077,72.85317080412287,30.923927422379187,127.70292398139519
209.7814130735154,73.24263741266506,30.545044128969884,126.9239907643108
209.9801460313105,73.49434974959071,30.147578213379695,126.42056609045952
210.14461281606907,73.3741588054403,29.818644643862545,126.66094797876033
209.30276586104932,74.72227136466812,29.159041258046823,126.30802015615993
208.48783339443239,74.48707695232511,28.463175917666312,126.77840898084592
208.78372052547678,74.65472047433886,27.87140165557753,126.44312193681844
210.28612139894895,74.11602602366331,27.16947026961683,127.52051083816954
211.8689018658607,72.69959389170378,26.308261665640707,128.0490227722412
212.06342620481738,73.02455054692241,25.919212987727324,127.39910946180393
212.2352580287395,71.428805961679,25.575549339883082,128.3121917625937
212.4826961648316,69.51887473286975,25.080673067698925,129.84762692180053
212.6632420586139,66.4308046476344,24.71958128013434,133.72764418265535
212.33587921429563,67.52536385771815,25.374306968770853,133.8814832448974
211.7585191026325,66.2900640347421,26.529027192097068,133.99413634083533
211.0746728541729,66.43201740359366,27.896719689016308,133.7102296031322
210.49259641965412,66.52770415478233,29.06087255805386,133.51885610075487
209.86968120347177,68.21980973637179,30.306702990418543,132.55924352363263
209.38296551510223,68.34821066209446,31.28013436715764,132.30244167218729
209.07213570886168,68.4146281648396,31.901793979638732,132.169606666697
208.88603971041985,68.57017670196524,32.273985976522404,131.85850959244573
208.74403379866712,68.68271273181082,32.55799780002785,131.63343753275456
208.58317029146897,70.14575222487942,32.87972481442413,131.17255892543082
208.48636241603032,70.31261949562686,33.07334056530148,130.83882438393593
208.50526821079288,70.36292780309773,33.03552897577634,130.7382077689942
208.50900341744713,70.58486928857423,33.02805856246782,130.2943247980412
208.52241908276267,71.51919618680617,33.00122723183674,128.4256710015773
208.60807866292407,73.96015218112245,32.829908071513934,125.97233766316259
208.77013045119102,76.05854998590223,32.50580449498004,124.16640626613417
208.978269270281,76.65601933085586,32.0895268568001,122.97146757622694
209.29366028654928,76.98255396766493,31.458744824263555,122.31839830260878
210.92570381082479,78.73028046865946,30.50825427725595,121.13654180216317
211.39546816544413,78.62513499993227,29.568725568017257,121.34683273961753
211.82540910152812,78.69636565654224,28.708843695849303,121.20437142639759
212.2564713330885,78.46350378373884,27.8467192327285,121.67009517200438
212.69995783732293,78.4199282424986,26.95974622425968,121.75724625448485
213.12480824043752,76.79867888630875,26.11004541803048,122.77988117867288
213.46703693962883,76.06478584589509,25.425588019647897,124.24766725950022
213.51668199105796,74.80247929976315,25.3262979167896,124.54736535049813
213.60535322904786,76.13847455512258,25.14895544080982,124.10253347177465
213.75429205843105,77.09623837613154,24.851077782043458,124.40451959498733
213.7697054251821,75.9496509804456,24.820251048541284,124.4817772740077
213.82238747958374,74.63431897004077,24.714886939738058,124.89604974083306
212.65002102395235,74.45362436091514,24.8395179089732,125.2574389590843
212.51302873964963,73.15895637251847,25.11350247757865,125.61921286118957
212.39511216522484,71.4790326908201,25.34933562642823,126.74112132521451
212.12702349617,71.24359811224998,25.885512964537913,127.21199048235476
211.72425025116027,71.43613803581547,26.691059454557394,126.82691063522377
211.35423070202611,70.96549247405406,27.431098552825702,127.76820175874661
211.01377353696742,70.79861546209045,28.11201288294307,128.10195578267383
210.62204828728338,70.72927349535478,28.89546338231118,128.24063971614518
210.2647324130787,71.20269683989527,29.61009513072052,127.2937930270642
211.12499616345383,71.65716634854158,30.237730826494023,126.38485400977157
210.79730160893223,71.63619588338001,30.89311993553723,126.42679494009471
210.51514787913698,71.97457622941494,31.45742739512776,125.75003424802486
210.38874355121516,71.89488439597366,31.710236050971403,125.90941791490741
210.24059417806538,71.98318829397819,32.00653479727092,125.73281011889836
210.1331826910511,72.04436269314095,32.221357771299466,125.61046132057282
211.28805592751038,72.12732983857882,32.28588503124125,125.44452702969708
211.3116546050094,72.25793938074402,32.23868767624322,125.18330794536669
211.16872985466105,73.8209181542733,32.52453717693993,124.4259511406048
211.28569321573204,71.96985833601958,32.29061045479798,125.76471209251676
211.20281586723775,72.03102148126155,32.45636515178657,125.64238580203283
211.12195403774783,73.18078038878046,32.6180888107664,125.72203576554588
211.1163655257798,73.057889952718,32.62926583470245,125.96781663767082
211.25304924968452,73.2295984937634,32.35589838689296,125.62439955558
211.44892994850088,73.63801838341477,31.96413698926026,124.80755977627726
211.4402090414964,73.68076989402982,31.981578803269244,124.72205675504718
211.1495341414931,74.14024078299752,32.562928603275864,123.80311497711178
210.8851551737648,74.636629110852,33.091686538732475,122.81033832140281
210.46104292311225,75.34229743207418,33.93991104003755,121.39900167895846
211.6392588309858,76.08932190253007,33.93082908711008,119.90495273804666
210.15322971173094,80.38366444425351,36.90288732561973,118.29458349373542
208.61188995969246,82.96023586020732,37.62703409854384,115.49997339298068
207.85763220141615,85.2819002366708,39.135549615096465,113.18883355894108
206.89963441419695,85.85121059460239,41.05154518953488,112.0502128430779
203.97396507401672,84.99940285512844,42.21219628162554,111.40848452789095
203.2497816518844,83.96919422392872,43.6605631258902,111.111832201486
200.57775002203053,84.66913672096052,46.62583548515487,109.71194720742238
198.8493138344065,89.4646521214429,50.08270786040294,107.35505611428113
197.48955070977073,91.6161393328495,52.80223410967448,105.4900590116113
196.70352576612942,93.01827717722392,54.37428399695713,105.14381083933056
196.36718331622993,92.93434721193498,55.04696889675606,105.31167076990846
196.32979221756818,90.82550273348997,55.12175109407954,107.03523453189491
196.29364442489504,88.88911989982581,55.19404667942585,108.38727523928102
196.18191357658526,88.60562045735364,55.41750837604542,108.95427412422538
196.08595869544425,87.16392563131888,55.609418138327456,109.28368763846146
195.9786220166814,87.00139643964494,55.824091495853125,109.60874602180935
195.9529811951621,86.66931611459748,55.87537313889173,110.27290667190425
195.68746974526852,86.7756047731793,56.40639603867893,110.06032935474062
195.4921051469314,88.4135285562223,56.79712523535312,109.37173932309935
195.2538187166682,88.73658782520594,57.273698095879524,108.72562078513207
194.9890549231419,88.6743733058075,57.80322568293215,108.85004982392893
194.48595194380528,88.48416352347647,58.809431641605386,109.23046938859102
195.10661931159203,87.28833017800673,60.184443506442086,109.00578947912025
195.36119455341998,83.94368641156098,59.67529302278622,110.42200637330853
195.9622268601622,82.00843789775618,58.47322840930177,111.64377607035617
196.9770650375479,81.42699859569011,56.44355205453033,112.80665467448833
196.9707415161537,84.13520815610913,56.45619909731875,112.64653429323718
197.5638191515331,85.73659534259046,55.27004382656,112.0697835301178
197.9512520466352,87.54965607376215,54.49517803635573,111.04070609163927
197.21995668723628,87.82031688307018,53.38920834656338,110.4993844730232
197.62893592026703,88.05806710204082,52.571249880501895,110.02388403508192
198.1969367329075,87.99213830177024,51.43524825522101,110.15574163562307
202.81075731209071,86.18980683988605,49.71475524527109,111.2580218432526
204.71482391339427,82.89714260751711,48.3948778749016,112.86683864351518
206.67699177087363,82.18479673783271,46.95883991412495,114.29153038288396
206.5803445448687,81.59104712737827,44.66872127196124,115.47902960379284
206.2500339380353,81.68902404926357,42.86973502969892,115.28307576002226
207.26945025123467,81.51723410547035,40.830902403300186,115.62665564760869
207.97106765787834,79.89427541231812,39.42766759001283,116.4800968503022
206.96016904570075,78.69078931126035,39.070367118522846,116.50797135657257
206.72966095434205,78.12216384908092,39.53138330124024,117.6452222809314
205.07751365785975,78.03330109805032,40.43809285762367,117.82294778299263
201.36750204070208,77.00441137258932,43.02478347979963,117.46406092784491
198.57737948965308,76.05797263588693,46.14655115246775,116.8984609718198
177.1681850183341,97.56658049127695,51.36785802852106,111.47832732762438
173.12740556104131,105.725395715187,56.92896612663823,105.242500145678
171.7325725429398,91.92799047749119,62.2440211339025,102.53264296833417
171.28791023781778,87.05266490186699,65.70878960819495,104.55696252743739
165.85166021305508,85.95045742571952,68.58975434826206,106.76137747973233
164.64496727655808,84.93051514155938,71.00314022125612,108.80126204805262
162.05922634967965,84.25728111791886,73.3587415547803,110.14773009533367
159.43510874493876,85.231588459307,75.73166618470907,111.07442599211036
158.54445987371258,84.51956882827757,77.51296392716142,112.49846525416925
157.98180990111814,83.62491098388735,78.63826387235034,114.2877809429497
157.69501661023867,83.24019198482327,79.21185045410928,115.05721894107785
157.96759052169347,83.0647908261637,78.66670263119963,115.40802125839699
158.4221522474295,84.64663158958493,77.7575791797276,115.28691147469046
158.5118182444278,84.97090751448944,77.57824718573104,114.63835962488142
158.63644392860664,85.42725756356731,77.32899581737333,113.72565952672566
159.2283688576679,87.27341891555267,76.14514595925077,113.02839142128927
160.60194347827093,87.22200542154656,73.39799671804477,113.13121840930147
157.06710978188522,86.89151617639465,68.78462574072272,113.7921968996053
152.37781373587256,85.48473827052861,63.89671030544217,113.75245120587621
153.04408763150985,85.51127657536917,59.79421735972963,113.6993745961951
142.1018339978113,85.3175057962389,60.086631795439985,114.08691615445562
132.13263109691857,87.17810955712663,63.76663826680025,113.07544185441768
129.7483248889668,85.23560918866949,68.5352506827038,111.44500785237987
148.89198616227253,84.75462971916357,64.0174208261583,112.40696679139172
147.6412190259303,83.25194252987865,61.014782438185335,112.6602548396329
148.18534628455816,83.0145171246262,59.92652792092964,113.1351056501378
157.91167762530975,82.43788842903582,56.63177125075328,114.28836304131855
159.08603102413667,81.82069421842561,54.283064453099435,115.52275146253896
160.5637168980687,78.06088254226609,51.32769270523537,117.78183072448583
165.05595408316276,73.3396295542457,47.56567900081106,122.00187603476274
167.96939464483262,71.4726863238643,44.34403680177245,125.73576249552556
170.73609101616938,68.06406134411915,41.411262788502086,129.9523937256127
171.88319242840228,64.37343464154563,39.11705996403629,134.72661676934348
174.22919873535602,61.04734745541134,37.05719912724104,138.7466393644998
176.33707670445872,58.085010878325505,35.49169250855938,142.02106319914776
176.68139461811487,58.54552721163475,34.80305668124708,141.10003053252927
178.25923692932474,62.50305110027621,34.288027902454424,138.46629444250053
178.4663668176064,63.90607143194805,33.873768125891125,135.66025377915685
179.92924113669767,65.92899281568901,33.494708563918536,134.1611000878849
181.43763198226037,68.08520414458832,32.99638324542619,132.3671338027193
182.8598082546677,68.48392115568208,32.635853055315444,131.56969978053178
184.40326903731545,67.51089498672223,32.01471756242014,131.04996604605134
186.96802646913784,68.94131409764319,31.778569540982957,130.63581124531328
187.77992485078883,68.7583140326403,32.59115370408853,131.00181137531905
190.22526360471338,69.99666124781554,32.61441658869133,130.9820871411945
191.22326297628578,69.52346596793654,33.07555319739597,131.9284777009525
194.01076046632258,68.26886048807825,34.938068492058804,131.9585185690903
193.95080332435467,67.94155855744405,35.05798277599462,132.6131224303587
194.71382754344887,67.44555084401918,33.531934337806206,133.60513785720843
195.03303442431752,66.86012375462654,32.89352057606888,134.7759920359937
195.61782024635676,66.57294738541391,31.723948931990456,135.35034477441897
197.1066992650483,66.21497633324887,31.2475619434734,136.06628687874905
197.1563960177082,66.37173547579059,31.148168438153547,135.75276859366562
198.34961762812569,67.47070092884911,31.257695914768966,133.55483768754857
198.33898208524658,67.87220306425098,31.27896700052716,132.75183341674483
199.83978266323146,66.18441243086244,30.733852704018787,133.67092782406058
200.2006095584238,62.697859485475135,30.01219891363412,135.7262160586218
201.69122657122136,64.64328905099619,29.504727453825843,136.78288205915354
201.5085741228054,68.75817702162558,29.87003235065776,133.51055226167637
202.5272117491148,75.87080667866778,30.27283192831786,129.04559226870742
202.40024750701465,77.7319088343233,30.52676041251815,125.32338795739636
203.1001056887933,76.22746846790741,31.4651186298077,123.65611952853455
202.84533012576478,76.78249462385924,34.30717615799203,122.54606721663087
202.2799393076174,75.52364085677426,35.43795779428675,122.69337351272563
202.42173174950062,75.21154278027872,35.15437291052035,123.31756966571672
202.81530326484867,74.35247994429922,34.367229879824244,125.03569533767572
203.35865398403712,73.02349325972907,33.28052844144734,127.69366870681603
204.0051290960532,74.53939148688853,31.98757821741519,131.93258826203456
204.4455821143809,72.82380342216109,31.10667218075981,135.36376439148944
204.80021377126025,71.83841740458598,30.39740886700112,137.33453642663966
205.11925343982182,72.21915020814687,29.759329529877967,139.07671652927658
205.3825387212833,72.1967838100108,29.232758966955004,139.12144932554872
203.82847927720383,74.3979906649495,29.8347995164051,137.22511395438016
203.01042336774373,74.73874310420352,31.470911335325297,136.54360907587213
202.12388788466922,75.33205357325872,33.24398230147435,135.35698813776173
201.62947960349823,77.25744222297865,34.23279886381628,134.03667600321302
201.63860030518552,77.56059967003179,34.214557460441725,133.43036110910674
203.2256997465819,76.49916478110859,33.56220188552601,133.03138757907607
203.46295861870263,77.14883312465935,33.087684141284576,131.73205089197455
205.11700677326434,77.30088949624978,32.25623139832898,131.4279381487937
205.304974423431,78.67450980692769,31.880296097995664,131.13727689617377
205.11603363569628,78.64568775050395,32.258177673465084,131.19492100902124
204.76913542328322,78.32046112279788,32.9519740982912,131.8453742644334
204.1956697448583,78.85946091533965,34.09890545514105,130.76737467934984
203.94354999266145,79.25965471569035,34.60314495953475,129.96698707864846
203.99737525626188,79.49737835963326,34.495494432333885,129.49153979076263
204.4814364663346,78.73034639990605,33.52737201218846,131.02560371021704
204.8296824454651,76.63025364461308,32.83088005392747,132.7507313989459
205.18933195142012,75.17356541861945,32.1115810420174,135.66410785093316
205.5522846496176,73.76125619629298,31.385675645622428,138.4887262955861
205.6976258534978,71.02857837290493,31.094993237862024,141.4152986825578
205.69256204020087,71.41156861037247,31.10512086445592,143.22339445504153
205.48202749700994,70.80797390311935,31.526189950837747,144.43058386954777
205.32166602188457,70.32547041267917,31.846912901088494,145.39559085042814
205.29559664921663,71.67024102843514,31.899051646424372,145.35019895593084
204.8806896717764,73.2094862367758,32.72886560130483,144.9162295748771
204.38671338715028,75.24752634858578,33.71681817055709,143.49458172089658
203.85729918744872,75.68373193449924,34.7756465699602,142.62217054906966
203.58520405650822,76.13221749564352,35.31983683184119,141.7251994267811
203.33181669646524,76.36045482700835,35.826611551927144,141.26872476405143
