326.5,414.5,15,42
325.77427588920875,416.97661348351664,14.579349877867127,41.27936309525871
325.8935178362851,417.1867936867375,14.34086598371436,40.85900268881704
325.626346875052,417.4038415512102,14.031368685188133,40.42490695987165
325.7372578106057,417.62101729024465,13.809546814080688,39.990555481802744
323.7708397276838,418.276098107507,13.633467073381443,39.502177028586715
323.8539969253073,420.44423975456334,13.467152678134445,39.2239533170148
321.51969349351225,422.26537703749983,13.3080700572855,38.800138407434495
320.798757783303,422.38188312914986,13.158594050218005,38.567126224134476
319.710639793703,422.4721153417363,12.96594886862628,38.386661798961484
319.0074468513662,422.5733872244913,12.805255280939303,38.18411803345161
317.07898250368754,422.6135160065993,12.773588306794421,38.10386046923557
316.72275947891205,422.66720704574175,12.710036761889674,37.9964783909507
315.9954445843185,423.07253221413845,12.618052819973496,37.959134919708895
315.9527918806562,423.0654663725318,12.70335822729807,37.97326660292214
316.36588651690903,423.4428404654965,12.650023273113518,37.99137273531393
316.8122726472024,424.26081414683705,12.529387289547254,37.899697926673795
316.82878841136596,424.2117138839265,12.496355761220087,37.997898452494844
316.82688713083826,424.52322756985086,12.500158322275551,38.14428572412072
317.2293453788391,425.23885479632474,12.466807689076013,38.256162996777505
317.25686241120957,425.52608476888133,12.411773624335169,38.454247458422394
316.91479232243375,425.9087124412864,12.321565383707728,38.463340531791346
317.71946619037845,425.45625947496285,12.257855793159052,38.5954273917681
318.5191570237108,424.1636368548787,12.205517487882256,38.86010758985446
318.88792296330433,424.47475597821807,12.244298278037443,39.01418201251793
319.24981104070446,426.0674142317099,12.29973547483484,38.945718911924914
319.95596805491385,426.3883245234544,12.445949787222961,39.08316249883942
322.6312894764314,430.38239069914084,12.582661974055153,38.93410876156256
325.40043553112696,433.1351555463681,12.534507704202138,38.91871690664631
323.03285373985375,434.3255282063421,12.570460346363005,38.88757705689097
321.8699073819672,433.558031345282,12.546092571910698,38.85573045219429
320.7792155055354,432.7441513768231,12.379916295655338,38.91845036969947
321.05898015312255,431.1401203831611,12.600741127569357,39.00509584867004
320.9818994245668,429.5811591250466,12.75490258468082,38.98043411527709
319.7671425615623,428.00610079088824,12.820039150224524,38.978047902973444
318.53886794397897,430.0114899180114,12.908729891389978,38.91370047206245
316.1178944765612,430.38759555408,13.010702781542419,38.95148487403914
314.5099066044924,431.8825273551718,13.057080303809485,39.13121949372605
314.43105207854677,435.3849994426898,13.214789355700722,39.28853007136725
313.30317146413273,438.1649634968253,13.067762866593572,39.33510663827841
313.2466556653377,441.3317854338197,13.180794464183661,39.39268669958902
312.8910498920692,441.6112943596518,13.090215420822306,39.635459437823066
309.66203539278115,441.5865274332473,13.119547772665703,39.684993290632185
308.9358758721062,438.50647314053714,12.962208805509736,39.40646984202882
309.3169369835473,433.753158706847,12.99807117394799,39.337283613563216
308.95243507129095,430.66071352018696,12.929417252909504,39.1409120224742
305.7155495866034,427.04534915118137,13.054333653193519,39.22917937025783
300.5598456553994,423.07190690564715,13.002792718725026,39.204564786805825
300.9666456904106,423.42307294101397,12.985048827642421,39.29808889501204
299.00322756895036,424.2180625915705,12.927576715534606,39.30183293591032
299.26865706154575,425.48048682282024,13.192579506161998,39.16456980086522
302.1301193799116,429.1055424386408,13.060962695923914,39.10328291757298
301.73944467775897,428.15154534042154,13.046832605079244,39.42031812371156
300.95282226779506,428.07598008759305,13.020613282301632,39.57144862936855
299.744709050897,426.8113441436205,13.03263594758365,39.69651674879958
298.40761934655444,425.6420885476928,13.296614959716564,39.624827544102644
297.99714067095863,426.0188479809561,13.310359279562263,39.67852170892207
294.7724350359343,425.24782543919974,13.293940703760214,39.60410933097201
294.0004705890959,425.3170062206787,13.22413124105804,39.465747768014076
292.81990202371685,424.51334218508816,13.174399063581914,39.46582963370567
290.783426105788,423.364595024619,13.233777420778054,39.35517986744706
287.60874876390716,420.5430777644646,13.165329952845939,39.38263750502384
287.24366597984084,420.056292483734,13.094130809849137,39.5548433553556
286.8234846880308,419.5044929709864,13.131981348618627,39.85593033600024
286.4358203645145,419.775207179704,13.099821880066218,40.1219900341501
285.25429358607323,420.05212094278016,13.030831373897584,40.37884386234812
286.8826295966212,421.25672286371406,13.026417233701181,40.40883343115499
287.65526457147797,423.32133203964173,13.107965993253142,40.34666185246336
288.0352004571875,423.3247996174348,13.162118271905204,40.33972669687722
288.83674737461655,423.40827516061364,13.188863322755404,40.17277561051953
288.7705997891329,423.0524191523452,13.321158493722649,40.07145111738259
289.12009499621206,422.69543748816983,13.43618689283848,39.97139563245923
289.10485631089085,422.7478224071123,13.466664263480833,39.86662579457428
288.6888950057913,421.57370017137646,13.484823389735599,39.77357981421322
286.7240087755551,418.7912025150378,13.350747108452145,39.64918688843227
287.9730274396004,415.8315740327482,13.278357513253159,39.908599142931145
285.55321022904286,414.9778234185809,13.252483299426551,39.99426415961864
285.9931627678024,413.1882443258347,13.184241512813747,40.326769181485716
285.9878182924685,410.7076792102943,13.1949304634816,40.397052504373974
284.79499890700777,408.2818840343445,13.1315601525964,40.35062469266032
283.56967565353074,404.58529720897917,13.138666127265314,40.413176746535456
282.66308797289696,401.23639547229845,13.320775621558347,40.58671675199883
282.56947537223203,395.4415140070807,13.508000822888187,40.67770608198391
282.13193863006,392.02465315203784,13.557008975374222,40.902905137205146
281.3698682213716,388.704693442118,13.420816456504344,40.90149121205769
278.91420414973385,385.7993647600885,13.36623852899366,40.918591493532944
278.86150575936347,385.77069092028137,13.471635309734403,40.97593917314721
278.813922588022,383.750409808121,13.566801652417354,40.868294814136306
278.43962783475496,380.9028690446129,13.485537608678467,40.754401489241744
278.40525074720784,379.22156122809866,13.554291783772715,40.81003654113582
278.0163584256742,378.8925435702698,13.503280810665991,40.6392762406194
277.9685943044422,378.5123917077729,13.598809053129932,40.5741478416038
279.26455484605594,377.6122487886349,13.485646551574348,40.721927958765306
279.62380519920555,377.9242789062796,13.593431023198674,40.92415290139937
280.0460972003289,378.20597156937686,13.579982839385867,41.191903393638626
280.4822120549277,379.78490153893046,13.54245153624018,41.372837078739174
280.45016333148254,381.61063905318315,13.60654898313046,41.06769465898985
280.4112281456411,382.82506383168936,13.68441935481336,41.13909983939519
280.39103298145693,386.1310281117268,13.724809683181654,41.21404983231895
280.32763078305396,386.5754946657703,13.851614079987645,41.16278229110612
279.9495873282604,386.64791240495936,13.768446320991924,41.017946812727985
279.9612832021915,386.49385776083074,13.745054573129671,41.32605610098531
279.2067091841875,386.9401590217651,13.574942723107021,41.27308352213183
278.3345565077366,385.68375702956763,13.647726988443196,41.27860587517833
276.637724819328,386.64946713708383,13.692699279896095,41.02153120282795
274.11818037163,386.34766287313835,13.725759021349464,40.790801538395186
274.0839255747857,387.2000626154413,13.794268615038064,40.74931812926717
270.32366953245855,387.10374582494666,13.823912161179608,40.94195171025651
267.34946364736487,386.05946343651027,13.923097384474614,41.3593089023029
265.7348389197831,386.0189266725919,13.778909396833265,41.440382430139714
263.2318846904773,385.11738634237486,13.73355941225526,41.559710276177235
263.6124175097093,385.9284005262018,13.815237434485091,41.623169229911
263.6135953555614,387.6233897883686,13.812881742780824,41.61375965567965
263.5828384410242,388.10323771197346,13.874395571855285,41.49902903886018
262.74161739727606,388.0831860042743,13.86792135711167,41.539132454258485
262.7567237735236,388.0769357737404,13.83770860461657,41.5516329153263
262.7633284851738,388.1303651719248,13.824499181316082,41.444774118957575
261.1764275742366,388.1136026407697,13.627208257523707,41.4782991812676
261.19187133924004,388.15399223093686,13.596320727516856,41.39752000093333
261.15515664012446,388.15599748253413,13.669750125748,41.39350949773884
260.6890454037976,387.2461483394327,13.762761957484448,41.53478650210724
260.2462998231392,387.4939350478947,13.80532915533388,41.882137048650534
259.8373798184474,388.3949126835649,13.77452454952557,41.777471007694025
259.7502624563011,388.7927204266628,13.94875927381832,41.82844704458932
260.20576517790545,390.5047525476657,13.888260894668758,41.80641105882034
260.6013809012606,393.76160669263544,13.946115743452802,42.08539313283549
260.99942865007426,396.19464222081245,14.004135063636776,42.344010983349705
262.35198198396614,397.2360507823939,13.875597791273636,41.97890679046726
263.217494452538,398.2550889916849,13.847189743568407,41.6434472613237
263.16591773553233,398.4366582467806,13.95034317757974,41.28030875113227
263.5081710480837,400.01142979058966,14.10856861164874,41.50169390020088
263.5447664999544,400.05964488235014,14.035377707907232,41.405263716679926
263.5527386588755,399.324571358769,14.019433390065036,41.18328142874775
263.5537681180744,397.62154692600734,14.017374471667212,41.218885946864454
263.4920388753277,397.53052487819417,14.140832957160674,41.400930042490806
263.919137937084,394.86488197111146,14.134562025682794,41.644652704447935
263.9645615949696,394.77469441407817,14.043714709911516,41.82502781851451
263.9654390105568,394.7394372859992,14.04195987873726,41.8955420746724
263.5764418321527,394.64171444823194,13.966787480342555,42.090987750206985
262.72989207421114,394.9343986856181,13.950741158702055,42.36019219419658
261.37027039180475,395.71432823773523,14.095659499046434,42.51654977294122
260.9111275567378,397.4365001029671,14.150958002164133,42.52415471054228
260.85465946210553,397.4468013365724,14.263894191428621,42.50355224333166
260.8052973090385,397.51019524674797,14.362618497562735,42.376764422980465
259.8693748023498,397.54347313795273,14.502707118334108,42.31020864057096
259.065603393013,395.0381138326608,14.375279047581923,42.11601458287764
258.9900642741128,394.2511832649011,14.526357285382375,41.96508759500658
257.7512124541188,394.31503543553396,14.41507490704408,41.837383253740846
256.9457163156866,393.51084138808176,14.307771965082651,41.727476129819436
255.76318433384546,393.07639879672695,14.105959891227464,41.74073596668326
253.25910277401888,390.42165523541746,14.00133119783451,41.93743127625609
251.5075169876829,390.2914891869312,14.092422914127141,42.19776337322864
249.83565912658793,389.66251731568184,14.00257223030691,42.59731551422482
248.55552830756383,386.32075693266745,13.975542421341778,43.24382290388929
244.5374685370308,383.57999291682023,14.171550478163102,43.49860994608723
241.40072105060074,380.12989208157006,14.296642317169312,43.37206517789734
240.0582975273008,378.3407265113526,14.344974787625812,43.435043550140975
236.8963357719885,380.2639066612162,14.504561696092615,43.111161308789704
236.7420632695468,386.4184102201354,14.813106700976018,43.10717748685895
236.15888451260838,389.9543232325166,15.094960116064922,43.11138425239996
234.77289921441957,391.7235219212799,15.197849045786327,43.1317624304149
237.02801302539984,395.03104086585074,15.146892606839888,43.65155843409597
243.5321034720256,399.55520308185925,15.61390199298176,43.586694188341234
250.2959928201718,400.6652662140439,15.67463552314468,43.1783695541659
257.4957105587779,398.85559100566604,15.69379328234639,43.1930716618182
267.70351556990454,398.18242572927335,16.017717989204343,43.63768331333795
274.3510869399225,398.25512173725485,16.4316101346471,43.49229129737493
278.0268177776681,399.127132182971,16.43465529718181,43.58689711544904
277.995427113213,397.00260821564257,16.497436626092053,44.15304604448846
275.6125551785893,392.25551505665163,16.61332727121699,44.347525914225415
276.0170602583984,385.23111417719997,16.739162651724914,44.37364457123846
276.0662332595015,381.86577181472586,16.640816649518698,44.54193176066255
270.46657046768706,385.1006551964469,16.582619944200204,44.63905299910645
263.3036613789221,391.9666622962632,16.831397627494585,44.98407929370948
251.82767499170487,395.5029155409639,17.033848621434725,45.494746731139465
241.65509204287906,394.1291286380886,17.24290426469164,45.365733357690665
237.81902551912728,391.3620382525077,17.22884338742609,45.13526868527575
234.03463411877607,385.13495064243114,17.139907531691865,45.14565108871934
229.31785054568147,381.0204670908992,17.015820128574582,44.772729097407364
222.86752472224288,381.33857182853285,16.641882466492063,45.084704572780026
219.28331241945742,384.53400038323656,16.24293839946719,45.315295051894104
215.6402467690446,386.9569335051306,15.993025327478803,45.17945654111467
210.00580211418045,386.9865079514121,16.0355238692097,45.12030764855171
206.37308546312312,388.0514727252568,15.817286274350652,45.79675468722748
201.6942696524612,391.21429350876696,15.763445886998706,46.059143526280145
198.40718343917655,394.1870627529688,15.73026925323479,45.777047089590596
194.77595744722723,393.9514997365207,15.478473197461438,46.24817312248679
192.08763447707776,393.89761445102073,15.20674413360315,46.355943693486765
191.71983664007666,395.22925609397066,15.004386684943352,46.50651977557276
188.4264667061038,398.3809840180081,15.036477253294006,46.757713227092964
187.87319927643145,401.1879908767886,15.202475809661149,46.78691732739726
185.4149717129421,401.4818056614361,15.39892601800713,47.14328874182885
185.23913326959706,399.546050133229,15.750602904697192,47.204113284419726
185.69412166148896,399.5383785975451,15.800605952791063,47.21945635578759
188.06904692299804,400.06158075332013,15.856319695167008,47.13416489731631
190.07954967950616,400.10781502427005,15.678982655874595,47.04169635541639
193.69535430681069,400.0899172105605,16.098236997977114,47.07749198283553
196.478587122918,397.74446267812436,16.318927399045368,46.9457710199721
199.9002404783393,394.35291963161075,16.24229414987655,46.962183651325475
202.59129304524888,391.04368794549293,16.653230608954768,46.82209849851424
204.8710957879453,389.6684086265098,16.948501655300657,46.659731217437326
206.061520295927,389.723310390788,16.51565752745378,46.54992768888091
208.99505596779622,390.74884925982224,16.43613522967553,46.42803296613253
211.25642806595064,394.30386377732776,16.720427772383452,46.04785536574488
214.49548649777938,397.6663563340805,16.97018275008027,46.050742093593776
217.33620134841365,397.98550937173906,17.082826453473558,46.37811491905361
218.66264306284455,397.4660111228491,17.34714156765577,46.44471190248545
220.333270822283,396.4425488581698,17.918368230572153,46.53539534094749
219.33755480097128,396.0245163626058,17.930415146021414,46.38176776848836
214.93335644103107,395.13221869491053,17.84948891131817,46.19095800286025
210.5128491245028,398.29118113171523,17.838906419989662,45.77409787884092
208.78267021335841,400.8039726654802,17.389933833008374,45.63517782289857
208.5276503241143,401.6720730331278,16.932691077495612,45.83354215560537
207.30021331099533,404.5799384511592,16.501888527774625,45.78916447146053
205.05623829034312,406.21648400248614,16.22248834179181,46.32995355063635
205.17261650706803,406.0665814773931,15.989731908342003,46.62975860082248
205.90196973746515,406.3667805468615,15.487191373847025,46.98552638818487
206.45632182265385,407.69003749017384,15.330534077978989,47.19515312508841
206.60694407170416,407.47859945640494,15.029289579878391,47.61802919262614
209.07247605687812,407.12609834401945,14.861308829284722,48.32303141739719
211.5238410380355,407.32037365301846,14.756135396731331,48.893992105351344
212.02982257469634,405.6243177043856,14.709822098480286,49.38915467740526
212.5124006143698,404.4470329104548,14.716463095871703,49.80013011179021
212.99845523570502,405.33643770228304,14.722086578052728,49.976785977836684
216.31138004752987,406.41421422978624,14.958581710641315,49.78190285318411
216.75003494818205,405.81765438600354,15.063242735851397,49.99305171423512
217.11540095886718,405.8676749198836,15.319410907264773,49.893010646475005
218.4470567306899,408.40074780241315,15.626782507695498,49.77800345487604
220.30577837796673,410.88795750367586,15.886437545338023,49.774956967595955
220.12208437137875,413.31539203926235,16.253825558513974,49.91516315244741
219.02940700652445,416.64912757452095,16.42366266977772,50.3020037464873
219.35295625915197,420.08921144970185,16.792938147342788,50.536453875866286
219.0531283930501,423.8815999053091,17.392593879546574,51.163483605796266
216.25833767319165,425.1635747035193,17.750356962521618,51.73862502342095
213.22310783350284,428.10883369835494,18.51539035777443,52.21461857469943
210.85900988520848,430.04813631514423,18.916423935796054,52.6631756596879
209.95039672416493,433.9120606188834,19.638179304411327,53.6990946799843
206.81580279376357,432.8991721546008,20.29063835326245,54.60152584615926
206.07875127661856,428.85547696897646,20.616697253349507,55.80065141219008
207.95305298236835,427.590241092959,20.381394669007584,57.160022888505736
208.6849085152074,426.0900922667978,20.103971909890483,57.78774392770603
208.86765161117117,423.9611142179905,19.738485717963,58.47506439742185
210.29470216543538,423.09779972560426,19.271077373908316,59.00834699995748
209.79351531914062,421.4255608253782,19.081073844303653,59.968070356021116
210.22774712057492,420.59473235249726,19.415127964967088,61.62972730178305
210.02565075313234,419.2929347196026,19.819320699852277,63.0010705022718
209.70330230742292,417.4772616398241,20.4640175912711,64.11409984435848
209.20743995525038,419.6056363277927,21.455742295616147,65.00466890504168
209.4891418660977,421.1576342929694,22.210033349425203,65.85375760119933
209.78227157188036,422.76661934582717,22.967353089856005,66.66652495147201
212.96972553118133,424.2793696125429,23.43732832340546,67.74795430933133
213.07594484983002,426.4283196172747,24.617847170620795,69.02188423791864
217.8895856594916,425.83094481514274,25.01871137059014,70.21663384218267
218.74287646695063,428.0013799165257,24.769061672975766,71.70349130863153
219.52259116916161,427.25179183699197,24.683251175653282,73.20266746769899
222.58120833924798,428.73986916431625,24.539689914809006,74.70676762254672
222.5766279270679,433.5935618373136,24.548850739169172,75.58474347538592
222.39913309523973,435.3003389132881,24.90384040282548,76.74571843096265
221.65629719123896,435.19982048798767,24.841653125120207,76.94675528156347
220.00315072724163,436.98311461194976,25.048799925493675,78.02888622507109
216.76246207655407,438.624533094138,25.255172720751247,79.45230264028285
214.5966025947647,441.12200409522177,26.401376202774156,80.82839160122688
208.93377315110715,441.1864249997297,27.92680680990918,82.33292117224109
208.75113932653426,441.71640529736334,29.97477216928927,82.95565828720805
208.39506109414737,441.90781112953937,32.415739652619834,84.30165764141275
206.42182079479693,441.60250278862173,34.570130682360066,84.91227432324793
203.93974161394118,445.79988490982254,35.85551892104961,85.71443538840118
196.720011007754,446.3523319664369,37.17836331107779,86.48334367836465
197.31670382944822,446.60901293193024,37.89331633373591,87.87832041342459
198.71896058540878,443.71702466660906,37.02995960070658,89.77998338628328
200.67972618366034,437.1257356587381,35.0617633696571,91.2425516093036
201.6640871322967,432.3003413511784,33.0930414723844,91.19719725819864
200.88809147499873,427.3004110425164,30.838822484517685,91.68153211936608
197.67846571547818,422.5696013574984,29.78194661516639,91.79799225391162
197.9202021495803,418.4018102258417,29.298473746962195,92.72826560993649
195.0762328145845,415.7005993520263,29.419484075014818,92.56375901562821
195.2095387099583,413.88147868393014,29.152872284267183,92.4909257930475
195.34842572235837,412.1220777522459,28.87509825946703,92.31054403942937
197.3022972279479,412.77886167680936,28.651175755248822,92.83888644378283
198.2737155968777,413.312518958646,28.55360379141111,93.61683665413133
202.0052086882046,412.9166111065742,28.50854170656568,94.408652358275
202.77684683869208,412.37603093871155,28.830122962399003,95.48981269400026
203.51588624203652,412.7850814579631,29.23816714744276,96.55783464722987
203.3326481625208,411.7118948489715,29.604643306474173,96.79540289806266
202.94427195632528,411.51074210610096,30.381395718865242,97.19770838380376
202.533977576376,410.42785128848703,31.201984478763805,97.42447800326863
200.39678522165175,409.8293418676497,31.56167181284672,96.66414815726048
193.1721395052488,410.2571549617167,32.33888170395431,95.80852196912645
180.55869850652866,411.1267570047836,32.14804450621809,96.02452705185237
177.72237177485866,414.9268724930172,31.95630756147457,96.2434832861633
169.4958066732827,415.85923956198695,32.77420018729043,96.33315384539075
168.6164927523477,417.4334157360988,32.56219776227121,97.1260620309454
161.1210210605448,421.34377937507963,33.70678658756372,97.2175373577341
152.75140383067,421.1667718861567,34.44414888469571,97.57155233558004
147.67323888303793,421.7919926798872,34.507023078936534,98.33980188832368
147.6628225561924,423.4430190536849,34.5278557326276,99.09935214946229
148.71899914124384,428.411958924576,34.45752261743123,99.37157268221253
150.01640759585325,430.2439271731448,33.907329608374965,99.79688398540019
150.01660741410154,432.28212851680473,33.90692997187839,99.80179971691746
156.11101553455592,433.383816331409,33.96244543478869,99.63914603834544
158.60044351858528,434.3613234856487,33.06242423213168,99.7235491125667
165.77391080603067,434.4998450653935,32.88467742688043,99.44650595307718
168.45681185194624,434.71988740980976,31.552821790231366,99.00642126424466
174.7646630483075,436.0745968075384,30.85470567297323,98.28326684803145
175.53039161537458,439.96666841614166,31.28638852090856,98.35168355910287
176.39553769985562,444.70353921295543,31.5281618722233,98.73826956685909
177.11461043991991,445.21550016466756,32.07202008749835,99.69635135883848
176.77222606988164,446.01633895600446,32.756788827574916,100.10028566653176
175.44387313994432,446.12526158383406,33.38956838895713,99.88244041087259
177.21812592854303,446.75185436840746,33.90589823835553,100.66167255502376
177.28928424098535,443.809909803524,33.76358161347087,100.3867095142197
176.41327845888617,440.3272053271774,33.46915843051435,101.21281422544841
173.63230482659267,434.7822092205711,32.87269109533156,102.03878210571133
166.7114623512548,425.5938946623947,32.339167731223625,101.93300053162784
164.99341892032706,418.2315487772517,31.690688810995525,102.3617120646214
164.85502610452394,415.4180609794248,31.967474442601766,101.87948590135932
164.8836877996364,410.3993646892935,31.910151052376868,101.74351409088894
172.84556783656015,411.4191642007833,32.23988663181596,101.73560202457018
180.56453456527578,416.9372565341438,33.1031752237355,100.8876811386935
190.0145779879806,420.48804343947984,32.57635152938711,99.91052837837502
198.02238170241628,420.3255375524923,32.70409130071226,100.23554015235014
207.0665821960925,424.0418847721126,32.83963011271131,100.90237451282118
215.92349719808809,431.02144829236727,33.4574283976254,101.20118058590496
222.21862993450242,435.34162236718004,33.181710024975885,100.77053050306556
228.1670879579473,438.4930949695622,33.53227874401945,100.59132768126796
233.38172285909536,440.58844477004584,33.3285978450493,100.49086364163105
239.59314519460554,439.4100773296813,33.14551399193622,100.80763838604221
244.7549194955167,438.2513841248137,33.02752402916353,101.08391306796749
247.89155992775716,432.9192585031372,32.88287113585161,101.53378435937222
250.09002605920804,427.01647304748224,32.579167062231086,101.05967070283847
252.37358056545727,424.1740878305683,32.08065506449436,100.64154561452378
257.76362904114006,423.56722499064114,31.396518311681415,99.83607925466754
258.7060245516601,418.7578886246486,31.50688550012227,99.4789609392479
259.4321719285597,417.97418426330614,32.04671618328815,99.05424422496786
259.10742320309356,417.6576532356304,32.69621363422042,99.68730628031943
258.8946546501454,417.1100021808428,33.12175074011666,100.78260838989459
259.75828193725096,423.00364137602594,33.43481634586257,101.23725107927004
259.5576863066797,422.9286755592797,33.83600760700503,101.38718271276245
257.5507043173159,421.70834564382466,33.72596882949881,101.7658411655556
256.3591872589157,420.1821503021315,34.04362748110426,102.75285638374703
252.44429419639613,418.87741535531256,33.53247626275187,103.2770919415371
251.29502585290996,416.5737284203645,33.747697768394744,103.71783544877442
252.12552457167533,415.3175803679037,34.180230262678954,104.13660162188101
254.32634372133376,411.2290422163304,33.993428076280175,103.88400569919128
259.7831273143326,410.2741541098251,33.58186567496284,103.69338095526598
258.7959437321134,409.4110979703909,33.466095436889645,103.32935583162268
254.94070898942113,410.5023318663452,32.84520988443011,103.2297267991753
254.6872070970557,410.4027086602829,33.352213669160946,103.42897321129985
253.62658165557238,406.64428440514536,33.39130290672136,102.61717513994992
253.34099271530306,404.80690512414924,33.96248078726003,102.14924338384044
253.06416290633484,399.1281135138694,34.51614040519645,103.13102394980366
249.98558817166645,395.47783271465806,34.37550122354469,104.13379689723774
249.66181214525398,393.95444231364314,35.02305327636963,105.06962055880322
249.3660282602644,392.38117225844064,35.61462104634881,106.08003281988073
249.22854024063324,385.4743772506265,35.889597085611115,106.92564595360093
251.4637451484329,379.50746554769955,35.77597785933628,107.9674928861435
257.98795440469183,377.99652994585267,35.8744225636884,108.79822022035896
258.8397496770587,375.1856030139395,36.37559599519991,110.01054613169495
258.72878389966496,373.0089118934608,36.59752754998735,109.9015490798355
258.8739728439915,372.0831339564415,36.30714966133428,109.51940283635724
259.0444026391548,370.21289112222894,35.9662900710077,108.8139902330754
261.7808724041915,371.64034518589654,34.90669333338896,108.16575350196746
262.9358928892128,374.2223552281499,34.77466846169921,107.35776561416674
263.93408847583396,377.05636065339934,34.94238873237282,106.01797765149952
263.7671553783707,377.2012445261617,35.276254927299256,105.72820990597481
263.32863395691476,380.40674296166117,36.153297770211275,105.76761339706081
261.8922933304407,387.7200216896887,36.85926467336742,106.30805638954918
261.7714923435494,395.3604721987177,37.100866647149914,106.33812835175797
255.96782448277125,397.51425490160284,37.7476698310674,106.4147759610432
255.7411826022843,403.637048703712,38.200953592041316,107.3988906194136
254.33225070215457,403.8532886149038,38.791585484270826,109.19364270505994
253.2146889075985,404.2014731762977,38.76312385216945,110.76085880348572
253.24438060171542,403.7406150646173,38.70374046393559,111.68257502684651
258.145114849126,404.6272881932012,38.092338783128355,112.20674547318215
257.56061990997745,404.9461208652666,39.26132866142538,113.8629244935973
257.0221217290133,403.17728121068933,40.33832502335372,115.06183887021558
256.49491421249616,402.4566725044881,41.39274005638795,116.50305628261816
257.1569830409846,402.79838210636564,42.48379254332164,118.23482722277353
258.86730066895313,398.17565111852343,43.98258824715653,120.10114275880002
262.3254232094108,396.221456027267,44.60691538199752,121.49600886939413
261.7702365765324,400.0376761022387,45.71728864775436,124.04263596376639
259.9795790836116,399.97987948443534,46.697330224615,126.75950260835407
259.6462721191866,400.1152954144491,47.36394415346497,129.14653470405824
259.1845304172811,397.53772547646383,48.28742755727604,131.59760178125106
252.28177210060701,396.5272625033123,48.313759156002746,133.61852772755415
253.4472028082734,395.0744094074791,48.7681244880067,136.52423391922048
254.56102376699369,394.80702898574935,49.37547705472515,139.8939892468389
254.411119003438,394.5955601785745,49.6752865818365,143.2110761911136
253.1060626319551,393.1538606239946,49.33845857500246,146.09447530027342
252.9056459415902,393.6019874759007,49.73929195573226,148.1801187393908
251.22038531657276,392.439844384269,50.09089281123026,150.50440492265426
249.433612188242,391.3986115103918,50.60600450465001,152.58687067040867
248.80974710959597,391.83208164143286,51.85373466194204,154.81742530136816
246.63232468647502,390.57656848888325,53.056510079075295,157.32845160646747
245.9065116837126,392.36970548135525,54.5081360846001,160.16178864537196
246.8999452441876,402.1673821762012,55.79793834265153,163.50312090868988
248.02283479846005,408.6329143163264,56.899971946896045,167.31112019238645
247.56932408389866,409.4530649661059,57.806993376018774,169.0929990622228
247.30229169713715,414.21149250536826,58.34105814954181,169.96849852819543
247.09093650110762,424.0244686318528,58.763768541600896,171.2605502426378
248.9032510671315,432.2849617931994,58.65159674066986,172.30185057552802
248.75284418859542,433.5332405804777,58.952410497741994,173.3305453323323
246.9223678277695,431.44472959660266,59.067964636765595,173.96216871745423
241.75182542221125,427.6886289388508,58.7395301817661,174.36135718888062
237.83165606510534,418.8337215838426,59.46748028389911,174.29020036870025
232.73469047982115,418.48261168402075,58.95600086614989,174.9924201683438
229.29652172188497,406.398650090005,58.69406639541094,174.17639140323556
220.51125800804095,394.21357606134063,58.500945482842354,173.67743178420508
218.47195032344612,380.29077148390616,59.037465061834176,173.18627461749128
220.32009199910448,374.6894487457109,58.88607645858185,173.7542358496886
220.3182896930092,375.33255056032067,58.8896810707724,176.0182561395313
220.35837972263187,376.18202415841006,58.80950101152706,177.90183773460367
226.4355352616922,377.36255805077764,57.4787812260051,179.14863371406807
226.3683167932561,377.01829661299996,57.61321816287726,179.83715658962348
226.34458237363117,380.6000914719483,57.660687002127126,179.90038692492527
228.3893516972023,382.01530944434705,57.18632937811673,180.68513200325955
230.19455716924588,383.3428405544397,57.19350704815537,181.64765839720008
232.04777271044745,382.7015529909596,57.118453655851724,182.93023352416031
231.66956248228,379.14796213194103,57.874874112186625,182.741046423901
231.50315051794638,377.72680520140227,58.20769804085388,181.92391179329155
231.26271000132363,378.1775027966842,58.68857907409941,181.02251660272762
230.94522032378194,376.79422361957296,59.32355842918274,180.13906270310417
230.66113417390332,375.18388547127614,59.891730728940004,179.7106359960229
232.37679852793383,377.5423284236521,60.11381471286106,178.64716278325304
238.13343987853807,388.19096042247236,59.52753708597149,179.20390893425042
243.7187322110974,400.24990944642616,59.27556195136148,180.5627664575297
243.09811144159738,414.8410479539577,60.51680349036156,180.61447675579902
242.77958222636263,418.2757179844875,61.15386192083107,181.10055865982173
242.1559369819037,414.7126651846678,62.401152409748946,180.83411477625964
241.94796638310783,418.5614655752482,62.817093607340645,180.56696886368977
241.4445485746272,413.0073566660792,63.82392922430194,180.5182215823409
232.7049753470606,411.68974071886726,66.3567156793722,183.1534534767647
220.5982201998578,410.9543331687315,67.6493008358896,184.62426857703628
218.60214774670496,401.09408587064223,67.77687855461058,185.02192723529126
215.95790137088682,391.14053594748947,69.19280785499268,185.56620982532604
215.66648484647675,389.54918126684197,69.7756409038128,184.84301163371254
215.57693856616453,388.4422833030152,69.95473346443723,183.15077085329528
213.74117137000565,385.35105339933085,69.74128687689004,181.56326870093403
213.93468935163614,386.23459462358153,69.35425091362906,179.79618625243273
214.34288639813903,390.4006744512183,68.53785682062329,179.11611712838746
214.80286389926488,394.3652577422921,67.61790181837156,178.79020732839558
217.2517666414365,403.37269867396947,66.50051407287172,179.67741415925758
219.4063134224598,404.58346328410215,65.96442405566361,177.2558849389923
222.4730142179535,405.51024605475516,63.55967185964994,179.13096879265987
233.0410874578175,405.18902327913236,60.983428328685086,179.77341434390547
235.62318207200858,405.1121876671713,59.4934979154903,179.92708556782756
238.11096127053372,407.97144342058346,58.167141172291046,177.85777571485443
238.37422106542326,406.86135942633905,57.640621582512,176.482481548907
237.12411095649531,401.1559533278962,56.574589565841535,173.628284807687
235.60298837798808,394.18413885314266,56.110714144188364,170.04131086385635
233.0760360357444,393.7638136919652,54.27139094287277,167.43534724330976
231.7367502202824,391.01536625012375,53.57413564490292,162.80476134031125
229.25174491375836,389.6332248796461,51.94972545862735,158.97462328194285
226.48666611369495,391.8755899052751,51.05395298610004,154.4898932306848
221.08917967935113,393.26029031430795,49.31784216601189,151.7204924126191
216.93479636663193,390.11636965701985,48.441934421392304,148.8236593571375
215.64445970651414,391.41169176284984,48.01829803364035,146.23301514547742
214.26435808454048,394.2692721422237,47.818791250976986,143.47756441334053
213.6187643781318,395.6107265329799,46.193119892338274,140.7946556318281
214.13498323826144,397.8807328290211,45.160682172079014,139.10356011297722
213.31527041999774,398.54328487691123,43.994172940650266,137.77845601719696
213.62330937475636,395.08183921201635,43.37809503113307,136.40433526288865
214.07429739270452,392.11082478259686,42.47611899523675,134.14189260514513
214.63043087563062,389.10412286026605,41.36385202938456,132.09698985448256
215.16532029808164,389.9662052328068,40.294073184482485,130.3728251094011
217.02016073043652,390.87970966098334,39.17678066798066,128.54581625304797
217.20173825454822,393.35694610633107,38.81362561975723,126.13718025474988
216.1393623135194,394.3731214657143,38.433380075681384,124.10482953598338
218.82495442526437,394.0604476245426,38.000530478635966,122.26100990510466
220.25037548067283,394.4781575628823,37.584723338266826,121.42559002842513
221.5982638644591,393.770838984988,37.30445832012282,120.42471543478521
224.25422756090404,395.9323932082806,36.78482514985015,118.49775409950861
225.54582188358816,396.58706204469235,36.56086973940013,117.18841642668511
226.84941632603895,395.99624005669824,36.290215532666686,116.03352572450515
229.52237488276205,397.2998405123746,35.57462388987139,115.74148754847783
235.61843834436664,398.93911895150995,34.871515430023734,114.76073436287942
239.62201335130408,401.82554346763635,33.67706185946725,113.5296829595056
243.25113663016538,405.9431328807861,33.11277425693571,111.98846308839722
245.75979715473704,407.87764860433583,32.493529149505406,110.31846961215436
247.0929467815343,409.17121434558993,31.99114275331422,107.7313381296461
248.32644232049591,412.25403401328475,31.642143497457944,105.80168243839057
249.33304932390382,414.32919003388594,31.713144184935665,103.73558509148177
250.29810734348627,417.3793224534203,31.83931045179818,103.8041671704951
251.30103395327103,419.27016822656344,31.893045568711134,104.14165229717405
251.1736078769237,422.1997845913678,32.147897721405776,104.47850979836649
252.3364499933868,424.60848427937384,31.89706345558294,103.810810356561
252.13316354801103,426.7781844539077,32.30363634633451,103.5929114811914
253.31958402051328,428.1869083068159,31.995970151291097,104.90581327529716
254.27766846764064,432.72092450036604,32.157893317739294,106.2282411917118
254.37077353943866,433.4130328386869,31.97168317414328,106.9438412002143
254.22466618265798,434.23548461680974,32.26389788770459,107.40542843177892
254.1253676222404,437.11676606345,32.462495008539776,107.99819871084989
252.94978140645256,437.34440777000935,32.68315049623033,107.54291529773118
252.73734894034214,437.56965390809296,33.108015428451125,107.0924230215639
252.66222241598322,434.75227783304217,33.258268477169,106.33825375487697
252.60504213998342,430.9576552777427,33.37262902916862,105.44060595293084
253.6469413421247,427.3364441679166,33.399928455905616,104.23863684850437
253.41100479235362,423.1405077800654,33.87180155544778,104.25235699918618
251.6655949685696,416.6250795552828,33.15581201973595,104.6627858989116
252.94957550519328,416.21732078040355,32.68391654774126,105.47830344867009
254.05508728104985,416.37634908366545,32.57181928346975,105.16024684214631
255.23754674685915,413.3927754460824,32.29924737684573,104.85035304232841
256.25418483096263,413.07173755419603,32.348888579352476,105.49242882610113
258.4964215061819,412.36525351034567,32.05028044195364,106.90539691380188
259.3789325060671,411.90584026756983,32.39266388596504,107.82422339935354
260.13606902263354,410.7283809304315,33.005150433666344,108.05238249279591
260.9304840617717,408.49573362819336,33.55765923978795,108.23499932847605
262.14389887358084,408.6073720229805,33.2849727759837,108.0117225389018
263.215041503079,409.7041572902192,33.28862678046967,107.96409126790687
263.11157996932553,410.9197094490312,33.49554984797665,107.67831880885893
263.9441986489401,412.27258283656437,33.97541696624613,107.11767651129105
263.6411185355058,413.2470153019683,34.581577193114676,107.3148132014549
263.38322547934126,413.6728113604293,35.097363305443785,108.62317453238326
262.2778820171116,419.084243639349,35.12003243904274,110.92841671970615
258.1037809410988,421.2110677274587,34.583570542330555,113.33826658004001
257.91074421012524,427.03567696576636,34.96964400427768,115.16158428153264
253.42924036613468,431.06308022293126,34.819082287741175,116.22034717172045
247.54786832445458,434.14626638420066,35.128890393147636,116.92573643595398
240.6297998283846,437.30609221407013,35.12712693287108,117.52503500242321
237.18387117440736,439.8100938203454,35.07469232791963,117.14655973180987
234.6979960846893,442.4560826257918,35.4295706809931,116.4714539472798
231.1964369131619,446.41221271863697,35.51631259430806,115.47557019132924
229.99470391997727,446.7098221888059,35.626820960815145,114.88035125099134
228.57862834898577,448.064229165196,36.17240736659527,114.45810203441397
227.3035703159446,449.47892554140014,36.431881015231006,113.91935169945236
225.04316978710412,449.1848150491177,36.377135909599176,112.21979960236091
224.87131610744592,450.70173308480406,36.72084326891559,111.44859024653933
224.76298405261795,452.0178585405986,36.93750737857153,111.0743084333719
224.72095176339462,451.9638422556097,37.02157195701817,111.18234100334973
225.8792270673611,452.59400652094223,36.96470994437419,112.18170106797359
225.7615011364149,453.7759974997778,37.20016180626661,112.0905836180827
225.59651494632777,453.4135588893234,37.53013418644081,112.81546083899163
225.41818052623077,455.3932363577468,37.88680302663482,113.44057700067702
226.25781573560354,453.65212157800283,38.515190635833434,114.61514853222064
227.29396214049535,453.28100732229325,38.7787667611053,115.35737704363987
228.41069599249212,454.30124984957865,38.89655346308658,115.66814639504372
229.36239060605098,454.5744481421723,39.35099625555309,115.12174980985657
230.34175651097567,454.63314106509824,39.750609192434624,115.00436396400465
231.3669505338354,455.0667137805096,40.0641742957075,114.13721853318194
232.54177723779566,455.51998028582017,40.07180529518239,113.23068552256075
232.5459744949591,456.18058862684984,40.06341078085554,111.90946884050135
232.3487428239608,456.18686036884634,40.45787412285209,111.89692535650836
232.39452327283186,455.5712172013022,40.36631322510997,113.12821169159666
232.29850330146323,456.4132885868867,40.558353167847244,113.79242706309252
232.22959046799278,457.29325033853985,40.69617883478817,114.39383441983304
233.520680684441,457.5102146185582,40.486421241519146,113.95990585979632
236.08987553311744,457.8309844848048,40.072869290589445,115.68078500051467
237.43081118049,458.1321921749442,39.770465709309896,117.45783733370143
239.81999697271846,458.5813745126567,39.79066246801767,118.95875682985886
239.62249702347734,458.1937572109364,40.185662366499905,119.73399143329944
238.20158650121857,456.8766212712609,40.588199673119114,119.92897957475199
229.76229638320677,456.0380784909122,40.32087440078625,119.15665006282715
229.6621751958122,452.7811192050172,40.52111677557539,118.36997081055395
234.88665606866712,450.7529743374588,39.776064272026694,117.57430592459019
243.21491965768595,444.35469071861047,39.926854707936215,115.9646009217606
244.75621753300766,440.2015636973433,39.225115047233174,114.74743060453369
244.90055826532785,441.90593999608245,38.936433582592855,113.6893923062813
244.93741039780872,445.89217880459285,38.86272931763108,115.03839608046266
246.16869833595848,449.5218604995309,38.74839951417029,117.1720169819414
245.05211761270994,450.850975198424,38.6050368898666,119.26683572575669
243.83148874236178,449.9919552685859,38.642619456854135,120.98487558543283
242.41690830519966,450.35215485733886,39.04301338190347,122.69324335720191
242.00719708404787,446.4494790022275,39.862435824207004,123.11742889182733
244.6920070960234,441.94974143232275,39.45577866476591,124.67245973487204
248.62361788379698,440.65187630083125,39.080799413530094,124.77210922308464
249.51302292486577,438.4636323968746,39.79257053586175,124.16743462205946
250.69610212505282,434.99210998496466,39.921523798454885,123.62514445697762
253.4844290913788,435.491277639268,39.32443016288742,122.62680914837094
257.03601716210693,433.4922808604472,39.61512572003569,121.69555490694287
259.4358855003849,432.1721825505174,39.728859310315485,119.42228125996684
261.8283628651665,431.6713657214227,39.7968873409565,117.99742353805408
261.5870836777041,431.59384868706434,40.279445715881394,118.15245760677081
261.38424811441877,430.94086707592265,40.68511684245196,119.45842082905412
261.23543364921125,428.77511810271494,40.982745772867034,118.90095825689795
261.0514250215651,427.3862587598285,41.350763028159335,119.23671693759252
262.28535396133714,427.37284609444185,41.33635461603997,119.26354226836575
264.83463457202424,427.0828453544207,41.144933098565375,119.84354374840807
264.4869388501324,428.6463616947607,41.840324542349116,119.17486513199597
263.3146409915893,430.8459860828549,41.723450367461496,122.16002603172905
263.1785867765806,432.4478889203542,41.99555879747896,123.96005997966728
261.78897550028296,434.6948949569764,42.242249017129865,124.5311125723115
260.71159128515984,434.5530677915938,41.8518466390736,124.81476690307667
256.74879572078595,434.5303444252134,42.151203530083144,124.86021363583741
250.65008245245488,435.2791562325222,41.60765056774909,123.36259002121979
248.2210825151618,432.03016703625815,41.431774229459975,122.30975409443502
244.6260415928523,431.6346270985248,41.12566429129457,120.60210337564018
241.08451072535433,430.4648862517002,40.80228261698244,120.47277059952015
239.84718553371553,429.2626602593432,40.81586299861154,122.87722258423406
238.32217228285,427.87271889008315,41.370340255745596,125.65710532275423
237.67985535830854,426.82269629082253,42.65497410482854,127.75715052127546
237.4281684022216,427.4031811361671,43.158348017002425,129.19483017008986
237.2743620427852,428.06878471728726,43.46596073587515,130.4919429959158
237.7010506451586,425.91671860241934,45.26499207718879,132.14366667959126
239.23468979029934,427.28812675501405,44.90650595444889,132.10964254194337
242.00074862354583,427.16223855074156,44.77792504703093,132.36141895048831
243.35580979087402,428.8721344980305,44.77081045838958,131.6446348019255
244.64275816227615,429.3300131588424,44.88958046246989,130.72887748030163
244.8075423299749,429.96495432605434,44.5600121270724,129.45899514587785
244.904415196619,430.7565037432037,44.36626639378419,127.875896311579
243.60134953667554,432.9438354339169,44.34083153276453,126.13279911105928
243.72603160490462,434.91466417617454,44.091467396306385,124.79737076920438
242.42079123681881,438.9675701701406,44.11931518936291,124.43945761061757
242.44846081196562,444.0863416218857,44.06397603906932,124.51402174874062
242.33367766660487,445.3823282422176,44.293542329790775,124.50013588711172
240.93407203589635,446.5541171416541,44.51069915344088,124.73861252600572
239.40454382419378,452.2606243182054,44.98035583834479,123.68319712690825
239.34835416008818,454.3318560127583,45.092735166555975,124.70636267155743
239.08349529239285,456.4652358096339,45.62245290194663,125.63856721062373
238.79216029344968,457.07754920428874,46.20512289983299,127.03633960191047
238.67917624616138,459.1178650866726,46.43109099440957,128.26157306086606
238.8206320721772,458.93048313105254,46.148179342377915,128.63633697210628
238.88796807823502,459.2537878375265,46.01350733026232,127.98972755915844
241.55616480203506,456.6770993874554,46.00331144878195,127.81690689318071
244.56507147226793,457.43928649227695,45.30638506545055,126.29253268353762
244.77102954248772,459.4900824685427,44.89446892501101,124.81696923037336
245.0667563208912,460.99471462257566,44.30301536820406,124.40517889408059
245.23362663790456,464.2566410604172,43.969274734177304,125.62393488434324
245.44984413297018,465.5810428531712,43.53683974404605,128.1595579534685
245.66178149373607,468.10435913920514,43.112965022514274,130.97440543202129
245.78910676580904,470.7482628553763,42.858314478368335,133.6450202325016
245.84023678385074,474.03559702876606,42.75605444228496,135.12860338499593
245.5781862478371,476.16650807336896,43.28015551431225,136.27730436218394
246.66484916502424,480.8471777759544,43.83804706136503,137.84083448272145
246.3821290142161,483.28676148806477,44.403487362981295,138.48903183857269
246.40876765492692,486.05423446146267,44.350210081559666,138.52066652304705
246.44830344815531,489.2857533847779,44.271138495102875,137.62314777468558
246.26862881569744,491.42203644009123,44.63048776001866,136.11914122780718
246.05003450299554,492.1717873551411,45.067676385422416,134.6196393977075
246.26957461539018,494.2076889950681,44.62859616063318,133.28829419411204
246.047558681258,495.18309928896554,45.07262802889748,131.3374736063172
244.22104227156848,494.41886815946714,46.03186727920865,130.172142296246
239.7912451593753,494.40082607811064,46.80761776124233,130.20822645895896
237.98667400889303,493.8020846012203,47.707563368978406,131.4057094127396
234.04196319612583,493.23059950764963,47.369155056852165,132.548679599881
233.80877022243396,487.29104587533993,47.83554100423588,133.41649308284133
234.40349917339603,488.09999956750517,49.419761452769784,134.57226404896866
235.40437642893954,487.25861814944216,50.23687503080919,136.25502688509468
236.92410510746126,487.66580923703964,50.055129984746216,138.29835702088013
238.85399857874557,487.07311134546234,51.962677197376586,139.48375280403465
239.79488759719476,486.82511851313404,53.015985436985616,139.97973846869124
239.62398787457093,487.44613145559407,53.357784882233275,138.73771258377118
239.49312823828592,489.3474180705696,53.61950415480328,137.88461772937447
239.09174857740356,489.87337637965186,54.42226347656801,136.83270111120993
238.39018873938733,490.49406405215245,55.82538315260045,135.59132576620874
237.80054801004601,491.34381505478035,57.00466461128308,133.89182376095286
237.7019556867148,493.61900690677004,57.20184925794551,132.2860928950203
237.657644304776,494.69611502847414,57.29047202182312,133.0567855218582
238.0604544493471,498.00885444901985,56.48485173268093,135.24419135754783
238.23791779549592,498.307614604902,56.12992504038326,137.60165257214413
238.29661682279678,497.4113925124101,56.01252698578156,139.39409675712795
239.89912743128517,498.25988401808195,55.813921173818756,140.70352915079815
239.16081759272856,498.7318410460744,57.29054085093197,139.75961509481328
237.22509141190113,498.8209001476969,58.12754422000285,139.58149689156838
236.76506137522506,499.7816599274677,59.047604293355,140.70673015965897
236.64522600427478,501.5397777331506,59.28727503525555,140.26981829117682
236.6110068889162,502.1975860419351,59.35571326597274,138.95420167360774
237.0536961467966,502.7765792196876,58.47033475021192,137.79621531810267
237.83630650590862,506.7990999435743,56.905114031987864,135.80525545788726
238.62072148239398,507.82810630822945,55.33628407901716,133.74724272857688
239.1607038818355,508.9237272708634,54.25631928013408,131.55600080330896
239.80460171368497,511.124489994359,52.968523616435135,130.0166517299665
240.2356723668021,511.1690399683505,52.106382310200914,129.92755178198354
240.4734011856313,509.5845459765309,51.630924672542534,130.29611998731528
240.77960759528003,508.54706491814403,51.01851185324504,129.573848838629
240.75738184701936,508.43703382609743,51.06296334976639,129.79391102272226
240.68231985442114,508.5159502267026,51.213087334962815,129.63607822151184
240.33179899663102,508.5363926448172,51.91412905054307,129.5951933852826
239.84786181668343,508.44131061543465,52.882003410438244,129.78535744404775
239.68770698640577,507.65543686221065,53.202313070993554,131.3571049504958
239.4477042062497,505.43139915656275,53.68231863130567,132.9646293866469
237.78802054000533,501.5309690826674,54.12942193049652,135.0209614678418
237.55260589837872,495.3021971142721,54.60025121374977,135.83910010582875
237.56758866110604,492.3062913297906,54.57028568829509,135.97084854388044
237.3245326425954,485.55782656361595,55.05639772531637,134.8108078096335
237.18258700388418,480.6512425052552,55.340289002738785,132.9306004155545
237.39013667546658,480.81891204310955,54.925189659574016,132.59526133984582
237.67955793117946,479.5476727348876,54.346347148148276,135.13773995628972
237.68531288555178,476.2297972864251,54.334837239403626,138.85808797717007
240.73671304152302,474.32002547780576,54.16948016427459,142.67763159440864
243.45558341112715,472.9838824331056,54.77294065371636,145.349917683809
246.22093314944277,473.2780495535228,55.381801563278,147.831363636071
247.52153520234867,474.9753445013453,55.89691206525141,150.66940295599636
250.51448013195548,475.471028427462,56.24354721237154,152.84429760692979
251.97732821574144,476.53098911792597,56.52151318014312,153.9280383613455
253.18390287065495,477.7305239280075,57.33255962557405,154.75316449644043
254.75034598666855,477.6233588674085,57.4503227156159,154.96749461763838
254.6973891383928,477.9758513031321,57.556236412167436,154.26250974619123
254.40779997858246,477.7316423735936,58.135414731788096,154.7509276052682
255.80472191289246,475.5814023304181,58.60665681397454,155.78632174081287
257.1574593454875,475.4223648776407,59.18959482297499,156.10439664636758
256.807136997591,475.3508352411201,59.89023951876803,156.24745591940888
256.68267491393146,475.61222730980086,60.139163686086995,155.7246717820473
256.480575804633,478.25275286649116,60.54336190468396,153.75868596424513
258.0167979393203,480.0379396179155,60.76497120267729,150.18831246139646
257.82895838748044,481.5453213814551,61.14065030635706,147.1735489343173
257.6513087372989,485.20448575560704,61.4959496067201,143.06505343683756
257.6737306991287,487.2975309540193,61.451105683060554,138.87896304001316
257.69688776723905,489.5526777157446,61.404791546839846,134.36866951656253
257.92413897572186,491.5816434071567,60.95028912987421,130.31073813373828
258.1862180655242,493.51729243965116,60.42613095026954,126.4394400687494
258.3005574209063,493.99570537818016,60.197452239505466,122.58611910773888
257.1594890536523,491.8522115390953,59.64333625737468,118.36434863599254
257.26368428904743,492.35696061412443,59.434945786584464,114.58997435212362
256.0588037929831,488.73095831200817,59.13878646932559,111.01829771880597
256.10272478856785,488.1084783402235,59.050944478156076,106.96661967330496
256.20698849982045,487.57549910652716,58.84241705565094,102.8584111218003
256.297502234507,482.5592214555005,58.661389586277785,97.75432249892809
256.4977392383131,484.99170116677044,58.26091557866557,92.88936307638824
255.76221724368327,487.3670197737125,57.36730863539218,88.13872586250405
255.0146733378028,489.96867474045274,56.58380887515336,82.93541592902359
248.05558170461157,496.0250122990483,55.19065639840649,79.57207552219207
248.53200722455327,499.1378225775359,54.2378053585231,75.46000158213778
248.12662682483096,502.805893158689,53.01292820717211,72.19513632142286
