99.5,237.5,27,82
99.03730480227948,240.77659008051577,28.586397173839924,76.1078266173674
103.06696429683608,243.46209771393762,28.555605091180077,73.94822211310499
104.8798470609966,245.55413236005222,29.652338114555526,72.91248518867347
104.8452078412788,246.93077126913147,31.3004839785552,73.31694221964324
105.68052875181993,247.9590450770776,34.471718859219195,72.87435350433309
104.7266053454627,249.19144628642488,38.042791069030315,72.07277648273522
104.14806444685426,249.30318701075748,40.91314928126599,71.84929503406998
102.85762291268617,249.3821308103591,43.494032349602186,71.69140743486678
103.94783473852358,246.7499162431224,44.91421797641173,71.55492265161351
104.13808873117101,245.663064379783,44.533709991116865,71.90650162529906
105.53230608367379,244.02642528575794,43.56626841729929,71.53779355097328
111.68540551099176,242.37993629835623,42.055461361491325,69.43307562636272
112.51685235568627,240.80314010402122,40.39256767210232,67.35934637296853
113.59425215187072,239.47679696010732,38.23776807973339,66.64494690587443
114.96352162672088,236.13517327701018,35.499229130033086,68.41875265016988
116.39400419512658,235.06427823995304,34.25410896430274,68.9446977532031
117.27256998838078,234.38949980841622,35.70109378130536,68.6921964145212
116.81799919326693,235.28316105983558,38.23357067730126,66.90487391168251
116.11113410312993,235.313769756849,41.28756108799179,66.84365651765563
117.49901446118224,234.9252042932697,43.584567058748796,67.62078744481425
117.22117781964033,234.73126242756047,45.881248855550666,68.00867117623272
118.06669373012666,234.5237934267175,47.760335464862386,68.42360917791865
117.61058274934295,234.54660187181176,48.67255742642978,68.37799228773012
117.83677393052284,234.4413944998655,48.220175064070034,68.58840703162267
119.30613989098772,233.93874082395666,47.11394357071421,67.76121395586632
125.14052814159714,233.8054548606396,44.45385473344196,68.02778588250047
126.43446699301893,232.56883433241333,41.865977030598415,68.73941501736915
128.42953875615913,232.41348100158245,39.604749869221834,69.05012167903091
131.4364046387344,233.78055869294695,38.676976782447404,64.62064673684327
133.5731814388699,234.2356520237277,37.631136662978165,62.0966033348808
140.1814713945057,233.10059874369517,35.32514865697593,64.3667098949459
140.83879721038423,231.05853912607276,34.010497025218875,66.89762180479572
141.8837259883893,231.38125651689717,35.05636600474932,67.82005029091718
141.7192905387706,230.84064842115382,36.98466580245315,68.90126648240386
139.8304684127445,231.05284779756306,39.11386171298084,68.47686772958534
132.89882079107701,231.33976197365595,41.22770370550942,67.9030393773996
131.42109333943296,231.91682622532073,42.47744790849569,68.45462157437194
129.06748782768386,231.74256574578823,43.714767439898736,68.80314253343693
127.24693141569733,230.09997050929192,43.83410161636702,68.56655435892473
126.06741686620192,229.04311321673717,42.674443346457366,68.92092525958405
126.81304570261429,227.89057104069704,41.183185673632636,69.48079610377003
125.66822876000151,227.2466377607306,40.015945038661144,69.04022540360435
125.87481888916169,226.99373341391794,37.90061848018896,69.54603409722972
121.9385820201719,227.2092807291342,35.73133795518879,70.78856517729376
122.73374999391186,227.7346373393583,34.141002007708884,71.392462596118
122.78704575088136,230.12054895709005,34.03441049376987,71.52820579380426
122.31131782111768,230.76811519047314,34.98586635329723,71.86905201264955
126.04066053240443,231.7470767521707,37.472205890690056,71.56863304924877
123.6570053714116,232.71964544945016,40.54345519669624,69.62349565468988
116.5579005662472,233.5758921179749,42.7035137565425,69.63073818199507
115.89480528543294,233.52974435875848,44.029704318171,69.72303370042788
115.53538228183484,234.28517240079043,44.74855032536722,69.99209873604113
115.54522508967987,234.26557010168787,44.72886470967713,70.03130333424627
116.16875351058928,235.44266121427646,43.48180786785831,69.473352573024
116.86400717452798,235.15525161671206,42.09130053998092,68.28116276107451
122.348970175098,236.56993364132325,41.4766090568837,65.4517987118521
123.5425566244843,235.38822531169387,39.089436158111106,66.14191888648
124.10051218329289,236.46162094059576,37.97352504049395,63.995127628676194
130.18443260027422,240.56827142254716,36.95444450258271,60.55986679165259
130.71038833233237,240.8729244186285,35.90253303846642,59.950560799489935
131.01825001090924,239.54096135593377,35.28680968131266,61.11691299341369
132.30672760908186,238.7755900100811,35.71882146061564,61.143172197294945
132.87274685984303,238.01017899533272,36.098975038103625,62.67399422679166
133.1164483833029,238.03950100684818,37.152912659211495,64.1566908717883
137.09940673939522,235.1751470100591,38.67416289683935,65.14181539046027
136.98456860322634,234.26479599152722,38.903839169177104,66.962517427524
137.71770885063873,234.1031176442142,39.09004150659548,68.93835695439316
142.03825567671393,232.90323088915056,38.873557588303576,69.6532085177487
142.35187902367062,233.109837550201,38.246310894390206,69.23999519564781
145.71402628331663,233.2034140130549,36.547054679699954,69.05284226994
145.6815421928527,232.99862084570788,34.96884713768773,69.46242860463407
149.3404878048183,233.5790838175218,32.51696911347282,69.9235070609117
154.6111408504684,235.68049985527585,31.49238230629051,68.89291474677613
154.69491058784158,234.59673042398742,31.324842831544125,69.50725472126136
154.18956366457925,235.18618303547385,32.33553667806876,69.88753487043984
153.15658485207766,233.73609323402297,34.40149430307197,68.04044265381137
151.69519287133096,233.51446224272365,37.32427826456534,66.89233852912807
150.20365743633542,233.41991863189742,40.30734913455643,65.456816836422
149.2750412620029,234.21554469926718,42.16458148322144,65.5193280820217
148.50889993255814,233.5697507939194,43.696864142111,65.12510671304673
150.6140238755775,232.47748825408593,42.89742741788989,65.60422621180489
152.2575145330197,232.21926070646546,41.30975350532973,66.12068130704581
158.75257078889052,231.17451123909922,38.402643296347954,68.21018024177829
159.48570167898978,231.68846525848733,36.93638151614942,68.84472825983026
163.66262466059192,232.2093382136284,35.169689224283395,69.44977076738274
165.45484901129487,232.584415697649,33.21052972333743,70.3249049998015
165.98479909901891,233.55563655658148,32.15062954788938,69.98653901880961
165.4227553356232,232.99833725457574,31.694089091805274,69.52050963994556
164.93167623852432,233.7907644959323,32.67624728600307,67.93565515723245
166.56572133221516,234.47048862137586,34.08793409612444,66.57620690634528
166.60868064168602,235.2840773594863,35.56650115294099,64.94902943012443
170.33182593926898,235.52130552348967,35.9498249935846,64.47457310211769
171.78003927967018,234.8004923450675,34.618854386031195,64.35074338571309
178.1046804784977,235.47139935385854,32.75582704422742,64.54982294753839
179.86902492807036,235.25090202884974,30.73892250971293,64.99081759755599
181.68006684095135,234.70576169944354,28.600072952458902,66.08109825636839
186.0775403148622,234.01706329653354,27.112839359774732,67.45849506218838
186.74368482844454,234.01023051967996,27.235586147752024,68.92719643103752
186.34538229864043,234.7514589068079,29.510555910376716,67.44473965678165
186.66603269960146,234.98858407229392,31.8639624515547,66.97048932580961
189.81151879329744,234.15914857548393,34.76321472487867,64.03424808907167
190.5665645608408,231.7164056950832,36.330522307263266,65.84233473240171
190.20632900578565,231.5346716532831,37.050993417373554,66.20580281600188
190.0306728246303,231.62204887203865,37.40230577968421,66.03104837849082
189.6624112651791,233.84885522355523,38.13882889858665,63.19063357758863
188.72031462997907,237.9972128068291,40.02302216898669,58.060919469170386
188.62384730607766,238.9777394272516,40.2159568167895,54.561781042713754
189.45352719761928,239.68240549007032,38.5565970337063,53.15244891707631
189.3764314452137,241.89088969944473,38.71078853851739,50.175137371679455
189.13861378910858,242.79018125606368,37.78955925356685,49.77341885560241
188.87306856101824,242.78374068904023,36.94493752346199,51.16201217593476
188.37200440685916,242.38885245220797,36.56407810972742,53.334776371651955
187.61990921844722,242.351132297745,36.65871058314795,54.819774583981314
186.8086342980106,244.9094245032298,36.84776933852923,54.00366342948749
185.34314440000986,248.3818026029522,38.354409403536735,49.90758669203054
185.22226119658072,250.31063425943614,37.209203218729485,47.43689597072816
186.53716882253508,249.35279130523924,34.579387966820796,50.68315641303558
187.43358199768574,251.15712646229517,32.78656161651948,51.08463559177194
187.99356891413495,251.2574344941823,31.66658778362101,52.196943864237824
188.38043060230663,251.01197923100779,30.892864407277695,55.3093635094705
188.1359620681349,251.2780777276355,31.38180147562116,57.4648314741049
188.1674298386129,248.63356484917966,32.70287002174204,59.98584905686276
188.1983711533423,248.449284186178,34.084757129523055,61.798180120105876
188.53937526387176,247.72386920972346,34.89686527170405,63.24901007301496
190.60906606105297,246.5669480639754,35.345673839247375,64.03345564387593
193.66217352924883,245.00571358245523,35.43401123324415,64.05864844172201
197.8391985952987,244.37014748339567,36.383064384967454,62.22874621190011
198.05549552478354,243.30167910056517,35.95047052599778,62.826133528968896
197.8122369145969,242.33644515222792,34.89591253284913,63.215526212121446
200.28859316613844,241.45988547504876,33.00097211881217,63.43975952195664
200.75654733861833,239.6084092502412,32.0650637738524,62.64354972708735
200.38533906134597,239.0247837575844,31.335569141496826,62.33888952550065
199.73557028659744,238.2945909258535,31.18025765684721,62.344426154815835
199.3971923226557,238.0215357717757,31.857013584730666,62.89053646297144
200.17956183710737,237.4448334216758,31.76421673035031,62.57199898864829
205.72082130822164,238.25040382053916,30.941392797109337,60.96085819092157
207.3017418959979,240.18562501313406,30.635244552827718,57.09041580573178
208.78792723772924,241.26986998927703,29.028585296192787,56.287637280273564
210.71123821077254,241.3548647274161,27.834577754392694,56.11764780399541
210.8103712769036,242.443482298718,27.636311622130552,55.243603246502595
215.25006480638154,243.03236478010334,27.765685640791055,54.06583828373192
216.04079903696947,246.15445037586002,28.728091970705098,52.90941667439841
220.94089473942176,240.18312577446682,27.82806655574923,53.4089953186793
221.10568525277608,245.3183708686121,28.76185306243428,50.71871033075097
223.85386022656968,251.1446074872004,29.463826115704485,48.98355389494623
227.72250932258694,245.91493193782892,30.307082279106922,45.95917672085974
230.10306912263832,255.5278366741894,31.5194793899235,43.45921403871303
233.19102809732155,256.73705842374795,32.40567034847846,41.04077053959584
233.04748331613104,257.60236188958504,32.692759910859486,39.31016360792171
232.44142594889362,258.223931267388,32.77216815603289,38.06702485231571
223.14648255874624,254.74794128260024,34.64007728512564,36.10061674125025
232.45874207481472,263.23289616736645,33.83903530970403,36.95418402843315
240.93598058054036,263.05306876539066,33.603317964491296,37.31383883238473
244.35023036431016,263.27002197862544,33.47335870741516,37.99635579099237
244.30690217195402,263.0786301015882,33.56001509212744,38.37913954506691
244.47520873373043,262.2674697397596,33.22340196857462,38.86919586186787
250.36875354552484,257.1664326617384,33.91521629847954,36.592366064416545
253.8769622370336,258.2617286547424,34.66988748772273,34.40177407840853
253.97477848861874,258.16006416568246,34.47425498455247,32.429621750228144
256.55540716018675,256.2741941100666,33.526923032656065,30.933955122410353
255.29695054510262,256.1075994941281,34.01398306839147,29.237291159854394
256.94122570823447,265.7850042690809,32.71617814656122,30.78530835650087
258.33571005542314,267.63473000420674,31.927025110763076,32.08539603269739
259.78012199443674,266.8858740250013,32.062407791756506,32.57503913810141
252.77888115357712,254.518210959342,33.850034911056895,30.84484705084585
249.49814252791006,257.3383805249677,35.31880113137874,29.278676744404393
248.60803810798825,258.1024023169308,37.09900997122237,27.75063316047815
263.1946053806602,260.8149536227457,37.46521710402797,26.39992250445523
253.33234485124865,257.50043441356814,39.15429340574771,25.013207697431124
253.07883053122924,258.2034714621826,40.66568053339052,23.60713360020211
263.99472202924574,261.2392962368538,40.904701188582806,22.551575789774613
256.87086311475855,258.40022443827775,42.29792710445865,21.308069895258228
254.68600299244986,259.4189545410421,42.71588698109113,20.258549781725698
257.37668327010243,259.2899324708251,41.23785153730271,20.51659392215979
261.296703667351,259.2755013158995,40.10889633363714,20.545456232011013
270.20812861151353,258.8345065211983,41.1397182354972,19.54207864239485
273.7644801920314,259.30731877356783,42.490302918194715,18.596454137655815
277.0250835093932,260.687694076723,43.516449835492025,17.72254191935065
277.2458897900547,261.8998816966536,43.07483727416895,17.183695448475117
278.37503612383216,262.0361263029077,41.74334040499054,16.91120623596696
279.60766060259135,263.6988207122421,40.18085305258717,17.19686383775788
270.17529096809017,264.46686600250206,40.45477482742829,16.546050280769396
271.37630026766976,265.2471195745886,40.68581982180916,15.86323100110968
269.93960641352254,265.37229144337056,40.08391708497866,15.61288726354571
269.67067909629225,265.74904617187224,39.76608301470834,15.715066511273353
271.27058813172977,267.15067814491175,39.978057764826495,15.47064718093913
272.5146493613958,269.43867130578525,40.044790746467065,15.15275326081317
277.2671716746647,269.2108748459647,39.855285446187466,14.761478968976121
278.03919000341665,267.91894342548085,39.148352015717585,14.834032128842107
281.3417738608896,267.7193545665546,38.34112877656065,15.233209846694503
283.09287416637824,265.7944201713201,37.3104381972837,15.787731928229832
284.89136819326495,263.328902331635,36.169965407858896,16.624575500352485
285.37308735073253,262.062914748897,35.20652709292364,17.52246705118585
284.999277912828,260.50497308106253,34.31690641172288,18.18249105133998
290.36519664644555,257.61022018916924,35.0222707672183,17.436452936423418
288.8855164359606,258.41388723353367,35.5383292016078,16.643552843221343
288.0223135858372,261.5894679449581,35.648371288606526,15.949664066740478
288.12664458181416,263.52177487673885,34.642083163092835,16.073180870977883
286.210757768329,265.0971142336327,33.76284873638739,16.848342201920083
284.56584534639154,255.71056498483122,33.123573241642916,17.547579141874092
284.4055766151585,263.2833938125506,32.65562125312326,18.171710506149264
282.4613588340446,274.2294362040459,31.79047281447984,19.255281727370306
282.94665220068924,279.08269289155464,30.81988608119049,20.717794939446442
284.08486922863085,279.6671689675902,30.15887140328828,21.97197185434674
281.53945333015474,278.8679911937158,29.520739986488657,22.751904085845347
282.523685032433,280.27438111942416,29.195204648406225,23.22498036737669
284.622324658478,279.3357072762952,29.118801075020556,23.45397778215294
293.8870483760601,262.0743714396612,29.603806386697478,22.427889972196493
294.0642422240492,260.83344380087976,28.431972372026088,23.274852612373042
291.6506863964107,260.16658746451714,27.566211108032746,23.795297725202534
295.27432636670034,259.78569103778,26.785311016869493,24.557090578676878
297.27646235489925,258.20509320571443,26.014444539195036,25.29323211876539
294.8746584844312,265.9650475742183,25.162227620060072,26.74079736197067
295.12026971914463,270.6716218084164,24.67100515063332,27.952236349254683
294.5431446749079,270.8078707239188,24.996945619493612,28.508048137862822
294.6654447184765,270.68194576560256,25.594490183119834,28.759898054495327
294.4821117789533,270.2760604761414,26.81676772480245,28.716056970781494
294.37172964916414,270.3782842736616,27.911936777380102,28.51160937574102
296.47145746035255,268.9568843927724,28.15521733439424,28.688767429884876
301.0437878347611,258.54837452096376,27.067095622224908,30.707196087990894
300.26877251817064,264.85618636263104,25.88898690350895,31.732269164140654
300.86357914261157,257.34928116715014,24.69937365462702,34.05852143306607
302.3281162812958,253.1107889713957,23.615063290357664,37.00121408527772
303.10712116891534,253.2617061346315,23.005803579548093,39.54562995209477
303.12791653920675,251.71080928658762,22.964212838965267,40.69459398923628
298.8988642435246,262.1753880870671,24.473191795289623,39.620081059820066
298.4816014667055,262.14839756801626,26.309989002918883,38.67179044393073
300.06889111817054,262.1494446958921,28.22888653516325,37.65100082114422
299.3146194779477,262.61887773015224,29.737429815608916,36.71213475262394
298.38507191839574,261.7297668217326,30.551517198334167,36.4003410967059
298.6550089596638,254.56356319990937,30.011643115798,38.0925040001947
297.7635248177996,252.6670634209465,29.65337714148813,39.744269300082046
298.2081857643995,251.68449939590448,28.764055248288294,41.709397350166135
298.6863468367365,249.63108738154514,27.80773310361424,43.60596688569679
298.9786577345906,247.47988756869455,27.223111307906034,45.672917936955315
298.5319159900196,244.7229153352188,26.97785506005547,47.77064319292928
297.7832332810231,241.1735164556547,27.30952006322278,50.20663929275465
294.29039179130416,240.95857427325902,28.25850505149475,51.84386325577911
293.7668975804623,240.9616096283715,29.30549347317855,53.085502047525296
293.7501760695675,240.04505888706734,29.338936494968195,53.6346894075284
296.0173017043054,239.22174292176763,28.682459000876612,53.98873007966636
298.8946606279342,236.79167011716734,26.787448838793615,54.989168003692455
299.59284170001047,235.38605823424854,25.391086694641043,56.531860626037755
300.1940024584209,234.71534343259103,24.188765177820027,57.873290229352804
302.956338032045,234.64944841180701,23.723314435129783,58.005080270920814
304.0365117993057,235.39178903453893,24.079839471527634,59.0372715963763
304.04704997844226,234.97990546282,25.338424997138482,59.86103873981412
303.1678059998121,234.3856701560917,27.096912954398853,59.73561040837889
302.31129846140476,237.0914215203947,28.80992803121348,58.35332990196513
302.31742271191564,237.22998394978902,30.150473969707924,56.723410603660355
302.63003005311407,235.90970349443,30.87725705645395,56.659975976092696
303.46111490871834,233.80211611732412,30.578595894115768,56.78462508369334
308.60639182339753,234.24857967302148,29.809697371299137,55.891697972298644
310.38526235039035,234.2910532223235,28.919779103361805,55.806750873694554
313.01693774487865,234.71427353012638,27.608547914419,56.277683458100086
313.2404576707967,235.58873223239203,27.161508062582914,55.830378723912546
312.3658097167867,235.63289343268346,27.623487665677075,55.74205632332966
312.15903448163084,234.8073244904856,28.037038135988833,56.09915531327053
311.8304642430109,235.61255795971493,28.694178613228743,55.795113446279835
315.0764501566481,231.90796987907797,28.768789088352676,56.63770730515539
314.9151880230544,231.56642472253415,29.091313355540173,57.32079761824305
314.59559347411334,230.5820123523851,28.387958340451604,57.94707824557051
315.00853942234,229.55022958495266,27.56206644399832,58.67110700606257
319.6394334040997,229.29204876204687,26.314646749263755,59.18746865187417
320.9513904149973,229.49745333020246,25.012109514416196,60.09803630251079
321.9658989977041,228.54679505576578,24.294628401356675,60.68781679903016
324.77839497489094,227.98977248703204,23.898703829894814,61.80186193649763
323.8940861622941,229.5688468300241,25.667321455088427,61.27611806098316
323.5165535874861,231.5172253841455,27.762558433597317,60.05970461052597
323.2095842492315,233.20337896855818,29.7359429963369,58.046843327930986
322.69458715079975,231.31637857204703,30.7659371932004,57.727901734096115
322.73021445838816,230.80667948822224,30.694682578023585,57.36996166801022
322.99857177353,231.1470299737421,30.157967947739962,56.68926069697049
323.0631231882674,231.39031892189263,30.028865118265117,56.20268280066945
324.69244754721626,231.63648586704267,29.454710800642847,55.71034891036936
325.2103844052079,231.52496741552972,28.41883708465954,55.933385813395255
324.98421990746795,231.58688152550334,27.56057076007413,55.80955759344799
323.8445645490204,230.9080097721718,27.25200942339532,55.8733650733242
322.88482322001744,230.88846883889244,27.881976142265756,55.91244693988287
322.52232479850517,231.72823472500158,28.606972985290305,55.53392356783333
322.4458368576181,232.3338425354841,28.759948867064548,55.63068841211813
322.2486326319774,233.30436929162823,29.154357318345877,55.0016709232468
323.24178091106177,234.30928357481486,29.7872034013088,54.3014136774394
324.1006179901799,234.89366500625468,29.37961581991577,54.442737391403014
324.66526235992114,234.4765084413528,29.555528916885592,53.97184868475449
323.8283846364555,233.63719338748848,28.626751958932097,54.3492125900408
321.7197737612061,232.20948300537114,27.68030990018319,54.62280144965158
320.7545760298574,231.8554957079329,27.053440782720177,55.330776044528065
320.43819737095413,232.81891870856646,27.686198100526617,54.68207051587421
319.86468977301433,234.55007383308015,28.833213296406242,53.77896557180313
316.0353494277824,235.63455126742733,30.061565897330624,52.896076321016665
314.5282491582958,234.6431573298337,30.487790944224674,52.29088870412471
314.7235003011142,235.6087753723671,31.389535893763465,51.65189985423348
310.18802398717,235.48448504474536,32.67266720226653,51.90048050947695
321.3624118865508,234.9565783072991,31.495529185060274,52.956293984369445
323.8579416013634,233.93988166219154,30.461982467836023,53.67051637045093
325.46800148523073,233.10487677014237,29.86637849900015,54.028268255099874
327.76035630257445,231.5053964960468,29.203885574673063,54.61241766305073
326.99072090608234,231.83243931867315,29.438465050144828,55.26302333531058
327.26484035226633,230.729047877626,28.890226157776844,56.15151488354357
326.8642305798378,229.6716904116965,28.369520325820183,56.94430443858877
327.19516359609963,229.54944237973862,27.7076542932965,57.188800502504535
327.558512023627,229.10286849951234,26.9809574382418,56.76530324421205
331.04709710704606,229.4585179743207,26.492883685911274,56.054004294595366
336.2599856562117,229.33134215776462,25.019702017764473,56.30835592770752
336.83000316109184,228.5969185392114,23.879667008004184,56.520365405187576
337.23932206033,227.84071249449414,23.061029209527852,56.792995132748864
337.13178332637204,226.64942937232846,23.276106677443757,56.71721268766021
337.5777837914596,222.93937245158384,24.84792626773527,57.97777522798313
340.68071781588554,222.48955039234949,26.309994586247832,58.877419346451816
339.44965678134304,223.2329816390461,27.455319766508904,58.707353741882585
337.8119735893679,222.6628742423148,28.061901881763127,58.513176400997125
337.62330448075903,222.56219182425616,28.43924009898081,57.37240384035042
341.73281372844707,222.36035038348396,28.212356506105884,56.44406423814469
343.81154070337493,222.7580834458784,27.998426932849654,55.64859811335576
344.17950705955286,221.45338083991368,27.262494220493714,55.65968468132294
344.6484292802649,220.7359240070982,26.324649779069695,55.80802295192846
344.9710286365055,220.3561800200335,25.679451066588477,56.56751092605787
345.15061537760903,219.43084780915154,25.320277584381472,57.145987342191724
344.7820067562575,217.821238734924,24.783220605857316,57.816657048192425
342.20390280572843,218.17679141944237,24.841369542835917,58.38006642017556
340.722875691921,218.0037645911205,25.236041296268155,58.726120076819285
340.72329094354836,218.87929351717256,25.235210793013383,58.27073846155905
338.4417751417332,219.12919253717058,24.641958046010636,57.77094042156298
339.62913194347516,220.644838382119,23.53859966123475,57.28235916908238
340.9186804438456,221.25151106553153,22.204231598671186,57.313742740434584
340.8964061610534,222.95046767206617,22.248780164255585,56.35853933884621
337.2045247319518,222.63296848221233,22.382003208807557,55.78511441627862
337.2886806985113,223.60259485476817,23.416242588182037,55.04841298366064
336.7633993256786,224.49539616210532,24.46680533384739,54.473111252307035
335.55194018548525,225.36744929179974,25.669234324849775,53.94949428230261
332.08031932982726,228.18486539116446,26.442945432036943,53.250286566876156
331.26792957334834,227.29566158782234,26.830591740464353,52.554427764499536
331.2510472155244,226.28549123087427,26.86435645611222,52.10748816543868
331.82719977030257,228.9550250194779,26.939716039076252,51.679079358313196
339.0211207726759,227.51996365716198,28.446593286491762,49.65851923612588
341.54249471206344,228.2517832941888,29.496889933237394,48.19487996207222
339.7714079030316,229.8736810586898,30.609859907196018,46.165686255122765
337.9862570210894,228.41297546759444,31.77447502868589,44.27572415252436
338.38790130155024,229.65973919631278,32.164775319234515,42.975785546558065
338.9272488638367,228.91558736298535,32.26633021800403,42.10358916652804
339.93335636615785,229.88528241813003,32.591346349280606,41.332814624198086
342.99912176833277,230.49323693268295,32.270432786729366,41.279029043451935
347.1288489311076,230.28890321152747,30.947489330604427,42.84378163066701
348.32599821359844,245.05246106879247,29.711476545411788,44.59038197043983
348.68936791315355,242.8524165936636,28.984737146301526,45.49778664499438
350.2479809686818,250.12669638743813,28.198959342948157,47.26936521136716
352.16097121358393,250.7657664180624,27.90983847254507,48.34913156305266
355.8340693722652,253.66350068853916,27.70421739544883,49.69423826236549
355.1276578918811,255.07739916537648,27.910528308651596,50.48597745138745
353.7180432161427,255.49033185525818,28.286304665860854,50.88183856875779
353.4863884942964,256.0636214858157,28.749614109553363,50.96924146957846
352.6333633730086,256.68319586602837,29.212500344978594,50.97325671630362
351.8958966474241,255.9924783180497,29.436344816121775,51.10360283223505
351.82839761506426,258.40162866836556,29.57134288084136,51.312577242939696
369.09086462585697,229.12308128708872,29.12597810692237,51.80818365761732
371.83224139343145,224.2775912179676,27.429159473844926,52.665315691026116
374.611613869622,223.29433623470192,25.60715333240193,53.38624605391147
375.1714846301564,223.10748567116616,24.487411811333093,53.75994718098296
376.1846012227287,223.0862210470928,23.67167161966437,53.802476429129676
380.7083485406897,222.28669498559873,23.00160556907398,54.20475303992759
380.86105385988174,221.4222137636267,22.696194930689913,54.74295052507875
381.02509411866646,221.21735380503594,22.368114413120495,55.1526704422603
381.89667808810765,221.17331032950912,21.818140776661135,55.240757393313906
386.3262591801263,221.0806173126241,21.251502187985153,55.42614342708393
387.3479468222408,220.41658442243386,20.38528407446648,55.577052036754196
387.54179059984335,219.42313805074147,19.997596519261258,55.23650263963907
387.53831102829224,219.41793008857653,20.00455566236345,55.24691856396895
387.37195529194264,219.323104706273,20.337267135062653,55.436569328576006
388.96003900564006,218.57735430582846,20.64362853462924,55.767227187144684
390.89127642734945,218.74642803892226,21.465583830251195,56.60018725571727
390.42354149961017,219.2571087889568,22.40105368572977,56.77667599340085
389.7348455202609,219.7693421456999,23.778445644428313,56.969369329015706
387.919060525358,220.05132121347228,24.921069219225938,56.40541119347099
388.08734434099006,219.77163667560208,25.841011004530795,55.70827085264249
391.243749218774,220.25258120675585,25.84082087352032,54.746381790334944
391.4364877751627,219.72723862312608,25.455343760742963,54.54855348895149
391.5720685854576,219.32547613784686,25.18418214015309,54.11317572097364
391.1223684583268,219.52568922856665,24.855756005786716,53.712749539534045
390.55039637001846,218.93794361879463,24.78344345060698,53.671984027281795
389.9008580731031,216.96831758497848,24.868121426043153,53.968040239730215
387.83479290000275,216.9000411516167,25.3396913236298,54.104593106453756
386.23805121871044,217.01264871998322,26.072338399316344,53.879377969720714
388.9879487590719,217.87473687316992,26.772034040627073,53.39509980775408
394.17608554889694,219.0956771632109,28.84524665659626,52.19816784723403
391.62865910403116,220.53602856204358,30.151224696703565,50.5804233327767
402.36499898616694,221.20089512176608,30.118044889821512,50.51183726964878
405.23881595399587,220.26481838183582,29.40867902467104,51.12442373188239
405.6313016425329,220.72211145791653,28.623707647596994,51.466495685878655
402.95661426727696,218.3652104891932,27.731221218994552,52.43518091585669
403.45781544807124,215.44808681411737,26.728818857405898,53.27987901667895
403.77034340509334,214.73356800835754,26.103762943361744,54.70891662819861
403.91415134842566,215.4580376533801,25.81614705669707,54.51252763878605
404.0375913521766,216.2033260689478,25.56926704919522,54.26662578571933
405.28969449045826,216.00106556814794,25.538631944189763,53.43436120154015
406.6469008904553,217.4041392083271,25.272456301963807,54.30056965783391
411.0078868292929,216.42220631559763,25.175162731915037,53.80024164111384
412.3065441732782,217.7016112887342,25.024073616658665,53.68765726755498
417.05941618313307,215.95163094366276,24.05016891610043,54.74994958079746
417.6107073611958,215.9532816229378,22.947586559974972,55.963823299803664
418.70389680349496,213.11576319396062,21.976410179756957,56.77805014023694
419.3840102415889,209.6602644375095,21.825758887918692,56.43159414704134
419.84079668291275,209.01665622130295,22.114084017089098,56.51691256763634
419.6750521765558,207.74782044239785,22.44557302980297,56.638003671417934
419.5537658930833,207.10264179583805,22.68814559674792,56.712399626557
418.6620904365458,207.11870158133925,23.250131926957927,56.6802800555546
418.4623726136872,207.98724711810323,23.64956757267514,56.17410463342967
422.3737071335459,207.76036009933262,23.211111065815142,55.39717658216134
423.5766446291176,207.40135991598225,22.016942176824436,54.90347084670944
424.1222208709518,208.17984293383685,20.925789693155945,54.52984851087767
427.44657695021084,209.07696876050107,20.069295330578342,53.89404041673728
428.4009728784506,209.66497664434846,19.294421526966556,53.851942701910204
429.0217484901081,208.7844154714146,19.17218151764266,54.49375383378678
428.6951103531832,208.1475674421368,19.82545779149248,54.641188524154565
428.3381493035248,208.8330001614615,20.539379890809272,54.41053359857193
427.9838012226762,209.0231889538053,21.24807605250651,54.03015601388436
427.8278010226332,207.55856303957302,21.56007645259254,53.48828611595542
426.6153597810214,207.35187541771973,21.675327900935134,52.746845842221525
425.6238609183533,206.45295461456217,21.36596172701286,52.25232354927802
424.6757167279166,202.94994884337942,20.99515481013479,52.45704919838927
420.2664995148443,201.64792859000556,20.77448160007885,52.80131279608686
416.327667633041,198.19585742393772,20.735858293314536,52.92006621076173
416.42030811097885,198.04039786348392,20.55057733743883,53.230985331669345
415.5973007104497,197.6125991190558,21.06353065957503,52.95352134160344
412.4740459673739,197.4564186580409,21.61876544962897,52.12762732441375
412.3574832620699,197.6363339603986,21.85189086023705,51.76779671969834
413.03810242289507,198.25988692886895,21.62583527809274,51.655873522263676
413.5438005137472,200.00825910278118,21.743997659314655,50.41824630029176
414.05248851164345,202.131423323578,21.84038011496173,49.51319321301661
414.673604101517,202.67772091169982,21.700498348017796,49.522947449576314
415.0214207836582,203.13701772038607,22.10489142509316,49.704380273561405
414.81589102459907,203.30189442681782,22.515950943211408,50.484403786493075
414.91882790724975,203.50993923461849,23.43839843549855,50.068314170891774
414.62046904940183,203.59711117822604,24.035116151194426,49.89397028367665
417.6090541475347,203.2557112778935,24.935712436701046,49.430475670713
417.7139803804817,204.57049119401452,25.880989790257775,49.11117547737232
415.60047480215627,206.40014374084143,26.607817866114935,48.952053464512204
416.228876487104,207.39380396662042,27.704695272257922,48.14157340097345
420.2339706162478,209.08262015176874,27.979285191335098,48.31456024954746
418.67878376429576,211.60056830087458,29.89889838378805,45.66018497423791
416.9230906872724,212.301865821184,29.860032905629616,45.441007144354096
417.222468080069,210.04670213156356,29.26127812003642,46.41289536571814
417.4625742061946,219.38469712180625,28.78106586778528,46.681579303226584
418.46713507303446,222.7871022940553,29.131943886292667,45.77676833919637
418.10642571719217,215.47306200932246,29.853362597977267,45.16414767637602
416.5118948475673,216.76032868953652,29.516792259654615,46.115246393520316
414.1516247359252,218.8501821355458,29.501879521129595,46.67099246331094
423.96520857266233,210.34158615692382,27.75367095264788,48.19308652956139
424.749409326143,208.666438585041,26.185269445686515,49.17311353643538
425.3468229506347,207.79762303757516,24.990442196703118,49.737883552489144
427.53885914116654,208.4067678538517,24.088106916064046,49.68017295341093
427.65038336797556,209.01932404636915,23.86505846244601,49.59915485647788
427.7348184554586,210.26599081436598,23.696188287479856,49.383888187537764
428.5150761376229,210.83978277248332,23.26862675053813,49.36925809868994
428.47384187623754,211.5017738556488,23.351095273308808,49.170566349739715
431.47639590131104,212.15982092373508,22.965149969867785,48.97830476290832
431.5296244071557,213.43979375850714,22.858692958178395,48.64695641895287
431.1367900209131,213.76849727550956,22.53674777714059,47.98954938494802
431.27893995274025,214.56234740117807,22.25244791348636,47.49426742374571
431.51486222897097,213.4907504714138,21.780603361024863,47.47697899055464
431.77322652409873,212.80357643320835,21.263874770769362,47.779588563669975
428.0744333515684,211.07701743248197,21.192008182765836,48.03151245095238
428.13638701791814,209.42970734687833,21.068100850066376,48.11777296080558
428.26674021904626,208.06561765182502,20.80739444781012,48.70891164774854
424.5463997284177,209.3892770879399,20.740759647117763,48.20654014179009
424.5379321054526,210.192970997559,20.75769489304799,47.663180732404996
421.04994143122735,210.25245538206133,20.338444304659003,47.54421196340033
421.2926877337196,209.83196138200506,19.852951699674406,47.33786510585912
421.46561743604144,208.90869562161777,19.507092295030816,47.112886712804965
420.6897688869098,206.83506947729288,19.006052574788356,47.15466536444327
419.69988928346055,206.4981859846433,18.949705312659116,46.81037911522855
417.4672574552925,206.1635185043237,19.366611308394035,46.467624660717405
417.0875513772625,206.714287612517,20.126023464454004,46.380647234275045
416.62263709561654,207.33379654067522,21.055852027745953,46.16837336701947
417.47323115041024,209.28556548059925,22.47471943087868,45.38489099989155
418.71695372860984,211.8496656711269,24.200551835447648,44.469968179804496
420.18719691440447,213.09985186319483,25.538398661458565,44.10876239446874
421.20161693349826,214.16933972310883,25.68358847452447,44.143816525894145
425.3083569038734,214.15704557618932,25.10007290513856,44.16840481973314
427.22380663216825,214.17497505875667,24.510552756162912,44.13254585459844
428.14030869190066,214.81674597625914,23.747443904508955,43.9188992874044
432.2175433615301,214.72352743006934,22.968932796097015,44.10533637978396
433.0310149224789,214.55374695099317,22.385083777715046,44.4448973379363
436.8621629459517,213.9979425648869,21.988841218328396,44.518498469069016
440.0269784978641,213.9621929304805,21.852570250966046,44.589997737881774
439.8664229529825,214.58375232373243,22.173681340729388,44.37778786508554
439.8465787259937,214.74060837503907,22.21336979470683,44.06407576247226
440.0279011246945,213.3243910317568,21.850724997305342,43.8081280186138
440.4159968911073,212.2200564427669,21.07453346447967,43.977915890131655
436.816660856836,210.1059892794446,20.20560848638455,44.17225169345737
433.1705118079361,207.95412095034203,19.52905768219282,44.49156390066681
429.4286383915526,204.75150046246011,19.1019782472622,44.96368517565733
425.3960491217171,203.68201582065925,19.262006615696098,45.12636691644983
423.20991611877804,202.88055166759705,19.66096151602396,45.735967446186606
420.884704883935,202.95361156153044,20.274585389137503,45.58984765831987
416.97865899530046,205.76848789333948,20.961367452450375,45.0496019332419
413.6515948698159,206.2741494569802,21.482937574725952,45.060371827409384
413.05058928119604,206.82877752273566,21.653598377605093,44.98246607025901
412.0476472851961,208.3246114286673,21.593113535306692,45.090351509843316
411.59661669565895,210.85917961476923,21.461468545417954,45.189745982454575
408.14324391766536,211.9547950617438,21.13817460512032,45.06424065887251
406.83465885363904,212.34985334671376,20.679160738906184,45.29951875368815
405.85802400630314,212.40689884575656,20.59085241367497,45.185427755602554
402.7333713153359,213.31278946193817,20.734659044490414,45.40881277361239
403.26549565897665,213.74833904886492,20.69376046022406,45.561063702774135
404.2025085453232,214.8177528546773,20.86942578290126,45.47192718651951
404.581844893706,215.4956142284856,21.137381541560558,45.14283289432778
406.06534003323634,216.09808486042627,21.24996754777924,44.964417058872904
406.6979649126656,215.5335484638897,21.010608787267028,45.06759885359955
407.3388489106495,215.38588249733658,20.752056317150057,45.36293078670582
407.49110586009306,215.71114184335727,20.44754241826292,45.735400115655715
407.26932873311046,215.0067555659996,20.891096672228194,46.12111856436429
406.8633424416921,209.98920376256797,21.703069255064918,45.79179370707891
402.9438953076728,212.83103560282603,22.22100866527355,46.38323419041704
402.6307246587742,213.2453460495188,22.847349963070666,46.61811143873529
402.87271232454304,214.197651129692,23.44118767672119,46.869127368765
404.1286772234256,216.0357587620237,24.20458001401297,46.46823423915862
407.777561042494,216.0451996968162,24.6002653325637,46.449352369573596
411.57791199360094,218.87901701651455,24.738666276645517,46.30964833467378
412.1098294818045,218.41887090612855,24.780735193782007,46.124036661902075
412.04326947300626,219.0437876890412,24.91385521137849,45.978094335147006
411.5077044439609,219.96441070019108,24.880965933682248,46.34488698442128
412.004465841868,220.01188176699026,24.996304423895506,46.24994485082293
413.1611284509663,216.49046451478054,24.901853646682486,46.636156032291275
413.7584739709412,216.42271609438524,24.820671142640936,46.77165287308192
413.40553849472616,216.2876456263897,24.412431531379905,47.041793809072985
413.0654916098336,213.211090847933,23.981459066528412,47.63957219280349
413.0497493377702,211.29816370402574,24.012943610655118,47.01582502671811
411.2587844664086,216.13543563648284,25.387270544874198,45.067890991568305
410.5545326494593,213.15589928260772,26.795774178772827,43.33637892437185
410.55230208864765,213.66308587267037,27.896972467203177,42.322005744246525
406.6269661493259,212.90577786592064,29.147872957926445,40.536736063785845
407.19048270071426,214.19893787451127,30.208290336464945,39.04414128726223
406.5052390410041,214.35403421039305,31.578777655885347,37.64558061168632
402.5404100815423,215.66782794866458,32.97383418366871,36.10709336699999
402.46049934596704,219.26275098530343,34.22126449125167,34.355291475884265
393.49119875027515,222.78065600368365,35.960686968281,32.71920767724197
389.44938813056956,227.4204327023586,37.5566765380492,31.00855789447548
383.81475517094594,228.08765016762175,39.11912072515356,29.674122963949202
376.68110486466543,230.2815131935752,40.4167914992815,28.52880437165053
371.6766512690908,230.79127974670376,41.77197978737097,27.50927126539339
365.2673264495237,231.16071109595302,42.65290169807342,26.77040856689492
364.3041680284389,233.76131638858215,43.49311428797009,25.91361499072828
373.92856918046726,241.25924458722452,43.76025427386792,26.096824818963697
388.49218371267915,244.3461791050123,43.006417156402705,26.47066161730162
387.4488373706548,244.37649859094822,42.9204049686312,26.410022645429844
385.49509767406323,244.89068769756523,42.49168282901639,26.465694815395295
385.60910006961296,244.9134886868577,42.26367803791697,26.420092836810362
386.33539006578076,245.3927342768935,41.88551383728538,26.536017448442827
385.96298079914857,244.928374181699,41.5596278686643,26.394033136946216
386.1291347917657,244.96532911803976,41.22731988343004,26.32012326426472
385.2400632965032,247.13521210806752,40.89097639195704,26.20933024820525
386.44768643976124,247.10334925162027,40.57644041056542,26.273055961099793
388.0446854098103,247.18858802843653,40.52256110057514,26.102578407467288
389.62338490540805,246.80504433430553,40.4943212164364,25.82661276004366
392.5999739498323,246.3971794668906,40.76925587122854,25.60432370426675
394.79571881219783,245.96224435363746,40.531407071726356,25.435783699465773
393.81976447405606,246.03175170839637,40.41925380336745,25.29676898994797
396.6872436888779,246.56601115059752,40.85244444799148,25.25627495125702
399.17229240574443,246.53875916331896,41.0514165532304,25.31077892581414
399.2832048940373,247.04720923443656,40.82959157664466,25.331577161305788
398.25929653958013,247.6403561960247,40.807934034347916,25.180020363735117
402.37376988987376,248.63761400601868,40.83393872512675,25.24924259158868
403.03780558970504,248.08427275148506,40.53928696177809,25.322505464341944
401.98427020575207,248.0861319814942,40.58585840224502,25.318787004323696
403.91993101177894,248.66236496928394,40.83806863040024,25.197203988796446
406.0721622547341,248.5859832281521,40.6640349909333,25.349967471060133
406.2034175229863,249.04366378175837,40.40152445442889,25.467179985663172
406.83974785457343,248.94327501515363,40.15947921907867,25.667957518872644
406.41358293175045,249.42114595907972,39.981455622065226,25.7425690736798
409.0925251066649,249.85601686617127,39.7682394659289,25.90176089823522
410.17139451496325,249.87389476162107,39.66728740747668,25.86600510733563
409.59602830892015,249.9087142157302,39.79173695687771,25.79636619911736
409.7480626443888,248.83092472075123,39.48766828594037,25.89796917675803
410.7335042729104,247.46953398906166,39.56502503037668,25.548390637917997
411.8161993834975,247.42770854413433,39.43853735253193,25.63204152777263
412.9452420054828,247.3463158375945,39.21835335909557,25.794826940852314
413.34367044903877,247.94695748719235,39.43985554630381,25.611902715976786
414.7938560847198,248.52947023752117,39.5953878044845,25.465511725166788
417.7252207551171,249.10232726785964,39.84379287960585,25.338320067142572
419.2708270990689,249.0917618514825,39.81292765087695,25.359450899896853
420.7323268275183,249.0941620443362,39.94995017783673,25.354650514189416
423.6614944375046,249.1126721944419,40.22347996559063,25.31763021397801
425.59097505873456,248.68174874479362,40.46631282739707,25.154028587207964
427.1557453294414,248.6301745720049,40.41577278877462,25.25717693278542
429.66319317596276,248.63780043882764,40.53742207169516,25.241925199139917
431.20137413928006,249.17350137155572,40.547670712352826,25.19939352278121
431.8239558152283,249.08910493166096,40.3308169246577,25.368186402570753
430.73477335572977,249.5376501273592,40.45338168286501,25.498996091569204
434.2469336567468,250.03740695749252,40.65252671684218,25.53140609358993
433.811456561237,249.88921790782098,40.48803725173445,25.82778419293301
432.73715004690393,249.91618155848676,40.560761656649305,25.773856891601447
432.13967397768107,249.45671527926095,40.71758300447968,25.65465865943773
433.1907628895424,247.43357053655723,40.69236732683788,25.547023852683548
434.4245172317951,247.35931361027647,40.2974603130011,25.695537705245027
433.2682208229292,246.98110673409778,40.544292710888534,25.419071247680176
433.1851293279907,247.03632862321336,40.71047570076547,25.308627469448968
434.34487088036093,246.55988565087236,40.45613969461637,25.228939864835358
434.4988787834842,245.45846047942993,40.14812388836977,25.376913394886802
433.9954132996528,244.92793063742596,40.12974028363277,25.412658506494864
435.13345315454245,244.86094410397357,39.904936534639724,25.546631573399623
435.2929619256319,244.21446041810182,39.585918992460805,25.815084792703555
436.4195962681905,244.7701170280023,39.38107693794368,25.72798488820264
436.3686530329433,244.3022401645454,39.482963408438124,25.64405045031394
437.5229713763004,243.74465785170938,39.21396104776354,25.7393979129661
439.0041859441439,244.28316120608827,39.30364224642379,25.679761315657387
440.94877165245083,244.2493386969471,39.48536113540038,25.747406333939743
442.0577579829382,244.236748703444,39.31054152824143,25.772586320945926
441.5042348794429,244.25692417449628,39.39821503228943,25.73223537884138
440.82235327073204,243.77482030819792,39.74196209080941,25.676426952536453
440.14487563262645,243.8011641468829,40.072676995885864,25.623739275166464
438.55442647615337,244.83513683049074,40.168631383232345,25.61242319168398
438.46339439778956,244.84185859755766,40.350695539959915,25.598979657550167
438.3880432021607,245.9278868857574,40.50139793121761,25.49104644191972
436.84838554443365,245.92854924750904,40.483188121025115,25.489721718416433
436.2686893248696,245.88459057421096,40.610366609810995,25.577639065012566
435.82240287858383,246.44786434511917,40.46735149315483,25.486679532423835
434.8417671008694,247.46848225610685,40.36477059218219,25.509296166850103
433.46541899518655,247.88922512168057,40.025153548050504,25.698581520868405
434.64256574294313,248.84502013698346,39.728567218228136,25.84469865595335
434.1250956798429,249.36140650899654,39.73666048642208,25.838772769933705
433.5362019624115,249.9385283703246,39.887578496200604,25.711398472361935
434.6580793648211,249.84495718677152,39.69783667069016,25.898540839468094
433.6883226161,249.8545225103112,39.582783107465325,25.8794101923887
434.3826337435796,249.77904125790013,39.21939920626454,26.03037269721087
435.9216694844843,249.79020633864977,39.20821010532735,26.008042535711596
435.786580030389,248.37474212922228,39.47838901351787,25.773707075317486
436.72343099138004,247.9007607156402,39.64850772209461,25.699759587202298
438.2093180408559,248.42254025375024,39.74641994284554,25.67942928421645
439.2819581601889,248.93403980962304,39.64985430398946,25.680787472375695
439.34790344801485,249.3556275847411,39.51796372833747,25.860544342514732
440.583376923356,249.77467686285095,39.094919286315665,26.046397040625212
441.64813225019753,250.24374288917767,39.00678729500373,26.12895431915743
441.55011524908844,250.27307162742667,39.20282129722189,26.070296842659396
440.91874743358983,250.73396673530618,39.44284817125134,26.171215383868205
440.3576914292569,250.6204155156613,39.53696572942525,26.398317823157978
438.3564602351525,251.66946133954355,39.40669067379942,26.366594897310716
439.8730991917647,252.20006934775606,39.465506828859645,26.336076903647232
439.2843662287943,252.70833775887786,39.61189717311551,26.35061566308853
438.6379038490273,252.2470857338481,39.87130372447642,26.23960150497501
437.59395532065497,252.64151726408954,39.88806317704846,26.48630724657844
438.60916085872645,253.6406198075082,39.937502742878706,26.567952801714313
437.95297288498534,254.75710082988647,40.20785280631052,26.419042525058483
437.83930780351056,255.30547279208398,40.4351829692601,26.3659084642323
438.717255163245,257.55003396343653,40.77156099804328,26.061331618031385
438.6401026022803,258.06069862140475,40.925866119972625,26.086095782052027
438.1012796593815,258.5310556756113,40.954694486436345,26.194199192972853
440.2500837899868,259.5874977322759,40.86131203165558,26.18342798285852
439.64815633763106,260.1275113578571,41.01568887465469,26.152878793408533
440.68836618605815,260.1144328462474,41.03782676740046,26.17903581662786
440.74853515210634,260.0914719549942,40.91748883530403,26.224957599134278
442.86782822863063,258.66188208894084,40.88295606333662,25.93109729543006
443.99913297322837,259.05876916758905,40.71151159067332,26.18290564639966
441.4456631265618,259.0265379820981,40.58232378508855,26.247368017381646
442.6198533609927,258.97331722721265,40.326674796018224,26.35380952715247
442.6193559638045,259.0232664471843,40.327669590394684,26.253911087209218
442.0554662270046,258.5601394913162,40.41279269691349,26.13750863186449
442.51971715402476,258.09448087848824,40.526281891988276,26.026834808405322
441.5357166323803,258.0986688348822,40.410595467396874,26.018458895617403
442.0489103671165,256.11788601520095,40.424178698254934,25.820141733658083
441.5665826538408,255.63199603234222,40.35197357583111,25.755061150400394
441.54964944581263,254.71465807848514,40.385839991887444,25.520354019312595
441.62814080268066,255.14585712619893,40.228857278151445,25.68922725129842
442.2077400769383,254.68469777965117,40.101406448856665,25.579798225173363
442.1860744207308,254.67914316689215,40.14473776127168,25.590907450691397
441.1192032061051,252.05254098796962,40.220791134089524,25.699889167452607
