180.5,79.5,37,114
180.20134428916796,81.22556189868834,36.59731142166405,114.1475980137883
180.44765282745303,85.73545684894299,36.10469434509393,114.30403695889873
180.93118299006545,89.49435702555921,35.13763401986907,113.64786228595395
180.63137450905697,90.91696017350621,33.477193930126504,113.06271304181948
181.35993558649292,90.94516722246374,32.020071775254635,113.00629894390444
180.97538579905108,92.15921667682916,30.59612262836594,112.77124875694594
180.26526885671277,93.28417834904505,29.853307470203596,112.68437445535312
177.2829336713542,93.06972647602946,29.374440269290638,113.1132782013843
175.90243548625324,94.328319893895,29.990597434578685,112.74093057056709
172.3394063183432,97.62494903898323,30.662969854446146,112.6013581963432
167.35848885229976,99.15418790024385,31.977155240169097,111.70479286041294
165.5583328127597,102.11453067505444,33.40358985372136,110.13186224184747
161.0731461949136,101.17821251937177,35.839467917906546,109.82633349604382
158.8667183909602,101.22338089436597,38.033582276732375,109.7359967460554
157.89881617865865,96.4912545566305,39.969386701335445,110.17003881903301
157.05179876037374,94.09873581710384,41.663421537905286,112.65619733371827
156.73861701019928,92.19520443741328,42.2897850382542,114.098193521442
156.2934831122061,91.31313657834069,43.18005283424057,115.86232923958718
157.79863463806274,92.14732796105159,42.608092361319734,116.63228905295784
159.2955596817196,94.54664193187271,42.05328667762562,116.71174991855483
161.41696833747056,94.76783361093175,40.2406138903411,116.26936656043677
166.51687702229913,95.1895134270356,37.21354567800263,115.42600692822904
167.62624945980934,94.18805613524918,34.99480080298218,115.10537773929603
169.82958061294144,93.14852587986555,32.86620093445931,114.90637581232201
171.9310023692211,90.73814870620652,30.89902813534121,115.25578873275764
173.6071593188182,89.51631423108049,29.750438122122944,115.49573379703378
174.95628500474533,88.2564591980041,29.23761334713099,115.83001726632423
175.92387419432947,87.54520876449376,29.482843985232336,115.0721091160753
176.91778694021522,86.62265039643829,29.66943069467412,114.74281365097292
176.74670531303428,87.20326179295454,30.011593949036026,113.58159085794043
176.35862538904988,89.89161611205523,30.787753797004825,112.53178295101247
174.6327969823497,89.17160904009216,32.07613498465432,111.80852146918778
173.8695500206384,87.93686207204718,33.602628908076966,112.10082621549434
173.03521423972177,87.12429700225546,35.271300469910244,113.72595635507778
172.88073936225638,86.37117470663729,35.580250224840974,115.23220094631412
171.74070247216002,85.7628526760403,35.56963290865994,116.44884500750813
171.70594990401003,85.17348489829973,35.639138044959935,117.62758056298922
170.29567333707456,85.98571230397887,36.133980382062916,118.32883654839887
169.927105739855,85.60265107129969,36.87111557650207,119.09495901375723
169.39599812144718,85.51558353528705,37.9333308133177,119.26909408578251
168.11470923196242,84.20916990215171,38.10455428250774,119.49056704227374
164.14805718309094,82.82137349215716,36.447257757771965,119.86850970664317
164.5793060344231,82.52160040749165,35.58476005510766,120.46805587597422
161.96100513390232,77.10143685640934,33.72669117860424,121.84882207474553
160.12496917220292,75.16598110754101,32.69936866212516,123.37003635254322
153.2921589908397,74.7993267204578,32.25414468401241,124.10334512670967
152.79637394970842,74.25442680130547,33.24571476627502,122.83942815597766
147.52358084675132,73.55249634811815,34.372806120553335,121.88866534944333
146.71702709787274,72.23232378509482,35.98591361831049,122.16665399417963
144.55429617997194,75.07401823993303,37.915010658067445,121.27599467659245
142.92320600512875,74.2185705987163,38.757701211606204,122.9868899590259
141.21811161998636,72.66249788327812,39.708590248774584,126.09903538990227
139.92867634332177,73.06095282590712,42.28746080210378,127.82310654275433
137.4092758427176,74.279335498689,44.73340121676226,127.97920178374045
136.08496221140553,77.89191990897365,47.3820284793864,128.67318856202894
136.30724237437695,79.78914926751185,49.63509152772202,130.27397659350953
139.91737866842755,80.78470804917046,50.69826162266696,133.80515415222305
142.2379684434414,80.11059649903565,51.718916322824185,135.15337725249267
146.39342057957998,79.72995088920996,52.01382268707391,133.0460649266351
157.55733085481066,81.43951880217975,49.59138120223496,129.62692910069552
162.40471524720908,81.47164913994384,45.398766433753536,126.81159141700968
165.19107205286537,80.99125596275339,42.46117405880727,125.13725653502425
167.43633767092405,76.69651662009818,40.52844507367895,123.49552621637861
170.52489622195498,75.91570700651042,39.34948414668822,122.55806735601857
173.6559383551648,76.16190531325891,38.015616760955645,122.06567074252158
175.18916744363386,76.42205860072187,37.381702711450814,121.54536416759568
175.58598134783625,78.08536393878785,36.58807490304602,120.63220968801265
175.99533189148826,79.62120678550515,35.769373815742,119.94635667765877
175.87983147261974,80.18542392348296,36.00037465347908,118.81792240170316
176.66336795762263,79.33977887469592,36.78255851026853,118.159955672482
176.56790745393644,78.60665599538682,36.97347951764088,119.62620143110021
177.47882854090227,77.84258724547611,37.53035088750974,121.15433893092163
177.111402429752,77.51776919388305,38.2652031098103,121.80397503410775
176.7980557090268,78.24359695804553,38.89189655126066,122.78575780783021
177.0442319814048,80.45859549851383,38.39954400650472,123.27359829524994
178.76188310566334,82.08284215934114,37.42100047247442,122.48186368808211
178.25924004946523,83.68525417482446,35.99883654484504,121.70448969714104
164.85233356988437,84.05369259659332,34.13180332392511,120.96761285360333
164.42208233423005,85.06591566658105,32.64745011120583,121.28802239765575
164.74949983057974,83.80170196812173,31.992615118506478,121.49491849426268
163.90936974939285,78.95476113015559,31.360768335653148,121.94037238928632
163.6423978958293,77.45099691100206,31.894712042780238,122.64146875898982
162.97501922749552,74.66915261328401,33.22946937944778,123.5524001602707
164.67204908873998,75.62016028693422,34.564121258262674,124.0147406136222
167.01734210987968,76.6578869158304,34.66537962221238,124.33520955894438
168.378393978647,77.15280239865493,34.34561306893433,123.34537859329532
170.90875730906941,76.71750548573198,34.049670245538465,121.83358050041676
174.9611001869797,75.8556827168776,35.36711670135642,121.20169298521587
173.7936083082503,74.76618210940212,37.702100458815245,121.00948309937948
174.0949911709416,73.2238359605409,39.51111564151712,121.68239448901748
179.46948207015484,72.68984542881155,41.03532709093285,122.75037555247619
178.58773388858697,72.56099697799038,42.79882345406863,123.00807245411852
177.92925826800086,73.77244199706836,44.115774695240795,123.11878305590577
179.0078680073188,76.15964331404099,44.517648055755814,123.46256610026214
180.8350537816745,78.99598496053872,43.43456295550445,122.9324557041868
181.58897932454795,80.32718824286799,41.92671186975751,122.814124309856
182.9038254605908,80.40661898107622,39.2970195976718,122.65526283343954
183.93201522034286,79.20341879643081,37.240640078167715,122.59713941221925
183.65063144981346,77.70344959701147,35.377664621218116,123.17133481304953
184.20768391152023,74.91759252428626,34.26355969780454,123.94458958950739
184.5205013596195,72.00640414403293,33.63792480160604,124.988364125867
184.67596962071718,70.37057887905056,33.326988279410656,125.86776095691317
183.57597724730522,71.48566595832247,33.128199933113976,126.03635989148995
182.45078944664994,72.73801723217142,32.98118014916661,125.92905272905
182.29243046328273,71.92020053458624,33.297898115901056,125.17157412871458
181.85661320260027,71.04502301827159,34.169532637265974,124.53349834070582
178.2693403768134,68.99718450665891,36.55240588103744,123.83750295612893
173.72059077579792,63.158154343360664,38.35834104299223,123.36295654926514
171.91808650023884,61.194140477781204,39.50608477421713,124.83371946053083
169.04120112925528,58.25196585027181,40.2612636186693,125.71947681803469
163.83178054825206,54.88503286398131,40.577018114883245,127.40179945771942
162.68515369196209,54.79651988535905,40.31480505245656,127.57882541496394
160.8538115434038,53.512047177067785,38.8711898247753,127.59462106914754
156.83591089797775,55.111330485818556,36.800159322709625,126.92276239987541
156.33783033896654,62.69431475499836,35.31758457539301,126.62920905355003
156.90208125599347,62.938933802853676,34.18908274133916,126.1399709578394
155.98970272916912,63.245117768620545,33.5950085951578,125.52760302630566
154.82109816315614,67.7658424852942,33.5331817618366,126.08229745434706
152.02870163866822,69.15979041854331,34.30662087789645,125.70007855430684
152.6212650332354,70.03669223147665,35.536338176159695,126.3611190158378
158.91816797668264,70.74986881368129,35.178585916962334,127.38197657696796
159.20467953494293,72.69004454628222,34.60556280044174,128.41143303236157
160.85065870933863,72.33806526964327,33.772247711784445,129.1153915856395
166.29527316079913,72.89530476056503,32.694394647629075,128.00091260379597
169.05201252006586,73.23280778356803,32.01452516231905,127.32590655778995
171.62986523077288,74.62846475510571,31.647703506991725,126.92903449775798
172.74673282472543,76.2697793378406,31.795878194833534,128.41022508378197
173.7353861563318,75.66564859643807,32.224075611483805,129.61848656658702
177.34396027395667,74.01878080178442,32.29869746940508,130.48163212483732
178.27544598507959,76.48765476201446,32.87984202332207,130.4321161567029
179.44961296170652,79.86807054392789,32.98596314498518,131.03464981762713
180.85382682312985,80.79838447940772,32.64246081867865,131.6389473432076
181.00327746607857,82.37817273593302,32.343559532781235,130.94625384450137
183.70278243453518,86.77166189695419,31.847520621387524,129.51373206073828
183.66576450010803,89.43350950755891,31.921556490241784,129.03396152173696
185.87378670567568,91.92574873948448,32.33879552881292,128.88276650759224
186.6942796085247,92.11446294905873,33.12025460217943,128.50533808844372
186.1697073822443,92.06371181665021,34.16939905474025,128.60684035326076
184.90878833976745,94.13419116379207,34.23805488451009,129.37224616934466
184.02188160175498,98.57996358056972,33.5466247099853,130.34167593798836
184.16665397961134,98.79304847126735,33.257079954272555,129.9155061565931
184.30238244219086,98.84554825862006,32.98562302911353,129.8105065818877
184.10143900191338,96.63794015364417,33.387509909668495,129.33025624549532
183.86175722302207,94.05237065548263,33.866873467451114,129.60420623243755
183.87633274781342,95.62323447916333,33.8377224178684,131.38548397523743
182.63047842364486,93.76570875559776,33.84344497444319,132.61454933060622
182.3482490598213,89.20589815082703,34.40790370209028,134.2240933217079
182.28102302673653,88.81824435653024,34.542355768259796,134.99940091030146
182.29223891325574,88.74238445977088,34.519923995221376,135.1511207038202
182.4163835627241,89.20086250499402,34.27163469628471,134.2341646133739
183.84672514658683,84.5429956295252,33.94516542598475,133.41304277460955
185.14146564565806,82.45039972327626,33.87218365378257,132.56523613522688
185.06427145205814,80.11839959423872,34.026572040982366,132.22281506643844
185.03399778665442,77.61556857879134,34.08711937178979,132.2258320604543
183.4499506890924,75.01070637335387,34.752703396412166,132.43053613032586
181.75997423096263,72.46858577970588,35.61469450889098,132.47885371006038
180.27517459150855,70.94231176883359,36.04940977533683,132.99651771934262
179.0145948456823,71.13479778658274,36.02022235525989,132.61154568384433
176.88672223311667,72.68929557142125,35.187213270229186,132.0469272692483
178.24265950644744,73.9713433451557,34.99609669950696,132.00358969771872
181.98181441335126,74.54229275530825,35.0674289331035,130.86169087741362
184.54851847838464,75.65523558277233,34.937667574894775,131.13762860841447
186.02230558267527,74.8719616382507,34.49335657861565,132.70417649745775
187.46477805401028,72.84591495418569,34.12532318921667,134.23935831231674
188.7657669390283,73.5453915164319,34.05486100034759,135.37192076899132
188.76350837575467,74.57489662913625,34.05937812689493,135.85899019713838
190.23242198080308,74.59030898966444,33.674552194162466,135.828165476082
190.3177911305756,77.31273807675863,33.50381389461738,135.47382832618982
191.59821928817374,79.02517629124067,33.48000272691144,134.58599704471604
191.47710990456733,80.69464938946227,33.72222149412427,133.77118937109756
191.30411644904905,82.13440296940942,34.06820840516079,133.40898392310123
190.54877407759122,82.08050395162469,35.578893148076496,133.5167819586707
188.669627155356,79.29873878295054,36.78836968461728,133.9826776801598
184.60112179547198,80.40751079216291,37.191034813259805,134.3432488587769
182.16586951244014,82.86988056312119,36.88004239304599,134.60000630313786
183.7440729159489,84.41503372986088,36.312168857696065,134.09823324132606
184.00461881027258,84.67387126173217,35.79107706904869,133.58055817758347
182.8848991882818,85.05168209591142,35.476806320570795,132.82493650922498
182.8016054606921,83.55465293631885,35.64339377575024,133.2818353424913
182.91326368099917,84.05028303577281,35.42007733513604,134.83730094682247
182.92194063443148,81.89441405381514,35.402723428271436,136.58464091360943
184.4703009731094,80.07110242071533,34.89463657630834,137.64263035441627
183.20515444589606,80.03845726695933,34.83105048060822,137.70792066192828
174.3144225449787,81.0901460222966,34.45738052144796,138.19813368853877
175.77877570444426,81.2154286063999,34.12205468463918,137.94756852033217
173.4800444667386,80.27316704804703,33.5525286631176,137.24859738857143
172.29201201406022,75.45113235829649,33.36573480864869,136.6412317287698
170.9102465203309,74.1847506306908,33.57847786075576,136.6232072486296
170.316822575091,74.09044730076909,34.76532575123556,136.81181390847303
169.32870030171048,70.00589598822754,36.74157029799661,137.24162675341
176.57695809320728,68.80213630838077,37.98381695318331,137.02601907340681
176.57219788870302,68.9144330707186,37.99333736219184,136.80142554873115
176.7974462442953,70.13659859692369,37.54284065100726,136.99753033851542
178.2716811470742,73.36791901686269,37.22912204608599,135.80439189991046
184.75541882603557,75.50925241692761,37.32191323560976,134.1337784092699
185.2736535716177,74.14322187660736,38.87569190841576,134.27559132594013
187.18806472159966,73.09601059841833,40.2894346294119,136.37001388231818
186.48483812330616,70.94320243047642,41.69588782599893,137.99843284363317
186.322318046939,68.7529604888092,42.02092797873326,139.65257342184302
186.46553046284038,69.69371996771409,41.73450314693048,140.52683743377958
186.93296819543176,73.7596745716385,40.79962768174771,140.68343503649828
190.48522848102942,75.23582767591563,39.190417242024125,140.47878389367992
195.61590282598746,77.16522498528715,37.07318701003576,139.33469542757945
196.12235925308747,78.83513077031466,36.060274155835785,138.6537088056587
197.66665175685716,78.76180531315278,35.60182835535102,138.80035971998248
198.74119336405917,78.44214570876731,36.076276393760054,139.4396789287534
197.64586257199284,78.32854916616058,38.266937977892695,139.66687201396687
197.945654604163,81.01402933875849,40.353303101666015,139.6678100449983
198.59234903489786,87.56175676289874,41.784904317881576,140.19730558514414
199.71472173620728,88.97239236928542,42.299269516779056,140.13514497388712
204.31957285738557,89.30320594700258,41.39289005694074,139.4735178184528
202.05029085185257,91.70039120823795,40.448270357612344,137.42073915117928
201.31922394522098,93.75782008465006,41.91040417087551,136.0008877047108
199.88929219569164,94.77003918267465,42.06824444523117,136.67847273336457
193.40871315487402,100.32742718921406,41.456687915544094,139.1364113316081
192.15835308401074,100.80025176080822,41.21939933310934,140.9287709125811
190.9075612986732,101.50381031263797,40.96204346113596,142.28059325157005
183.07779548417525,103.81021688548265,39.982126733794566,143.21426289132643
183.47996428356248,107.61607596010819,39.17778913502015,143.90685503217384
184.00108714268262,107.83352488954844,38.13554341677987,143.47195717329333
185.8920845379143,107.01761056252278,37.09059746732465,142.36673698633655
186.31017980457614,101.65025427404656,36.25440693400096,142.29427536265652
185.40779387176713,99.14007231374003,35.37421939351847,141.94472047106848
184.0158866338141,92.73800732463835,35.49467491175986,141.4320556609485
183.1891983210392,91.19239543845408,37.14805153730961,141.86482766191764
181.34261739687898,84.8850648297739,38.14539094259741,141.00037666411484
174.14229890319712,83.05882910553515,39.03379039712648,141.95040060602537
173.88498850870243,83.98504130039645,39.54841118611584,142.83048977528355
172.7498533276447,85.94695865780152,39.06411419812977,141.66122241057494
171.39394628382732,86.71458946697979,39.04692093996657,140.1259607922184
166.1312621365945,85.85689001980904,38.744113456258546,139.13431574201644
165.85733064387108,84.39902615583023,39.291976441705415,139.36265274323324
167.27263283584804,82.07726239129234,39.16223711782948,141.30531521223102
168.7840522987742,78.75586883488133,38.86522893240435,142.4964408441986
167.36680329084618,74.33364573063265,38.962684722205395,143.12976037453083
159.42088435313198,68.31390793500574,38.36776490902167,144.17806417337658
158.5201165587294,65.17268111420597,37.417942050681944,144.95780092068645
158.38640297096453,62.41917275085373,37.68536922621173,144.97602826210493
168.25071426745322,64.59825342766726,37.204686716486,143.3675726346567
169.61965263831848,67.86529738553003,37.18482628961519,142.26951734865065
177.71509874058253,69.89471927284671,37.20717214437423,140.9128799172318
180.34454452799807,69.9888450686076,37.31538293729384,140.72462832571003
179.58386976340367,67.02519838510719,38.83673246648264,141.28603535705003
178.76926953366956,65.50021026765677,40.4659329259509,141.61655651033868
178.21034058854812,67.13995750734864,41.58379081619377,141.09167008533365
178.2901359140902,68.50523370267517,41.42420016510961,141.1291391833037
178.72720860301064,71.06253274040873,40.55005478726871,141.54570649631972
179.00007795768482,73.13870569964628,40.00431607792038,140.14853869833772
181.7185329757931,77.72568753883846,40.017939179991565,139.15037472738499
182.89245735580985,80.22159049967749,40.38151890788957,139.58142578156992
184.23987767868704,80.76947715586734,40.41097419897963,141.20994840603467
189.8437505323297,79.84031220354464,40.19459659996251,143.06827831068006
189.60150276980465,80.62600371924526,40.67909212501258,144.26691684262914
189.37101169875493,83.04176627979481,41.14007426711202,145.02737706496777
188.43729692030968,83.9948221192124,40.192163746506175,145.93660546362892
189.05651159728953,84.49466117283859,38.95373439254651,144.93692735637654
190.96926927626106,86.22427720902284,37.90128892060709,144.2507651700117
192.96080225509195,88.53636759661734,36.66180928875369,142.37017072063105
195.87850426995416,89.00152895791369,36.213878916792844,141.43984799803835
196.83200855877837,91.67453975313299,36.979062131707906,141.43820999272663
195.99869869048416,92.83243728814065,38.6456818682963,141.80904915472888
194.98449651789963,93.65948981244942,40.674086213465365,142.87818084161475
193.37230048853817,93.90435811518746,41.12217510789624,142.38844423613867
181.92429813604747,99.35454679840115,41.79617437370503,142.59906958929764
178.07539504459285,104.27117201276059,41.11413794404676,143.93894264400205
177.86260678218693,106.2553939588668,41.539714468858605,142.76999240943965
176.13007981908095,103.96957032730619,42.21384683291253,141.7597965482448
174.05066801468055,101.14461709534422,43.583492110671145,141.83134635008452
172.87512011061474,100.01291662293798,45.934587918802784,144.094747294897
167.1911931684973,95.98064106874267,48.62928374503859,146.37719303128824
165.75545049029213,94.60600897711662,51.50076910144894,146.1535031975076
165.144122586587,90.59365070761433,52.723424908859236,148.1339761945042
165.26274138232614,90.42246582831943,52.486187317380924,148.476345953094
164.61597275978517,89.17204387543718,50.7065410177369,147.90400631413254
153.9523608819349,91.41574520042947,50.8052587217567,146.44924738581662
153.0958846664237,93.57572522990002,52.51821115277915,145.14298482830665
150.51580619089313,94.19452938226466,54.652240892706665,143.90537652357736
148.40203186873936,95.04706989243411,55.83289758075709,142.20029550323846
146.80642135456588,94.60591653971477,55.98053645543425,143.08260220867714
145.30529985861472,91.92695280571363,55.923871143714805,145.38162137305767
144.24379408249007,92.30433684886178,54.95596375306667,147.71777222965878
144.95231598919187,93.49297118458804,53.53891993966307,148.4475169379512
152.81279464454835,94.78507450598782,50.18538981995543,148.955167092903
153.64030426868442,96.7832335973809,48.53037057168332,147.9969578313587
155.7311322263855,98.82549750408013,47.342895066359375,146.90661042803848
162.5853410049065,98.17582474220806,45.46201653986081,145.24907119414675
162.8100167305098,98.56725768052684,45.012665088654195,147.36492793691252
151.9606073330957,97.62872173731398,46.26864064108367,149.24199982333823
151.47116576044263,97.22489621811451,47.247523786389834,150.04965086173718
151.6149193265837,96.8436287035039,46.96001665410768,150.8121858909584
152.15787312312537,98.04160539174387,45.874109061024356,151.42148865504106
155.89174223445437,98.40399934865344,44.39397789977895,150.69670074122192
156.45587543604827,100.74509273415123,43.26571149659118,148.9705879346825
156.88425188870417,104.46867871881349,42.40895859127936,147.34477242695414
155.80319286517647,104.98264525637207,41.69933351016164,146.316839351837
154.49000760500695,106.38151569082483,41.48171786111647,146.36308465231568
154.67339069997186,103.15661401616421,41.11495167118664,147.13174164278377
157.54962248617034,99.49581058861453,41.051598478786715,148.7642381178861
157.0538645266083,99.77807617724193,42.04311439791081,151.06608871817065
156.38760542717245,101.95198114759353,43.37563259678252,152.5531029298562
156.38055300088797,100.1726860067501,43.389737449351486,153.14837815350882
155.38069312718233,99.02469349248375,42.41747815010742,152.47238413538616
154.4736160903015,96.58657795919657,41.287380413771906,151.46011158176623
150.53002120427095,95.53124028670346,40.448202516006376,150.66199770347689
148.72486721489224,91.00719807233106,41.17673525219071,151.0647564045024
139.51926079642746,90.24633840451735,42.181093256262,152.58647574012983
