111.5,98.5,25,101
111.55065336386122,99.22735164344813,25.79055562411142,100.43715906493762
111.29253253478926,103.34104575451293,26.30679728225534,99.8055888226435
111.13233813725977,104.35839627505086,26.627186077314327,99.67071765472132
108.94470419030085,105.02384593083539,27.19451338047729,100.24378863852967
107.42014978800914,105.56053384664315,28.320912543128635,101.09312244884626
105.78756552467186,108.26663461977799,29.630276755072675,101.54833384676806
103.09917304830624,109.10104192543938,31.033714314071084,101.86619293231172
97.68387166163208,110.27312298142517,31.778174585740288,101.53925932067594
97.52121816941757,112.7096455127026,32.10348157016932,100.7189249199979
93.62314748598556,115.28495633983106,31.81678027116532,99.609724598675
90.31433318503557,115.24740123246524,30.435660044832687,99.68483481340664
89.61154193686102,113.53804174566454,29.865979742534414,101.12829098836067
86.06446126679789,110.38037854359695,29.019654477608753,103.47337408996992
86.31604372015573,107.48807582366292,28.51648957089307,105.25307664733876
87.38565586384497,106.23625980594939,28.3953600602566,105.7386139060238
87.31567603442893,105.31070416898245,28.535319719088665,105.56707286516416
87.41143354631754,104.66315369402942,28.34380469531146,104.83930383327046
88.49264866110958,104.97617828476926,28.190396836136046,104.21325465179078
90.3976831407905,105.12125844084862,28.374974700778825,103.92309433963206
92.21818169902893,105.37539408357333,28.727387677870553,103.41482305418266
92.83334208969879,105.51278790115688,29.493219846491314,103.14003541901553
96.07459481947782,104.40454285923872,31.03711191422522,103.34992612102887
95.36756316629916,102.95235368144591,32.451175220582556,104.21600845219058
95.6536320597277,103.27329405623223,33.95577061370169,103.57412770261794
94.92066392121636,105.75750154499346,35.42170689072435,102.79632208295874
94.5737613099055,108.38762992559248,36.11551211334606,101.75811096112928
97.35486794336764,108.54687184903202,34.77093783462556,101.43962711425019
100.19551402001939,107.48192242198604,33.24928953153699,101.48970404323465
101.65835050231011,100.09021367701266,32.376329302132206,101.90413238694477
103.00192309530406,97.3516920397704,31.731741655663335,103.29606058239118
103.24911364016928,96.66324413481313,31.23736056593291,104.67295639230574
102.11450583955711,95.35233082743707,31.445844245942915,105.23405108584355
101.65700986853494,95.80280666836589,32.36083618798723,104.3330994039859
101.59613404755935,96.45393328007513,32.48258782993844,103.03084618056741
102.11080936348345,96.5760239889059,31.45323719809022,102.78666476290587
103.59938588328404,97.16802110966825,30.514115324871074,103.64070168776324
103.89013862188989,95.88589575336071,29.93260984765939,104.17225785556573
103.01863612017044,96.16013460156029,29.646241962692336,103.62378015916659
102.43745051224656,93.88862298054893,30.808613178540085,104.13423344616766
100.5028955504232,93.2478731958671,32.63257516208285,105.41573301553132
97.6422584137045,91.87388996794269,34.15966779314359,106.06660865019181
95.83159924493796,91.99136772711566,35.6465174049508,105.8316531318459
93.99802945327951,94.35179345569139,37.155281151409994,105.42755334840986
91.970522827483,94.07167574437432,36.850098281538074,103.80769071031155
89.30856163905325,93.14232679792542,35.71974697540255,103.51496404221096
84.30973814022975,93.06330019702354,35.083898835172306,103.67301724401474
83.7730283825214,92.97739970276709,34.03996257541833,103.84481823252763
77.99459653109632,88.56822053990876,32.99264256317946,106.36108470069978
78.22505924433487,87.93186913471473,32.53171713670235,107.63378751108787
78.18932990249658,88.73630823152513,32.60317582037894,108.15155187810177
78.19913105849439,93.03043352112795,32.583573508383324,108.1044863528448
78.54463320205481,93.80550881334317,31.89256922126247,106.55433576841435
78.89098943810087,98.19852316817638,31.19985674917036,106.16635309662652
80.37673353886647,99.07522473775072,30.309522104541976,106.4941035143807
81.81172321152947,96.71463293540202,29.508729190438622,107.07691425663279
85.26242994884817,97.5536193559377,28.79456657141184,107.46135836743164
92.4344858001367,94.14625386079325,28.83134383565752,108.11285122908225
93.12655486854106,90.2912741796499,29.511479100824488,109.62999038544186
98.77295170882374,90.12285254225358,30.809251516723414,109.9668336602345
98.71959146017456,91.78650209012903,33.04349699990966,108.76705955037147
98.00929361663722,93.51466919242893,34.46409268698433,107.46289534177049
99.1920692142773,94.94094733150621,34.25843804280403,106.77023561471576
101.73196247168558,94.41249938646126,33.471207488731636,105.68085352443359
105.14286776872001,93.80717608548893,32.9983665335582,104.7751769134131
111.50604201044547,91.65386614954821,32.84057101376208,104.89227913074295
111.59555980083985,90.45037616113984,32.66153543297334,107.29925910755969
111.74635680609796,90.34410019913645,32.359941422457105,109.63612221690948
111.08051320233476,87.93602581710314,31.539846969337567,107.99692599903824
108.70422397747029,90.71755343679875,32.065718333298754,104.5472243025309
107.13837120516446,93.1312224373758,33.123120337607055,99.71988630137682
102.93758637446027,95.26097009251272,33.42377472745221,95.46039099110297
96.6146517294016,70.34900679184693,32.27954104360036,96.03394982825887
90.37918988805122,61.42138763473626,31.04911988097782,98.2305083192536
90.73409804143807,64.34327483858029,30.339303574204102,98.28466054190321
86.3244142617832,62.79469586338022,29.39045355516763,99.42817497663408
86.46055833500722,87.24677640874611,31.07040806741606,93.47335237722469
81.10020111278669,91.39047390315521,32.29726123451748,88.98350189934231
106.4146684751297,96.01413231772058,29.951511505863152,96.44959526114562
106.47553046087052,101.40681813989417,29.829787534381534,101.0279713802513
106.30988142068433,101.08024169419278,30.16108561475388,103.66415462441716
99.60440914000185,98.79245236164397,31.413298376083524,106.21327798950892
98.9559733354165,96.16735425017794,32.710169985254225,107.29190237842944
98.52347098467061,89.27184943025345,33.57517468674601,108.33226688616165
98.50411119419496,87.14641129193075,33.613894267697304,110.42729768385476
102.26902526322894,85.05141206252617,32.64279724591108,112.4310524372367
103.34869787655032,81.48502185959781,32.67999930991945,112.97419097114002
105.66711004763778,81.80646306877807,32.453001030662236,110.12639552132066
112.7017069632104,83.77000508701155,31.346469372686954,108.35975518038202
113.16512776030014,86.19220281562754,30.419627778507486,107.74511419258968
118.97637919753284,86.7914149746282,29.241610773953408,108.63558704857066
122.31831534565308,86.59355335916071,28.79579669158131,109.03131027950562
124.45882134954132,84.98287694807964,28.667833742680266,110.17613857223003
126.33599177116481,84.13842931993848,29.093905400510355,111.86503382851234
126.53433293099134,85.8239372134276,30.8192174484956,112.73800677681074
126.25692752040096,86.529979139923,33.54079972383809,113.49269437798165
124.93630593773484,88.98948547735114,36.18204288917033,113.03021012423964
123.03711084695907,90.69045802882886,37.709881133374985,111.89881695863113
122.88751080687838,91.10472547281292,38.009081213536355,111.07028207066301
122.28630847400326,92.21141485456897,36.935354739533324,111.13303444690415
123.24097640040989,91.07294293173943,35.02601888672005,111.15256930584431
122.04482877549762,86.89165896900258,32.97308621071399,112.84729534257201
122.6765030791411,83.49219339383419,31.709737603427023,115.22906660368164
121.88329239102912,81.66852752411411,31.077578079692636,116.65781744316345
121.8715095664432,80.75039161951916,31.1011437288645,116.26727345420105
121.83260348977574,80.20376644877453,31.17895588219941,115.138759890813
121.76361029596745,80.77993295871495,31.31694226981596,111.7790852423332
120.14599085044873,81.0831680439191,30.227009728502253,111.1726150719249
118.46498671440408,79.35247369517299,29.321817969366208,112.50040375380445
117.54902452272816,74.13546986230978,29.018511757526433,112.25825844357284
116.28737512917031,74.11319689558394,29.415714779624725,112.30280437702453
110.67656441266972,66.0085814086777,29.96620836229706,113.57245636037663
107.69045628765518,64.39231743637752,31.61349250562085,114.64251825162435
101.14147032386555,64.31275759909859,33.66891434376073,114.80163792618222
95.91667413286717,67.90593252690284,35.12190010984436,114.36274303250855
95.52020684702683,76.25042581046907,35.91483468152506,113.56302981797978
94.78181465308948,78.6894659258136,35.118423510758646,113.23134070457294
95.46712792719732,81.28845611435611,33.74779696254297,112.54095705487958
93.22176581325259,83.20372442999593,31.58258291218258,113.14771260909987
92.7309333280729,83.7445658561545,30.377388834837312,114.25288880448736
93.93302725810777,84.31752099359835,30.152989221900924,115.28676677673302
97.12401263452082,83.97902032696271,30.34130865378017,115.96376811000431
99.16142909491785,84.0530125633406,30.672815930352087,115.81578363724853
102.47603835725846,85.82947126221464,30.66562512090667,114.47020881124568
107.4270346574475,87.4333348101445,29.516729725935217,113.45075601673764
109.89736412946299,89.62608516569944,28.880612693780535,113.36979721750401
115.48539730978149,91.9953170489677,28.40004934907627,112.90953465734054
115.24742510477626,93.97775486583059,28.875993759086725,113.19171775269692
117.07014605555094,90.95566926871611,29.503576342480287,114.96286446198295
118.3608120747247,90.60584297105851,31.268784305301352,115.66251705729815
118.18481951393218,91.77104232313167,33.83717446847168,115.5485233947371
117.87134080236515,95.01256724732859,36.7269711672201,115.85399137318629
116.97419439782689,97.01078968556372,38.52126397629661,116.49888212902019
117.8528243656648,99.61009358311566,39.12679233941876,116.02585093151227
119.54531633155362,104.71456731396214,38.10894113660461,115.28543438567341
121.69441317473238,107.89552684594314,36.14872195502669,115.93743883605018
126.19407643003505,108.94619853420987,34.082961747199505,116.14728422710945
126.82009381947978,108.18705800179575,32.83092696831005,117.66556529193771
127.30347901933001,107.52088003953918,31.864156568609577,118.99792121645083
126.36883302500473,108.58107480510142,31.45889122005899,119.1520890225275
126.22503884167068,111.34906401855659,31.74647958672711,118.15429252008227
126.23921244442337,112.05834642650078,31.718132381221714,116.7357277041939
126.46859082258904,114.16322863589276,31.259375624890406,117.00588944881335
126.68729151940987,112.92553298569952,30.821974231248724,117.24614334545387
126.58110290286302,112.95942118661817,31.034351464342436,117.17836694361657
127.71230911240139,111.57189023881689,31.00526377829776,117.72010410618705
127.30929321555021,110.0451835767942,31.811295572000134,118.53312157398634
126.27118350691353,106.30947164416472,33.8875149892735,119.20348358920324
124.994568209942,105.11521607021334,36.440745583216525,119.27659758391822
123.82538231797916,105.16159964607135,38.77911736714223,119.18383043220217
123.16645863998697,105.56429101872595,40.0969647231266,118.37844768689297
124.62723064130816,103.53330510397052,39.59377996865784,117.60370102005658
126.83048656950004,100.97801541682782,37.5854022725796,117.91801207373096
128.02160464401888,97.35953784596704,35.203166123541905,118.05765563212614
128.99883071131958,93.21085240707343,33.24871398894048,119.38389455480919
128.5956453689604,91.31080661800216,31.749092304198843,120.87799376349167
128.8768900554111,86.583018470123,31.186602931297397,121.13822186294294
127.85277605416164,83.32284437858898,30.942963212795625,120.78296688300892
126.76871900930297,84.18376738037581,30.828810372565847,119.06112087943526
125.84145269591774,88.4174678094021,30.427426832955387,117.36146852052548
125.8680635138459,91.88228880018909,30.374205197099048,117.10515743169321
133.61202661035918,92.90015360170923,30.425128265841963,117.28926343747713
134.73657127773149,92.56302180792204,30.399424356123394,117.96352702505153
135.80337803194712,89.718160533368,30.498185122587095,119.1885010243697
136.2190401498367,88.04104543218313,31.918312343115034,120.29127977043237
134.9745050718192,87.51618200932344,34.407382499150025,121.34100661615173
133.63856514725234,87.64627144456479,37.07926234828375,121.08082774566904
132.59444557131127,91.62401643804311,39.16750150016591,120.32917893620848
132.1957374864486,94.35735898594199,39.96491766989125,119.72069255089602
133.9434389283343,96.04505708695703,38.904572365278455,118.78035392802457
134.84749530082277,98.45830459507106,37.096459620301495,118.75837668364014
135.51942981640448,99.69351557286511,35.75259058913808,118.65663680926062
136.0921712919319,98.8998352823304,34.60710763808325,120.24399739033004
133.05194315128068,93.17387416376158,33.65700681280501,122.32184348536009
130.7340147137,94.47396714885028,33.58275004945011,122.07671433444084
128.58901512191176,96.22332959133533,33.17232999384639,120.92819906906084
130.04884761236505,98.1175843605483,32.57899095813615,119.46601547583124
130.40920393510183,100.94586853517498,31.858278312662605,118.39862402264724
129.60924985453133,103.32466105022075,31.192175039132515,118.1730618618979
129.6851484016372,104.4581327738327,31.040377944920756,118.15640991769456
129.63115222380196,101.96638873063173,31.14837030059126,118.64551015869625
129.2671029865126,99.3473609591472,31.87646877516992,119.37134719870826
128.4819797387607,98.76725628796926,33.44671527067372,120.53155654106413
123.78215651137751,98.0726783841391,35.86871671940146,121.92071234872446
113.02752496511081,99.09154649692128,38.25231411493707,122.2736843352848
112.09761211290301,101.87640810238405,40.11213981935268,121.58368617299956
107.08866843441044,100.97294707737352,40.27298980962119,120.92634888134145
107.3512415386941,98.68039110865926,39.74784360105385,120.59575515684881
108.2384844779083,97.5541353515174,37.97335772262545,120.40473370424661
109.03864155864211,93.2565739320126,36.37304356115783,121.77523392558261
109.34310077906864,90.51268021958286,35.764125120304776,122.46697712700072
111.95937055949165,85.47116201764334,35.32455120113171,122.96408224753378
116.72920054884659,86.57137268956417,35.366140529621475,123.15897323049202
116.52345937698404,89.59727375980398,35.777622873346594,121.90485134500273
120.72154545035117,93.13630956510042,34.54781892071609,121.99314792851361
126.30528310176827,94.76320203117486,32.84875436370108,121.10646568281956
129.2017636733391,94.61226575380354,31.701313450678487,121.40833823756219
131.85492671692944,92.06874223011287,31.0057708719469,121.8846017764944
132.74403782336594,89.14597196081118,31.526476781478102,123.13228607028941
131.70447183712642,86.56092572117802,33.60560875395713,123.64975576966606
127.67984135624062,86.01205717427672,36.90927286081767,124.74749286346866
125.84549902966424,89.8920908303038,40.577957513970446,124.33749251976572
126.80537002899516,93.86249589460716,43.682127903801685,123.93255097389866
133.1178194052815,96.8541610914412,43.8714847227577,123.07492280884206
133.50329555061708,98.56369998848469,43.100532432086524,122.2098828260807
136.0397276938755,99.82265019766746,40.55536020000402,122.2196744621495
138.53328623486354,99.79089225795781,38.049667534477074,122.2831903415688
139.5603385377282,99.37447192016468,35.99556292874775,123.11603101715505
140.0882629078866,102.56783775749467,34.939714188431,123.95919038296793
140.38999010822616,104.55750600105472,34.336259787751814,124.78419040478366
141.57807253207702,105.39549067091735,34.362591762219054,125.51071788722732
146.8711441977399,105.27092131223246,33.42935818169107,125.7598566045971
143.90064229464252,108.9302789433398,32.17280894881026,125.63869438145804
144.18559435177247,112.74798247480064,31.602904834550394,125.12454165578811
143.23912809098698,115.65584792827644,31.14010247109678,124.02028051888554
137.27848499334436,117.7149855234234,31.404105115441254,124.56491874896795
135.32727722065675,120.99655705583761,32.96241138179701,125.0341035211978
129.0604573987135,121.68940218430701,35.97535858801992,126.02858637367493
118.81589773033076,122.80554346702372,39.309411810523784,126.24702753885029
117.4554414734915,126.62798823475647,42.0303243242023,126.14928374270349
116.53150060633433,129.29302554704927,43.878206058516625,125.94788441461083
117.7213662812759,129.63411402560033,44.09365488132223,125.26570745750871
118.35974248949304,127.16174734798933,42.816902464887974,125.03172101189384
119.70334263280705,123.32547199647504,40.12970217825994,125.01590803878321
119.75926358833121,116.70955516097838,37.504499326221655,125.68093700482675
119.37186154748431,114.88041376368218,35.80502175246632,126.86493814397
118.36226787883098,107.07072680612634,35.364865740610234,127.72825196410531
110.87944295403537,105.6776829201684,35.5508543328669,128.05106285979878
110.78591379315935,106.31890092322072,35.73791265461894,126.7686268536941
111.18345430860087,106.29473053605754,34.94283162373589,126.81696762802048
111.6950327468823,106.5698839932738,33.919674747173026,126.26666071358795
107.5872829324232,106.4530126510142,32.47298085119091,126.50040339810714
107.7293316262535,106.2122070816125,32.18888346353033,126.98201453691055
108.72339828723776,102.05736705088947,32.5936706705064,128.1129330115229
107.83385662707646,100.29566177261572,34.37275399082899,129.2198734269703
105.2348111464755,97.67330037030752,37.10520639709832,129.53331912172155
94.95107926941465,92.57094334021883,40.02362775927897,129.65286610078977
92.58649430313709,85.84444814421582,42.17561116809687,130.2199238741096
92.21749403504415,86.10133994332024,42.91361170428274,129.70614027590076
101.96053185313255,89.05133760679348,41.84534741493498,129.06837676233403
105.64882152101895,90.80609584654495,39.67368064202421,128.16131656426208
115.5049896423734,92.27638778352964,37.80840494494208,127.77031276823939
117.36890772602703,91.35111375130279,36.59004739481038,129.6208608326931
117.41807009301809,91.08165151090607,36.491722660828245,130.15978531348654
117.25125067799246,91.16097943583586,36.8253614908795,130.00112946362697
116.83820927737705,91.46552579039174,37.65144429211034,129.3920367545152
115.52462794555763,92.79729124248648,37.749125974097126,129.25798683197777
117.64284175414517,93.80511043218979,36.04210420338603,129.77175429903514
118.1400311712346,97.54761396829393,35.04772536920718,129.80107214337946
121.22327319192581,100.14479420552055,33.85428684416598,129.57975718526745
122.55700663411743,102.40147263740785,33.647741281983066,129.98824296589342
124.17342549732737,102.19958731986854,35.34042483740912,130.39201360097204
126.14794906462652,102.97031104754605,38.89241588787604,131.3509122073054
124.24292534303461,103.98210189153227,42.70246333105983,131.90758900727457
122.65407011987578,106.92513555568344,45.88017377737751,131.33860208596528
120.49049381667973,108.28943211614572,47.49881564010012,131.3185197087102
120.60643588050188,110.17049530515416,47.26693151245584,130.29397940463429
123.04858598836768,111.98860308506731,45.10136848116379,129.37650102924752
130.10288462051403,112.59750763282074,41.658168295851524,128.15869193374067
132.6170736690077,114.93002207685996,39.2158826627398,128.66584797341346
134.72848253095043,116.51357839357455,37.54132570581234,130.59525687390035
134.7595232948742,117.81914531424354,37.47924417796477,130.52854646690116
134.49508113360477,118.03744524171486,38.00812850050367,130.09194661195852
132.760921342859,119.17189017634269,38.930435145172794,127.82305674270286
122.89326514544877,124.37271727025696,38.41742761269802,125.01452252761007
117.73929999503864,129.5499935736082,36.316539103133955,127.06878873129195
119.58771923075435,130.24230835648984,35.091478096640635,128.15593663046673
119.78748469544705,127.40777236823868,34.69194716725522,128.89665767877966
119.32835489672814,124.63218577065783,35.61020676469303,129.51363310132132
118.15360555250832,122.80771718629681,37.95970545313268,130.6695310860537
109.7218164034549,122.12821313559313,42.05692236296281,132.02853918746106
107.97006350927316,119.1754331690172,45.56042815132628,132.6373241700744
106.74490780025758,117.80107270582955,48.010739569357426,132.66483070864516
106.10330951031969,116.95184948532435,49.29393614923323,131.59717305472293
106.84464572140487,117.48060589238082,47.81126372706285,130.53966024060998
106.98650998259282,117.90181864074674,44.795442121723966,129.69723474387814
108.35914602104666,116.36142098194838,42.05017004481631,130.11267325657667
107.96260378965476,115.7155296190705,40.22219851300787,131.40445598233245
105.44787691479836,114.92684996872757,40.040299792369076,132.9818152830183
102.93856374260528,113.29901509746819,42.43428525075689,133.61284413953877
97.70385399346793,113.1605921232912,44.87023449148528,133.88969008789275
96.87922777408681,116.51186031478554,46.51948693024754,132.64006689670748
99.47297155687917,119.53928690093613,44.070706427353706,132.0626278497881
101.83216236481763,121.41124980233143,42.03815178556388,131.0045290210846
101.82815996320943,123.08056364084499,42.046156588780306,130.29940427130862
102.52809374228056,123.51092730176964,43.269924000336616,129.4386769494593
110.20870785630223,123.0836599472271,43.71168573535378,130.29321165854438
109.44650968656543,122.34237425595448,45.236082074827365,131.77578304108962
104.25418433250556,121.86022745575588,47.511669587006054,132.74007664148684
101.79749689598876,121.41325809765226,49.66690265977266,133.63401535769407
101.29071184800728,124.41844460362431,50.68047275573562,133.24342684748635
101.90350920701225,126.01909224449268,49.454878037725685,132.8646709148114
104.55272399772622,127.40943330971135,46.951496447178485,132.87903677525486
106.11097683862452,125.93197532014399,43.83499076538188,133.0839868205188
107.41639023035316,125.58433170017474,41.224163981924605,133.77927406045728
104.61953787431216,126.15504741802172,38.84430394714212,135.29569754038482
104.80237038225076,127.51157414703164,38.47863893126493,135.21774776431164
106.14015729654795,127.30284410025374,38.43024180045146,135.63520785786744
107.49988256027414,127.29353922587332,38.34295493618642,135.65381760662828
107.8593838008974,127.87383825704853,37.62395245493991,134.49321954427785
108.40746704777496,129.54034577721814,36.5277859611848,133.7611771120944
108.932846583609,127.99085195080916,35.47702688951671,134.2900615220204
106.70588661053567,120.21530420413106,34.81539468469063,134.49450056245837
105.21585091837747,121.23962896417989,35.24730709341138,134.99401001795636
100.43544913148992,119.33280458509526,37.11809043749004,136.24431869956015
94.97238345191525,116.14785246617383,40.19572450834269,137.38189141187186
84.92966773523789,116.11862426785187,44.14260592700854,137.44034780851578
