136.5,35.5,52,182
128.47906209525914,33.851827497418654,52.881811931983904,180.75632903578824
126.8422429989341,34.86928524495943,56.155450124633994,178.7214135407067
121.3314383706024,35.19351591208196,60.03560666206529,174.50222584684556
119.30181746867136,37.22496007159479,64.09484846592736,170.4393375278199
115.65568926393526,47.39039557794027,67.78982575222406,164.497583007831
112.01348919117437,44.6735081937115,71.4962903770311,159.19755121414437
108.0313234977188,43.62300658699385,75.89388311473812,154.16507712917138
106.42970560538016,41.26766914248503,79.09711889941539,148.1652406898017
103.58159731601889,44.472070039820196,81.25596236386158,145.29381200940773
93.8848539280439,28.836077665311265,82.98994535881195,141.2467891964264
92.97667332485653,34.12339332853941,84.80630656518667,137.67489141136565
103.88288984546493,49.49083999958991,83.86680671639292,138.24939785789923
106.37553458037385,50.07089838067162,82.35310075632145,137.0892810957358
115.04331784490547,63.72276430588306,78.73275104278193,137.21598287636033
115.89321740847171,68.12524278031383,77.03295191564945,135.14991635074395
117.5680511784274,66.63887189973477,73.68328437573807,134.81267909191268
120.6996631500308,63.63141756082945,70.66798898476151,134.33173066526285
126.89157688950934,64.50590001554195,67.8517166973815,132.58276575583784
127.99601916101878,64.94949313976123,65.64283215436261,131.6955795073993
132.91143137178082,61.10524261817365,61.93972907098957,136.3202198814989
135.62810478202556,57.62315221793877,59.573163017952034,140.21761991451675
141.4652562458994,53.89676362169617,57.1435618575326,144.58882985122585
141.747063863201,48.779637173574486,56.579946622929434,148.62033402001217
143.56144532210024,43.45191676360311,56.10036859614764,149.82822016690483
143.43941229219593,41.17809673209737,56.34443465595626,151.21798305298273
152.69861329042442,31.221360792836094,56.91917328347983,148.85612420352797
153.62103907054174,24.12605692856448,58.232984777387244,144.09475360721888
153.9195942959153,22.20841626215484,57.635874326640135,141.7026130961542
154.54089370960145,19.191596569592605,56.393275499267844,141.59904207837855
154.35914934291625,22.309425179567413,56.75676423263822,138.40833718612717
154.07456031687866,23.642946868039928,57.3259422847134,135.74129380918214
152.9771621303438,26.924801005251794,59.520738657783134,132.15465981127198
151.81431291586352,29.811879162561155,61.84643708674367,129.3443372779744
152.4456459529763,32.53462400927995,63.54736981584872,126.86244638786741
147.3550302940963,32.305730522045145,64.85806495201544,124.3633879684726
148.7528334867382,36.1951480250233,65.00525699509828,122.47014981924966
148.6132634802409,40.13771138665351,65.28439700809291,120.42000132901268
152.36767295280492,47.504573799400504,63.55972861769774,120.14665289035096
154.2753561512226,46.33476417181426,62.60285832276038,119.62777604362549
155.54319686152866,47.05688944943209,62.90160575611832,118.18352548838982
155.23501782686606,45.89255572925061,63.51796382544353,117.69387591224977
154.83093590853838,45.07747810500293,64.32612766209888,116.50236474686251
154.31469962377923,43.0226334641963,65.35860023161716,114.97625147405154
153.80046647636195,45.11882959635186,66.38706652645173,113.59677596836124
154.73415229809487,44.615788552548736,67.32960420547214,111.79294873348121
155.1119777257183,45.80268236836656,69.37297010892445,109.41916110184556
154.2571318977649,46.50777162320459,71.08266176483124,108.0089825921695
154.2771688523066,31.9313943838348,73.8479010429875,100.69266563679412
154.8682538718233,37.566215835673944,75.40626175373058,94.90408423266885
160.28697260560085,39.41241344739298,72.60178932270075,91.21168900923078
164.37510977469452,40.9503967043566,69.57666441658857,88.13572249530354
169.11831734060883,39.27007866287859,65.04896280797587,86.53764505504373
171.50803252687308,47.4007408833216,60.2695324354473,86.94462725916424
175.20072707250725,51.3924307852172,55.192942184425526,88.19644281635911
177.5493294852727,57.02550206469395,50.495737358894665,88.14578691524801
179.38436467515072,61.29426323549132,46.825666979138575,86.09759663900913
180.6429554820351,72.06135920092301,44.30848536536983,83.19622677837751
181.39123563104152,78.45751380212441,42.81192506735698,80.32623582685804
181.2784462654878,88.32815022535826,43.037503798464485,75.91739436987443
180.79112341431028,98.293138976351,44.012149500819476,72.68537833737524
179.9033021487735,106.13609393178754,45.78779203189304,69.76631461473926
179.49868592101123,114.75104691839272,48.40695289138148,65.20590746927617
177.36434580753965,123.11070616557011,50.89135051435233,60.97656720272776
172.04481415472884,126.9706122890884,52.73086984430719,56.77657254595782
177.78302152080133,136.35144911024778,55.0483143203743,53.53299051287759
176.1240829121891,143.93192671273025,56.6562913583384,50.34133656273508
177.53933955978724,156.502096571642,57.19431442624637,52.1492877497455
177.2724593908394,159.38800952494586,57.72807476414201,51.54192648635407
174.98565327851506,161.42088754598296,57.14139336189293,50.91636619554501
171.9225381748072,167.12288195862635,58.16465080186582,49.71832290514399
170.30460971866148,177.20250680257388,59.70286547042414,48.233137898313366
167.19101469891243,178.23187263318079,57.44316235339826,49.56916349970922
177.58270087652662,178.23442220520351,58.55299376390453,47.87997175829954
174.74814120350737,176.69019584775705,59.20010857678764,47.620421451088895
177.16564317268273,172.53517023976843,59.40432535774387,47.53177146822119
185.77846113667871,169.43864701756155,57.31161559385016,48.68050919126888
186.64346406484106,165.38826249267018,55.58160973752548,50.11014546860555
186.4803237585145,158.80693687212323,54.24401092748195,51.62564075082298
182.27848144845615,139.66922633383882,54.31213990418203,49.890394738992114
197.19376765452702,137.48289035302008,57.29387548658502,46.059989701993366
213.0113785510796,132.84691123114342,58.162943812363196,43.955446404137476
216.630381257823,128.42679850616054,57.34200980105447,43.17006475083615
219.6292102765302,129.1848136013523,57.66006750747722,41.654034560452665
221.7939381385581,131.02280541541543,58.00735779108004,39.5369662682126
217.04718275987452,128.40395806903462,59.85471421551405,37.12850662804108
213.77426938096625,129.1905800807599,60.333439391110446,35.5552626045905
215.13038079468308,129.7847015368731,59.11861784319535,34.36701969236414
210.40979046693604,126.1618930005605,59.80425348803597,32.85709175433585
212.20598368098064,125.46690765360441,57.65559205932502,32.803337448869755
210.50404314036055,123.70652628933885,55.4152910237107,33.50200911897362
215.39582410321563,121.44365972857662,52.57973412883633,35.24854022816373
221.62404706511614,121.22393709140178,49.75790436403433,37.06435923951331
223.07554685355538,119.86328123630385,48.21852645568397,38.422049281181074
225.94105731822447,116.63289758688151,46.574214356734025,40.796107749637486
226.55085220940666,113.64365444989436,45.35462457436965,42.649119540352025
227.58894243819722,113.38244714087176,44.664166109860204,44.557256151468906
228.67770195535616,112.40669882136538,43.891708591261406,46.50875279048165
228.511075895125,108.48773867164869,44.224960711723725,47.22927225252647
230.5129540880303,106.19852440718081,43.101264027129,50.3676709308543
229.31916837188555,102.90065250593375,41.07631755354785,52.55089682747773
228.23380212757363,102.9453693578705,41.77537659022055,53.93313657555534
229.1954105562644,100.98355015811909,41.35633720550919,54.84842002971785
230.18437922502548,96.94510043431885,39.37839986798699,58.39140087191575
230.54274586250915,99.42931980159908,38.66166659301967,61.0848934733128
231.6416235797704,99.4003724040991,38.02476877945391,62.70364588926945
233.30358250825486,82.5121467037098,37.8495046017011,61.844906818670516
234.51358800480799,79.92819199642992,38.546654179251,60.77849509191803
234.6444307638677,80.38550338730319,38.284968661131565,59.86387231017147
235.86305837968206,79.62067839258873,37.38399687771191,59.857238851391344
238.29135225530786,78.39910373893402,35.56960866210524,60.77928839087835
239.96300537137023,78.05406661659565,33.730567387860305,61.469362635555086
242.6513458467052,77.87126701675814,32.80353442276403,61.83496183523012
243.6784328030915,77.7345873979018,32.222095250950964,62.10832107294278
244.46224177821497,76.76854554573991,32.121238067232035,62.573644010738604
244.69360875152103,76.95395005956743,33.130358265753,62.20283498308355
248.8260230656933,76.75757024673513,33.76805993940769,62.595594608748165
249.4342273245805,76.58047001309379,34.052117154534685,62.94979507603085
250.7475423403059,77.01894990488506,34.446582200513774,63.58338283116326
250.77785401169007,76.6585892439414,34.38595885774545,64.30410415305057
252.26687407418666,75.91948361635764,34.48035195819884,65.7823154082181
252.3614943315233,75.36700604197858,34.29111144352561,66.88727055697619
