204.5,41.5,23,30
204.02986852957687,38.1765892389907,22.94026294084626,30.6498790629875
201.1168256460808,37.43741896322564,22.874077041567315,31.286466519336024
201.0216508760582,37.332660774772805,23.064426581612494,31.495982896241706
200.57516765010092,38.46521677104815,23.100742748442514,31.800821758944657
200.10517215109354,40.87507655460292,23.178860378042046,32.152342402326695
197.44417765525026,44.25275544335649,23.28992113090115,32.34488894325612
195.20668062803966,47.71755958898669,23.39875110092604,32.40114318702981
192.1825598561367,53.451298328129006,23.315869071317103,32.32003805937286
191.75108046634466,56.988183201249825,23.30554513389801,32.23253004915608
190.05027005225708,63.122691126827796,23.220021187351207,32.16852090952695
187.48317618171302,68.32391032562927,23.137749131234333,32.19900210633398
184.97633375401037,73.58676207577109,22.940318737417996,32.0955291044936
184.59672270365735,78.08522130450393,22.83583774595374,31.73564156873106
184.97122536562796,82.16899597886248,22.943363892380162,31.27687545332296
187.93939663681914,86.68895936845286,22.966380112458424,30.75031833480024
187.9068493678463,90.28240999420655,23.031474650404114,30.31308880641761
187.1307706071231,96.6194461768257,22.90740620322546,30.21071120586688
189.32299099572487,97.60464431857551,22.6955993393363,29.909368487692987
189.84944792977583,100.26974639227703,22.469160562215635,29.53801488617753
190.9878954064296,98.47319709545023,22.64361691384979,29.04552797159503
190.18563803321948,98.91476616821414,22.623251759939343,28.974829776232518
187.87677453346538,94.12939223878685,22.374812825047858,28.813245766287654
185.9364631683309,86.35235447465257,22.232858385668123,28.2770126159614
184.60407894768622,77.61244102232574,22.51560876226158,27.494701024613356
181.91736924508362,65.60578531852218,22.38291572507388,27.12380018733766
177.11898954070486,53.993172426131004,22.634805809264336,26.986852660702265
171.22422374847056,43.10587866059749,22.713961715740083,26.90207225951603
162.8222739255613,37.189424052941604,23.124029718228044,26.244443079909253
158.6070811704983,32.10381348188672,23.78373604742393,25.53671336871691
154.93126168637804,26.469068746273077,24.146179021108033,25.157542849016828
152.36742680391518,22.67589918553827,23.839078709940956,24.979924718925357
147.76549086155865,18.503245051227008,23.81794194393045,24.868975057717954
144.4101152696843,15.750131482118263,23.628587193150715,25.008453135746684
138.21240437005252,14.597082180735141,23.770239766413784,25.016970008637838
132.8228915956031,14.500923137457118,23.793908142977884,25.209288095193884
130.01771098540658,14.895954494068969,24.00290556945584,25.190848781100907
136.67887217698078,17.499184002665373,23.849604641232016,25.4069280100535
132.03255613717684,25.612257076028236,23.83507874714153,25.468308317299826
138.05254322692917,41.064260276459535,24.216301111170925,24.840968491301485
144.55713829842202,55.262054190798196,24.34028703877248,24.256812341514795
150.53750192141123,64.32769189705886,24.62449370330466,23.727629425352507
155.42387487250446,71.39907327123969,24.75018193145518,23.290390857457393
161.16708995518232,74.96454506612349,24.610608703727216,22.967561430266453
167.64909681885138,79.63548116534491,24.382158912488112,22.61549906906997
174.47420484793767,82.34417869588312,24.05176032336209,22.378033023733906
177.85226594361583,82.86917474529739,23.87516974167981,22.059099992646928
181.18677974898054,85.0604173074265,23.715238887036975,22.01601270577977
183.11514307530604,85.51801633500179,23.458776698120175,21.820867543376046
188.51508200445622,88.41057498472695,23.353128190826258,21.739339231129176
193.55199279780044,89.89561780294845,23.219361164617517,21.609269183394634
198.18359230958515,90.62376200706254,23.132197019369904,21.56467844875446
202.11451404093884,91.361061087027,23.011928937360825,21.49763944895251
206.07307394488888,91.46593719274729,22.804012420597637,21.28788723751191
212.38179354776076,88.35442354600842,22.683217093686935,21.26259259157311
215.37680016865423,83.4289514162772,22.228960550037947,21.425962629294197
220.36975229497918,83.38523435906747,21.867356699974582,21.513396743713646
224.76880938990976,85.2959177919474,21.267111945809873,21.79096459580199
227.8093764626074,87.81346860077889,20.610516997015587,22.18040217473998
228.73437079680266,91.41232322201402,20.10804704362672,22.394045864778832
232.63602598239677,96.61723432624075,19.66464108257061,22.689539161972107
233.13705912078527,103.79513011908647,19.32914436779608,22.998277940334987
232.00136155214705,107.07642975062765,18.936750751067258,23.0951505622657
229.51940007850382,108.77305639548976,18.61179889772588,23.007444022933896
225.76443954999957,111.29764555497073,18.267640344796764,23.194318777263696
222.98053561751914,113.45012109140806,17.969330635516577,23.451903595465357
222.46363440138205,115.04034188996299,17.70138741260816,23.525826136312084
224.470861618704,115.31316699388546,17.57268678957241,23.62780156373514
226.4197154763234,113.70626997917658,17.55741371771356,23.60623339033622
224.87111265969955,112.90369627895777,17.422147636361043,23.918392104933766
222.91309855555158,109.76353735289923,17.444058691058352,24.35753422665284
222.8481478110961,106.67481348782063,17.573960179969266,24.630638662621713
223.08067848265875,103.238432301485,17.77121150149743,24.880274388758515
223.7068949046299,98.17028051830647,17.85745935979747,24.97647268829793
223.97672574278076,94.35495308783129,17.9900146605272,25.21274080190223
222.26831349485954,91.7486393902551,18.01695316598201,25.00155061243433
222.2904290615612,88.36916771437723,17.972722032578655,25.008286917213365
222.65250731287483,86.03946565802333,17.923160971487736,24.945522939166747
227.06699321859782,83.40826866649606,17.840967782102183,24.825283924030252
227.68201498344874,81.39680668716555,17.950234426791916,24.830277359516696
226.97244637801003,81.22838275195437,18.02631715587341,25.167125229939046
224.2187600781793,81.46168343485948,18.11061911108327,25.378407694685286
222.46730457174036,83.29352714834886,18.20117273792187,25.127077653745808
223.21295804453737,84.7887016795221,18.070169501501425,24.857336009746497
