117.5,68.5,122,125
115.08236194960712,61.8261122281846,121.94558404878362,125.67869938762442
109.54480471524164,55.350469297575806,121.32224583675372,126.93153256808115
107.99052602813299,47.96721348390699,120.52154438906621,129.97026772970443
104.70142270726816,41.537424503296975,119.21164846028404,134.94174312041264
103.38463271075392,34.4180394937387,117.84472977144405,141.17951577579228
101.85678885934622,18.893887680388204,116.82543572240203,143.70294713949147
104.206615353436,8.507435549284864,116.22312995293298,143.98911530814541
109.91123135988312,3.142196057180854,117.08988067945802,142.44361155293416
123.29634042968515,-1.4435009046994196,118.89550434191207,139.36821613295552
127.05439747755632,-1.5529320502364925,119.50728883844559,135.52312912789174
133.0899046005405,-1.5031544351280388,119.47901458450396,131.40932723366592
141.22938212742758,0.4866804236215856,118.99958189907815,127.42965751616667
151.20169787873584,4.285805227822699,118.45598888593149,123.71161560565842
159.1631451136295,9.807271388524477,117.78684853171205,120.2955603420388
164.95955326212328,21.74461365946916,117.44186394406745,118.91653921883535
178.80131397763074,36.97231828027351,119.53563423844143,118.23842170261557
183.83965697772948,44.10536866816757,120.69232640974955,118.95015848883494
190.89309461593436,52.804220747929094,121.68094100598198,120.4218166701146
193.9359052949583,56.678467637248616,123.22057757298539,120.29858081652685
195.3068260242321,64.9104756335953,124.313614471991,119.17407825404625
196.62722307636028,67.95174924002235,125.50705866202381,116.92576933548133
198.2419153555518,73.23311032236349,126.09491593833792,113.99753084019343
199.39941292990108,76.8702902470726,127.55970412476903,110.50295432590491
199.5102421748088,79.49457201798901,127.33804563495357,109.001002576666
199.59750719701768,76.54512880255717,127.16351559053582,111.18081594078309
198.79829909679302,69.50099876305117,128.7619317909852,110.26370124778555
192.4574023922327,67.59638423451054,130.15963299271021,110.31156623573496
181.73731141479504,111.58473199166075,125.11376238844011,113.14419378136151
181.59585434575143,100.00773503501703,121.64576662687064,117.54363819636527
181.08466726281674,88.24723332288565,118.90151700283229,122.23152267108954
180.27006930161855,90.51223212421117,116.73343274798545,129.0933656001682
181.53389313848743,83.68986887172562,114.20578507424769,134.99796280144733
188.0387417099941,72.64391960309912,109.03819204011315,141.40565312094273
189.92425963750355,52.05144495831898,105.26715618509422,147.16881340330542
191.5547062152359,42.34777177402012,102.00626302962948,154.69119610922303
184.51712835715549,40.19910177371317,99.99686813827292,163.00967376171627
185.7818115327032,42.7384674683325,97.46750178717754,170.26697051857693
203.20401104322764,86.09473034742774,104.39453203636668,162.9201603738387
200.04167421785098,89.97204056433729,110.71920568712001,155.1655399400196
199.35777078292597,95.59253975865286,116.25952263629883,148.09705163071726
188.28177163475695,85.67377190281825,121.78935723318097,143.00134179320267
221.63287381065516,104.77935341269838,130.08569953287596,138.12286617410524
213.4528731188553,109.69307772781572,137.99913528836504,132.5187003579259
203.82284462282678,110.4355735216412,144.47947778885577,126.77380393975282
201.88122318477332,113.38623280852003,148.36272066496272,120.87248536599517
195.13091643789744,118.11196829918163,149.16014756986718,115.65540991428777
189.28273543828254,129.8436771260138,148.37059722864475,113.00184616137696
189.25342743193448,133.92469715887222,144.3225439885489,113.05314460124418
187.52536026349767,135.63418210402276,139.68732801953917,113.67984986388477
180.49499469989087,136.96811004216266,133.82418057270914,114.99676970241373
183.41371097483506,141.73817370516502,127.98674802282082,117.20354683156414
186.29133015248968,144.4645071753222,122.23150966751156,119.471541576647
194.30983968838186,149.71325719872354,117.61334626934955,120.39289720346672
203.50517960858394,165.48709512839298,114.21493010279104,118.8297486918192
207.15480335592258,173.76529676383032,110.58549765562483,116.95260561098893
211.39790576217678,191.00385328136318,109.26514579260962,111.13890437389546
225.15678942499073,205.63806841824666,106.04366842937226,106.16676406251912
235.1199700876126,210.998566020181,102.82678927471699,102.1295617268859
239.89211310484168,214.01306367813805,99.73781204403241,99.32822081285862
247.69049076575465,214.884718624849,96.6806427072023,97.58491091943671
259.4377125580998,218.5426039540933,94.60124152154428,96.38772380352873
271.2549309448002,219.07586085852358,92.020476173623,95.32120999466814
280.8736704696058,219.9567306103863,90.48388688718578,93.55947049094273
291.9305779031389,220.64060204893156,88.65760790644077,92.1917276138522
302.4774383931646,211.91661545123273,87.49908247053338,92.55239034284075
307.6406472792758,201.20020171651186,88.51337296489238,94.13897834576507
314.26240638109977,191.6375218218484,89.65022419280409,93.1318209309084
323.0109575760438,178.0828133124294,92.30140979301927,91.45796939245605
329.205679406244,153.21496511528107,91.48732961416852,94.89221186055418
320.9818084385852,133.45024696610037,87.39015245914823,99.20178686119345
325.86197696720745,114.07625335277926,83.5037824399752,102.7059718594061
343.0994411232567,97.78796432351271,81.24275606325082,103.06864798256508
343.2938702778916,89.35701451134717,83.75134730588697,99.64840074355502
346.0198423758368,81.8037341531026,84.07034556397164,100.32760532510656
342.11913632462426,55.200926504677994,83.16851196650164,101.31374642258561
359.7881720454314,36.91527896895714,79.74932814758084,105.96615387133389
350.4082139703581,29.12150841895742,78.087732364302,106.96690073317234
362.9314282534456,-1.0429415024603443,79.1895525201069,106.28322022472155
362.18209345194305,2.1449712164720793,80.68822212311188,108.6464838114277
352.29824682802547,9.227044331266868,79.64133921853765,112.323402855332
404.14753839251784,10.197838543726654,87.39022938777066,107.36972055748763
401.9537175531409,6.058281539959921,94.84091958880072,103.39664047591646
392.56134298055173,1.203833317954306,101.14117123976914,100.62103942571781
383.4440711702486,1.4963121734584703,103.48893981655351,103.21343672347386
375.23506730560877,5.446539198776584,103.63117347972984,108.33360192572036
362.65862220285106,5.667585331022352,105.41930553921604,111.2293322535187
349.1508983317714,9.041620541951573,108.55437338986756,114.71571035659218
336.03044655914465,9.0499772153849,110.18516976966679,118.21472660479043
324.7766938188014,8.989192980738864,111.11491700769335,121.93258811452583
311.5780412809673,11.166357428779605,111.82886608460532,124.91636093237469
298.5978806177099,13.886360875380532,111.70125960866415,126.93004769701739
285.97222829890393,20.450533317740323,110.66014601101789,128.82594180387395
271.636848692751,23.867380544974495,109.18113715762398,129.52968936583054
259.0338265824361,27.661234339848278,108.09651466613083,129.45360083668953
249.65557679005468,29.602986411385558,108.16718913941978,129.30726171590976
247.40925464211392,30.166206659989072,108.92378466376292,128.18082121870273
235.19508585304573,31.356409260190816,110.96701758927884,125.80041601829925
232.19229266104858,32.63075326293904,113.24581276567432,123.2517280128028
223.58705600238773,32.56431902306301,115.56213694053757,119.66105920694025
220.55964741414874,34.51216133126388,117.91279242144626,115.7653745905385
213.79896548867018,36.091285433706965,120.39435941020695,112.60712638565234
209.10945681231385,37.44477919554596,122.43577200677794,109.90013886197434
202.85913379731568,36.431528488226434,123.96391327393872,108.26913868900152
201.12418259653475,36.77436165622292,123.77869081632295,107.58347235300855
194.52242555758377,36.7246041236006,122.41713952430375,107.68298741825319
191.51246858105242,37.88361719045075,121.19352083161515,108.98672760742855
179.26719942994603,41.06609236062883,120.31878018131789,109.86899982493239
172.00818036505098,44.991513663967844,120.34053647868896,112.89036859256863
160.4335945076344,47.98133615546633,121.45495336269043,114.25564188651553
154.02291221819138,51.04751219393525,123.14168293852497,111.83483481059486
139.96778016548964,59.327953178760524,125.35652200719272,106.37199214240246
123.46649354251255,62.4922762174631,129.18945527579842,103.68955106216586
103.90198558402875,54.59886562382386,135.36150311626102,101.16694554027488
113.0169721144813,90.88984792151017,131.99198406965908,102.88725101641799
111.45759494370051,100.06228309038829,127.72717958993725,106.69305714251207
98.24494251182807,102.51567065385589,124.64896338662834,109.16216228234032
93.27107932558567,102.69489728167042,119.87650917347332,112.48375417312121
66.27633119482175,88.8986694728282,118.984699787183,114.46493382182383
58.32334653924252,75.33273289407612,120.18586940820455,115.86340752158844
56.884836256998724,67.44775377966582,123.06288997269215,113.04758757930185
62.852359707257776,58.02112294106994,122.28015967582641,113.31365491707301
63.94894778257366,16.90259207000514,120.08698352519464,117.65190998474765
68.40979600441963,2.3749821597594405,118.65302805133746,120.50003641081736
73.34912944267711,9.277409629112697,116.30668499754948,125.52599102892833
80.1487580727953,8.778928153334668,114.13051776744064,126.52295398048439
84.29819999632545,2.211456047572952,113.408758016524,124.5036499997205
85.77020455089281,-1.8454291102865525,114.21038235352924,121.38051997701963
73.65996905490775,86.80789669673187,112.46320985075903,122.13770946977363
77.40306617876462,88.74043380709833,116.05816730005222,121.96635248137635
87.98800180048936,78.80933422288578,117.37706969172322,123.08790695386773
93.44479327434519,68.68048435968765,117.82323584375028,124.4126915140327
107.24359981613324,58.67954527387508,116.92632575243374,125.34263897690101
117.2605080527322,47.04045208958503,115.96592775265263,125.73272317738093
129.92124313770898,47.12827937630282,113.47746349924891,125.55706860394535
134.6933767656452,42.87305000101423,111.45943922277897,126.54128437512007
149.3551322083938,36.22826926693607,108.35905589938878,128.59236260237338
152.59534757804443,34.85576251244737,105.60674097847699,131.33737611135078
157.49064959446702,33.40766749570014,103.26793493673162,134.23356614484524
160.5199133788179,33.7345847346195,100.94163253907448,137.3119568380511
161.27338581216168,36.197206114158135,99.4346876723869,139.86887366777407
161.50912257269343,41.24654581679653,98.96321415132341,141.0354555827626
163.29360697071752,48.75410539565573,99.15920557266045,141.08017729458504
163.0434026447562,54.65358308012969,99.65961422458311,140.58783227263697
161.09675093260606,52.759997565878706,99.78324362360274,140.60532927585828
129.72778147917273,27.59903037212183,102.16956816727107,138.1196010955735
103.89442003886636,-3.5922951720985523,108.55454454318769,132.57963242697008
98.55794603649599,-0.333459099916233,115.43481888528031,126.06196028260544
93.37088702959488,3.096428131727613,122.00675869820718,119.20218581931775
86.50868000114065,6.223298367968198,128.134169028062,112.94844534683658
44.95404713147896,0.10377154844091052,127.76018489732124,110.00872628224313
42.09776996984845,1.1271031451285651,125.98917413782623,107.96206308886782
38.99093626955688,1.819464043623448,124.83976947923225,106.57734129187806
28.56239107829571,5.008731316548108,127.48923059340022,103.84033259969961
68.55752639606854,12.714727104345862,131.17808921210377,99.34301005726704
66.5725724938714,15.645125539808198,131.52640823544266,97.10380196739776
66.19170274660738,21.28451408056759,135.8784068720458,93.00554317002914
58.59099590866228,14.449936426437255,133.1366780091787,92.32018444728399
61.91836465579736,20.812846421922004,133.55379217567432,90.20214194746316
25.96304866208503,9.611938657739792,131.81442718212244,91.56110119554857
54.19253254386696,18.00337729817663,134.91354068485737,88.79189009498049
51.050126439761655,19.750789516647146,137.69420114888766,85.29706565803946
50.43072524361904,21.369911356419223,142.42035667400657,82.0588219784953
49.94889737067673,22.25137426733631,143.38401241989118,80.29589615666113
