446.5,181.5,29,26
442.8499971077184,171.31677685094695,28.373449356267233,27.184235673829203
439.93882427194,170.4548787451162,28.071676581887946,28.033157821785583
437.014519860311,166.98895092713775,27.73550087465293,28.780228927249617
436.05844379940055,163.2158661895291,27.867706045443853,29.206610598346877
440.2332150818932,160.25643042369896,27.606880222113823,28.834257997608553
440.29462629604825,156.75253676935864,26.595273513841512,29.62055534655458
440.70080236984023,156.1104936604052,26.667889465486603,30.019673465232373
438.9295200027947,143.23233845139094,26.641144923206653,29.89849162957078
442.42943631641754,142.72335024680808,27.651478690953873,29.136431062071466
450.20528114526354,143.4760199407591,28.195773347647023,28.525313024968565
460.7470036587788,146.18872104929372,29.443370466704028,27.566119237116805
469.87504140479973,146.83622332505604,30.038271462842374,27.168780232648384
477.0938779919081,147.19135609387334,30.91105455926505,26.45851469501376
484.6543190732747,146.05468445253007,31.137386062235716,26.02352615434082
492.95893817135754,145.84135147809002,31.61429285810925,25.550921314166214
508.898101295738,146.03468376547306,32.09898396870243,25.16425673940014
516.4319757328549,146.04950709551372,32.33342170205776,25.134610079318815
525.8217442421789,145.55901996829553,32.52174606495598,25.21235283939587
534.3577580865509,144.6196889960525,32.68984190559851,25.276264938683326
545.7151651251521,143.16098470533785,32.749620534885864,25.46072239533386
530.7115476306055,152.83288448826343,31.65025842615847,26.244720951601906
540.8521576890572,151.56449997566853,30.49453430852143,26.96001416733779
550.3046556814352,149.02979026718285,29.676896505653275,27.507594038837183
559.7154289749841,146.99073815405805,28.862972915775984,27.984173665642697
569.525157818574,144.9711205546954,28.042797372618374,28.44259321788751
584.4301536967922,142.50853635586645,27.58723422936393,28.920120916578462
595.4392972700884,140.09965706717054,26.924572286741743,29.28879090980983
603.012381050057,139.3273358320775,26.824323677087186,29.063325268197985
611.425455314141,138.42631461258645,26.717108547818054,29.105479980980178
614.7352359488129,138.59140946245392,26.2498102112686,29.65418498593016
614.3556001100427,135.31357380569116,26.129112207799707,30.050068532389925
617.8126298308961,131.76770911952156,25.40426128945206,30.952589381369833
608.3913694050138,126.08798345173108,25.631677667673124,30.788404614281085
614.7026974596894,127.3074577400254,25.435098933930394,31.01218690389425
615.7693583501945,121.88327249614241,25.077473705344218,31.206378077116725
613.520936505287,131.60924548027378,25.149091749870358,31.225424948124246
616.1984061266398,140.56648400954148,25.113137378765217,31.04089746159129
613.8158506694797,141.0185565916701,25.462833990410132,31.019835157869103
610.1238715633343,131.75050577269434,25.739480375500563,30.899243249419637
614.9917639584464,132.8857975155172,25.804944445074796,31.301727634628044
600.8708848852259,123.60116406977039,26.200160570747833,31.007207995923856
603.7318794027236,123.82860286106643,26.77892722297547,30.552330413331784
607.9504168419539,123.9882728945015,27.36550662878948,30.232990346461623
611.6059155702912,120.57814383275695,27.308764272357884,30.705775257238074
614.6833316314063,120.40466225382676,26.633271087860372,31.052738415098464
620.3264910108882,115.60067997018977,25.332470084557848,32.490733909558706
621.7761071478913,111.7752320119908,24.250948910029898,33.77964097778302
622.6101784008258,108.98385281097767,23.493588787998533,34.80848746062055
621.9302605760151,107.38406865586529,23.02580438974283,35.26662569902986
597.4736757971181,135.47445817518764,22.64145249441026,36.59962168903305
582.1433801795085,123.91844790650003,22.729731029175973,35.62436555332384
584.392175243677,122.97281842114796,22.79882069859568,34.77561664537414
586.2424480906916,123.74478794943273,22.70534017794212,34.13344388214856
587.2152553065241,124.45307602309217,22.54085442041086,33.60743207189649
588.1893819541932,122.91390672968018,22.35244284595351,33.16608721695894
591.3684439228969,123.1702193790702,22.08537980279875,32.653461918178884
591.9019782016496,123.40728667601707,21.876314484621023,32.179327324285154
592.889578463102,122.78332172012804,21.595904905304184,31.732466292475188
592.9972781111942,122.96560542575835,21.380505609119936,31.367898881214565
594.3065414496745,122.75054124001463,21.24283699201709,30.97107456608269
595.2970500288759,122.88676450322393,20.899201037667744,30.698628039664065
595.4088924888748,123.47585892924583,20.67551611766998,30.329331544082414
596.3410236891306,123.62229574643266,20.410495724642455,30.036457909708773
596.4182425320504,123.37900399875434,20.256058038802923,29.732225133046303
596.8683286215756,123.52718132005658,20.139558766609166,29.435870490441836
597.3687207705465,124.0076921872769,19.91605075862274,29.252125045956483
597.4259622667968,124.09986504240537,19.80156776612226,29.06777933569955
597.8605077497027,124.203998630568,19.698606380284403,28.859512159374294
597.9265185108168,123.49159701367583,19.56658485805627,28.761745302404833
598.0087774025166,123.96459435629329,19.40206707465684,28.573374934714344
598.4599908767062,124.00896154083713,19.25169970175426,28.48464056562664
598.5351427505805,124.41594866192355,19.101395954005746,28.418896116130153
598.9256871924892,124.09181031402373,19.065053142624453,28.322426739493356
599.3461859131764,124.56448588590912,18.966746709131936,28.119766603604518
599.0725573940077,124.58999518839838,18.77599458635198,28.068747998625998
599.4512410503359,124.65362653627467,18.7527019758807,27.941485302873417
599.1420882110871,124.3202479086011,18.63923428350491,27.876469187347283
599.849487326549,124.77984977487763,18.6822578045012,27.68617633075437
599.5441957587966,124.424532061634,18.566079259667397,27.6700500769032
599.8565832824468,124.45523863539984,18.6658949265711,27.608636929371528
