122.5,51.5,51,61
122.35821517146903,51.04551493489736,50.28356965706193,60.908970130205276
122.60634274297048,51.01954213983309,49.787314514059034,60.96091572033381
122.8471783625684,50.88467990204897,49.30564327486319,61.23064019590205
123.1491816202788,51.5132798989082,48.70163675944241,61.71163473945457
123.27313188363074,52.91098770316539,48.45373623273852,62.38776193067034
123.34130287764444,53.74802557927181,48.31739424471111,62.45577001242929
123.48757795365854,54.458533414163,48.02484409268292,62.77565777076567
123.6410776026075,55.41799720997109,47.717844794785016,62.597749995209426
123.8641414711424,55.50723766170062,47.27171705771518,62.419269091750365
123.92518612905434,56.459122824645725,47.14962774189131,62.23879329338327
124.10066269041246,56.54047983637908,46.798674619175074,62.07607926991656
124.2103774454207,56.54703738517308,46.5792451091586,62.06296417232856
124.28562940364236,57.371660262182644,46.428741192715265,62.1202698386532
123.57550465554105,57.37267378031815,46.14402849146156,62.118242802382184
123.65178913885903,57.25505641455102,45.991459524825615,62.35347753391645
123.66480845186773,58.05569501021839,45.96542089880821,62.45354878299587
123.71672608779613,58.031866579467575,45.8615856269514,62.5012056444975
123.74466135730705,58.819376180803175,45.805715087929556,62.627649947975755
122.88669963277752,58.87503373361855,45.81917142535214,62.516334842345
122.89467265159925,58.7397440653028,45.803225387708665,62.78691417897651
122.97138811889046,58.66086773614789,45.64979445312625,62.94466683728632
123.03760331205018,59.40347594146489,45.51736406680679,63.164168752931865
123.08132328907318,59.342798721476896,45.4299241127608,63.28552319290784
123.02439005622111,60.169092691259635,45.543790578464964,63.33920687782958
123.06783334781883,60.13389490846036,45.45690399526951,63.40960244342813
122.2198818282637,61.01397339951884,45.44421155840164,63.358040937289346
122.23159351128668,61.084345571444295,45.42078819235567,63.217296593438434
121.33545479739905,61.043117881962324,45.507978132610845,63.299751972402376
120.43521359889306,61.07567564867114,45.600689410901154,63.234636438984744
120.37057539799505,61.15224649746737,45.729965812697166,63.08149474139229
119.36392279470142,60.323707236971195,46.035160141769126,63.030462384869324
117.2471898122699,60.396830461302116,46.843930704107066,62.88421593620748
114.78705249497547,59.43958326233229,48.317444585461686,63.07532995753002
112.41869731283558,59.27845926525424,49.55342720768415,63.39757795168611
111.13189657843098,58.210407494519295,50.35161608076643,63.75826889742909
109.86748603108086,57.83957668396044,51.086534449607655,64.4999305185468
108.92596765635602,56.510098754585584,51.15237861885719,65.34169379709641
108.09407415801672,56.193519058472155,50.98501861921032,65.97485318932327
107.97230576432489,56.124345678247124,51.22855540659402,66.11319994977333
107.92765675397311,56.09554489626163,51.317853427297564,66.17080151374432
107.73576662431115,56.2031700804763,51.70163368662148,65.95555114531498
107.59320863850903,55.24244588969701,51.98674965822574,66.02753287339971
107.51804809227355,55.6979236731851,52.137070750696694,65.11657730642352
108.33436684945049,54.27030383066389,52.34811690428656,64.28444965557838
109.2580762277268,53.7403717324208,52.33502521766457,63.50998678213397
110.25733609205226,52.1490150017608,52.158713123474996,63.04828497453128
111.31775549561611,52.636414047923125,51.8501304335546,62.07348688220662
112.3305246877849,53.00685698519878,51.616857887140426,61.33260100765532
113.4147327887746,53.118871149730424,51.225527414804695,61.10857267859202
113.39160113308536,53.25189664121682,51.271790726183184,60.84252169561925
113.4484476676179,53.95228614347043,51.1580976571181,61.20571338709282
113.54131704902042,54.56870096543794,50.972358894313075,61.740623068329796
113.56425436143329,56.98284157965542,50.92648426948735,62.23128573826342
113.61751008945711,58.23459470895964,50.81997281343966,63.28735456243972
113.77944461001579,60.417643138257326,50.49610377232233,64.30410463312374
113.8836399075843,62.866436751706274,50.28771317718532,64.82033250506913
114.07238932701105,65.49220678108202,49.9102143383318,64.9961217489893
114.06256335880072,67.23612268827404,49.92986627475246,65.11958103971976
114.18810451816253,68.38595855639463,49.67878395602884,64.6277595508398
113.47428136627782,70.95893270676982,49.31017980472424,64.87056261531147
112.80435016508535,74.133668321064,48.856099438885884,65.69686245961624
111.89990932118408,75.45653239811179,48.865877716439016,66.64934112601952
111.5300619004943,77.04072461507533,49.605572557818554,67.10843675207929
111.02652633981899,78.76645289336085,50.61264367916918,67.32266358345466
110.65621622082479,79.73244277412442,51.3532639171576,67.24326624386312
111.53677822191128,80.87524487058153,51.45560614699802,66.82112828296235
112.2905518486667,81.93940598664592,51.80675103037818,66.55149818772452
114.94385347110341,83.24031785471786,52.08101795255475,65.809964507264
115.97447200599325,83.48713772559387,51.87318187356958,65.31632476551198
117.26696377420839,84.67900583301562,51.13066424547412,64.7750544590033
123.2924231730846,85.00107771289493,50.01247940926843,64.13091069924468
125.05818763962068,84.93917716272013,48.27504326102188,64.25471179959428
127.49380336477526,84.93844041182686,46.939111013390445,64.25618530138082
128.6963257059999,84.0741585258875,46.279856456504994,64.23895894769569
128.71423576459213,82.38037633937854,46.244036339320516,64.15712422555413
128.7273132173679,79.89266771426709,46.21788143376898,63.9339311993904
128.9692428833916,76.39128207334815,45.73402210172162,64.0204776494702
129.0990049630781,73.90383755972393,45.474497942348606,63.82813866016475
128.156639919084,71.34168708780398,45.64400406146153,63.80676769737889
128.15028968347758,70.4832031405326,45.65670453267437,63.806044733018766
127.24010028116085,68.68093369767584,45.75919440770551,63.97480575952758
127.20601033338414,67.0744349010788,45.82737430325892,63.74353948288946
127.30878603285299,66.3870265113054,45.62182290432123,63.39860647966799
126.51074654488278,65.65228176851375,45.50676027781997,63.1569543628096
126.545978690282,65.92007577178948,45.43629598702155,62.621366356258115
126.67266458195905,65.15685563411965,45.18292420366741,62.451499706538876
126.78307116981325,65.22327904967224,44.962111027959025,62.31865287543367
126.8637511433231,64.41446686902565,44.80075108093933,62.2523531141093
125.252456285014,63.45483277207996,44.66280865507587,62.491355236759844
125.13020685026622,61.76768111365081,44.90730752457145,62.50242308918933
124.21796897875663,60.927489095332,45.04597483263073,62.49699869086707
123.17993317852462,59.357990049347926,45.43403987667884,62.259983670003336
122.06268970794743,57.92702870485675,45.97774078134708,61.740334286013365
116.5112056124631,57.36766509676394,46.92990265757136,61.16726044974157
115.96675804245503,56.6884333667327,48.018797797587496,60.827101703683624
114.51614120630389,55.919663963876985,49.20889231960328,60.653501359108596
110.74982094449945,55.98275073082614,49.83046095788194,60.52732782521028
109.75758808175604,56.05206337861541,50.07905096600188,60.38870252963174
109.73247729854906,55.197607224705514,50.129272532415854,60.35986024652168
108.07695686150177,55.18323070548732,49.96407219772533,60.38861328495806
107.29093995876711,54.91854851212084,49.80020802546651,60.91797767169102
106.4921917059836,54.88680641770381,49.65631006253405,60.98146186052508
106.32709892785581,54.72211946621109,49.98649561878959,61.310835763510525
105.33727562040906,54.46939338636485,50.21569800228714,61.81628792320301
105.15070234724224,54.423363140977266,50.58884454862076,61.908348413978175
104.2094478774539,53.59437686761465,50.70198764186233,61.796955114368316
104.16175691941156,53.29041744847786,50.79736955794701,62.40487395264189
104.09515291376273,53.05004729804687,50.93057756924466,62.885614253503874
104.03934666096218,53.12954523920891,51.04219007484576,62.72661837117979
104.93874653628072,52.87282391078831,51.032661281786616,63.24006102802099
105.95994998756404,52.73331852815594,50.78725589190526,63.51907179328573
106.03534068888275,53.385923820780036,50.63647448926784,64.01116713032704
106.04989559765771,54.18039882643469,50.60736467171794,64.22461775624326
107.01494197480937,54.97468994653592,50.4824680735473,64.44123167217353
107.93468971290687,55.8010888886285,50.44945406279851,64.59491525343458
108.83829942701388,56.78463731501677,50.45052997036386,64.43611373643742
109.83048362852355,57.62610682852157,50.27204552814585,64.55905867022915
110.84080504427662,59.17717451775745,50.05626402393333,65.06664594634466
110.86461528141004,60.17436126135105,50.00864354966648,64.88137493272035
111.87743139188842,60.97095864255466,49.78850901330133,65.09367785490474
111.9792227024404,61.923822484014636,49.58492639219739,64.99310016861565
111.89912363255107,62.817680440137295,49.74512453197606,65.00567916100104
111.9402299659009,63.67517182089597,49.6629118652764,65.09379620392525
112.89797776022982,63.78375680347831,49.55051939461167,64.87662623876057
113.361989993979,64.73795356543619,48.62249492711332,64.76618963431507
113.68022946461261,65.7756592951288,47.98601598584612,64.47189648468604
113.90101734521788,65.81469590012689,47.54444022463556,64.39382327468988
114.0817692819212,64.89733027826065,47.182936351228946,64.47074689727961
115.09255858928319,64.91604215014908,46.91440635583558,64.43332315350276
115.22935516828983,64.85628060563116,46.640813197822304,64.55284624253862
115.3453621948585,63.92213494398893,46.40879914468497,64.67574552665285
115.42685180128404,63.92688737016821,46.24581993183386,64.66624067429429
115.48168987011073,63.92616197141213,46.13614379418051,64.66769147180645
115.54350061067521,63.82893818449929,46.01252231305153,64.86213904563212
115.56780110575755,63.833311814736305,45.96392132288683,64.8533917851581
115.62356627217025,63.81009702816595,45.852390990061444,64.89982135829881
115.62679020493687,63.94820523643141,45.845943124528205,64.62360494176788
115.43034370655087,63.86641117241045,46.238836121300224,64.7871930698098
114.48876158264144,63.87157243402009,46.37966953750771,64.77687054659053
114.37988874577094,63.87364667770433,46.597415211248716,64.77272205922205
113.39655144321466,63.915149309008825,46.81607803872622,64.68971679661306
112.30519458948052,63.85648793751899,47.24844387743668,64.80703953959272
111.14883078132273,63.900504791126636,47.801942599452246,64.71900583237743
108.41236640661202,64.11731510199212,47.97396245328258,64.28538521064648
107.38349089222959,64.0875215270828,48.26852140398775,64.3449723604651
106.32617472618652,64.06822408467545,48.61423645039654,64.38356724527982
105.31199100634348,63.59343465224689,48.86744824792726,65.33314611013692
105.11166866034407,63.294973492229715,49.26809293992609,65.93006843017127
104.9156540425937,63.120451872114494,49.66012217542679,66.27911167040172
104.78647314901312,63.12668777669027,49.91848396258798,66.26663986125017
104.6431281419091,63.11868085165524,50.205173976796004,66.28265371132022
104.54648990889899,64.11412539604393,50.39845044281623,66.12184529789012
104.50320717852519,64.23715110220878,50.485015903563834,65.87579388556043
104.48298134693758,64.45606841145468,50.52546756673907,65.43795926706865
104.42759428013574,64.50691262725529,50.63624170034274,65.33627083546742
105.20872394214717,64.61288748014749,50.89664956474547,65.12432112968301
105.09458253637638,65.57196973522412,51.12493237628708,65.02982075496517
104.98898120077415,65.55264816299203,51.336135047491524,65.06846389942936
104.87328059771808,65.63025016504209,51.56753625360366,64.91325989532925
104.77032787005453,65.64697861592595,51.77344170893075,64.87980299356154
105.65972035915802,65.51278547641857,51.828814708760866,65.14818927257627
105.61450584296864,65.36135232642201,51.91924374113961,65.4510555725694
105.57320254589963,65.17361395159824,52.00185033527763,65.82653232221695
105.5799815593399,65.13583749765776,51.98829230839708,65.9020852300979
105.57054515543217,65.09304513832507,52.00716511621255,65.98766994876327
105.55074214791566,65.10341580243914,52.04677113124558,65.96692862053514
105.51469228566249,65.13143898682841,52.11887085575191,65.9108822517566
105.50358681782342,65.07942106011961,52.14108179143004,66.01491810517419
105.52352619066616,65.09274966299907,52.101203045744555,65.98826089941528
105.523470874105,65.15111448639593,52.10131367886688,65.87153125262155
105.54435424249435,65.07855570251283,52.05954694208819,66.01664882038776
105.56032692807742,65.10272439755289,52.02760157092206,65.96831143030762
105.62767693692221,64.27657429217685,51.892901553232456,65.76565331490966
105.68013485248744,64.29835548445914,51.787985722102,65.72209093034509
104.83756922658378,63.27805272703843,51.625819964317884,65.91539943559502
104.93202853209394,63.323084510555056,51.436901353297586,65.82533586856177
104.14902792529426,63.44386947467867,51.15973184159623,65.58376594031454
104.17528302455268,62.58399617287791,51.107221643079384,65.46854375857917
104.3258181920453,62.581404445187665,50.806151308094144,65.47372721395966
103.58066001334103,62.61958907195443,50.46893417629059,65.39735796042613
103.58926763140992,62.80808363038254,50.4517189401528,65.02036884356991
103.66806773288799,62.82177943959459,50.294118737196676,64.99297722514581
103.79786867103468,62.785275958926,50.03451686090328,65.06598418648299
103.95690443727722,62.86313031982013,49.7164453284182,64.91027546469473
104.11427399797908,62.936041291759665,49.401706207014485,64.76445352081566
104.29688753095105,63.91033997913807,49.036479141070544,64.60967435032367
104.40248815830398,63.964277724601914,48.825277886364695,64.50179885939599
104.52965777583745,63.828849089640435,48.570938651297745,64.77265612931895
104.6741915924492,63.85075027265864,48.28187101807424,64.72885376328254
104.814636641677,63.89647783973451,48.00098091961865,64.6373986291308
104.9515505402874,63.85766372912026,47.727153122397866,64.7150268503593
105.140756539482,64.7184158545031,47.34874112400867,64.75920611028388
105.1960837046589,64.75283363682377,47.23808679365485,64.69037054564258
106.14571871645597,64.81363223178488,47.09610474039458,64.56877335572032
106.24021666588528,64.76769130261917,46.90710884153597,64.66065521405176
106.30314665519965,65.38806942973461,46.78124886290724,65.17130160216638
107.38483494047796,66.42817928333584,46.37494792702388,64.84815752963718
107.47335371784706,66.40987926560078,46.197910372285676,64.8847575651073
107.42361060135204,67.13938055948623,46.29739660527572,65.16888917923463
107.42967868693631,67.23387811684533,46.285260434107144,64.9798940645164
107.51582632796526,68.30173240183879,46.11296515204928,64.59019853602281
107.48845802245646,69.19594200421227,46.16770176306686,64.53905477359044
107.4406838788198,70.19388809707301,46.2632500503402,64.28056442424767
107.3109723212618,70.24467909090087,46.5226731654562,64.17898243659195
108.20723423732066,70.82203109558498,46.467930176534225,64.76205927041956
108.20394328943726,71.62361311999791,46.474512072301025,64.90461560361081
108.12986229416983,71.5726102204884,46.622674062835905,65.00662140262985
108.07397561865963,71.60151662209145,46.7344474138563,64.94880859942371
108.08320242061481,72.26317602543853,46.715993809945935,65.37842389346748
107.90452729843207,72.44258926425597,47.073344054311406,65.01959741583258
107.84191496932539,73.28000412330333,47.19856871252479,65.10434582968611
107.87494308559216,73.01280863848127,47.13251247999122,65.63873679933022
107.95461411741033,73.48429224500211,46.973170416354876,66.46570643291301
107.97514096087278,72.06074098561362,46.93211672942999,67.53297558372664
107.97025138007868,72.6013084070782,46.941895891018184,68.24712727978024
107.8501099798359,72.1015559063883,47.18217869150372,69.24663228116006
107.73141000093841,71.30717481886926,47.419578649298714,70.83539445619815
107.5936548990001,71.48505496687392,47.695088853175356,72.33276756884294
107.4794662799197,71.62122980482766,47.923466091336124,73.9406387134689
107.33382054729074,70.95167388276752,48.21475755659408,75.27975055758918
107.19513718336731,70.29016882087979,48.49212428444095,76.60276068136467
107.19233610200754,70.85971178908497,48.497726447160446,77.42119865949196
107.11139452469587,70.38760016245006,48.659609601783814,78.36542191276178
107.01881849666404,69.918875788295,48.844761657847464,79.30287066107189
107.06189875810259,69.95058940719863,48.75860113497039,81.2432151515434
107.13596133641236,70.07744389036985,48.61047597835082,83.0207373039091
107.21185215199884,70.26971456427094,48.45869434717786,84.69134482539953
107.10570148674773,69.57928174129913,48.670995677680075,86.07221047134317
107.01628636372052,70.05775224118037,48.849825923734485,87.21667412457053
106.99572246280563,70.58000379893227,48.890953725564295,88.29354768281476
106.9111828679854,69.32821145163498,49.060032915204744,88.65914083617864
106.81831500273674,70.17974352038314,49.245768645702064,89.10235189922474
106.60256520571784,70.16812886125746,49.67726823973986,89.12558121747611
106.50406615179759,71.00428658975446,49.87426634758037,89.61695523747021
106.24542659149131,70.04423279623799,50.39154546819293,89.36275460430898
105.9911427710831,71.12497894904514,50.900113109009325,89.38062005932895
105.70235425431324,71.45442020339492,51.477690142549065,88.7217375506294
105.5493005209632,71.54023044986505,51.783797609249156,88.55011705768914
105.44554707914915,71.73731450889385,51.99130449287725,88.15594893963154
105.44193808136401,71.79944159460048,51.99852248844751,88.03169476821827
105.38817978428604,71.85571504678347,52.10603908260347,87.91914786385229
105.39833257932341,70.72566373661834,52.08573349252873,87.99223452132117
105.32104573125496,70.81330898973532,52.24030718866564,87.81694401508722
105.35992161216203,70.65893684465976,52.16255542685151,88.12568830523834
105.2009320070221,70.75117339519375,52.48053463713135,87.94121520417036
105.16103370467799,70.52540652525272,52.56033124181957,88.3927489440524
105.14221219082063,70.48459564091982,52.59797426953428,88.47437071271821
105.21283613573246,70.47453550569747,52.45672637971064,88.49449098316289
105.23818451542847,71.47575718579448,52.406029620318606,88.69353937884415
105.16855072206914,71.37117991691149,52.54529720703727,88.90269391661013
105.23662547827406,71.12967991589719,52.40914769462742,89.38569391863875
105.15257513573495,68.59786232750835,52.57724837970565,90.02147539522257
104.95131676479261,67.3809590540183,52.97976512159033,90.22907175961487
104.99986558246735,66.95900025868588,52.88266748624085,91.07298935027971
104.22824527863312,62.824993921705996,52.17892247379201,92.60004516388759
104.29406704257994,63.430421681377425,52.04727894589837,93.64684902956691
104.2489460474336,59.394548890538196,52.13752093619104,94.90591299030491
103.89647348372709,56.91117696825549,52.842466063604064,95.29060339665835
103.52416184294064,56.64547708905945,53.58708934517697,95.82200315505044
104.27315788636884,51.60464505238655,54.41837591814412,96.58655258910208
103.96501481611502,52.30978452421411,55.03466205865177,97.53100985220033
103.65164180165829,50.90403032946911,55.66140808756522,97.96332477323608
103.31712399719576,49.47396957682557,56.330443696490285,98.42719838443426
102.98239431252841,48.12844753870816,56.99990306582497,98.70376088677716
102.68031151580077,44.3055392492905,57.60406865928027,99.05976193684235
102.4051165668873,45.63766029896354,58.15445855710722,98.84097729650782
102.21887600370547,45.881666937574686,58.52693968347087,98.35296401928552
101.8525876242798,41.269372701908026,59.25951644232221,97.77528622911763
101.51312244924507,39.2351417219969,59.93844679239166,96.93510287641908
102.25983881563452,37.58863735002184,60.89822795223646,95.32168383512183
102.11030784218872,40.47422946125782,61.197289899128066,94.44085724305219
102.1250591689801,39.45450237073624,61.1677872455453,94.04333475868448
102.36519323013158,41.98039996412134,60.68751912324234,93.8525864665031
102.77437606114191,43.197837803428826,59.869153461221686,93.8373620716435
103.3502688000894,44.15942769242517,58.717367983326696,94.31993485545044
103.76668020868212,43.89669523008711,57.88454516614128,94.84539978012656
105.4838931390226,43.38886948766479,56.83764292905415,95.8610512649712
106.96705245081957,43.06979176422317,56.25631595312021,96.49920671185444
107.32892051516927,43.973071875052206,55.53257982442079,97.07728417836547
108.78022373405528,44.636436765272855,55.01091117915274,98.13149219042818
108.98303542925946,45.35601675616867,54.60528778874439,99.08000331215172
109.12992173575302,43.79945486641618,54.31151517575728,99.7983558525289
110.40724118061186,44.4848664712932,54.157229101761565,100.82788545849687
111.53216614237975,45.9109679352069,54.32026583038581,100.38856918282949
111.4758677121637,47.05111149434157,54.43286269081791,100.51748649288962
111.5101111192,45.696763375616115,54.3643758767453,100.81315144917295
111.50240681803737,45.3669526521565,54.37978447907055,101.47277289609218
111.45429665007418,46.53425789013272,54.476004814996934,101.56436030388446
111.32909034580858,47.56571446142506,54.72641742352815,101.93064251731616
111.09633461348523,49.06199942694392,55.19192888817484,101.37695282626699
110.82749013437638,49.61963200620701,55.72961784639257,100.2616876677408
110.69109818165406,50.86754772769757,56.0024017518372,100.19725799587826
111.41836472637041,52.966059703130504,56.98296642811626,98.43533181072415
112.28589884975354,55.2396912884826,57.67356910231761,96.31373956098757
111.99219466849988,57.27524341225339,58.26097746482491,94.64846995220094
111.98220469104727,58.75103092293778,58.28095741973012,94.08781160363806
110.72980310456208,61.59412773343546,58.40287427435357,93.16739061933666
111.86027075291484,61.93332080969705,58.51312412765818,92.48900446681347
111.95898718520061,64.65335131995359,58.315691263086634,91.77472306166666
110.98029946573762,67.31289038285949,57.92416686046792,91.15344461894432
110.16335696361949,69.91115774103312,57.22499877592447,90.6230160801565
110.27891120006683,71.31685924709743,56.99389030302978,90.12502937260999
110.275921282338,73.01614974450581,56.99987013848745,89.02854765683963
108.27515559131827,74.3768224226612,56.42982205183918,88.5929920348727
108.77142356360989,74.62787892075221,55.43728610725596,88.09087903869072
108.9731479075173,74.93320874879558,55.0338374194411,87.48021938260396
109.11488957308313,75.18459634718123,54.750354088309464,86.97744418583267
109.2335544444239,75.38685868133109,54.51302434562791,86.57291951753295
109.28472447097926,74.67443151775149,54.410684292517196,85.79033545122928
109.47814002063413,73.90755932800262,54.02385319320745,85.13005883163555
109.57164455752377,74.51202886165967,53.836844119428186,83.92111976432145
109.68443328928817,75.42796412849279,53.6112666558994,82.0892492306552
109.84797047532923,72.98367397322669,53.28419228381725,80.60217271226094
109.7688987345407,71.64601945258173,53.442335765394326,79.08259033818938
109.86001575823465,72.3091648070361,53.260101718006396,77.75629962928065
108.74636117094482,69.8560468065348,53.43319613991286,76.49989137226369
107.77334151005999,71.549190824097,53.34112201774245,75.15171678107937
106.9128167510109,70.97692696032789,53.045963166185224,74.28003613896219
106.08758886246221,70.2220682758936,52.6982681064416,73.79160267098977
105.15169670943202,69.80273537301528,52.585022242735164,72.64523830697959
103.49218823880736,69.14958089886834,51.972450461308725,71.9857528939356
100.7803612717544,66.94494266697512,51.55892433240753,70.55784929471494
99.91311376276977,67.56061369972363,51.37614798928878,69.32650722921791
98.0890466250188,67.35326938331622,51.233148231818404,67.8456288455466
95.42842153381969,67.83991522741877,50.94233259955193,66.87233715734149
95.44634482821189,66.48506467051573,50.90648601076754,65.87982977889199
93.67253760831674,65.89554822425858,50.783357160413914,65.22349102633433
91.08234224860666,65.9318368098331,50.49373459318143,65.15091385518528
91.01684785112178,65.34805270038521,50.6247233881512,64.50096707388558
90.11199088540276,64.67612410528568,50.624729679289935,64.0351166237853
87.47861070531341,64.6418268023454,50.48375987173274,64.10371122966588
87.40647870992372,64.59774661956658,50.62802386251213,64.19187159522352
86.41973998627198,64.60642557146627,50.79647090456882,64.17451369142411
84.50180208769287,63.85820321187046,51.01734715070637,63.86345863510542
82.70957000376332,64.05281552242852,50.98917803465398,63.47423401398929
81.75555946217693,63.322558246332854,51.09730841068428,63.13485785903815
80.80136594061204,63.37368187468287,51.20926246859216,63.03261060233811
78.97146995988382,63.51768034289303,51.275705931028725,62.7446136659178
76.23941217265207,63.67322916996261,51.359851768587205,62.43351601177864
76.062912488599,63.78562790434435,51.71285113669335,62.20871854301515
75.04020900614353,63.832808771179685,51.966122207042794,62.114356809344486
74.11023988536627,63.8848164526615,52.0312954275246,62.01034144638086
73.10226429577511,63.95555927105,52.253035041856556,61.86885580960386
71.14890526378105,64.05034256464376,52.56855410788877,61.679289222416344
70.11997656891415,64.09740533664683,52.82866362593926,61.58516367841021
68.23017527019181,64.1299276004041,53.007320528109474,61.52011915089567
66.34967102107493,64.1442500330663,53.16365759171734,61.49147428557124
65.4325455769499,64.24674284115684,53.193506952387466,61.28648866939017
63.46261325045835,64.24645702258412,53.52995559885208,61.2870603065356
62.301242651228364,65.00345120636356,54.04558675179419,61.58018198449457
61.22513399760717,65.0835132559387,54.377892567079186,61.42005788534429
59.26318262312828,65.08983543927697,54.656302242846195,61.40741351866777
58.245061551027064,65.17478287345499,54.865542518544686,61.23751865031173
56.31141707974919,65.06173551102455,55.07741919234627,61.46361337517259
55.39714130692063,65.74894784304848,55.071367892849565,61.923791556278545
54.38304715771493,64.8762070201842,55.2579029588874,61.82761996963356
53.47678971012418,64.75992048057194,55.227277142788694,62.06019304885807
53.453464866748945,64.75241040859575,55.27392682953916,62.07521319281045
52.61865779399728,64.64206282468501,55.096299143416516,62.295908360631934
52.608592107721755,64.57697332688151,55.116430515967565,62.426087356238924
52.53049719615057,64.4905805189874,55.272620339109935,62.598872972027166
52.44001624897539,63.589646441405606,55.453582233460295,62.54539373276762
53.42017466590065,62.56490586648596,55.35067777993133,62.737462502285354
54.337723034363904,61.46901174213154,55.37432699295641,63.070504801042595
55.302177208356326,60.336754375422245,55.30970692954142,63.470731249891344
56.318484917802905,58.417330533809135,55.14654549096961,63.57067097247486
58.30969742041111,58.438625620619646,54.90089123749985,63.52808079885383
59.399992749658665,57.51686203025302,54.58408621533002,63.50782234326181
60.482114357526655,57.58227724167391,54.27823019716692,63.376991920420046
61.36795526186188,54.60354678849237,54.3580008867342,63.78009533206993
61.404565143070826,54.59497346172677,54.28478112431632,63.79724198560115
62.2950056547878,52.54564309887701,54.361950432076306,64.17980204891282
63.32190423205407,51.42016784455578,54.173351186892006,64.56555464820704
64.24506065063841,49.520548796342496,54.195151085761815,64.62856727255661
65.25235948343472,48.55852802111565,54.04998883383465,64.68317340934485
67.14273316015556,46.74361250037738,54.00511770893047,64.57712822228387
68.20184512287538,45.03896344684525,53.75247442929916,64.25526503773149
70.21605972914861,45.12832605505051,53.43714244148133,64.07653982132098
72.10413624985684,40.72762924276357,53.35841341363184,63.63437341197749
73.17372304781516,40.708631887105454,53.05986831957339,63.67236812329373
76.92536985615064,40.76733633437225,52.902185540957035,63.554959228760126
77.94521726950991,39.95055449750149,52.694542286454634,63.35647133028549
80.8080501234038,39.08759178322072,52.44581388535839,63.256750989949865
81.71458323938336,38.916339957337925,52.452845728715815,63.59925464171544
84.47848156529878,38.88861435979965,52.401499531971965,63.654705836792004
85.29417877167555,38.830379907951055,52.595612701252364,63.77117474048919
86.9499049821014,38.72841898245302,52.94502802989821,63.975096591485254
88.55639995729885,38.62282908604484,53.41046271519591,64.18627638430162
89.26638057006946,39.57256325053179,53.84047386633399,64.136780432007
91.88446047250946,39.80717363440519,54.17273341107088,63.66755966426021
92.53784614922742,40.97460865561535,54.720208122251776,63.18693568645669
93.36233488119892,42.162706749582156,54.92683887079145,62.66634771100576
96.15670356061418,44.15786294514871,54.89067614646923,62.37775174287819
96.27548588666778,46.122827122294524,54.65311149436201,62.139434744017414
97.23005406474935,47.0029040435647,54.58228296961045,62.217588732888665
98.2194661308471,48.69773834259653,54.441844100970265,62.504690661935584
99.20721137300373,52.08029821788195,54.30693673108021,63.101903369057666
99.33018728798221,52.57642311301009,54.06098490112325,63.95731434324982
100.30220610336033,54.024500569007486,53.97386888494255,64.7750026604061
100.49461267757965,57.29532294391928,53.5890557365039,65.70586197890624
101.61515165018659,58.8910279160489,53.22421369871756,66.26692384950215
101.82885854711714,60.8248440172545,52.79679990485647,66.15718298306628
101.97197406435546,64.56482073729117,52.5105688703798,66.15856890715314
102.13226409173902,65.46211705348848,52.18998881561272,66.2296891916761
103.21289912067536,67.16077790222997,51.890316057930235,66.55556209457359
103.3121012319636,70.0283294949477,51.691911835353764,66.4055938748979
103.43809630498421,71.97224396352985,51.43992168931253,66.230147208836
103.56554685899815,72.92434286324685,51.18502058128466,66.17535825582402
103.728401870937,76.6242800480778,50.85931055740697,66.15317185254055
103.98200599088791,78.34513180149217,50.35210231750514,66.3890225569082
104.14899705750834,81.03284265728234,50.01812018426428,66.51590424946109
105.2982763513802,85.56667692211195,49.55013967202268,66.6011260973123
105.48381029704844,86.95144018565455,49.1790717806862,65.65581938068588
105.95950422864613,90.57355717325825,48.22768391749082,65.62664022225773
106.45427572085948,92.06715010634889,47.2381409330641,66.21493401112457
106.67458621052256,95.26316490366345,46.79751995373793,66.94451753143878
106.60065445085075,96.82774263841803,46.94538347308156,67.38371111631776
106.54000472092463,98.59928488337567,47.066682932933816,67.42712946369966
106.4829733246545,100.95730994956948,47.1807457254741,68.09881130502393
106.34705279816835,102.14089384207706,47.452586778446374,69.34752116895854
106.4943698732838,102.85514115731876,47.15795262821547,71.58157560458162
107.42527015071606,103.75452425935498,47.15615041502188,73.50280608385093
107.12553810423313,105.76306524394056,47.755614507987715,75.1520712275638
106.85394538098637,108.89824017461018,48.298799954481225,76.57570293348272
106.3404854630285,108.58273800077491,49.32571979039698,77.20670728115326
106.79369659829058,110.16708375377303,50.399803779148115,77.99902829370762
106.4147441387893,107.75880908747146,51.15770869815067,78.79494378772495
106.98488668059613,101.4697089713174,52.052319000182266,79.16377170616153
107.62709243494771,99.30861277136974,52.82324610717522,79.37528687466462
107.46401143073169,101.10460853788192,53.1494081156073,79.92597951180613
107.39259974161116,101.77458987044287,53.292231493848334,80.67105934485328
107.2433738688714,100.43084470150364,53.59068323932785,81.25993535619041
108.15347859193939,100.08136004328202,53.8829002307585,81.95890467263366
107.01245266124306,101.68647739044519,54.037164554045546,83.00424505451855
118.77432459212488,88.03597484572303,58.41201378321927,80.2606114306457
138.2019156680775,87.21997554631888,63.09751208224523,77.53854198436088
135.41173141288198,88.75519954815505,66.46606052233716,76.67991405098773
130.54056677836925,88.93896826626799,69.44989306860316,76.31237661476183
134.78212216160387,89.14203596779555,72.44094595533043,75.9062412117067
128.9074022250967,88.64985347226975,74.8463185252086,76.8906062027583
123.15351762901972,89.12777536849983,76.7960731056741,78.32426606322028
122.17725862889544,88.58990966493565,78.74859110592266,79.39999747034864
117.08901805100794,89.36326455463204,81.45350124498832,80.34381136319232
117.13756647324622,88.91434707958493,83.9043785934534,81.24164631328654
114.65571881904273,89.60093255926724,86.2674336144848,82.46911564129752
113.23693999055729,89.34809857889095,89.10499127145569,82.97478360205008
112.03378925553632,87.58700234239372,91.51129274149761,83.78748828409957
111.11768077657017,87.02272417043511,93.34350969942992,84.91604462801678
111.63538373843572,86.13564007485667,95.11455645083933,86.69021281917367
110.99645692140045,85.2983837475394,96.39241008490987,88.36472547380819
110.5702342255594,86.01734730121076,97.24485547659197,89.83567285656196
110.14073682673832,83.68361209936548,98.10385027423413,91.5575708924803
110.25528192658075,82.74038444615317,97.87476007454927,93.44402619890491
110.11132595648596,83.73728461786783,98.16267201473886,94.46291813066533
110.03912062925428,81.68066805001337,98.3070826692022,95.54281729302039
109.98854490229539,82.8123797736378,98.40823412312001,96.33207058053566
109.8413480881387,84.03985347468773,98.70262775143337,96.94385605854679
109.70439999234176,80.62748032042118,98.97652394302725,97.60657063537397
107.89647971586677,86.46454889813255,99.49658652425965,98.3155453668214
101.21661372826696,90.9474856084155,100.39576728935002,98.69508535383741
95.66678185189649,90.60556702670033,102.08964978158772,99.37892251726777
98.50559219695843,88.92068306400262,102.75735234177264,99.57602881750877
93.73628181255899,89.27371375938051,105.92346512636236,98.86996742675296
91.35425436330297,88.55160127784139,110.68752002487439,97.08957722100465
89.24989014999751,89.12772708022435,114.89624845148532,95.93732561623872
87.57767925289579,87.85360138347866,118.24067024568875,95.16872095724788
86.14618147280808,86.48156181596804,121.10366580586417,94.55693598146001
85.0647588626048,86.58734232374351,123.26651102627073,94.34537496590907
84.51949113743044,86.70066308426692,124.35704647661947,94.11873344486224
84.33234279268638,86.98848427052752,124.73134316610759,93.54309107234103
86.0945733672159,87.30910857861015,124.63549111925136,92.90184245617579
86.230817745321,89.2605435871069,124.36300236304115,92.41563246361359
86.52221464370344,89.16626608297312,123.78020856627629,92.60418747188112
86.94417702471588,88.87492096522101,122.93628380425139,93.18687770738535
89.1645116500171,88.68549251879013,121.89105829011785,93.56573460024711
89.50815560031295,88.17778541172274,121.20377038952617,94.58114881438189
89.92951328200502,87.69452558854238,120.36105502614204,95.54766846074263
90.38670636130527,87.2240904353956,119.4466688675415,96.48853876703618
90.9325032238261,86.68507616675024,118.35507514249986,97.5665673043269
91.52645446468173,86.2095145387426,117.16717266078858,98.51769056034217
93.89497801164156,85.96001756743294,115.82356178532521,99.01668450296148
96.30928599358421,85.85943711699123,114.37566761453752,99.2178454038449
96.90091141106402,85.93635349719395,113.1924167795779,99.06401264343947
97.46383803087696,86.08739696994826,112.06656353995204,98.76192569793085
99.82986442873141,86.19715988282655,110.65299124884103,98.54239987217424
100.59480272930804,86.45286795114652,109.12311464768779,98.03098373553433
101.37732926057342,86.56283372899367,107.55806158515702,97.81105217984002
103.79401706372263,86.58701036773505,105.95793448836785,97.76269890235729
104.15655105214425,86.63159376087597,105.23286651152463,97.6735321160754
104.33063982344723,86.60876419298495,104.88468896891868,97.71919125185747
106.00136035822044,86.5547734335919,104.73336128435523,97.82717277064356
107.61022678305147,86.68097479611828,104.70509456202068,97.57477004559082
107.45810945455041,85.13154920799636,105.00932921902282,97.48860635011293
107.32249807620225,84.89279779948413,105.28055197571913,97.96610916713739
107.14219068896264,84.66363927470465,105.64116675019837,98.42442621669636
107.06597883676848,84.42445342761062,105.79359045458668,98.90279791088444
107.00323988086915,84.13686145404984,105.91906836638535,99.47798185800599
107.04824775263181,83.9594264261388,105.82905262286002,99.83285191382804
108.93737092346188,83.76766681389165,105.28923227341313,100.21637113832234
109.3220334687171,83.52794138936535,104.5199071829027,100.69582198737496
109.62263101167068,83.39239025145703,103.91871209699555,100.9669242631916
109.86458692563356,83.26033954306021,103.43480026906977,101.23102567998524
108.53638065322049,83.16398447902048,102.86817565268055,101.42373580806468
108.69444251125597,83.2347551538862,102.55205193660957,101.28219445833328
109.05184843220073,83.328830927072,101.83724009472009,101.09404291196167
109.51280830720641,83.45995802883729,100.9153203447087,100.83178870843108
110.32963844459823,83.491658032742,99.28166006992505,100.76838870062167
112.03911747687489,85.54950523453074,99.0130747240353,99.80306701570774
113.30661602731527,86.186718264707,99.60903430601866,98.52864095535523
108.44680591294639,86.79540507830907,99.96785427309108,97.31126732815106
109.09043380949498,88.87666498234815,98.68059847999389,96.25543491859773
110.18675209969268,89.14770996164009,96.48796189959847,95.71334496001386
109.68198046693308,89.42681440507496,94.47071907656772,95.15513607314409
108.6014092116703,91.27058920165776,93.64563251046337,94.45381555660842
107.47729713564667,91.43043064372124,92.93166746543397,94.13413267248146
107.46613489935487,91.52615858679769,92.95399193801757,93.94267678632855
109.15054597117864,91.53701788640096,92.52841412436014,93.92095818712201
110.74445722026705,91.43137978792619,92.27678174013963,94.13223438407155
112.15144900840363,91.39313815757481,92.3983368652992,94.20871764477431
111.96484572647839,91.45270624562549,92.77154342914969,94.08958146867295
111.84469884845959,91.44491971048942,93.01183718518729,94.10515453894509
112.17000942104912,91.2449250918132,92.36121604000822,94.50514377629754
112.37359424087445,91.21584721999429,91.95404640035756,94.56329951993537
114.08514349593193,91.14932882150374,91.46815707372117,94.69633631691644
115.5516939649221,91.30493608093585,91.46667024585422,94.38512179805225
118.7635284166642,91.34045545393826,90.89642066076614,94.31408305204741
109.35729945843974,91.47405988990882,92.20941838743103,94.0468741801063
112.09505968579258,91.40242236884905,92.60016649004436,94.19014922222586
113.65127800441942,91.0910934618941,92.42928298567114,94.81280703613572
115.02145590914049,89.29815107489338,92.63756177951348,95.4500572068527
116.24415179771536,87.44751990184261,93.15409696248415,96.18939259283383
117.43324627709488,85.72788823282332,93.75759945639541,96.64696447820211
115.522513431839,85.60382740302406,94.58065438883766,96.89508613780063
115.28927770483043,85.43074832413947,95.04712584285481,97.2412442955698
115.04084844330968,85.26147260571766,95.5439843658963,97.57979573241343
111.5263245763241,88.69784576763959,96.49047784725673,96.78960366118031
110.09073606825636,88.64701115015022,96.31787496352663,96.89127289615905
108.53749194920277,88.99989408267358,96.381702805629,96.18550703111234
108.8093788541263,90.82368754507486,95.83792899578198,95.57047419843812
107.67043508841164,90.85752122844353,95.10151170075585,95.50280683170078
107.61078421349765,91.10904607063146,95.22081345058382,94.99975714732491
106.13731553780543,91.35506906108141,95.17215177068366,94.50771116642503
105.79772236512454,91.57849790204956,95.85133811604545,94.06085348448872
105.50405670584965,91.76241657397206,96.43866943459523,93.69301614064372
106.8746038496408,91.85579975037578,96.69169686878479,93.5062497878363
105.34227067674433,91.89726120668485,96.76122498179988,93.42332687521817
105.11502175003915,92.06164034253626,97.21572283521029,93.09456860351531
104.98850628557724,91.83408161957232,97.46875376413409,93.5496860494432
134.0788778745894,66.26077507019852,90.42411466301812,99.5762073156246
138.7084560060492,62.29408064881171,84.15622152276227,104.5183330357345
138.05203748583375,61.76211246874282,79.53521085757285,108.54919324868244
119.45057208738947,57.9566314260472,81.30051535229306,110.25388428371228
121.36086315029691,58.623022323240406,80.48791086524201,111.92908012808968
123.07643701464863,59.38340713342205,80.07682179965563,113.42836917084351
119.27712902427531,62.09968471282002,81.60345936951151,114.06779242293834
116.9411568781522,62.521671656070225,83.2045877708758,113.22381853643793
116.45958442688217,62.815947482600066,84.16773267341586,112.63526688337825
115.96562716676067,61.83202827894752,85.15564719365887,111.51196203996619
115.72971789835314,62.50142721688644,85.62746573047392,110.17316416408835
115.32386136792414,63.241140467700774,86.43917879133194,108.69373766245968
115.19118207659119,62.38137352342913,86.70453737399784,107.34531255008656
115.02575588247319,62.97474906713538,87.03538976223383,106.15856146267407
113.01262119131538,63.063414165633574,88.02296316994213,105.98123126567768
111.88581820225352,64.17758226516558,87.22465904524812,106.80480516943138
110.62653840856392,64.50203372658075,86.69152855761357,106.15590224660103
110.0198132060551,66.1338053738065,84.87188127315565,105.92545664162506
109.71978957049726,66.63002478290775,82.47182269554168,104.93301782342253
110.41369911030539,68.56662482622244,81.08400361592541,104.005770968516
110.10823512279026,70.3518890178896,78.78572527623162,103.34444889990567
109.45320368038313,69.4519965340923,77.23412264115156,102.2825683476059
109.68688431386329,67.71256298085322,76.76676137419122,100.12114337638265
111.10718836888982,64.80367111602868,76.70571312464384,97.60024752451474
113.75221065051402,65.75472449301992,76.89575024037273,95.69814077053226
115.81261479551176,66.6612258552851,75.48892083374147,93.88513804600191
118.34337737546583,67.29608746905333,73.0907675796565,92.61541481846542
119.11037487952528,67.43607708819113,71.5567725715376,92.33543558018987
119.68249447710447,67.63344549459697,70.41253337637923,91.94069876737817
124.67302559865254,65.88634874666289,68.08482582784576,92.88377403172544
121.09001567459407,65.11245717155953,67.66862577912467,91.90415054965284
128.36819278208014,63.77985519385319,65.64077605443987,92.06365360700805
121.2634696560892,62.90768880156213,65.00139663849386,91.33318211360219
125.73144970262851,60.95238766623478,63.42508388494747,90.33735282456878
122.58213494535491,61.763534081579664,62.487216622203945,88.71505999387901
131.70421394265844,61.68229615679878,60.848217372374194,86.50537030847259
130.20921271687445,64.18836933505838,59.21478364279734,83.8049420425258
129.87929162425155,66.42630118867244,57.63068479377753,81.57301936956333
129.50664813832617,68.77453410477945,56.19190871317538,79.06061658980218
129.26075502271908,71.88696896528995,54.5613591335367,77.08041849048685
126.64507528342985,74.17249636603053,53.59621289444207,74.57486559489675
125.74948482868066,76.44762087976648,53.375722274262486,72.0362880971028
123.74065745226576,78.41943332579501,53.4543390413791,70.0621821979023
120.06645670828556,79.30734817886989,54.980516657174846,68.28635249175255
114.14923264698619,81.13847044944421,57.12305897717434,66.56248911112374
110.08678605850302,82.21374737678316,57.462411019408954,66.35832054012877
109.4410603111238,83.9408525719947,56.805188264392655,66.80145864925517
109.14442272001116,86.0990305387198,57.398463446617946,66.3750414164316
109.47423632395919,87.41101984961237,58.686743335881765,65.69896989180634
111.94556703340018,88.88585611738772,59.61823731471037,64.70734915549252
118.17773490389,90.90449573156597,60.85621353189904,62.6275430640172
121.65172981242567,91.14085101966631,63.63110406289158,60.21025641820374
107.3417995080639,98.90469318176605,62.99989028532565,62.23321672577801
106.93870341607862,102.55877531113507,61.8339167950366,66.75804651259739
107.5522008562437,103.59034841096653,60.60692191470646,70.76899754383514
107.76009925103438,102.03335460981883,60.19112512512509,73.88298514613055
107.57899021560314,100.64590203660516,60.55334319598758,76.65789029255788
106.93222408445888,99.436861613222,61.846875458276074,79.0759711393242
107.28354507001066,98.505479867661,63.35934055039762,80.93873463044623
106.45612556539913,97.6640748336277,65.01417955962069,82.62154469851282
106.86054382918144,98.16650733280377,66.52617773764298,83.93751440574754
106.93485423707595,95.40724483837722,68.74309441291601,84.72496441247645
107.72189614876869,96.26369379216347,69.58255196677166,85.4256078821451
110.5768578337526,93.25315105659868,71.18627978752193,86.57092589279597
116.76462949075626,92.0317284301853,73.6991981975377,86.53236085828559
115.47275391197925,89.43331237762519,76.2829493550917,86.68657786631456
113.00598993056475,94.21816501953157,78.65133577663212,87.37743874765623
112.05891862016306,91.41474372678235,80.54547839743552,87.75683451255877
110.62772369551311,90.02787605993171,83.40786824673542,87.88074803866095
107.84019708723403,89.71235685272494,86.28569287182,88.5117864530745
106.62155920330828,90.87152495645034,88.7229686396715,88.94611064799136
105.3361666215774,90.59524114852309,91.29375380313324,89.49867826384586
102.87203428322675,91.7849983263758,93.37492865061155,89.96625373736347
101.53559515906889,91.62886065972361,96.04780689892726,90.27852907066784
99.7325382734704,91.39704815503698,96.71999932921075,90.7421540800411
101.50891976654208,91.69729180046023,99.07080560277963,90.1416667891946
99.80798948432812,93.47679135956412,99.49377178755259,89.56156205064177
98.8546464190168,93.76271117066148,101.40045791817523,88.98972242844708
96.71219187977357,93.69361480064401,102.68868939009826,89.12791516848199
96.90508866777965,93.27336693795893,102.3028958140861,89.96841089385217
95.51763337187379,91.36557452039409,102.05146984128334,90.75765916436735
95.87934402408928,89.16714869300371,101.32804853685234,92.11944909822259
96.59969009952064,88.42981644165002,99.88735638598962,93.59411360092999
96.88606788103314,86.37764406550119,99.31460082296461,94.65190904171976
97.02767942632715,83.97387778757829,99.0313777323766,96.40507153834581
96.91845867813174,81.79278341635515,99.24981922876741,97.68959039684388
95.77964758335636,80.57147640308702,98.42605772495051,100.13220442338012
95.13231937632222,77.8484449642992,96.59384123202237,102.45139439395933
94.91514526453943,75.03433717307324,93.89395816005299,104.9453786808763
96.22384376020824,70.82878340179485,91.27656116871536,107.09624865642367
97.43883997991892,69.9003721546794,88.84656872929402,108.95307115065458
97.03250003373103,67.56812802732618,86.54831957786494,110.50663036155615
98.96474325986998,64.09745545382043,85.78132132823356,111.25299910327462
96.9312780092967,62.021734799917084,83.65542404529928,112.30802651904091
97.48325700540657,60.049814692885356,82.55146605307957,113.17408606420413
96.6341491818319,59.44145187116082,81.17683535553861,114.3908117076532
96.47699909928791,56.19969905136089,81.49113552062661,114.7369546762174
96.56713830780917,54.28538982975306,81.31085710358408,115.48647483551278
95.36894017997001,54.03450213559235,80.61978775893235,115.9882502238342
92.6071874662963,53.576063849990504,79.97601431085293,116.90512679503789
94.10758907571233,46.74277537554994,80.06203592357322,118.22440441770956
92.32321784646082,50.01906607316303,80.52264909148838,117.88808160365909
91.8834894644798,49.963446231210966,81.40210585545044,117.99932128756322
90.36019798760017,51.1413854151792,81.32175902094188,118.77037270789452
90.5582488286087,44.19327671540839,80.92565733892485,120.11766980987787
87.84268550421643,48.71133925732829,80.0548620561337,120.53442762340154
78.74399593983156,53.04988167689923,76.25288767519874,121.28563714556168
80.1649351937963,52.39701765542816,73.41100916726927,122.59136518850383
78.5261614528691,52.07951659361456,70.56402965620572,123.22636731213103
79.74987299484737,52.29329560855892,68.1166065722492,122.7988092822423
80.46090621014652,51.30402905731907,66.69454014165089,121.80179110229835
82.20496827369533,49.13655452261326,66.14297694042884,120.26361831995884
79.72413573046329,51.278692121742836,65.29576054897143,118.88378386066043
79.72225911493629,50.868933699321786,65.2995137800254,116.83369193811737
79.52878868318084,51.79984588814062,65.68645464353634,114.97186756047971
79.4424015878302,52.81582038503205,65.85922883423761,112.93991856669685
76.62664583462353,53.58051098773542,65.90829197956954,111.4105373612901
76.4642488930636,55.867355342977774,66.23308586268944,109.6061906385309
74.96260027664016,56.789758169044276,66.4884014789505,107.7613849863979
73.32871232519702,58.791517819392624,67.03139823021924,106.48264483731876
73.07300937300427,59.89164894551107,67.54280413460472,104.28238258508186
70.49335755968907,62.30874477456965,67.32130745124229,102.13859108196112
69.34468947477876,64.70537748360823,66.96410298271753,99.99986630222931
69.49836949303545,66.85345563622073,66.65674294620416,98.32016505961086
69.64873738360836,69.04651510103919,66.35600716505833,96.52011731545434
69.8911274440215,71.1762308402339,65.87122704423206,94.81464386401983
70.28423107387934,73.11707280254961,65.08501978451639,93.45316258136437
70.41499120162007,76.21252839637614,64.82349952903492,92.23555527693154
70.40008080690384,78.01363392319571,64.8533203184674,91.09727921291244
70.44195740841731,79.83551747324866,64.76956711544045,89.90071785788166
70.50786463338966,81.55485226187152,64.63775266549577,88.88974937901199
70.82518417361463,80.45831310237163,64.00311358504581,88.67262483890852
72.58783083623119,78.91616964821193,62.87430304572553,89.36042896131508
74.15612755786347,73.62225618063444,62.12601864159355,90.39501973993967
76.55450514900537,68.94805950454614,62.112403195478095,90.17713361977962
77.76227426609829,67.28502218050974,62.084922739410196,91.11515048973448
79.1568228111692,67.65292651474108,61.69757206919074,92.7810882411942
81.91844058700391,61.620916233893254,61.01511953592579,92.74315125687875
88.27198585531688,54.67136021118223,60.350367261915096,92.19145738716247
89.87085088773836,56.33651267771533,59.541751353983315,91.25026661100742
91.1282648400717,50.72582726498297,59.38843910718746,88.30254348924714
92.32757510076632,52.64470318323008,59.30449101856573,84.46479165275292
94.83875918756799,51.946819264978544,58.79292059932417,81.34976173489423
96.18639609369242,52.03810590948858,58.29745957488278,78.96737565806666
97.54246277597537,49.66639290149835,57.740841358413846,77.24425622975635
98.81546878947098,50.290952009075085,57.315024469175995,75.99513801460287
99.0053329027323,50.79572053696021,56.93529624265335,74.98560095883262
99.05308566447306,49.22951755041331,56.83979071917183,73.97275292865076
99.03591566105266,48.755494678615705,56.87413072601265,72.86518060911973
99.0246017965098,48.0798784260201,56.89675845509837,72.17715792728652
98.95414504881995,47.39848089791915,57.03767195047805,71.51085696862008
98.93108780315,46.692351989672275,57.08378644181795,70.90193877538505
98.98416367768152,46.87896348083716,56.97763469275493,70.52871579305528
98.08565348510416,44.066745266846965,56.76951805407913,70.1377411495441
98.1169088667108,43.305905668817154,56.707007290865846,69.66365478100805
98.18511080220952,42.881470241264324,56.57060341986842,68.5250532117843
98.32560761909039,42.38079374920699,56.28960978610666,67.55864595271859
97.44052638896552,39.74722851193633,56.111425518826,66.98073624466866
96.67237716847194,40.13789181803132,55.71115498010819,66.19940963247868
94.92788146699155,40.45077085584943,55.36399768343828,65.57365155684246
94.14746022856635,40.69130785328521,55.02200767515518,65.0925775619709
93.20310456651171,39.868077249280056,55.02081352608401,64.84913329680079
92.2700573931602,39.99232793906371,55.000779138956574,64.60063191723347
90.43620500729553,40.26395860388933,54.90454516226106,64.05737058758224
88.5725949842483,40.5520338050321,54.887706724472096,63.48122018529669
86.74338001705691,39.78465117914108,54.820438526275126,63.15313637078887
85.87960997708296,40.10294761692542,54.69128596594662,62.51654349522019
85.16649316202042,39.2279149609475,54.27275572802565,62.42184493912998
82.52041063402736,37.52694928423162,54.05515173143439,62.150596924176824
81.7794315162715,35.70525442243417,53.70820868573013,62.136184085339735
80.99014193573441,34.683005340751286,53.463674101795476,62.3575685036967
80.20854269892833,30.861559355022194,53.20426090562,62.71001379600429
79.45826102671879,30.02932646697737,52.88093776620606,62.550593088260946
78.66641597192091,27.372625421286187,52.64840372635055,62.41532273128948
77.79142928280316,26.514830135900453,52.58798262505439,62.32051882252928
76.98398058905272,25.720878614393293,52.39492073312333,62.10046258611162
74.22549744593582,25.146412018537447,52.50751707287945,61.44793912899742
74.2641640446101,25.49523729156762,52.4301838755309,60.750288582937074
73.53264811995862,24.809192722278596,52.11205047532364,60.341212472004926
72.66693338494174,25.15621929803964,52.073748244382244,59.647159320482835
72.803056580972,25.281036092264074,51.80150185232174,59.39752573203397
71.92925958339667,25.399000499976324,51.798951785236596,59.16159691660947
72.11985853200375,25.24416626533373,51.41775388802246,59.471265385894654
72.37083711514883,24.9155045396691,50.91579672173228,60.128588837223916
72.36570520404484,25.313355440626438,50.92606054394025,61.080112264669864
73.21516014315549,27.557262226968746,50.98921440904304,61.87848992195755
73.98124266973306,30.66058449073585,51.23242424724845,62.773344959865554
73.76425611976873,33.38699320177426,51.666397347177124,62.69972304096595
75.44509376087335,35.39362648447684,51.902611502665536,62.28434591325845
76.21649877701155,38.30292297410632,52.156162251783485,61.85483527818255
77.13644133277336,42.080165171118225,52.11010107975679,61.47564664214641
78.13689248181313,43.011276957116564,51.89642994526439,61.400654233736894
79.00845464692216,43.933737963597714,51.93594151184702,61.33836811757526
79.83145845167859,45.78781616576712,52.072244305015346,61.1948325185988
80.58173246477233,47.61057710915277,52.35398285078362,61.113883775739026
83.19055689626819,48.60340125268412,52.493025341339646,60.91379927319224
84.02516291013063,48.683302321848345,52.60851629646511,60.75399713486379
85.70792896937598,48.723323662903525,52.81115204435828,60.67395445275343
86.48206307981759,48.662601451809806,53.048978144503906,60.795398874940865
89.0984237669161,48.48113407792472,53.191617596090424,61.15833362271104
90.81427928288672,47.47208151395755,53.35929397872937,61.3767450433553
93.66486743826593,45.523405347878395,53.075408432634184,61.66257019907144
95.63044897941224,44.5668044241832,52.7555088459768,61.770140298644215
98.5133186013768,43.628186315720285,52.39623821348118,61.84522031175888
100.45423043666484,40.95218704802885,52.10949250579122,61.80460190281255
104.29607201750052,40.25571078317428,51.59500021619997,61.40525671450167
106.36193152554914,39.53951325591436,51.01898972121692,61.05979750846442
109.24667220839773,37.961017366507114,50.53925433877103,60.69029196511137
111.15967688797846,37.39584457328293,50.21288861376973,60.07081573447965
116.4191415249604,36.797280105625696,50.104054111331536,59.53292887453985
116.4491943270966,35.36138630187222,50.04394850705913,58.954777122342776
120.00819847470451,34.7391878335479,49.78626324575927,58.484093300512434
120.9934788302877,34.10058170580471,49.51937150245955,58.05763658813217
123.6341750171351,32.43375767611154,49.31635388442884,58.00570147707573
125.34998488894024,32.52080533477753,49.262185400564974,57.83160615974376
127.16692872079345,32.471358822366426,48.998629826493215,57.93049918456596
129.03132635050824,31.52209504180986,48.63474252289978,58.14657276776102
131.63065509108097,30.58260968948808,48.47586541626628,58.34561668090059
133.3446997293443,30.50418553889196,48.40864013913369,58.50246498209283
135.30329365801163,30.430073076679,47.854977158363134,58.65068990651875
137.3880557860684,30.446054202181656,47.03565112758616,58.61872765551344
139.84755264836792,30.505996079015983,45.43935111057473,58.498843901844786
142.1555371578124,29.59718314867051,44.090559475451315,58.68288107065297
144.9324641680234,29.585411579433238,43.37989253082952,58.70642420912751
148.33808672242347,29.393039598002005,42.9811376898886,59.09116817198998
149.61161316597813,29.053364731030047,43.63893455225643,59.77051790593389
151.38150249479813,28.77603615536876,44.969758053923655,60.325175057256466
152.70229408829235,28.8520558188317,45.63572275093462,60.173135730330586
154.06858806558637,30.736019167388626,46.22782442136194,59.729898658232074
155.5100702237441,31.790234873957374,46.6753305014739,59.28670244330827
157.0014480796146,32.75781213662009,47.024047050106816,59.017284048169756
157.06663838659128,34.70540874541574,46.89366643615341,58.456630719415074
158.0625345661519,35.79725086027361,46.55843372370442,57.92950613637157
160.0291121483017,37.62443956992547,45.9113617319524,57.561211889615464
161.13368736730348,39.43450595104433,45.32911662035437,57.19488978018882
162.38980231010083,40.435256800024895,44.428732396389385,56.805233743857386
164.29498380309403,42.20066744405292,43.80087809682849,56.456921142226875
166.1690713072294,45.46100377139098,43.20413286808193,56.23910804659898
167.0611445769164,46.295642381978105,42.98265457648491,56.13249907320177
168.83680251923553,47.926563786491634,42.54619965383246,55.985517226160525
172.12673243471218,49.452554982289826,42.15861172449825,56.029670785373696
172.34720685480502,50.98022921117396,41.71766288431259,56.05914219051138
172.53574638856577,52.546586168130666,41.340583816791074,55.99771984470148
172.78933500059173,54.820948890760036,40.83340659273915,56.03460206312801
172.93294952805758,57.18891572188542,40.546177537807466,55.861000546532125
175.39706306661643,57.370559312451064,40.15823035987389,55.49771336540084
176.4820095303244,58.15182706379765,39.4898802053433,55.43672063559306
176.05503557893027,58.916923581607605,38.85420382696252,55.396151881142146
176.26319528121664,58.947099104742236,38.43788442238981,55.335800834872884
174.90949786861756,59.5679619308866,38.20378991334577,55.56481984970526
172.76453010373004,58.694511861250525,38.08273562434305,55.84139004938483
171.37531291559608,59.115048741973965,37.91617881449195,56.472811880997455
169.77451686897936,58.82250027019796,38.159287114154765,57.05790882454945
168.06787750532447,57.73592430591187,38.5884032222646,57.73897944352167
166.25319479947024,57.24848770255318,39.198861794011705,58.713852650239055
162.179621324382,56.88688106369851,39.67472453092666,59.4370659279484
156.62432803704138,57.44225166837046,41.46707510090916,59.87936405272094
154.36210785068604,57.883048520864136,42.812698545626105,60.58717881173044
150.18130431283012,57.70100473838791,44.685030702558336,60.951266376682895
146.77403892731905,57.67308866570208,46.52368397223796,61.00709852205455
146.70515438659083,57.75727502426825,46.66145305369441,60.8387258049222
146.32022693168145,57.59688753826729,45.74207631869018,61.15950077692413
142.25424340554753,57.50649747973043,45.478509843777346,61.34028089399786
141.64913933286647,57.643377597934325,45.01117523396225,61.06652065759006
136.94599913897974,57.70750128911615,44.42310883709081,60.93827327522641
136.87461259685088,58.41368423826454,44.56588192134851,61.180037994526515
132.390220595893,58.351008606637194,45.233947375414466,61.3053892577812
128.69907407144996,58.88468706107179,45.924217898556584,61.911037980348006
123.27070620926145,60.342395410100615,46.61982724283176,62.38266340899095
120.5658113786113,61.60891511422853,46.89337196458347,63.27378729376751
114.83373450005286,63.05541845232072,47.97683659600994,63.84101032614661
113.21485994522713,63.74727634373916,49.45811089323198,64.21376935573915
109.11418193978278,64.29875099386047,50.51413147151328,64.89715391364838
107.89873632570168,64.80163226484395,51.13105405959473,65.70536001176217
102.94671609651716,65.32459738910802,51.85328816249167,66.4957910343284
101.56379198952138,64.9972009292074,52.75894093808367,67.15058395412967
100.21010381027071,65.8308190847973,53.58138158003787,67.36828335949701
96.9233587368647,67.86235143278962,54.45000269482642,67.10846468486133
95.5444696830546,69.0623410334065,55.296070844766284,66.62019544130791
94.26594829537854,71.06666220639833,55.93524407781565,66.4472921799298
90.38065413471304,72.12056256904094,56.00380924220998,66.26499724387875
90.33301810722477,73.23484586423899,56.099081297186544,65.96022774181704
89.4528208637069,73.41765778933919,55.938850849063584,65.59460389161661
88.5377578877563,73.3639750650982,55.85657484858176,65.7019693400986
88.5677934250642,73.4282540423216,55.79650377396594,65.57341138565181
88.44022420961662,74.487377411452,56.051642204861096,65.36495092004745
88.5209915412104,76.32004975875789,55.89010754167353,65.52093733175795
88.54700614568438,79.86800063626578,55.838078332725594,66.0669576300898
88.76951154332464,87.22839663687915,55.39306753744506,66.69075805217024
89.84302011028895,91.59885112728483,55.16657117383576,67.5524529229554
90.17205240495926,96.34656123894455,54.50850658449512,69.63775676144908
91.19835001429949,98.20615327461165,54.40733783415477,71.77285209513516
92.19187810222921,101.15579744524666,54.40266110591358,73.80308154433816
92.87241055455972,105.36049114810362,55.054797001412815,75.4596981394256
93.7484320541231,105.60630457430403,55.351810949138454,77.01712823387714
94.67352452311238,105.99867879621343,55.579184107857685,78.30993788675619
95.3395146825075,106.65010795661277,56.34808357529053,79.10795935218061
94.82790414160813,107.5341086464619,57.371304657089276,79.46558270610979
95.54778052749855,106.07707826169568,58.0794295013487,80.23176585960198
107.24011306084228,87.43735791113507,62.919501304216,76.25966805906629
115.81506507668848,84.27912329682911,67.66239215267177,71.6297398476041
115.33822018249757,86.67311480812664,70.8094363730297,69.03511125698512
113.28733378213796,88.5244042739692,72.7089771492173,67.53476434983163
113.46657656028701,89.08949899997707,74.55867863252703,66.4045748978159
112.35050477939706,90.13632523053388,76.79082219430694,66.52988749683881
110.03813283103398,92.09903575220127,79.1599936138687,67.11561140783274
106.37785495262897,91.97423327260334,81.87734983872653,67.36521636702861
105.61848499969284,95.33836914475864,83.39608974459878,67.6794360931029
103.14581072744525,93.54291831331822,83.5895955016057,68.89441636223958
96.36835970748703,91.81565481895538,82.75329593852418,69.9504097504656
98.85519994923064,84.61909217673264,82.58495310123243,69.92752209632461
85.17172011430634,84.83649155738951,76.35607766466883,74.29212835021265
82.14142525101241,78.06226496524565,70.55488224619909,78.35115341845425
85.6534971141821,71.8324920438552,65.87491179958603,81.43400614232985
87.20530165926539,65.96479620995787,62.77130270941943,81.58645676626995
88.19672606650914,64.95289711339373,60.78845389493193,79.07321891116531
88.84107715082507,62.00172065139217,59.499751726300076,76.18423032863139
89.31331162717669,63.31462459231681,58.55528277359686,73.5584224467821
89.66296501150687,62.33099667337551,57.85597600493647,71.37132995865645
91.87894986346976,62.01508134490439,57.48858883884644,69.97086934668084
96.76142863329083,61.67702469084146,57.74777032419075,68.6421548498094
97.47000062194684,62.24352995238983,58.31916946849542,67.50914432671267
102.61389874594552,62.856945372125935,59.91273253981595,66.28231348724046
102.9772014596363,63.24296971612355,61.17281769937248,65.51026479924523
105.53499785978626,63.28066657515367,62.041375338858614,65.434871081185
108.44774085578311,63.144873023720294,62.2378556682673,65.70645818405174
110.83687171212631,64.02425199344839,61.48896589185006,65.96238621273015
114.38442538362342,63.98798148539717,60.41425495818075,66.03492722883257
115.95802325771221,64.0409697305608,59.25789304362874,65.9289507385053
118.9797135019589,64.72913128182915,57.15600544658466,66.52337408169325
121.94878180627836,65.54900494383418,55.110488150248166,66.82993641383442
122.70890954021958,65.46576912353015,53.59023268236573,66.99640805444248
125.16778422834018,65.67228760942847,52.46461537764779,66.58337108264584
126.34895330720998,64.91732667241877,51.97374960667619,66.22182056989722
126.59977293995132,64.22139149113347,51.4721103411935,65.7557274629248
126.24565180148224,64.23263490310768,50.337674078192556,65.7332406389764
125.89311785834741,64.23025376141035,49.21887777155434,65.73800292237102
122.81052902851036,63.35416912408015,48.16139242759573,65.68450644612325
119.54525265356051,63.1297414906579,47.541818918241525,66.13336171296775
116.47362031235178,63.08915928776602,48.332589290033596,66.21452611875151
111.02624833669475,64.0964482360516,50.23539316980849,65.99833623648819
109.21985404521989,64.06679254926976,52.021942198283824,66.05764761005189
106.90265557818954,63.924457442941026,52.94387114953864,66.34231782270935
103.69761926353438,63.79902799811551,53.72727024666946,66.59317671236037
98.67276981774975,63.61580884523442,54.31646879043963,66.95961501812256
98.51707947117092,64.60656522152681,54.62784948359729,66.88536548208612
96.5213387676764,65.62072922478922,54.79701408542729,66.76819587814079
94.48197864935202,66.77006604376602,55.05155283579234,66.38161298332903
90.36247960134185,68.94993401571546,55.64954601935917,65.84237949565694
90.20541603007227,70.03143196758518,55.96367316189832,65.59095815354866
89.13604954418759,71.15796552474706,56.1896615315991,65.25063564129351
88.0116661032122,73.1975171302901,56.5273140841837,64.9937610889397
86.90417331584939,74.12419856576555,56.82974343877221,65.05295443812591
85.81655596973363,75.06545489049144,57.08665801384085,65.088761905837
85.98003912160225,76.93585946716397,56.759691710103624,65.1939334857359
86.14020987010936,80.58867034887076,56.439350213089405,65.56583550054452
86.07857312874859,85.49056213462124,56.562623695810956,65.36203764239369
85.96348102824233,88.59224126926455,56.79280789682346,64.91514800760002
85.19021731458767,91.43893963900389,56.42374193586032,64.96853143293873
84.79991504146912,96.25872894091827,55.29384149443196,64.88147776743722
86.19863141905111,98.97709754432633,54.38742713299341,65.11779574179744
86.81868285653988,102.21127245912483,53.14732425801587,66.16974368940012
87.96364576384455,102.44839768243287,52.733607498794356,65.69549324278404
88.00709034627069,103.26389312982378,52.64671833394209,64.06450234800221
89.07594855659784,100.47296292143808,52.34477376763864,62.3032753473702
89.47329258047748,101.43347608798216,51.55008571987935,62.18602652263334
90.56478513404882,101.86649706562044,51.15626152279163,61.319984567356784
90.73404572165427,102.20272152551662,50.81774034758074,60.64753564756441
91.84355105140318,102.7860435096147,50.3523811160925,59.480891679368256
93.01515048020941,103.29838924397217,49.737345962819944,58.456200210653336
95.05823103357727,103.53571565308158,49.05608827686542,57.9815473924345
97.08653349864443,102.95689285798208,48.367816030707175,57.45502664064546
98.70100361577519,103.12291921219513,48.46880510820013,57.12297393221937
103.02517909357456,104.0321829511798,49.7892492260432,56.965912299823636
105.7636140611443,104.58817773487809,51.03331394839394,57.53415639679962
105.85836670449088,105.04357475581449,50.84380866170076,60.04127737731601
107.33168390159513,103.16609511088214,49.64189369113663,63.79623666718073
109.76450826332308,98.35259668321598,50.12508670179965,66.29144454368776
108.41553822445323,97.04443709627908,50.99412014187074,68.90776371756155
108.31223146449666,90.50067906501391,53.083676542192144,68.81467961723405
108.50350362460564,85.68760856618076,52.70113222197418,68.86252688214141
109.07748995029698,82.4526204399539,51.5531595705915,69.60204071923768
108.38492779890935,82.26569674938801,51.03562823885617,69.97588810036947
108.69674151645285,78.32039078315972,50.41200080376917,70.26710538024845
107.79872906359142,78.50069495272636,50.31400881738557,69.90649704111516
106.59744010510319,74.87814857387964,50.82964634808289,69.60382825369197
104.51757953145011,73.0889469404948,51.20772709801075,69.40059112308334
103.23537774475456,72.38362688433477,51.878196863566046,68.91729742756758
100.04861617542477,71.74141420544285,52.559057798984945,68.30416871760455
98.58957881220562,71.04765148833359,53.57781661472069,67.7923782411205
97.15389857743523,70.21011052623112,54.54111535843121,67.55939843949518
95.8165301327368,69.39529377219216,55.29574374123999,67.26892344098502
93.7078061660309,65.5276353235273,55.65749484409219,67.29284667719553
91.76605364660827,65.56921703621393,55.672885675377245,67.20968325182227
91.54661822900715,64.42181877870894,56.11175651057947,67.57145452102657
91.38056583479376,61.242977525317755,56.443861299006265,68.09210945671643
91.22134789624288,60.94578644539921,56.76229717610803,68.68649161655352
91.12923749057947,59.615617542518585,56.94651798743485,69.37349035218712
91.04457724956353,58.393301314420675,57.11583846946672,69.8312393454403
92.20427419416234,58.25874735167521,56.79310247424719,70.10034727093122
93.40337567794685,58.056732649311684,56.39047256601032,70.50437667565828
94.54561469185197,57.98069285097917,56.10124602751515,70.65645627232331
96.68120659474044,58.1961017561639,55.815845321268625,70.22563846195385
97.825252637033,58.10983905542994,55.509412904404606,70.39816386342177
99.99932166404085,58.10774875323683,55.11993019152182,70.40234446780799
102.14601060148799,57.22604361331352,54.77267761948113,70.19269209622783
103.10311183305316,57.04857464792352,54.822684608406874,70.54763002700783
104.12572871592018,56.87055244686401,54.7479001060087,70.90367442912685
105.13888837546025,56.98234237722458,54.69625244250902,70.6800945684057
107.00324563526281,57.344060048736466,54.90836851899863,69.95665922538194
107.86377085612965,55.70767846982595,55.15012320717588,69.30381212338116
110.48500932027328,55.88510996804835,55.777846272904604,68.94894912693637
110.58400548880596,56.17472488178343,55.57985393583924,68.3697192994662
112.95044830448322,56.301811000502994,54.74569259955639,68.11554706202708
113.61640850489982,56.39046817676424,53.41377219872318,67.93823270950459
117.65687601814572,57.169411499881264,51.05572732928383,68.28797611562135
118.17358740050636,58.05640988429373,50.022304564562546,68.38850332687036
120.94306272431243,58.007364898317846,48.20159589952961,68.48659329882213
122.58862986074837,58.23363862518753,46.741116149167155,68.03404584508276
125.92276648649032,58.487109146426214,45.47191293913712,67.5271048026054
127.09194399087235,58.040238705948056,44.904575848795375,66.64982776513935
127.28120180299278,58.29633997816957,44.526060224554534,66.13762522069632
128.2268327502876,57.72723832784531,44.36920549925559,65.5414213520541
129.18260927385538,57.27491943071026,44.18048135520526,64.72323024323897
130.05575524370323,57.57940821605149,44.14156345550643,64.11425267255652
130.05010210435603,57.84665451947724,44.15286973420078,63.579760065705024
130.9190596765747,56.34046874948558,44.1046213911147,63.21279800298592
131.831573892651,56.74002687557353,43.96292036231865,62.41368175081003
132.78779087590982,57.078151044551966,43.71939690266268,61.73743341285315
133.66154018011483,57.36701567807849,43.62656462832415,61.159704145800106
134.6271018940476,58.47505295684102,43.33983353012413,60.588021917940566
134.7670061843179,58.64577971933189,43.06002494958354,60.24656839295882
135.72299682923295,58.80161143200116,42.76928097066509,59.934904967620284
136.62897206734405,58.91825693278067,42.56906171022338,59.70161396606126
137.62512899470858,59.82088939152419,42.181649981960135,59.501251175040046
137.86864147105814,60.467288432356,41.69462502926105,59.80394089057609
136.09186799939278,64.06159460534961,40.47208327517912,60.575476373609945
132.918402360536,66.9245483623493,38.90197747168656,61.18319852457546
133.29751311421967,70.65088407377957,38.14375596431919,61.56227556745572
133.40409004970905,75.21500225629782,37.930602093340426,61.78989016870226
134.3591969035761,78.06828461188364,37.57951191628688,62.319819580252734
133.71946443294848,81.01387693148456,37.29786664535911,62.673075789782914
134.58574210708593,83.80985541083572,37.12692647203553,63.32757953088576
134.39973336117194,85.47814638025874,37.49894396386348,63.12789940555743
134.1655527831255,86.40306787913123,37.96730511995637,62.849829143042825
133.92334236016958,88.73030125922723,38.4517259658682,62.92197042888398
133.62085376903454,90.5633273751653,39.05670314813829,62.42545014537866
133.8388191121003,94.08621322938173,40.20828830380656,61.729741804145135
134.04475259838102,97.15903844881133,41.39277534734953,60.37315341359905
133.37881798418258,99.29597190809442,42.72464457574641,59.290545026146646
132.85353192268101,101.47521863799173,43.775216698749546,58.134520024202125
131.7965929131134,101.7289078638174,44.28820471796238,57.62714157255077
131.7231788982732,100.90674983196553,44.43503274764276,57.66993192060971
130.0600294039417,99.20367589798295,44.55218843898948,57.86693649125864
130.04680921264526,97.47699088197395,44.578628821582384,58.101329295335695
130.19641480788482,95.47902146548655,44.2794176311033,58.870272760273885
129.63149073369127,90.89772358146482,43.78892914120364,59.931185336883644
129.21133682491362,88.56259084165826,43.00080224248507,61.344581383948935
127.84025696523713,83.86962548954726,42.46921391464572,62.54614197019006
124.9825991685733,79.24066571328467,41.599681367582654,63.57300134722685
124.96825015015182,75.73874547716774,41.62837940442563,63.98803813262001
123.5142740247328,72.2150494132844,41.228519351120084,64.41980565209951
123.47735223344066,69.90603099816309,41.30236293370438,64.07673797503007
123.36374280966439,66.95726037397827,41.529581781256915,63.37509504704312
123.03084933176795,64.11571315637283,42.19536873704978,62.48593850458548
122.11029448352933,63.60932525784587,42.39571421958138,61.85795008769375
121.32876014473771,60.56017343752804,42.32416060239387,61.41776454924654
120.43677779888542,59.30233907576704,42.48132653478674,60.67983575414516
118.47566655781205,58.93129457760776,43.167042491598224,59.8036714877961
114.80992433208554,58.40908016061101,44.03338215217926,59.231814124071576
113.69906186758912,57.77878045230572,44.633292811658094,58.87059927116819
112.4838150984428,57.10589192957378,45.43766346382918,58.590253430510515
107.87211907210809,56.3611923738038,46.48626471501939,58.44469438175463
105.8763107405755,55.53281894891401,47.17833915232544,58.45167011865465
102.27962780369631,54.7242032687682,47.72732649387638,58.40780684589443
98.80986928681361,53.900251248286004,47.9896340896909,58.3864085273711
95.52069697019674,53.08127106553795,47.87513152712336,58.3511570939169
93.91572767922167,53.08949608236951,47.74343020500457,58.33470706025378
89.23328354592864,53.02732674579436,47.09768506380018,58.45904573340407
88.48026994085392,52.16777615652204,46.94381049195935,58.51824512995841
83.8195517849562,52.79035453839302,46.31534291529933,58.93140568095901
82.25329601647121,52.90442838265154,46.138955536747716,58.703257992441976
79.21097610872745,52.74088351935331,45.63122805397438,59.03034771903843
77.82116644764422,52.6751548910741,45.12118026616923,59.161804975596844
76.55199827624875,53.28893510923147,44.3824642056992,59.57277074091262
74.39300556059783,53.119741003887604,43.802304470562625,59.91115895160034
72.95187176982438,53.05857753071438,43.42787172210268,60.03348589794679
72.36315023274511,53.6378786232408,42.981257031876495,60.49894147727868
71.6591107796335,53.538948208246296,42.7655745804883,60.696802307267696
70.94467998027348,53.373654622611426,42.571236435804785,61.02738947853743
70.16541117409875,53.39095853440894,42.504784903835656,60.992781654942405
69.41455317964788,54.30921209396155,42.383132057412865,60.77964337116171
68.67067528494825,55.115857054116645,42.25274789061268,60.784493407050974
68.57954551203116,54.536508413629704,42.435007436446845,60.32713135620304
72.58623703811632,55.596985441381264,42.48241130922381,59.818334685689365
74.28916712729745,54.91218458173482,42.28703508396448,59.582694428430806
78.8224767043721,56.00599922173748,42.81115647310159,58.993521905639874
82.76891633459653,57.57279406277997,42.90903591112217,59.056235702942686
85.0169226866593,58.29527906863228,43.2151555996181,59.21197648877856
86.30822457717046,59.16667901056309,43.848752179822924,59.077276785530536
90.82777542821117,61.783329059392315,44.50829601454838,58.693299456275525
94.48965795321672,63.411105490136805,45.29142796347278,58.68050539436075
96.47009420356832,64.97899347879219,46.2324225052035,58.81264077867258
101.6702978707365,65.94372227224432,47.3910069160721,58.534467726797615
103.74801095895592,66.71620416937878,48.23300602966117,58.65531236253794
107.99544155743166,66.41850675271544,48.144539516612454,59.25070719586462
110.83843847069208,68.04015145539648,47.52554965987182,59.385420437022745
115.46806934337715,68.8186160731068,46.67151533167747,59.509536685037276
119.1279019178097,67.76936339720886,46.02818711234849,59.9389578044491
122.57179161859412,67.74495945731876,45.80110897465393,59.98776568422931
128.39244902825652,67.66719419078495,45.795315056843485,60.14329621729692
133.046866795843,67.66626413444203,46.47344897031047,60.145156329982754
137.35636337976166,68.52754670467715,47.907927222194644,60.0981697594661
141.2920808586059,67.76840688352739,48.52735655370154,59.91827654392654
140.90512205554012,67.92444094492426,49.30127415983317,59.606208421132806
144.03768158371358,67.8976422406072,49.88878700345465,59.659805829766924
145.6279532119197,68.02627443463297,50.15516027403632,59.40254144171539
147.9151425499217,67.88802500944406,50.75212447320932,59.6790402920932
148.1400918922908,68.0388045129167,52.039878148182304,59.37748128514791
149.13327362679084,68.75921204689598,51.80716726289866,59.690318800905786
152.6610386055023,71.2265649752661,51.77071097246935,60.01991819441079
158.2403605400046,77.80305836559748,51.16776911910799,59.18191709866511
160.4806137233258,82.46035346725655,50.160551217453154,58.55054805781589
161.79576521693903,84.40008639529536,49.24095893526929,58.092503611823524
162.14495273030295,86.99691705544475,48.54258390854148,57.96540187753273
162.7573332869879,89.98869990941398,47.31782279517158,58.68443330643575
163.529527454447,92.66283550863832,45.77343446025337,60.003865503434824
160.34222717337346,93.58104758116545,43.83797812323514,61.49146411804672
151.95894149469933,76.75255586313608,44.07558185751961,62.0905123079779
151.6539152902468,68.80949307574268,44.685634266424685,61.31785155180565
152.31198009507904,69.74609759869386,45.03370588020371,61.10884372934679
152.19463196833334,71.53940173719778,45.26840213369505,60.855709232182775
151.35907874469328,72.69568513628374,45.272775585432555,61.87660842509614
152.22485552951392,72.00582778904945,45.223541454079,63.256323119564726
151.44070263190295,81.04232031757724,45.08941397492674,65.61253735499933
151.44290915286157,81.86585081331262,45.0850009330095,67.43714015856901
150.3710639312899,83.51523206543544,45.465451321995666,69.42809781679483
150.21902870973412,81.59707336517869,45.76952176510723,71.46493295650214
148.2221635570196,81.26232265651473,46.09306815898353,73.96952632960644
147.90832967749319,83.15506879128122,46.720735918036326,75.81792993778618
146.66339976936877,81.11488567732954,47.29450206339827,77.98220249480269
144.9900807433224,81.7965011900996,48.683132257733845,78.57697932701971
144.65299130054902,79.81978897781866,49.35731114328064,80.54017867878449
144.1381269220511,80.15858753953341,50.38703990027646,81.8934222636092
142.57604481752887,79.19999501941152,51.44287191883711,83.810607303853
141.71551672101936,79.54028904618583,53.16392811185612,85.2446923429209
140.90904640583068,76.89129684671741,54.7768687422335,86.21272378184707
138.39403463161185,79.05142950081583,57.60042436619561,86.30539432260127
116.65584858684852,88.04760266337553,62.74291939695378,84.097585609916
112.16175664863286,88.82859698225695,67.11844829020778,82.53559697215314
111.41467022578004,90.16207571055477,70.96624919554698,82.2222675751911
111.21739574031298,89.81075875171376,73.77158710896138,82.92490149287313
111.05636279726673,91.01862205069551,76.56026148001654,82.97578337987227
112.10808240606877,89.89305560392236,79.48056376413682,82.71504552255635
111.09816615915707,87.32642485271509,81.50039625796022,82.74003784735133
110.44716477000735,85.73427013743398,82.80239903625969,83.33790216701658
109.81905023886054,82.62081235625303,84.0586280985533,84.33205913255829
110.44228160244505,83.09124717308231,85.46398634353855,86.04301047105402
110.1779922301514,83.63940034910948,85.99256508812584,87.64759785851574
110.07137076170434,83.92962613470704,86.20580802501996,89.80160598951453
109.95427845698954,83.0438354241607,86.43999263444957,91.57318741060722
110.10101253653639,82.30431469062039,86.14652447535586,93.05222887768784
110.40601599162183,82.8139337090442,85.536517565185,94.85449454161338
109.28293286055569,80.52770053921601,84.94282811334057,96.58710516729306
109.5189677400792,78.123891918656,84.47075835429355,98.53745400412082
109.69807938331559,77.37827379947885,84.11253506782077,100.02869024247515
109.83569195997589,76.79967401742526,83.83730991450017,101.18588980658231
109.87725865582227,76.40723095366151,83.7541765228074,101.97077593410981
109.66902167770448,76.157045655232,84.17065047904298,102.47114653096885
108.24237245074221,76.11518804831276,84.08824242377959,102.55486174480731
106.7509119434566,75.96859179216565,84.13550081652643,102.84805425710152
106.46185698206892,77.47144244546189,84.71361073930179,102.78328718417647
106.12395770449132,77.67106318468882,85.38940929445698,102.3840457057226
104.1542360903176,77.84209016541277,86.37481958169604,102.04199174427468
103.66324659716703,79.37216700800526,87.35679856799717,101.94646635761913
101.46883865742339,81.07060922183287,88.76667493775494,101.52852143969344
100.67686392356414,83.03859685472551,90.35062440547344,100.587635696052
98.33032103084007,83.68851989682449,92.03788906393825,99.28778961185405
97.57446039831787,85.99768339580642,93.54961032898265,97.68192459104571
95.4153647501841,88.01699172083153,94.85645717299126,96.65465239325441
93.29947701145727,88.81670226824068,96.07234290188718,95.05523129843613
92.71425246398479,88.85612203886863,97.24279199683214,94.97639175718021
92.08672612579088,88.88917215277294,98.49784467321997,94.91029152937159
91.56794823214057,88.85935052625697,99.53540046052056,94.96993478240351
91.20872709965275,88.70356619840723,100.25384272549621,95.281503438103
90.96819333415823,88.53986321781655,100.73491025648526,95.60890939928439
90.91563581899857,86.8446542236904,100.84002528680456,95.90756217953859
90.9397064642092,86.84513335750279,100.79188399638333,95.90660391191382
90.94069561192248,86.86566125443305,100.78990570095677,95.86554811805328
90.89661836812041,86.94855056933618,100.87806018856087,95.69976948824703
90.88908413527389,86.79650669699149,100.89312865425394,96.00385723293641
90.82853435440579,86.6647078219788,101.01422821599013,96.2674549829618
90.72195254395686,86.5037932372442,101.22739183688797,96.58928415243099
90.56473914180866,86.407097759371,101.54181864118439,96.78267510817739
90.36360162534301,86.5053979248049,101.94409367411569,96.58607477730958
90.10211966815251,86.41479871577583,102.4670575884967,96.76727319536772
89.75884918362146,86.42649600965919,103.15359855755878,96.74387860760099
89.43140374188108,86.23394804790735,103.80848944103954,97.12897453110467
89.06948355214001,85.98256438347963,104.53232982052167,97.63174185996013
88.6040467966357,85.91408405950426,105.46320333153031,97.76870250791086
88.08951020562805,85.76937700987324,106.49227651354562,98.05811660717289
87.492834451499,84.0381420482088,107.68562802180372,98.30000514264785
86.98039610093974,83.74878437736778,108.71050472292222,98.87872048432988
86.5641048740157,83.4009374775576,109.54308717677033,99.57441428395023
84.5043782985065,81.48877591351857,110.3702869113441,100.10648399558369
84.03400146570365,79.65030499954521,111.31104057694976,100.4698164077474
83.40592214028761,79.2912467319832,112.56719922778186,101.18793294287144
81.41288968457397,78.68931352368273,113.18823426881521,102.39179935947237
80.85437023753303,79.97572886296469,114.3052731628971,103.21286531363685
80.00324621106832,79.80870918477042,116.00752121582653,103.54690467002538
79.31687753593286,79.69067441902115,117.38025856609745,103.78297420152393
77.28716005328604,80.98222136123987,117.95845397797797,104.6811198704996
77.02274968939003,80.51424098772569,118.48727470577002,105.61708061752796
76.91501459549323,81.90716532338483,118.70274489356359,106.35897911501647
76.74182266929944,81.69357187827126,119.04912874595118,106.78616600524362
78.15526484314171,81.53957963136989,119.77739469473725,107.09415049904634
77.7498258515043,79.35867566037714,120.58827267801209,107.88457425449855
78.07024541758071,76.77387433779228,119.94743354585927,109.45757005031334
80.44602464563243,72.23166811064954,118.80760796857966,111.3185167469511
83.28529996414593,70.99418943720556,116.75261099483156,113.79347409383907
84.19047080333584,68.04138081616995,114.94226931645177,116.0685190941853
84.94415985788564,65.08397561436108,113.43489120735217,118.345375134698
87.12722818095256,63.877604006790804,112.71863270014832,120.75811834983855
89.39445125872075,60.95308858257556,111.86044079274463,122.93089495013638
89.86156989573392,59.91589701482009,110.92620351871827,125.00527808564732
90.4103575322971,56.952378783730055,109.82862824559191,127.2185123723587
92.64813213311886,55.86223966937378,109.08359275631628,129.39879060107125
92.86325165269811,52.86402755819543,108.65335371715778,131.64299489296212
92.9653260116301,50.07917202984082,108.44920499929381,133.43284362017303
95.14881273909609,47.36159134618251,107.88631450296975,135.0639220288817
95.55608644179154,44.65878866441771,107.07176709757886,136.64952879007046
94.10414220518312,43.77452116824391,106.14459743968027,138.41806378241807
94.63540151884868,43.1066592516584,105.08207881234915,139.7537876155891
95.23116316077532,40.56864706876591,103.89055552849587,140.98380641005002
92.4910258333951,35.810774852483206,101.6804050780824,142.8091257374415
102.23530195012088,39.47670631761126,101.37477780662509,143.1504327919831
93.6030826298255,34.8820387761039,99.45563870058388,144.66633677634502
98.1682738286612,34.75709054627275,97.98110230663701,144.91623323600732
89.7848932355091,31.886864452209878,95.71156299973327,146.84942532549147
101.01537225723466,30.13096214660321,96.04206159526606,146.5626538302075
95.65497373074815,29.52633016258389,95.36351697281023,147.77191779824614
101.32004670199802,31.36524177437562,95.45317652414921,147.90069640594226
92.37573860617309,29.066046214717232,94.2916498947955,148.68905896105832
107.13430569118138,29.56205633975904,95.19387066131222,147.6970387109747
110.40195455630031,30.14147127732089,96.26386773715299,146.538208835851
106.57230801435239,32.207594005504944,96.31694500859557,146.20907128570954
109.98595663886469,32.657520989283555,97.08774656621827,145.30921731815232
104.31198309343802,35.04210497433566,97.04066089631124,144.33839360163492
108.35328847761835,35.91981163074999,96.52396427788024,142.58298028880625
105.01036933605708,38.02302731732395,95.71388694668744,142.124506722816
107.52495960061107,38.8553136984623,94.41232285897044,140.4599339605393
109.69181084510399,39.57095645708365,93.75958188656081,139.0286484432966
108.34323285052128,41.678781181077994,92.80815183877468,138.46158503225945
110.18127491827985,40.51346929591948,92.75632694571783,137.1679495601162
108.69672868811773,42.293137023501004,92.12149091832349,137.2125425926717
110.45271769980135,40.83901628860458,92.20357797311114,136.5267189843097
108.8965235914734,42.851279042841284,91.73086141255152,136.08729825305178
110.496344039752,44.81193810278789,92.10186711616544,135.73662673332967
110.15696229036925,43.450987702566565,92.78063061493094,134.88700796172154
111.76048330355832,43.77928004552683,93.14354322142792,134.230423275801
107.10699484068229,45.78842064791513,91.7523781461194,133.77818940471127
108.8592758822187,46.03436283970919,91.78402924870397,133.28630502112316
108.8394265393471,47.72205598351343,91.82372793444718,133.44023654749358
108.33843483734458,47.65598696208413,92.82571133845222,133.57237459035218
107.20441517462132,49.26481002423495,95.09375066389875,133.90558728379122
105.881198543898,50.98073890583376,97.74018392534538,134.0670461484982
104.50124384016702,51.00479390794503,100.50009333280732,134.01893614427567
101.0761375737722,51.054200354544164,103.66653540700133,133.9201232510774
99.59608230919108,52.91354150330173,106.62664593616357,133.9353719656477
96.34297671053238,54.79721457092104,109.35058638267503,133.950296581215
93.40017998275216,55.16104106542164,111.40956912856635,133.2226435922138
90.40441175992369,57.43770285587411,113.55246043251233,132.51796515301982
89.3850843758811,57.97161640057902,115.5911152005975,131.45013806360998
88.32863351826376,58.49931539579612,117.7040169158322,130.3947400731758
87.39679060979029,58.94804253413932,119.56770273277913,129.4972857964894
86.72025839764663,61.41006172738571,120.92076715706646,128.49475135066868
85.84373445224358,61.87304927669324,122.67381504787255,127.56877625205362
83.18453926710384,64.37245714025258,124.05156569681169,126.51060024627532
82.55185497165814,67.02244489568045,125.31693428770306,125.15643810995319
81.79474092196921,67.88885419755908,126.83116238708094,123.42361950619589
81.09692163621351,68.74175574456022,128.22680095859235,121.71781641219363
80.52747696864967,69.64029933710626,129.36569029372004,119.92072922710157
80.09269893096041,72.69892483453941,130.23524636909855,117.72854412490449
79.69843878294444,75.6013907026827,131.0237666651305,115.82731202520935
79.56882963332507,76.5170601892118,131.28298496436923,113.99597305215114
79.72282761899095,77.29545630840963,130.97498899303747,112.43918081375551
80.2176436638561,77.93047365702867,129.98535690330718,111.16914611651742
80.76938967623867,78.35209760298517,128.88186487854202,110.32589822460444
81.36613204103926,78.70237343112622,127.68838014894084,109.62534656832233
81.84245423405787,79.1460245524342,126.73573576290363,108.73804432570637
82.41632298544047,79.54565128898221,125.58799826013842,107.93879085261034
85.01337128770115,79.8412534928926,124.06886221814837,107.34758644478954
85.30675841150814,80.2640179672117,123.48208797053437,106.50205749615137
85.7993565408065,80.58218652869516,122.49689171193765,105.86572037318443
86.25008314859167,80.65770956193776,121.5954384963673,105.71467430669924
88.52234793280269,80.64959511985506,120.62841103839831,105.73090319086465
88.83082175846687,80.50213038966243,120.01146338706997,106.0258326512499
90.99173225137785,80.34695825204427,119.24758103643748,106.33617692648622
91.46491745995748,80.17558460840846,118.30121061927824,106.67892421375785
91.84442704902749,78.12212564453417,117.54219144113821,107.24402997447376
92.22147374802695,77.58386690043815,116.78809804313929,108.32054746266579
92.54996421020451,77.08558227777567,116.13111711878419,109.31711670799076
92.69001489949966,74.78607585526294,115.85101574019387,110.36616909847999
92.9661090375038,72.32511909384993,115.29882746418559,111.72586906106909
93.36295924756648,71.57245393814634,114.50512704406023,113.23119937247628
93.7541351860344,69.07493982190566,113.7227751671244,114.63984279170751
94.12815149268522,68.30080930643946,112.97474255382276,116.1881038226399
94.66482979010888,67.6024607019449,111.90138595897541,117.58480103162901
95.04601441030799,66.91595183822966,111.13901671857721,118.9578187590595
95.30841003300168,66.4183878196321,110.61422547318982,119.95294679625464
95.77086447552306,66.15151368734867,109.68931658814708,120.48669506082149
98.20466552037857,66.02612944139123,108.44553640168583,120.73746355273636
98.5375148439097,66.13174846463077,107.77983775462357,120.52622550625728
98.82920760184268,68.25833243518206,107.1964522387576,119.8670275124098
99.26331532568042,68.59356830659547,106.32823679108215,119.19655576958297
101.51798311661302,68.93432283410264,105.36902705942057,118.51504671456863
101.79512948921405,69.24960458719048,104.81473431421853,117.88448320839296
102.17038852595584,69.5087258802084,104.06421624073492,117.36624062235713
102.47615279091733,69.85425242710848,103.45268771081199,116.67518752855696
102.7356719747244,70.19383776617501,102.93364934319781,115.9960168504239
102.994652734655,70.35900894987239,102.41568782333661,115.66567448302914
103.15042560351762,70.48512507279031,102.1041420856114,115.41344223719328
103.3900768759053,70.65444370401998,101.62483954083602,115.07480497473395
103.64974925443485,70.89136392865365,101.10549478377693,114.60096452546662
103.60533057468467,73.10192867650721,101.19433214327726,113.57512466867406
103.84890700671778,75.42191474484886,100.70717927921108,112.31594346100434
104.08971832380108,76.2332826339912,100.22555664504446,110.69320768271966
104.3213881376666,78.75345087877311,99.76221701731342,108.97340374704507
106.14140507188756,81.64425518879072,99.40855803256301,106.47817001070135
108.11873859218085,82.70988887797445,98.69572377635059,104.3469026323339
109.71246810605425,85.69643813421641,98.70547679064812,101.57101616189432
114.17422618884677,88.71289502039534,99.24360005339305,98.69198219897977
116.92135572928791,89.66986492305381,99.9835264872313,96.77804239366282
120.74510894645091,90.50360619936339,101.63153380663843,95.11055984104365
122.06957254761247,92.68529628869791,102.08048179737325,93.84505485543252
123.37563326074243,92.89059414452704,102.5531203938553,93.43445914377426
126.30818459350783,94.76223684852891,102.85918433223065,92.77675703772358
130.28669822028255,96.84538846362801,104.14173087685964,91.69031174025157
126.97548169406673,96.9631059942696,104.59934324817316,91.45487667896839
144.46712252974578,96.90177595515516,103.55912189542329,91.57753675719727
125.8266519762592,95.55270589626662,103.98122643862405,91.20410716132665
150.26520856546298,96.47364813765466,101.18618124143131,92.43436054396489
142.90979047246387,97.95485201205791,100.65519957628914,92.52031636538649
130.17796845052834,96.88308079683651,101.78716616219282,91.62239911358334
124.97068635911903,95.59626069133137,103.06742593205612,91.15127118694187
129.04264920062803,95.63086714069709,104.09486814691128,91.0820582882104
125.23821073176504,95.9816703807935,105.5598569665301,90.3804518080176
124.87280121829306,96.19007551615654,106.29067599347405,89.96364153729152
124.77523534396983,96.27217999031818,106.48580774212054,89.79943258896824
122.91587935280359,96.40646729864898,107.11620720788567,89.53085797230663
124.5925280653193,96.27566175201618,106.85661676753682,89.79246906557225
124.45355855259294,96.43448985836194,107.13455579298953,89.47481285288072
124.19846145475785,96.58935402877034,107.64474998865973,89.16508451206393
122.43138178795343,96.74214518607195,108.08295941816645,88.85950219746071
122.68966189676851,96.58947742701915,107.56639920053631,89.1648377155663
122.96758924491687,96.47428905961164,107.0105445042396,89.39521445038132
123.33481504029541,96.26949344316418,106.27609291348249,89.80480568327626
125.1386299385008,96.32283297495869,105.75362640168355,89.69812661968723
124.99672846646453,97.97035603112528,106.03742934575608,89.47846353678041
124.98906929740464,97.87800782973326,106.05274768387588,89.66315993956442
129.89943040771266,97.77970678804533,105.47033747047188,89.85976202294029
120.98072903939375,97.38392348120914,104.86609394557937,90.65132863661267
124.46357574038697,97.17792944031356,104.05435951373956,91.06331671840384
127.82533239095224,97.17757349381722,103.47287857192514,91.0640286113965
127.51595430349238,97.33066305177314,104.09163474684487,90.75784949548466
127.3772201662147,97.30661198470989,104.36910302140025,90.80595162961116
124.16566619528021,97.34411039551162,104.64867703094558,90.73095480800771
127.46243634954513,97.35659289501417,104.2049214528713,90.7059898090026
124.22000512573905,97.32544284737061,104.55453935293819,90.76828990428973
125.91761924419552,97.36459415156084,104.23334511544603,90.68998729590928
125.8589776515389,97.48175823415738,104.35062830075927,90.4556591307162
125.86751602295143,97.57590212215936,104.33355155793419,90.26737135471224
127.39987157313634,99.27329192856799,104.3314198213719,89.9351711057025
127.22799037325268,97.779309540045,104.67518222113922,89.86592029639193
107.1144938992736,95.81618148387074,102.04230315723706,90.7307569793219
116.27330509538545,95.65040700779548,101.93161697118532,91.0623059314724
106.79082105675332,95.30403365956707,99.63010127363111,91.75505262792922
129.29824824201995,97.00619734961444,99.8147692613014,91.36402673838137
135.28040692141525,97.21351355998266,99.89026899912292,90.94939431764493
105.00299075873343,95.25256189331753,97.3500900750284,91.86677330576288
101.58755758355097,93.46245691679479,95.2425154944992,92.46750294851033
103.86213909044915,94.57565059025652,93.6493350054346,93.19709812631862
104.49885620846678,94.46600620837046,92.37590076939932,93.41638689009075
104.95701479721258,94.40655978155976,91.45958359190772,93.53527974371214
103.99432555161243,94.28056801443385,90.47170299533751,93.78726327796394
99.31788551847588,94.01897074849381,88.21818881982037,94.31045780984402
103.97625114235773,92.59582169598838,87.52365727798022,94.28268934621373
104.08519394212632,92.53943639366705,87.30577167844302,94.39545995085639
104.18364637587295,93.87151938259625,87.10886681094976,94.59218609609692
104.17155794480755,94.02812643932072,87.13304367308058,94.27897198264797
103.26071373880592,92.62658357760952,86.09840410175072,94.22572972273723
103.56811113810896,93.93108550385381,85.48360930314462,94.45575484710525
104.86309207602979,92.70369225875089,85.72645741568047,94.07773134893358
103.59005748694553,94.04535718266825,85.44172822687929,94.22519986806856
104.9235873301538,92.76375077083843,85.60322357668201,93.95985765550896
102.59937093849157,94.03240119107781,84.59765757956315,94.24955620525185
