196.5,51.5,139,194
193.30299195106537,49.815325036071016,139.16783425775378,196.36934992785797
193.11340936929338,48.64193184231243,139.54699942129776,198.71613631537514
192.13880340232504,47.88455593975377,141.49621135523446,200.23088812049247
191.1077566140002,47.37107158649741,143.5583049318841,201.25785682700518
189.54861663623984,47.27406376150009,146.67658488740486,201.45187247699982
188.56387770694278,46.74241972109412,148.64606274599896,202.51516055781175
187.64311702207283,46.36023409082961,150.48758411573888,203.27953181834079
187.5753120575412,43.15788334058274,150.62319404480212,204.12862722229147
187.70181832696343,42.57816395917118,150.37018150595765,205.2880659851146
188.27752450280127,42.06032995326163,149.21876915428197,206.3237339969337
188.677226302507,41.59467397104615,148.41936555487052,207.25504596136466
185.98634970982562,41.417349612327484,148.21913844799494,207.609694678802
186.03720813656966,41.19239905881767,148.11742159450688,208.0595957858216
183.6515688026076,41.16227794332096,147.29950664555412,208.11983801681504
181.48749649298497,40.86742188183702,146.05102154527958,208.70955013978292
179.11720857648908,37.05357037053696,145.22664455171622,210.77230033582788
176.90136818176143,33.45030061545424,144.07584940523594,212.39636391005774
173.97118000082605,32.86597473442913,144.34832541541215,213.56501567210796
171.19862347412425,32.37641443265919,144.28341974832603,214.54413627564784
170.9870204165025,31.681109396316828,144.7066258635695,215.93474634833257
168.03276413063205,31.187627810853215,144.96350719099456,216.9217095192598
165.1410959032474,30.982068004087438,145.07609986084668,217.33282913279135
165.18813604177316,30.630068783548268,144.98201958379514,218.0368275738697
165.29228401259064,30.59245150946589,144.77372364216018,218.11206212203444
164.74668754307874,30.71316127837443,145.86491658118396,217.87064258421736
164.0462187599173,30.722908745776152,147.26585414750684,217.85114764941392
164.27053119965385,30.01276204291132,146.81722926803377,219.27144105514358
164.1515111693193,30.02937493249962,147.05526932870288,219.23821527596698
164.3269287245859,29.89547901093991,146.7044342181696,219.5060071190864
163.6162025323813,27.279077552441038,148.12588660257887,219.0002768398832
161.95375822382059,27.842066237658585,151.4507752197003,217.87429946944812
163.06446858045547,28.1173700731827,155.02193325352687,217.3236917983999
163.93844632739996,28.84483873970879,159.1171317294072,215.8687544653477
168.87776220566792,28.868191105368197,161.01521563264427,215.8220497340289
174.30879084512762,29.238699923017833,161.9906249127393,215.08103209872962
177.33607881365825,29.25114595238911,161.85945256415147,215.05614003998707
181.57005664798652,31.576344702336243,159.31237751784923,216.32662316244702
188.70270366656553,34.15710218963936,156.8441146791806,217.0636237870855
195.97339965099383,33.511484998602,154.041098745708,218.35485816916022
205.63271457236,33.07858736696808,152.2502625096844,219.22065343242807
217.7276659207827,35.3518791181186,151.36484003107836,220.50018998468687
229.9651812859289,32.1362018779724,150.21295136772355,221.10075894824487
229.81447664585988,34.67007941048006,150.51436064786162,221.85376266953395
235.41872873900553,32.54293930672142,150.98005359597462,220.27094430984909
240.87472676458978,30.378196625480513,151.70997541335743,218.77947073805524
243.98403803806366,33.20302585883168,151.30188248305322,218.94034188799648
244.59694749727973,35.785438880809764,150.07606356462105,219.58172694920555
248.28370975556908,32.06167535301492,148.49813820832057,221.23365484451693
253.66134547667886,31.491275701078735,149.33149143263648,222.3744541483893
275.67319240013234,36.95579925829455,151.91030583116967,223.09603409531775
269.4613292838963,37.159641112652,152.57612934757773,222.68835038660285
291.4721666850016,45.674640054031926,149.74129398375985,223.30985512029696
268.68021830909004,41.541160289168644,154.40184766971225,219.88443091691764
269.5593888965891,45.885265647491906,158.51518334559054,217.0678970511475
270.6347562908892,50.09731918715269,162.26114634084382,214.5404877556794
273.7934998574557,54.4103073468672,167.78283569481215,211.83409967980106
277.2008092992604,61.663694670641306,172.9045136823284,209.26362190337844
277.0876073720008,62.86053970447412,179.142500125506,206.8699318357128
274.33984031660407,63.96486627257323,184.63803423629946,204.66127869951458
277.7960894681032,64.47674467990647,189.98287631274695,203.6375218848481
276.20238634690065,67.57887711359908,193.17028255515203,203.6310709385092
265.1607862103519,67.4621604593118,190.26029353325418,203.86450424708374
268.923131496315,67.93455357885088,188.941368244103,202.9197180080056
272.23115408041497,68.64532955705482,188.49538216823268,201.4981660515977
267.35653010358925,72.89189066379163,185.9630756749656,199.14582106158338
265.4857844827295,74.53458317523838,183.6407482563518,195.86043603868987
262.84789481753415,76.35362239625606,182.94090557301206,192.22235759665452
263.2303908961667,78.14840296015001,182.17591341574698,188.63279646886662
259.6890209584427,79.95050426245847,183.41936737899317,185.0285938642497
258.9265459224314,78.94089490575693,184.94431745101582,181.24549631483822
259.64931804185045,78.31579692585908,189.2654683868319,176.72899709997984
256.25669745786877,83.05655797069376,190.28786254988023,173.0103220152254
255.07525113703895,85.10519064831885,192.65075519153993,168.9130566599752
253.940212280444,89.5193481782984,194.92083290472982,165.7755912593421
250.20029770063513,93.84833215171467,196.72504116361185,162.79324421324523
247.48127132478447,95.07341044330767,202.16309391531323,160.34308763005924
245.93210318382444,96.46680220972488,205.26143019723327,157.55630409722482
244.75122526670987,109.64734871862572,207.6231860314624,154.00042815666546
243.9232049625386,114.78548828652654,209.27922663980496,149.4033352305426
244.22852957231498,119.82507261056064,208.66857742025215,144.9530007839384
244.34479867450716,121.39394129356218,208.4360392158678,141.8152634179353
247.23495803369576,122.49419741765614,208.14648781860487,139.6147511697474
262.28782519080505,126.70029379170778,216.190088399933,136.6524634067222
262.30080218507214,130.74823587709298,221.68530324872714,134.07774807328008
262.0772788179254,131.82899291186857,227.6922878521928,131.9162340037289
261.1259838946491,132.3393780588943,229.59487769874545,130.89546370967741
256.57705725508725,132.23659268883375,233.06916443778593,131.10103444979856
251.95666669181358,131.74770179969843,230.9529806368177,132.07881622806917
249.3546102404291,122.75206686849408,230.49331537078388,133.07875158406958
249.75307344361698,113.51184617328047,229.69638896440813,134.53739758535477
250.55442332617164,112.10446104287958,228.0936891992988,137.35216784615656
251.46319890124332,107.61311018898229,226.27613804915546,140.62434216936919
249.88505918607996,106.17510577247768,223.6939526793102,143.5003510023784
243.33655486659194,101.69491226034211,219.54693781166068,146.7127301911077
244.19209615803723,100.80765273289008,217.83585522877007,148.48724924601177
244.3954963395047,97.2618624322105,217.42905486583518,149.8358634762189
248.028107059847,96.90799098879853,215.92299233128892,150.54360636304284
249.99841721636722,103.90819772687419,217.73049308175507,148.03943501390472
253.54790343080225,105.07494271888159,222.09943698482675,145.70594502988993
261.326645269087,115.5251314928376,229.58552062563544,142.0882429700116
271.7079663029674,128.60120869828674,237.8850848872173,139.1858536225875
274.00746045655,130.23875480727287,245.06019563261574,135.91076140461522
279.6114298323226,134.80167434541005,251.66525226208947,132.72258745534717
282.4443625821201,136.1869701194931,257.9603115050337,129.95199590718101
282.49167951174525,137.23782630154835,263.8908058816691,127.8502835430705
279.8866415306567,138.26141344798953,269.1008818438463,125.8031092501882
277.7361068067877,138.99380486421364,273.4019512915842,124.33832641773994
275.7984978524755,139.59535626498152,277.2771692002086,123.1352236162042
274.1293792083793,140.04946540601068,280.615406488401,122.22700533414587
275.8931459692567,140.38291462430686,283.30805211567645,121.56010689755348
271.9254744154841,140.4979199240558,284.9960174140699,121.33009629805565
273.8202425740792,140.62264482106661,287.4742031174272,121.08064650403401
273.3022408454457,140.73263364399793,288.51020657469417,120.86066885817141
269.57944821555697,140.64514720342098,289.64560608142403,121.03564173932529
272.2462649657441,140.64305059502294,290.64165787642054,121.03983495612135
275.09763096461984,140.7832274566303,291.28306599545436,120.75948123290667
271.6767550173405,140.8259704199964,291.7763981258917,120.67399530617445
274.99514254847384,140.79484250772975,291.4936428821396,120.73625113070771
274.55175987556044,140.86824016083665,292.3804082279664,120.58945582449395
274.29566038371263,140.8484579599767,292.892607211662,120.62902022621381
277.09115063868944,140.82617012887232,293.67095012438796,120.67359588842257
279.81228414569364,140.81360605232226,294.6100252965164,120.6987240415227
279.6998890795206,140.78185389747978,294.8348154288626,120.76222835120771
