1
206.8196,272.6793,103.3608,69.6414
206.9883,272.8403,103.0234,69.3194
207.0847,272.9381,102.8307,69.1238
208.5184,273.0423,102.6582,68.9155
208.5850,273.1252,102.5249,68.7496
209.8483,273.2421,102.6825,68.5158
211.1583,272.0703,102.7449,68.1768
212.4686,270.8406,102.8022,67.9584
213.7365,269.6438,102.9415,67.6769
215.0093,269.7843,103.0685,67.3959
217.4956,268.7032,103.4354,66.8882
218.7344,266.2308,103.6245,66.4995
219.9461,265.0461,103.8643,66.2059
222.4028,263.8624,104.2746,65.9115
224.9480,262.7594,104.5101,65.4543
227.4500,261.6458,104.8240,65.0227
228.6061,259.2722,105.1680,64.4572
231.0042,258.1631,105.6757,64.0236
234.7359,255.7942,106.1690,63.4568
237.2554,254.7036,106.4300,62.9881
239.6555,252.3615,106.9218,62.3802
242.0792,250.0350,107.3605,61.7472
245.8489,248.9165,107.7374,61.3454
248.2095,246.6205,108.2912,60.6624
250.6259,245.5882,108.7268,60.0929
254.2745,242.0002,109.3221,59.3764
256.7496,241.0119,109.6267,58.7254
260.3451,238.7266,110.2980,58.0545
262.7237,236.4814,110.7788,57.3067
266.4356,235.5078,111.1951,56.6406
268.7243,232.0556,111.8335,55.7211
273.6790,231.1266,112.3297,54.9779
274.6438,227.6707,112.9959,54.1023
278.2313,226.7016,113.5918,53.4502
280.5272,224.5112,114.1753,52.6557
285.3014,222.3443,114.9557,51.8252
287.5857,220.2188,115.5452,50.9181
289.9343,218.1283,115.9910,49.9561
293.6472,216.0723,116.2486,48.9458
295.9919,212.8167,116.6530,47.8162
300.8697,211.9930,117.0284,46.9308
301.9070,210.0374,117.4761,45.7973
305.4866,208.0589,117.8425,44.7372
307.7969,206.0487,118.2113,43.7682
310.2411,204.0777,118.2880,42.7449
312.7342,202.0959,118.2324,41.7782
315.2181,201.2725,118.1582,40.9782
317.6332,199.2955,118.1907,40.0694
320.1163,197.3791,118.0548,39.0720
321.4485,196.5615,117.7854,38.3122
324.0282,194.6300,117.3806,37.4206
325.5677,193.7651,116.6566,36.7954
327.2035,192.8386,115.7183,36.3150
328.9020,191.9954,114.6326,35.6903
330.7483,191.1058,113.2242,35.1852
331.4722,190.1590,111.7764,34.8240
332.3635,189.1625,109.9938,34.5892
333.2845,188.1297,108.1517,34.4568
334.3512,188.0932,106.0184,34.5296
335.5639,188.0369,103.5930,34.6423
337.0478,187.9346,100.6251,34.8470
335.4648,188.8171,97.5823,35.1514
336.1073,189.6008,94.2658,35.6157
332.0740,190.2046,90.3770,36.4006
332.5339,191.6393,85.5556,37.4327
328.1695,192.0070,80.9887,38.5968
328.1422,194.1338,75.4831,39.9033
324.5639,196.1302,70.0720,41.2968
322.0657,198.7653,64.6335,42.9832
319.5643,201.2788,59.5193,44.7007
316.2805,201.9400,54.6272,46.6526
312.2235,206.3476,49.9914,48.9935
308.1262,206.7228,45.7158,51.3606
304.0121,210.9379,41.7191,53.6272
299.2204,211.2549,37.8151,55.9904
294.6548,215.0902,35.1839,58.6119
289.3099,217.4383,34.1495,61.2434
283.0536,216.1960,34.7658,63.7280
277.4749,219.1553,36.7178,65.4805
271.3212,219.0966,39.4648,67.1913
265.4091,221.8597,42.9621,68.3267
261.9459,221.2404,46.4063,69.5653
254.7035,223.5282,49.9878,70.4412
252.0790,224.1249,53.3470,71.1375
248.3853,224.7608,56.8238,71.8212
245.7890,225.4902,59.9938,72.3847
243.3209,226.2685,62.8478,72.9106
239.8611,227.1345,65.4944,73.3149
237.6205,226.9690,67.7904,73.6460
236.5667,226.9585,69.8982,73.6671
234.5620,228.0797,71.6468,73.6853
233.8258,228.1393,73.1191,73.5661
233.1937,228.2886,74.3835,73.2674
232.6255,228.4850,75.5197,72.8746
233.3003,228.6711,76.5071,72.5025
234.2144,226.5346,77.0251,72.0826
236.2782,225.5833,77.5934,71.6374
238.4900,224.7053,77.8689,71.0438
242.0092,223.9298,77.8640,70.2504
244.2648,221.9316,78.0162,69.5833
246.7021,221.2038,77.7884,68.7155
252.4208,216.9701,77.8813,67.9587
253.6015,216.2159,77.8153,67.1717
258.1414,214.3183,77.8623,66.4035
262.6681,211.3340,77.8895,65.5618
267.3031,209.5138,77.6473,64.6881
272.8713,207.7374,77.7068,63.7627
276.3199,204.8662,77.4851,62.8295
281.8032,203.0523,77.5519,62.0440
287.2847,199.1438,77.5637,61.0811
291.6923,198.4124,77.4666,60.3643
298.1540,194.5992,77.5415,59.3253
304.5219,191.7643,77.7094,58.5433
310.7770,188.8391,78.0415,57.9724
316.9972,186.9148,78.4178,57.5488
323.2010,182.9860,78.8194,56.8668
329.3720,180.1785,79.2562,56.0925
336.5184,178.3457,79.8291,55.5108
343.4908,174.4071,80.7433,54.8972
350.3668,172.5026,81.8757,54.4534
357.1622,169.5255,83.2372,53.9994
365.1345,167.6313,84.4839,53.4902
371.8396,165.6515,86.1871,53.1315
378.5096,162.6366,88.0965,52.6260
385.4030,161.7137,89.6989,52.2731
391.9857,158.6004,92.0475,51.8510
398.8119,157.5858,94.1023,51.6363
405.6035,156.6490,96.4134,51.2393
411.2341,155.7008,98.9393,50.8379
416.8478,154.7435,101.6805,50.4243
422.4146,153.7721,104.7136,50.0060
428.1432,152.8430,107.6453,49.4661
432.5685,151.9369,110.9517,48.8468
437.1794,152.2794,114.0727,48.1619
440.6553,152.6176,117.1272,47.4855
445.3222,152.9603,120.4619,46.8001
446.2802,153.3868,123.6847,45.9470
451.1991,153.9422,126.8482,44.8363
450.8330,154.4947,130.2059,43.7313
457.0564,155.1068,133.6782,42.5070
455.3155,155.8542,137.1600,41.0123
456.1414,158.1190,140.9117,39.1844
455.8633,158.9245,144.1888,37.5735
456.7478,162.7941,147.8928,35.3073
456.4332,163.7801,151.2675,33.3354
456.1591,167.7426,154.5705,30.9200
454.6488,168.7846,157.5911,28.8359
454.8333,171.0170,159.9773,27.1263
452.2224,171.9408,162.4445,25.2788
451.5426,182.0393,163.8041,24.3453
443.3420,182.9541,166.4454,22.5156
440.6176,183.5799,169.1426,21.2641
438.0286,183.8987,171.5575,20.6264
432.7857,183.8143,173.6929,20.7952
429.0122,183.4464,175.6074,21.5311
425.2592,182.8210,177.3982,22.7818
417.3869,181.9846,178.6034,24.4547
413.8345,182.5297,179.7914,26.3229
407.4758,181.4230,180.4584,28.5363
404.1222,180.1736,181.0332,31.0351
396.0390,180.3637,181.5804,33.7788
394.1872,178.9854,182.0985,36.5353
385.9540,177.6169,182.3315,39.2723
384.2443,176.1886,182.4479,42.1289
374.1539,174.7837,182.4710,44.9387
374.3411,175.0437,182.0967,47.8323
364.0992,173.7185,181.8013,50.4827
364.3409,172.4573,181.3182,53.0051
357.5032,171.2313,180.7970,55.4571
355.9107,170.0617,180.3947,57.7963
347.1604,170.7038,179.7717,60.1369
347.2932,169.7410,179.5063,62.0625
341.9489,168.7830,179.1246,63.9784
340.3249,169.7574,178.6530,65.7491
336.7630,168.9936,178.2872,67.2767
335.0638,170.1811,177.9186,68.6688
333.3460,169.5513,177.5673,69.9284
329.6960,170.9167,177.2587,71.0020
327.8757,172.3566,177.0804,71.9411
326.0717,173.8816,176.8550,72.7244
326.1898,175.5710,176.6189,73.1894
326.2643,181.3890,176.4699,73.0998
324.3063,183.3530,176.5409,73.0167
324.2153,187.4531,176.7229,72.5057
324.0154,189.7420,177.1226,71.7661
325.6107,198.1370,177.7628,70.2989
327.3443,200.6990,178.1093,68.9886
328.9779,205.5476,178.6374,66.8820
332.3835,210.5404,179.3560,64.4264
335.7863,215.6324,180.0125,61.7042
340.8746,220.8388,180.9082,58.6730
345.8263,226.1071,181.9491,55.4326
350.7938,229.4877,182.8235,52.2744
357.5020,234.9197,183.6340,48.5240
362.4539,236.5368,184.2238,45.2897
367.3035,250.2804,184.8592,41.9166
375.6436,252.1492,185.1254,38.1791
385.5132,253.9599,185.3110,34.5577
388.7194,255.6458,185.4039,31.1857
398.1203,257.1120,185.7263,28.2534
404.5966,258.2484,185.3070,25.9807
412.6448,258.8583,184.6198,24.7608
419.2083,258.6094,183.6833,25.2586
427.2276,253.2191,182.8685,26.9048
434.0053,250.3790,181.5802,29.5182
441.0945,245.4439,179.8071,33.1860
448.4658,235.4778,177.6616,37.3718
452.9590,231.7996,175.0773,41.5271
457.5920,221.4115,172.3013,46.0783
464.2006,215.8303,168.9610,50.6561
467.9759,205.1644,164.7411,55.3344
472.0995,197.8960,159.8509,59.8003
476.3173,187.2842,154.7835,64.1831
479.1378,180.2659,149.1424,68.0984
482.0853,170.0166,143.2473,71.7918
485.1348,163.3424,137.1485,75.1221
486.6413,155.2292,130.8284,78.1206
487.9394,147.4430,124.9680,80.6359
487.7169,139.9040,118.9750,82.8379
485.8367,132.6350,113.2392,84.7144
484.1939,127.1181,107.1970,86.4203
481.1456,120.3851,101.1148,87.7075
481.0684,116.8925,95.3257,88.7494
478.3592,109.3659,89.1507,89.3107
477.1235,107.7208,83.1908,89.7906
471.2406,103.6839,78.6149,89.6934
469.7696,102.4083,73.6097,89.5956
465.6313,99.9525,69.0508,89.3730
463.9266,97.6473,64.9911,89.0039
458.4099,96.6784,61.5182,88.5240
456.6360,97.0843,58.0062,87.7122
452.5008,95.1776,54.8624,86.9600
450.5478,95.6056,52.1111,86.1040
447.4487,95.9273,49.6689,85.4607
446.3622,96.3617,47.6235,84.5917
444.2486,96.7258,45.6654,83.8635
442.0141,98.0103,44.0819,83.3121
440.5898,99.2698,42.9660,82.7754
440.0816,103.3825,42.0271,82.3708
439.4771,104.4872,41.3030,82.0946
439.7179,108.4102,40.8214,81.9146
439.8574,110.5106,40.5426,81.5250
438.0957,112.5886,40.2758,81.1591
437.2261,115.4480,40.1299,81.0955
436.2920,118.3590,40.1166,80.9184
435.3766,120.3174,40.0684,80.7593
434.3804,121.2601,40.1852,80.7494
432.4438,124.0163,40.3034,80.8696
430.4512,125.9303,40.5260,80.8041
428.3777,127.7420,40.9047,80.9492
425.3170,129.5713,41.3474,81.0764
422.3006,131.4092,41.6730,81.2054
419.1993,133.2342,42.1460,81.3750
417.0424,135.0977,42.6186,81.4891
412.8792,137.8004,43.2238,81.8748
410.6054,138.6654,43.8786,82.0911
407.2649,140.4431,44.6771,82.4574
402.9472,142.2299,45.3929,82.8437
398.5303,142.9838,46.2354,83.3337
395.1216,143.8654,46.9944,83.5898
391.6655,146.7177,47.7982,83.9937
387.0969,147.4930,48.7122,84.4990
383.4875,148.3243,49.6946,84.9151
377.7101,150.1473,50.7412,85.4724
375.0822,150.9840,51.7420,85.9266
369.2143,152.9498,52.7215,86.2974
363.1848,153.7914,53.9142,86.7875
360.4211,155.7829,55.0405,87.2057
354.1669,156.6247,56.4202,87.7478
349.0115,157.4779,57.7032,88.2983
343.8233,159.5089,58.9333,88.8096
338.4653,160.3839,60.3904,89.3743
333.0175,161.2789,61.8963,89.9318
328.7616,162.2727,63.2658,90.3249
323.1729,163.1730,64.8057,90.9335
317.5119,164.1529,66.3519,91.4177
311.7489,166.4098,67.9711,91.8574
307.0667,166.2142,69.8057,92.2485
299.8712,167.2695,71.4672,92.6838
295.0378,168.3276,73.3950,93.1474
290.1681,169.3906,75.2801,93.6394
282.6327,170.4470,77.0698,94.1828
278.8857,170.1275,79.1768,94.8219
272.4220,171.2218,81.1547,95.3707
268.6700,172.3915,83.1035,95.8088
260.5399,172.1466,85.2849,96.2986
256.6035,173.3628,87.4411,96.7245
249.6629,174.5832,89.7250,97.1831
245.5795,174.3280,92.0062,97.6934
239.9786,174.1320,94.2468,98.0855
235.7106,173.9189,96.7253,98.5116
229.8347,173.7970,99.2534,98.7554
225.5627,173.7499,101.5611,98.8497
221.1928,173.7029,103.9887,98.9437
218.3332,173.7140,106.5123,98.9216
212.2320,173.8494,109.0109,98.6507
209.2747,174.0859,111.6563,98.1778
206.3893,174.4510,114.1243,97.4475
201.8788,173.1796,116.4867,96.6609
199.0174,172.0201,118.8565,95.6269
196.1543,170.8869,121.2100,94.5208
194.8223,168.2957,123.8741,92.9214
193.4521,167.6309,126.6144,90.8457
190.3678,165.6247,129.3702,88.0321
188.9928,162.1660,132.1202,84.7250
187.6837,160.6263,134.7382,81.0156
186.5048,157.7464,137.0961,76.6616
185.5579,156.7952,138.9899,71.8991
185.0363,149.5975,140.0332,66.6216
186.2686,149.4871,140.7712,60.4371
187.5641,141.2715,141.2851,55.1343
189.5769,140.0983,143.2952,48.4269
191.8599,138.4980,144.5799,42.8514
187.9026,129.1005,143.9719,38.9192
195.5109,126.9393,142.5495,34.9651
205.4788,118.2414,135.9340,33.7123
213.8707,114.0675,131.8875,34.4179
221.0466,107.7598,130.0557,37.0173
224.4453,99.3084,128.3124,41.2848
232.2160,94.4790,125.6781,45.7807
240.1855,90.6836,122.8682,50.7457
243.8008,88.3372,118.3120,55.4387
254.5762,85.9808,115.5988,60.1514
256.3947,83.6371,111.9617,64.8387
265.4569,84.0271,107.6345,69.5777
271.6136,87.7054,103.6450,73.3195
276.5021,88.7608,99.4210,76.7618
284.7429,96.9120,94.0146,79.8410
288.4003,97.2708,89.4355,81.8591
298.7718,106.1778,84.8738,82.9233
302.1212,114.8829,80.8175,84.0101
306.6678,122.6681,76.9153,84.0133
313.8115,131.7768,72.7628,83.5316
316.6220,140.3109,69.6016,83.6826
325.3236,150.0121,66.6667,83.5713
326.3927,159.8023,64.5285,82.8884
329.7365,169.6759,62.4750,81.6774
333.0641,177.9475,60.3500,80.9897
336.1421,187.2638,58.6338,80.1162
340.4753,198.8508,56.5027,78.7270
342.0649,211.0833,55.4459,77.6083
345.7812,220.1918,54.2775,76.0959
348.5635,229.4894,52.8047,73.8680
352.0401,242.2209,51.8154,72.2602
355.6928,250.3785,50.3519,71.5235
358.2607,260.1823,49.0403,71.0363
361.5128,269.6310,48.1849,70.9691
363.7961,277.8973,47.3541,71.2471
366.8050,287.1576,46.9110,71.3090
368.9038,296.4189,46.4169,71.3044
371.0152,304.1235,45.8811,70.6430
372.9738,310.9854,45.6134,69.6917
375.6469,317.7155,45.6849,68.8729
378.4043,324.0075,45.5544,68.8524
380.4460,330.1885,45.0555,69.0366
384.1661,334.5223,44.7625,69.3030
385.3453,337.5930,44.1901,70.3050
389.1192,341.8297,43.8074,70.7882
391.0953,342.3647,43.4395,71.5103
393.0784,343.3181,43.0667,71.4001
396.0639,344.3286,42.4620,71.1681
397.2841,346.2672,41.7967,70.8410
398.4828,348.0111,41.1583,70.8713
400.4737,350.4967,40.6739,71.1461
400.8325,350.4991,39.9562,71.1412
401.2668,351.4510,39.0876,70.9697
401.7602,352.3763,38.1009,70.8341
402.1979,354.1052,37.2254,70.7683
401.9347,355.0037,36.0718,70.6514
401.8111,355.5583,34.6606,71.2007
400.2626,356.2440,32.8311,71.4713
399.4765,357.7249,31.1751,71.7376
396.3649,357.7371,29.4539,71.7134
395.6721,359.2132,27.7233,71.8773
391.0088,361.1947,26.3436,72.5027
391.1559,361.7299,24.5358,72.9460
385.8467,361.6708,23.2575,73.0641
383.9556,362.3852,21.1786,73.1007
378.8459,363.7173,19.9793,73.2910
374.6296,363.8146,18.5590,73.0964
372.0374,363.8286,16.8533,73.0686
367.2470,364.5760,15.6731,72.9188
362.5181,364.5744,14.5683,72.9220
358.5331,364.6197,13.4458,72.8314
353.8798,367.3504,12.5468,72.4728
349.2151,366.6224,11.8523,72.6758
344.4224,367.2731,11.5016,72.6165
339.4502,366.3082,11.5723,73.3121
331.4077,366.5923,11.4693,72.7439
326.1303,366.6715,12.1416,72.5855
320.1635,366.6991,12.8567,71.2837
311.5689,365.7719,13.8918,70.6529
305.3292,363.8489,15.0838,69.4822
298.3875,364.1437,16.3575,68.8926
290.6226,363.3542,17.8379,67.9174
284.0067,363.6800,19.4450,67.2657
277.3429,363.4428,20.9595,66.4274
270.5877,360.6569,22.5108,65.3554
263.0796,361.2307,24.1074,64.2077
257.0658,361.0476,25.2992,63.2194
250.3615,361.0435,26.4530,61.8660
243.5713,360.5206,27.7699,61.5493
237.3221,357.1307,29.2185,61.4229
230.9615,357.1092,30.7019,61.4660
223.8126,357.1683,32.1198,61.3476
217.3103,356.6170,33.4939,60.9965
210.9665,356.1190,34.4038,60.5204
206.5576,355.6050,35.8183,60.0675
200.8000,354.3341,36.8484,59.6136
195.7422,353.6565,37.9130,59.4603
191.3092,352.9886,39.1591,59.2722
186.9374,352.3113,40.1927,59.0848
181.8305,352.3361,41.0684,59.0352
179.8656,352.4568,41.8581,58.7936
175.5728,352.4378,42.5465,58.8317
174.4384,352.5883,43.2239,58.5306
170.1049,353.4737,43.9015,58.3578
169.8363,353.5356,44.4386,58.2340
168.0669,354.3664,44.7510,58.1856
167.8748,355.1556,45.1352,58.2249
167.7429,357.5305,45.3989,58.3485
167.6221,358.3090,45.6405,58.4221
167.5365,359.0370,45.8117,58.6018
168.1968,362.9980,46.1324,58.8859
169.7210,362.7528,46.3856,59.3762
173.1253,365.0122,46.2265,59.8446
175.6005,366.3764,46.2770,60.4502
178.1469,367.8115,46.2153,60.9341
182.3942,370.8050,46.1377,61.6806
185.6961,372.0201,46.3080,62.6376
191.6503,372.3451,46.3756,63.6984
196.0260,373.5449,46.2646,64.7549
201.1151,375.6272,46.5400,65.8170
207.3116,375.8206,46.4871,67.1931
212.6455,378.7642,46.5161,68.4371
219.9655,377.9982,46.2924,69.9692
226.3914,378.8663,46.1902,71.8757
232.8377,377.8043,46.2355,73.9998
240.4386,377.6640,46.0802,76.1611
247.2455,377.5404,45.8395,78.3187
255.0791,376.2963,45.6799,80.8070
263.0849,375.0035,45.4492,83.3926
271.3825,373.6729,44.9091,86.0537
279.8526,372.1674,44.2634,89.0648
288.5341,370.5775,43.4589,92.2445
297.3838,368.0726,42.5775,95.1522
306.4092,364.5570,41.5594,97.9251
315.6019,361.9475,40.3845,100.9928
324.9984,354.6640,38.9889,104.6866
334.5511,349.0886,37.5048,109.2293
344.2788,343.7542,35.9749,113.1761
354.2723,336.1487,34.1385,117.0430
363.4361,329.6122,31.8378,120.9576
372.6686,320.5698,29.4843,125.2327
381.9238,311.6241,27.1921,129.2227
383.0334,301.9136,24.9729,132.3439
393.2378,291.2146,23.1940,135.1123
399.9322,282.1841,21.4654,136.8488
400.5399,276.2263,20.2499,139.4775
409.8503,268.1143,20.2982,144.0333
409.5079,254.0816,20.9830,148.1239
408.5451,242.7027,22.9087,151.1394
408.3024,232.3141,25.9423,154.0796
407.5688,222.8847,30.0587,157.0421
406.6490,214.5216,34.6700,159.9102
404.3783,204.8304,39.2114,161.8852
401.9112,196.5570,44.1457,163.3520
397.5351,187.9336,49.7678,164.9490
393.0317,184.2069,55.5172,165.8875
386.5206,173.7498,61.7861,166.5419
381.8334,170.1575,67.6607,166.7268
375.2259,166.6313,73.6601,166.5637
368.4990,163.1344,79.6907,166.1342
359.8008,157.7135,85.6541,165.5431
352.8539,154.4931,91.7370,164.1728
345.9810,153.5925,97.5037,161.9845
341.2370,150.8267,102.9369,159.4065
336.6244,152.4517,108.0548,156.1566
332.1285,154.2166,112.9030,152.6268
327.5188,155.8973,117.9526,149.2654
322.8667,155.4338,123.0559,145.9914
318.2095,157.3091,128.1371,142.2408
315.7146,159.5107,133.1270,137.8376
313.3305,161.9191,137.8952,133.0208
310.9799,166.7706,142.5964,127.5841
308.6490,174.2784,147.2582,121.0748
306.6882,177.0779,151.1796,115.4759
304.9291,182.3103,154.6978,109.2008
303.5322,185.3010,157.4917,103.2196
302.2813,190.9512,159.9936,96.0025
299.5851,196.5169,161.3861,88.8710
299.4635,199.7127,161.6293,82.4793
299.2294,202.9289,162.0975,76.0469
298.8630,206.1987,162.8303,69.5073
300.4030,209.4624,163.3345,62.9799
301.7787,212.6225,164.0586,56.6597
303.1496,215.6136,164.6881,50.6776
304.7102,218.3877,164.8376,45.1293
306.3253,220.9504,164.7767,40.0038
309.8301,223.2975,163.9103,35.3097
313.7747,225.3429,161.9600,31.2189
316.5652,226.9472,159.2417,28.0103
322.3938,228.0462,155.8701,25.8123
326.7308,219.2538,152.5393,24.6959
329.5517,219.0987,149.5008,25.0061
333.6015,218.4793,146.5358,26.2450
337.7743,215.0778,143.2919,27.9464
341.8603,211.4520,140.1981,30.1198
345.9432,207.6607,137.1087,32.6259
348.6850,203.7523,134.1684,35.3561
352.7509,195.9021,131.1442,38.2878
355.4398,193.1533,128.3324,41.2192
358.1096,187.8681,125.5732,44.0480
361.9390,182.5974,123.1004,46.8107
365.7350,176.0016,120.7233,49.5724
368.2740,172.1343,118.2681,52.0617
372.1790,167.0101,115.7204,54.4166
374.9719,160.7204,112.7701,56.4540
379.0548,155.9090,109.8599,58.1933
381.6321,149.7167,107.3202,60.1177
385.6767,145.1625,104.4521,61.3947
388.1721,139.2265,102.0510,62.9082
391.6511,132.2165,100.2519,64.0310
393.8104,129.0054,98.5046,65.3104
394.6446,120.7571,96.8362,66.4080
396.6302,118.8612,95.4247,67.6403
399.7288,109.3586,94.3446,68.7351
401.5067,107.4390,93.3490,70.0141
403.5127,100.5576,91.9032,70.9465
405.3264,94.9046,90.8349,72.0156
407.0087,91.7293,90.0306,73.2456
408.6422,83.4429,89.3315,74.4110
410.2505,81.5456,88.6909,75.6296
411.9308,72.0565,87.9160,76.5081
414.8187,70.1664,87.3158,77.7005
416.2603,62.9504,87.0302,79.1446
417.7492,58.5186,86.6685,80.1597
419.1964,51.6430,86.4008,80.7773
420.5648,48.5782,86.2963,81.6422
421.8397,44.2500,86.3911,82.3652
423.2261,37.2436,86.2756,83.0911
425.7681,34.2476,86.5259,83.7491
425.3780,28.4861,87.3060,84.5463
427.5105,25.4166,88.4535,85.2728
428.3819,22.5594,89.4465,85.5158
430.5444,18.5433,90.6317,85.2825
429.6385,17.2288,92.4435,85.1416
433.1450,13.2183,93.8187,84.7745
432.1117,12.0758,95.8851,84.2478
433.7891,9.4588,98.2009,83.8113
434.0771,8.2539,100.4889,83.3571
435.9094,7.1835,102.6086,82.6059
436.1948,6.2384,104.9503,81.5836
437.7007,6.7462,107.8021,80.5679
437.6135,7.3172,110.9352,79.4260
439.0696,8.0827,113.9979,77.8949
439.2808,9.0853,116.5841,75.8897
440.7157,8.5265,119.7424,73.9932
440.7121,9.5341,122.7794,71.9781
439.2865,10.6384,125.6305,69.7693
439.3651,13.5103,128.5190,67.0713
439.4681,16.5111,131.3547,64.1115
439.7465,19.5822,133.8303,61.0017
438.7026,24.3489,135.9180,57.4965
437.6203,29.1435,138.0826,53.8727
437.9690,35.5076,140.3347,49.9923
437.2623,40.5467,141.7481,45.7375
436.4273,47.2446,143.4181,40.9040
434.0915,52.1083,145.3014,36.7531
432.2460,63.4826,146.2558,33.1608
430.2415,65.2402,147.5834,29.6456
429.8234,68.8881,148.4194,27.6138
421.9585,80.5249,148.5261,25.1712
420.7379,81.0641,148.4102,24.0926
417.2231,89.5945,147.8375,24.7705
413.1367,89.8685,148.3914,26.7621
407.6886,94.9211,148.9407,29.5905
402.3797,97.0892,148.9592,33.2039
394.5131,99.0891,148.3720,37.3643
390.7294,105.2358,147.5655,41.8188
383.9694,105.7401,146.7663,46.5378
380.5521,107.7653,144.7807,51.3076
371.4066,109.7842,142.0785,56.2668
367.8407,113.6534,140.0617,60.7269
358.3966,116.2608,137.2518,64.8112
350.3517,117.5907,134.5583,68.4124
341.6799,123.5068,132.9798,72.3487
336.3691,124.7279,130.8092,76.3027
328.8560,131.7702,126.4360,78.3841
324.6220,135.0169,125.2942,81.5005
315.6761,136.5626,123.7562,84.8858
304.1151,140.2354,123.9782,87.3545
294.2117,144.4026,123.8917,88.9667
286.3160,153.6478,122.9792,90.5212
275.0498,155.1090,122.0441,90.9511
264.0907,157.0276,120.5451,90.4592
261.9000,167.5235,118.2977,89.3542
250.4575,170.7101,118.3476,86.2432
240.8497,175.2972,118.2914,83.4929
236.8399,185.5004,116.8134,82.0817
228.2199,190.4894,115.3319,78.3442
222.0581,198.3592,112.4751,74.7489
218.1159,208.9754,111.5594,71.1170
209.3202,214.3168,109.1368,66.1523
206.9628,225.1480,108.3723,60.9278
205.1632,229.2395,109.3317,55.3845
193.5971,235.8237,109.4335,49.8931
188.5056,244.1510,109.7570,45.5628
185.8748,251.3269,110.2321,40.7838
208.7673,253.6057,110.7368,38.5408
218.2212,257.2576,112.3586,38.0801
184.8901,269.0108,110.1473,35.2357
188.0099,271.6746,103.9077,34.3326
192.2627,272.8825,95.4019,36.1305
200.6815,274.2825,86.6368,39.3851
206.3531,273.2572,79.1926,43.3849
212.0333,272.1387,71.6515,47.5317
221.2488,271.9848,64.4240,51.5740
227.4470,269.9540,57.4995,55.6357
234.9941,268.0249,51.3132,59.4938
242.9432,266.1948,45.8778,63.1541
251.2409,261.8366,41.2639,66.7355
258.4413,257.2829,36.9965,70.7762
263.9599,250.8005,34.3405,75.3597
267.3220,245.3452,34.4047,79.4820
271.6737,237.7939,36.2495,82.2785
272.8546,234.9891,39.3808,84.2260
277.1258,227.6690,42.3241,85.4663
278.4050,225.1987,45.7164,86.4397
279.7378,217.6528,49.2199,87.1370
283.3005,213.1564,52.7269,87.6239
283.8580,206.5465,55.9981,87.6851
286.7856,201.9483,59.1385,87.8857
287.5575,195.0520,62.2033,87.8529
292.0151,190.2662,65.0603,88.0067
291.8055,183.2028,67.8832,87.7111
295.4413,177.2237,70.3930,87.4426
295.4818,172.4575,72.7940,87.0472
298.1644,165.1169,74.9728,86.6404
299.7231,161.4811,76.9422,86.2816
301.3924,154.0099,78.7425,85.8075
304.3775,151.6114,80.5444,85.4232
304.7934,143.9778,82.3260,85.0100
309.3446,140.2389,83.7642,84.5826
308.6213,133.8844,85.2107,84.0358
310.6302,131.4160,86.5235,83.6421
312.7534,123.4043,87.6364,83.5875
313.5805,122.2461,88.6785,83.2076
315.7868,115.6175,89.6789,82.9323
316.7899,114.4378,90.3906,82.5739
317.6841,107.7464,91.3253,82.3408
320.1085,106.5918,91.9446,81.9160
321.1581,102.5240,92.5822,81.8411
322.2134,101.2761,93.2171,81.5914
323.3293,98.5734,93.7367,81.4942
323.0753,95.8523,94.2446,81.4205
324.2938,94.5735,94.5721,81.2137
324.1465,94.6818,94.8667,80.9970
324.0496,93.3125,95.0606,80.9683
323.9512,93.3453,95.2572,80.9027
