392.0,153.0,53.0,278.0
392.0639494699584,152.61261524850983,51.87210106008318,277.77476950298035
392.5981783577019,152.83381108978602,50.8036432845962,277.33237782042795
393.08541592450837,152.68203958679177,49.82916815098331,277.63592082641645
393.58423720970427,152.7329442710881,48.83152558059152,277.5341114578238
394.09378507208214,152.99562137782593,47.812429855835674,277.00875724434815
394.4571232147669,153.29251004783185,47.08575357046622,276.4149799043363
394.751688050727,153.2557557679566,46.49662389854595,276.4884884640868
395.05823692805745,155.3688317234407,45.883526143885106,277.01540757491233
395.420672715128,155.542830661936,45.158654569744,276.66740969792176
398.1193113250365,155.71886851773397,44.490323720486174,276.3153339863258
398.1766531162907,155.8799354906957,44.37564013797779,275.99320004040237
398.123327931264,155.98720223067926,44.4822905080313,275.7786665604352
398.00104817327644,155.990599079147,44.72685002400641,275.77187286349977
397.8070315814673,156.18874447312356,45.11488320762466,275.3755820755466
397.4266365008676,155.87767556980867,45.875673368824046,275.9977198821764
396.84780712088934,155.58856346580058,47.0333321287805,276.5759440901926
396.08809140571043,154.95948832829185,48.55276355913837,277.83409436521003
395.18919156090533,152.6276781274266,50.35056324874861,277.685257054171
394.1346630505679,150.29765972829992,52.45962026942342,277.4994212880518
393.07557135149915,147.87129574688515,54.57780366756093,277.4674093895476
391.9134812391957,145.39042956353072,56.9019838921679,277.5034032101808
390.63291995756265,142.87926914317018,59.463106455433945,277.5542145123393
389.1256942327871,142.2374474054562,62.47755790498506,278.8378579877672
384.9727946924581,142.06633777880103,65.68543755642443,279.1800772410776
383.38773637625167,139.41029172183408,68.8555541888372,279.3279378416762
381.82352381159967,139.28859840292924,71.98397931814122,279.5713244794859
377.5068065948893,136.58653879935227,75.32790326025594,279.6859331953338
375.9294131159256,136.670858741516,78.48269021818332,279.5172933110063
371.4730828597224,134.09862071150974,81.98434314312554,279.2507617835547
369.78607606936697,131.66292393158844,85.35835672383647,278.6495775158318
368.1583744686177,131.9193100227898,88.61375992533496,278.1368053334291
366.57111398571027,132.11261789081018,91.78828089114982,277.7501895973883
362.0704970715223,132.2242074791447,95.1572378421753,277.5270104207193
360.457116008793,132.6549213739015,98.38399996763397,276.6655826312057
358.76214686141816,130.03945087926914,101.77393826238364,276.15948075920977
357.255839437153,130.54937193307035,104.78655311091399,275.13963865160736
355.57035818708067,130.59618407510214,108.15751561105859,275.04601436754376
351.03359858770733,131.029530629545,111.34114465507525,274.17932125865804
349.4295163623158,131.35288609895912,114.5493091058583,273.5326103198298
345.03221755614936,132.4264727059949,117.36196241243218,271.38543710575823
343.32510024257255,132.69386648310063,120.77619703958581,270.8506495515468
341.54217021356357,132.13273549072798,124.34205709760371,271.9729115362921
336.76622980643936,131.8353180254243,127.76196834287232,272.56774646689945
335.0710367743665,131.96956119286543,131.152354407018,272.2992601320172
330.207499514893,131.92214802885962,134.62382013580432,272.3940864600288
325.3110433652681,132.14318631148043,138.09946667635924,271.9520098947872
324.0079008299555,132.68787360858767,140.70575174698462,270.8626353005727
322.6676682893839,133.4264198839758,143.38621682812766,269.38554274979646
317.96929152223385,133.81288300184713,146.35878548048925,268.6126165140538
313.26041818746006,134.13005516386826,149.3128377577001,267.9782721900115
311.9058394749339,134.72403177475363,152.02199518275248,266.7903189682408
307.3709242399927,135.14462715142523,154.55855948215537,265.9491282148976
305.93594924919876,135.26372010594267,157.42850946374318,265.7109423058627
304.7144631667794,132.82848164217123,159.87148162858196,263.97257765662374
303.4182170016235,133.1968759431871,162.4639739588938,263.235789054592
295.03712684958975,133.16804216870446,165.91253527086087,263.2934566035573
293.93480706521564,130.20131776584878,168.11717483960908,262.5113896601581
292.5932553441653,130.68242210091074,170.80027828170972,261.5491809900342
287.9077066992712,127.48933925228235,173.40032241926622,261.16429353505924
286.70308114218903,127.89075634094826,175.80957353343064,260.3614593577274
285.6798731318743,122.11007016074737,177.85598955406007,258.24984282876034
284.5833511206091,122.94903149765605,180.0490335765905,256.571920154943
283.41436442268804,120.5288166963255,182.3870069724326,254.56288074236082
278.95661985085246,118.01837856709227,184.44490436541622,252.72616525013973
277.6024634846617,118.5310561947891,187.15321709779764,251.70080999474607
276.53111676782464,119.0639165321607,189.29591053147186,250.63508932000286
271.7107049493471,119.63385675893072,192.025542994941,249.49520886646283
270.8662845820663,113.96827431918805,193.71438372950254,246.94969007312812
269.20402461145756,113.97069722827021,197.03890367072006,246.9448442549638
267.91916856024034,114.25032936184753,199.60861577315455,246.38557998780917
266.7004360070074,111.52475612781656,202.04608087962032,244.82286010593086
261.80162638762357,111.97624049370583,204.81445927403902,243.91989137415231
260.5338369034941,109.21662319799381,207.35003824229798,242.37915489937717
259.04141936521717,109.4466672456963,210.3348733188518,241.91906680397219
257.81550548691075,106.36674281317873,212.78670107546466,240.9611497370324
256.82239640892476,103.66442261361038,214.77291923143656,239.22359927802
255.42118715025822,103.8990559666146,217.57533774876973,238.75433257201158
250.3105661295747,103.88116526361713,220.61222097331705,238.7901139780065
248.67306311439452,104.06128665353002,223.88722700367742,238.42987119818073
247.4371108652769,101.06361806982659,226.35913150191266,237.1455246963307
242.6332041830181,101.58898520134342,228.66815308133278,236.09479043329705
241.84227971302795,98.5785852733701,230.2500020213131,234.7967224291171
241.06373449530753,99.50232567872848,231.8070924567539,232.94924161840032
236.29032742699988,100.09260968313245,234.03491473167065,231.76867360959238
235.01848702083896,100.68270754212563,236.57859554399252,230.58847789160603
233.9792256974038,101.68733045142459,238.65711819086283,228.57923207300811
233.0736491842505,102.93955350500278,240.4682712171694,226.07478596585173
232.26462841605792,103.97849483229389,242.08631275355458,223.9969033112695
231.3308850663322,105.19410056570064,243.95379945300604,221.565691844456
230.7152629948418,103.23162426219601,245.1850435959868,218.16174864582908
229.72922604650358,104.05680836907118,247.15711749266328,216.51138043207874
228.71573329568417,104.82531441186211,249.18410299430207,214.97436834649687
227.80756260251337,105.63142049571533,251.0004443806437,213.36215617879043
227.07590248558841,107.05733676121885,252.46376461449356,210.5103236477834
226.43690733644195,108.50500411673428,253.74175491278652,207.61498893675252
225.67677071369727,109.75089721387229,255.26202815827588,205.1232027424765
224.85612441402168,110.92730706704205,256.90332075762706,202.770383036137
223.99139130244103,112.06310976454847,258.63278698078835,200.49877764112415
223.09543065544045,113.45955270545844,260.4247082747895,197.70589175930422
222.26023680038358,115.09973499607597,262.09509598490325,194.42552717806916
221.29841893030294,116.67211356463318,264.0187317250645,191.28077004095474
220.13893078151753,118.12852957629191,266.33770802263535,188.36793801763727
222.62773023302316,119.77417881499785,268.4944610742134,185.0766395402254
221.55656720995322,121.20666638306473,270.6367871203533,182.21166440409164
220.3628652416664,119.1318089818885,273.0241910569269,179.2639776274262
219.13364505304656,120.19542732060094,275.4826314341666,177.1367409500013
217.98045877245602,121.22506115957364,277.7890039953477,175.0774732720559
220.61216352297515,118.94635259006071,279.6113447758038,172.54914012958739
219.56180858267476,119.97524589770667,281.7120546564046,170.49135351429547
218.6346623573933,120.95971419154709,283.5663471069675,168.52241692661462
217.89732545034832,121.95535306905624,285.04102092105745,166.53113917159632
217.44376625347198,123.02646245837701,285.94813931481013,164.3889203929548
216.90759996263697,123.91918726934932,287.02047189648016,162.60347077101017
220.0284626420129,124.96144759063107,287.79133969844776,160.51895012844668
219.3637612887931,125.88000907191926,289.1207424048873,158.6818271658703
218.59516915080206,123.33859306213391,290.6579266808694,156.78784464440182
218.06380161063944,124.24234675514347,291.72066176119466,154.9803372583827
217.5498778877432,124.97566114241727,292.74850920698714,153.5137084838351
217.01848948802748,125.58407629441564,293.8112860064186,152.29687817983836
219.87751397311627,126.16292935403435,295.02963108968333,151.13917206060094
219.18797023236135,126.61678833728212,296.40871857119316,150.2314540941054
218.72300994786374,123.80144864359163,297.3386391401884,148.92324457734597
218.50995736380008,124.65104999792908,297.7647443083157,147.22404186867107
218.32933109739025,125.46022292053219,298.12599684113536,145.60569602346484
217.86818490174105,126.17640077831334,299.0482892324338,144.17334030790255
217.29966871622838,126.8344717272652,300.1853216034591,142.85719840999883
216.83267217305132,127.52367825846748,301.1193146898132,141.47878534759425
216.47942196855888,128.2213850077559,301.8258150987981,140.0833718490174
219.29113087798203,128.6968799608327,303.04407106802455,139.13238194286382
219.07696860667258,129.18840787773593,303.47239561064345,138.14932610905734
218.84088365887052,129.6281877944379,303.94456550624756,137.2697662756534
221.63148497926883,126.72073849225734,305.1865501178833,136.26147762758217
221.47580655924133,126.8444631285042,305.4979069579383,136.01402835508844
221.4285718283907,127.02442418478424,305.5923764196396,135.65410624252837
221.53403517688588,127.39417292427756,305.3814497226492,134.91460876354174
221.41642250732198,127.47611206370472,305.616675061777,134.7507304846874
220.97125183493577,127.45796192687074,306.50701640654944,134.78703075835537
223.89444592567168,124.36742159872496,307.4773342010917,134.1514054386328
224.04616478441346,124.55973808977248,307.17389648360813,133.76677245653775
223.97419136444847,124.41836597895605,307.3178433235381,134.04951667817062
223.66471098844605,124.2425064562154,307.93680407554297,134.40123572365192
223.39423105390682,124.16641094054337,308.4777639446214,134.55342675499597
223.21277199105415,120.57589236032553,308.84068207032675,134.89332223734834
222.7580019327193,120.36923396366412,309.75022218699644,135.30663903067116
222.353079735161,119.84174237795844,310.56006658211305,136.36162220208251
222.14495580701595,119.16798780163619,310.97631443840316,137.70913135472702
225.481435536172,115.22985141175914,311.2363040028507,138.6524551117215
228.7205506022691,114.7980888638654,311.71138885969265,139.515980207509
228.77807401179678,114.30211240068418,311.5963420406373,140.50793313387143
228.6874337268001,113.65953725942163,311.77762261063066,141.79308341639654
232.12155462685277,113.0260557652741,311.92570234871283,143.0600464046916
232.0482590888574,112.41006630169844,312.07229342470356,144.29202533184292
231.96603459513963,111.71028848188489,312.2367424121391,145.69158097147002
231.5601427230175,110.9887108715958,313.0485261563834,147.1347361920482
234.62702973791212,110.0627262088194,314.0430075356791,148.986705517601
234.41304996379807,109.37040508455445,314.4709670839072,150.3713477661309
234.26164919692232,108.63738290797474,314.77376861765873,151.8373921192903
237.79507740012886,107.94781814249822,314.94225285892577,153.21652165024335
237.42140379972804,106.96354736871606,315.6896000597274,155.18506319780766
240.95401325298016,106.15196528637398,315.9312390424886,156.80822736249183
240.7539489273089,105.37493374725157,316.3313676938311,158.36229044073664
240.75238022608818,104.56687656973416,316.33450509627255,159.97840479577147
240.74881187348046,103.77668922841092,316.341641801488,161.55877947841796
240.72218762802473,102.96298468642703,316.39489029239945,163.18618856238572
240.82831451197862,102.32898141198014,316.18263652449167,164.45419511127952
240.89361138308007,101.61838770772988,316.05204278228877,165.87538251978003
241.2579143646626,100.94629437055889,315.3234368191237,167.21956919412202
241.7417880364469,100.26682507194874,314.3556894755551,168.5785077913423
242.55857380843696,99.57977086567958,312.722117931575,169.95261620388064
242.95078670464358,98.75676594007862,311.93769213916175,171.59862605508255
243.63276191834981,98.22834193503412,310.5737417117493,172.65547406517155
244.3249883838166,97.69752134034923,309.18928878081573,173.71711525454134
245.0038336519122,97.13397751124704,307.8315982446245,174.84420291274571
245.55601405364197,100.02720530136797,306.72723744116496,176.58646791619432
246.41926716001768,99.6079136391365,305.00073122841354,177.42505124065727
247.2176149947328,99.15750198909001,303.4040355589833,178.32587454075025
247.72309396655044,102.20403621006245,302.39307761534803,179.7549035754375
248.17342942037746,101.703577139429,301.492406707694,180.75582171670442
249.12745868112827,101.42655669143244,299.58434818619236,181.30986261269754
249.91027979527854,100.91679576597542,298.0187059578918,182.32938446361158
250.73987361917918,104.03154792789141,296.35951831009055,183.60936793969535
251.1922226396227,103.44839241799099,295.4548202692035,184.7756789594962
251.78444418244132,103.2245937764356,294.27037718356627,185.22327624260697
252.67044215753182,102.97295244932472,292.49838123338526,185.72655889682872
253.41608402782362,102.68252312444407,291.0070974928017,186.30741754659002
254.13072565326163,102.33637444117403,289.57781424192564,186.9997149131301
254.7597813905254,101.95929823338902,288.3197027673981,187.75386732870012
255.41430695822078,101.72271538542667,287.01065163200735,188.22703302462483
256.3653821241779,101.71820250922754,285.1085013000931,188.2360587770231
257.06821821494134,101.37068626015777,283.70282911856617,188.93109127516263
257.3942814307636,104.25520331396557,283.0507026869217,190.56760815403172
258.17976905280955,104.29687919096322,281.47972744282976,190.4842564000364
258.8609885486319,104.34804463663258,280.1172884511851,190.3819255086977
259.14735254401876,103.99260771822306,279.54456046041145,191.09279934551674
259.67237233998287,104.01298231019022,278.4945208684832,191.0520501615824
263.711424785942,103.74297748572218,277.7787248889653,191.5920598105185
268.09910796982433,103.63142513131749,276.3638054581018,191.81516451932788
268.87006066911795,103.2500305988716,274.82190005951446,192.57795358421964
269.78625476477634,103.12442736053633,272.9895118681977,192.8291600608902
270.34591486175884,102.58838643557468,271.8701916742327,193.9012419108135
274.54649965039516,102.23362478758524,270.77826762146753,194.61076520679237
275.21570199936014,101.73648892600198,269.43986292353765,195.60503692995889
279.6215194061842,101.48145796053782,267.9286571890518,196.1150988608872
280.4321908104065,100.95720712737734,266.3073143806071,197.16360052720816
281.2822106992718,100.66319301492763,264.60727460287666,197.7516287521076
281.60502351249363,100.045110945365,263.96164897643297,198.98779289123286
282.2269542975648,99.88377867699123,262.7177874062906,199.3104574279804
286.2663787743684,99.26497418033053,261.89782401399793,200.5480664213018
287.53642390921686,99.43747391812181,259.35773374430096,200.20306694571923
288.5739950887298,98.93993991583419,257.28259138527505,201.19813495029447
293.5947189232244,95.2827201431408,254.44779480513242,201.30592340683478
294.5468978068805,94.73152623945771,252.54343703782015,202.40831121420098
299.46187539273376,94.45392934287082,249.8671924111316,202.96350500737475
303.87824777885254,90.51644963461068,248.15606985716582,203.7168422056233
304.6246027134771,90.14956136498454,246.66335998791672,204.45061874487558
305.62829793381246,89.79235801962203,244.65596954724592,205.1650254356006
310.2424997799937,89.56127587872216,242.5045329343864,205.62718971740034
