231.0,135.0,247.0,299.0
230.5809269971241,134.26860169057383,246.8381460057518,299.46279661885234
230.7404243877605,138.22250023554537,246.519151224479,300.1481792829323
230.8078446701466,142.20943217591213,246.38431065970678,300.772887003754
235.28410090111515,146.38130725539264,246.0377980001524,301.0351366471757
235.46513354881722,150.58113022935058,245.67573270474824,301.23992197545266
239.88006549325053,150.53877338807308,245.44759424397125,301.32463565800765
239.8324842372828,154.72630766396736,245.54275675590668,301.54890527200257
239.88240459785916,158.82828153569588,245.44291603475398,301.949280654911
244.14219307021898,163.04132428809882,245.53219859330625,302.132054653377
244.24218718541252,167.56203968396528,245.33221036291917,301.70373537631167
248.5677267940951,167.70457014162116,245.28442774840696,301.4186744609999
248.55544399303585,167.94924364263358,245.30899335052553,300.9293274589751
252.9342534059595,167.86130568856314,245.14239694626303,301.10520336711596
252.96628733893746,167.71286494268608,245.07832908030713,301.40208485887007
257.37737442783396,167.47378714358877,244.85071074287595,301.8802404570647
261.8438530322758,167.25439761262393,244.51597165594188,302.31901951899437
261.98405576886296,167.0823723214481,244.23556618276763,302.663070101346
266.4678495989406,166.9164754265211,243.86825917768357,302.99486389120005
266.6274713959929,166.60045971940286,243.54901558357895,303.6268953054365
266.98360078955193,166.26452335960272,242.83675679646095,304.2987680250368
267.38937776271314,165.7825518695636,242.02520285013853,305.262711005115
267.8604472832918,165.24605811330068,241.0830638089811,306.3356985176409
268.3438429163947,164.5512962417643,240.11627254277545,307.7252222607136
273.11115948206253,163.7043774140748,239.19262445400705,309.41905991609264
273.55196451377003,162.88341394159838,238.311014390592,311.0609868610455
273.9843906608952,161.977633832931,237.4461620963417,312.87254707838025
278.82688718776717,161.08421173279038,236.40723126248665,314.6593912786615
279.4430073835215,160.25111015957472,235.174990870978,316.3255944250928
280.07105155629716,159.29006044089218,233.9189025254267,318.2476938624579
280.78496063386194,158.34735268381246,232.49108437029707,320.1331093766173
281.52482104617184,152.92989233825446,231.01136354567737,322.29269095731996
282.2724678878745,147.384931144117,229.51606986227205,324.6988582339741
283.0104168439279,141.68331066847142,228.04017195016522,327.40654375936145
283.73708549641105,140.20566248695042,226.58683464519885,330.36184012240346
284.4734883552263,134.29097635556616,225.11402892756834,333.45851338431726
289.6738979268354,128.29810435682407,223.46816148559586,336.6893056805558
290.31776939502436,122.1294245069885,222.18041854921793,340.25045215533663
291.09316968754536,116.02875549322994,220.6296179641759,343.64353801533923
291.95109375978274,109.97482178765378,218.9137698197012,346.9181621952435
297.4549480683647,104.1338884818635,216.75961367175373,349.74647633760765
298.38098715591855,102.64877850075302,214.90753549664598,352.7166962998286
299.4451585339042,101.28610099181236,212.77919274067474,355.4420513177099
300.6518399144861,95.52637978833678,210.36582997951092,358.08391603968926
301.94470816848303,94.51921100861023,207.78009347151703,360.09825359914237
303.2202427390608,93.55791197611262,205.2290243303615,362.0208516641376
304.5797297745782,92.64786552130772,202.51005025932668,363.8409445737474
306.0312240540136,91.81030743629177,199.6070617004559,365.5160607437793
307.53431602202755,86.53436588726294,196.600877764428,367.2647703665938
309.1337267929002,85.84493378966297,193.40205622268277,368.6436345617937
310.89655957726075,85.18260523308754,189.8763906539616,369.96829167494457
312.8117223485231,84.64228126442706,186.04606511143686,371.04893961226554
310.7289538261208,84.16217425565517,181.56023607138775,372.0091536298093
312.74098420058806,83.6979508703908,177.5361753224532,372.93760040033806
314.77280852668787,79.09981014755687,173.47252667025361,373.6026345280999
312.8106840260889,78.92054006655334,168.9267614274305,373.96117469010693
314.8723754469025,78.8218518248137,164.80337858580336,374.1585511735862
313.112016967244,78.80745045201002,159.9981280530767,374.1873539191936
315.22085556223664,79.16236934997212,155.78045086309143,373.47751612326937
313.3920669014875,79.53289914179035,151.28142967689203,372.7364565396329
311.5195451770212,80.01961353415541,146.96055702761532,371.7630277549028
313.4333225012981,80.572356236881,143.13300237906148,370.6575423494516
315.218692606492,77.55615682588234,139.56226216867367,368.7995822302456
313.0752590125252,78.65889334899225,136.04957072073836,366.5941091840258
310.88731712160757,79.8595121569048,132.72077177048908,364.1928715682007
308.39648182251324,81.31117948312809,130.0922424316596,361.2895369157541
308.7522902631799,82.9698836022178,129.38062555032639,357.9721286775747
305.0636624275243,84.8222782990104,129.29708300646166,354.2673392839895
300.9254534771603,86.66780868955317,130.1672091207025,350.57627850290396
296.48837530535394,92.02950963753662,131.6722077483598,347.2220343228925
295.41791064951764,93.7063467547876,133.81313706003243,343.86836008839055
290.34060100350814,99.09640845442624,136.6292951057582,340.42669793540654
288.8624586763028,104.52802640041179,139.58557976016883,336.90277252653124
287.1364051801129,106.41437381847962,143.03768675254864,333.1300776903956
281.5954373725792,111.9939781639155,146.77182036875178,329.3186709983881
279.729496866899,117.5391738754052,150.50370138011218,325.58669483328345
274.08199367239837,123.13048058263729,154.42905720416545,321.7737319837672
268.373373097397,124.88439691102076,158.4637119490581,318.2658993270003
266.3933412879768,130.4219151672867,162.42377556789853,314.5922187752929
260.6163142990887,135.99738503987447,166.5619370429948,310.85717153279734
258.57112411951584,137.95316139495236,170.6523174021405,306.94561882264156
252.71592809016977,143.78379034792766,174.91843952619638,302.72863085132724
246.88131460686094,149.6774997997251,179.13329186730903,298.3955865732374
244.82349602834748,151.80504159307685,183.24892902433595,294.1405029865339
242.74582638153763,157.66118814891763,187.40426831795565,289.89527538082973
240.73777421965235,159.8491537706596,191.4203726417262,285.5193441373458
238.72626531230264,161.91766886738043,195.44339045642562,281.38231394390414
236.75699705657726,163.9847738376717,199.38192696787638,277.2481040033216
234.78610089881198,165.87109208184586,203.32371928340692,273.4754675149733
232.86626368106985,167.66962078925673,207.1633937188912,269.87841010015154
227.2134981230338,169.4425496120212,210.9727032183164,266.3325524546226
225.30270012160094,171.03130773336073,214.79429922118206,263.1550362119435
223.49456176321442,172.5874621606171,218.41057593795512,260.0427273574308
221.77277729860788,174.12364718540817,221.85414486716823,256.97035730784864
220.15284797701491,175.63341150287005,225.09400351035413,253.9508286729249
218.50416974412263,177.12710375950752,228.3913599761387,250.96344415964995
216.92123322156357,178.6002347512392,231.55723302125685,248.0171821761866
215.4440649078708,180.08312336105774,234.51156964864236,245.05140495654948
214.02176038792715,181.55925772840652,237.35617868852967,242.09913622185198
212.64912167840617,183.0278769572955,240.10145610757164,239.161897764074
211.2351407396215,184.38173837751145,242.92941798514096,236.45417492364206
209.87373237689076,185.78041280199082,245.65223471060244,233.65682607468335
208.5815939829048,187.0889098338764,248.23651149857434,231.03983201091222
207.38793605285167,188.40931572916298,250.62382735868064,228.399020220339
206.20840900398494,189.8307880694614,252.98288145641408,225.5560755397422
204.9476949605061,191.16208712739336,255.50430954337173,222.8934774238783
203.78241533083187,192.50412002276153,257.8348688027202,220.20941163314194
202.6068848557327,193.66074053073868,260.1859297529186,217.8961706171876
201.4649512871795,194.62453721951067,262.46979689002495,215.96857723964365
200.4980167057539,195.578114280199,264.40366605287613,214.061423118267
199.47173628423565,192.44792702431596,266.45622689591266,212.7973483629983
198.51936058293984,189.39554076528208,268.3609782985043,211.3666562058083
197.6346487296223,186.24108433037543,270.13040200513933,210.13414417738196
196.7768072877821,186.84656086132532,271.84608488881975,208.92319111548218
195.86374898814935,183.60735529326797,273.67220148808525,207.84666121056787
198.79821587224998,184.2864536040932,275.36850739291543,206.48846458891737
197.7622155294156,181.07552547228227,277.4405080785842,205.3414291822332
196.85430368516,181.89644245526242,279.2563317670954,203.69959521627294
195.93222765733813,178.7745518251,281.10048382273914,202.36107589480397
195.1162070403597,179.58643703083527,282.732525056696,200.73730548333347
198.09517844961687,180.35731996497003,284.3608566080944,199.19553961506392
197.2383189384721,177.3787304301243,286.07457563038395,197.56724147835592
196.54922390753552,178.1372698163315,287.4527656922571,196.05016270594155
195.86837102379,178.92095229813054,288.8144714597482,194.48279774234345
195.25781238223348,176.01064702557858,290.0355887428612,192.7287584575845
194.70047082787744,176.71460209209084,291.1502718515733,191.32084832455996
194.2120037218382,173.7360060039379,292.1272060636518,189.7208408704326
193.72866487492226,174.40543736455587,293.09388375748364,188.38197814919664
196.94128080681637,171.52150297717378,294.2059871558702,186.61251166178602
196.373251212887,168.4910742999673,295.34204634372895,185.14896781033147
195.81104820922803,165.4863815944468,296.4664523510469,183.64147637352565
195.31000893271226,162.47880002790396,297.4685309040784,182.14825859935175
194.76608907172533,159.4155039144297,298.5563706260523,180.7766116551112
194.20264820184508,156.3963356424333,299.6832523658128,179.32358313255617
193.6409180381973,153.37359872417125,300.80671269310835,177.8854118593836
193.20191475490705,154.06731392423671,301.68471925968885,176.49798145925266
192.69009072658596,151.11427706269407,302.708367316331,174.93841245716584
192.27727883577776,151.7690382414339,303.5339910979474,173.6288900996862
195.60930701230296,148.78277650837947,304.3143672296818,172.15698108101034
195.3667699525002,149.46522064946942,304.79944134928735,170.79209279883042
195.06179078249062,146.50771312393454,305.4093996893065,169.2921791193521
194.70400487380368,147.08176610652652,306.12497150668037,168.14407315416818
197.9892149168834,147.669324909367,306.94391049133725,166.96895554848723
197.76584158889779,148.26254880627926,307.3906571473085,165.78250775466265
197.64609932711423,145.19536215253075,307.6301416708756,164.54923177232723
201.10071012564208,145.69690077188073,308.0709723458267,163.54615453362726
201.01605034029188,146.19602822207426,308.2402919165271,162.5478996332402
200.98167879235064,146.694937438189,308.3090350124096,161.55008120101076
200.91737044611332,147.18547332603347,308.4376517048842,160.56900942532178
204.50147293824227,147.6618100641137,308.5630292113872,159.61633594916134
208.07617375416578,148.14826497015204,308.692653911555,158.64342613708465
208.010574839497,148.58975888738155,308.82385174089256,157.76043830262566
211.5578852878413,148.98402439414946,308.98009828727885,156.9719072890898
215.15398374295202,149.41409382906323,309.0274523138393,156.11176841926226
218.65701257033507,153.4869362071875,309.2467846342665,155.19147363820693
222.18063609088927,153.7686270256512,309.4122329134102,154.62809200127958
225.685495743577,157.78164223605543,309.60788581896077,153.80743379139722
229.13951532740734,157.9698732883915,309.89387620300425,153.43097168672506
232.51344660374141,158.2387541718993,310.33770625842163,152.89320991970948
232.26966302600886,158.48697349420786,310.82527341388675,152.3967712750924
235.5966174159994,162.39929689344137,311.3587455939635,151.75950543668318
235.48011331104513,162.51397535798642,311.591753803872,151.53014850759308
238.8291953305564,162.66912259189712,312.0771258738523,151.21985403977166
242.20725713934104,162.8527281087907,312.5062360126285,150.85264300598453
241.94860064348092,163.02119692424168,313.02354900434875,150.5157053750826
241.75789477883754,163.22202667167193,313.4049607336355,150.11404588022208
245.04637929476118,163.40454647413253,314.0133732278686,149.74900627530087
244.68307910644626,163.49200751319665,314.73997360449846,149.5740841971726
244.2593110574863,163.53682211279607,315.5875097024184,149.4844549979738
243.8207012074718,163.64411045444734,316.46472940244735,149.26987831467122
243.36121079130768,163.71004492497616,317.3837102347756,149.13800937361358
246.53380175023366,167.46005574006313,318.2648993248725,148.86435875138847
246.1476538705286,167.4693664398376,319.03719508428264,148.84573735183952
245.78137770161518,167.4967954304508,319.76974742210945,148.79087937061314
245.42392058408763,167.47349856923313,320.48466165716457,148.83747309304846
245.123281839207,167.546049152173,321.0859391469258,148.69237192716872
244.8062772510739,167.5646301641795,321.719948323192,148.65520990315574
244.5408436128979,167.5964103224733,322.250815599544,148.5916495865681
244.25053611154243,167.5247167555985,322.83143060225495,148.73503672031774
