174.0,145.0,266.0,240.0
173.5067777491749,144.53724525205666,265.9864445016502,239.92550949588667
173.51869399761458,144.60267819659612,265.96261200477085,239.79464360680774
173.55020169054345,144.6733501351206,265.8995966189131,239.65329972975886
173.59185041183454,144.73372903238413,265.8162991763309,239.53254193523173
173.59013257789613,144.75386227540602,265.81973484420774,239.49227544918796
173.6286534829742,144.76062541882945,265.7426930340516,239.4787491623411
173.6555302542263,144.77000180861023,265.6889394915474,239.45999638277954
173.671089029625,144.78401980735637,265.65782194075,239.43196038528725
173.68736099410836,144.81126278831567,265.6252780117833,239.37747442336862
173.68580879976471,144.8088871878319,265.62838240047057,239.38222562433617
173.68357256446808,144.81541681995344,265.63285487106384,239.3691663600931
173.67957065632297,144.8125053244603,265.64085868735407,239.37498935107942
173.64911891133823,144.76402488473514,265.70176217732353,239.47195023052976
173.61896411225095,144.6546416517118,265.7620717754981,239.6907166965764
173.63237209176026,140.57896683116365,265.7352558164795,239.8848275218743
173.62271668389616,140.65845693896904,265.7545666322077,239.72584730626352
173.58028825845602,140.70757333416879,265.83942348308796,239.62761451586405
173.50743845626513,140.7125598500753,265.98512308746973,239.61764148405098
173.4089856779332,140.691070803759,266.1820286441336,239.6606195766836
173.3242422564222,140.6416479644792,266.3515154871556,239.75946525524319
173.19113274142686,140.5966341197164,266.6177345171463,239.84949294476877
173.17276794296333,140.57309179862872,266.65446411407333,239.89657758694415
173.16912772583217,140.54251335676406,266.66174454833566,239.95773447067344
173.1864157804627,140.51678850997743,266.6271684390746,240.00918416424673
173.1921147454048,140.48162952190214,266.6157705091904,240.07950214039732
173.18111256859385,140.4429932786946,266.6377748628123,240.15677462681242
173.13471384826025,140.39682097810532,266.7305723034795,240.24911922799097
173.09161952669703,140.30222125039097,266.81676094660594,240.43831868341968
173.0054998852962,140.20001712786282,266.9890002294076,240.64272692847595
172.85377090333273,140.13451970609458,267.29245819333454,240.77372177201244
172.73713292606303,140.04470547598692,267.52573414787395,240.95335023222776
172.59780415707579,139.9866133056173,267.80439168584843,241.06953457296694
168.44993155679805,139.88316985563387,268.08913966054274,241.27642147293383
168.40237579854283,139.72920791279947,268.18425117705317,241.58434535860266
168.37687048230805,139.57283291575305,268.23526180952274,241.89709535269552
168.38930735189012,139.4067735514389,268.2103880703586,242.22921408132382
168.38762069136413,139.24531847372145,268.21376139141057,242.5521242367587
168.36628486577737,139.0971179433451,268.2564330425841,242.8485252975114
168.37768303616645,138.992515900954,268.23363670180595,243.05772938229356
168.33900505509533,138.86484462225718,268.3109926639482,243.31307193968726
168.25657009730074,138.74352003708267,268.47586257953736,243.55572111003625
168.23196204787823,138.6417443395801,268.5250786783824,243.75927250504137
168.17768827717362,138.5445622427814,268.6336262197916,243.9536366986388
168.06827040566924,138.42755876181127,268.85246196280036,244.18764366057908
167.96517995596156,138.33058223670986,269.0586428622157,244.38159671078188
167.89492667448022,134.17638218834807,269.1991494251784,244.6066587893933
167.82297318384553,134.16002922842245,269.3430564064478,244.63936470924452
167.72125861959907,134.0375454763582,269.5464855349407,244.88433221337306
167.8059795736567,133.91793472463715,269.3770436268254,245.12355371681514
167.89170820251658,133.82858693637164,269.2055863691057,245.30224929334616
167.95590442447332,133.74550794448618,269.0771939251922,245.46840727711708
167.95163584476643,129.6028434193988,269.085731084606,245.65278863023804
167.83451242502127,129.5764786420794,269.3199779240963,245.70551818487684
167.73589559100918,129.51276829603907,269.5172115921205,245.83293887695748
167.61259471369374,129.4532184477424,269.76381334675136,245.95203857355085
167.49452691474036,129.31046028393635,269.9999489446581,246.23755490116292
167.3858829821874,129.14070904930668,270.217236809764,246.5770573704223
167.30867416780129,128.85277041108154,270.37165443853627,247.15293464687255
167.26895327419706,128.5777310090782,270.4510962257447,247.7030134508792
167.31109427111085,128.4030095556377,270.36681423191715,248.0524563577602
171.38718112690597,128.26015388672383,270.3768325970321,248.33816769558797
171.35763231990245,128.11628186632538,270.43593021103914,248.6259117363849
171.28786914264325,128.08462497411517,270.57545656555754,248.68922552080528
171.2348735761363,128.10075935096796,270.68144769857145,248.6569567670997
171.20515960413806,128.02153746029057,270.7408756425679,248.8154005484545
171.25411574352574,127.94313200351627,270.64296336379255,248.9722114620031
171.3821541918444,127.8382030560818,270.38688646715525,249.18206935687203
171.48754281020032,127.61511480705994,270.1761092304434,249.62824585491575
175.66963182716415,127.43199547685253,269.9962274650393,249.99448451533056
175.59123816535165,127.32078655047313,270.1530147886643,250.21690236808936
175.4916571133631,127.36362153750356,270.3521768926414,250.1312323940285
175.46510586077454,127.28070170122305,270.4052793978185,250.29707206658952
175.45684284512117,127.13840354425608,270.42180542912524,250.58166838052347
175.4972906661801,127.06134571150373,270.3409097870074,250.73578404602816
175.50940639977108,126.88588100429948,270.3166783198254,251.08671346043667
175.53227605637295,126.65774555369552,270.2709390066217,251.54298436164459
175.5694142186885,126.48729612964075,270.1966626819906,251.88388320975412
175.6452711865213,126.31426929100576,270.04494874632496,252.2299368870241
175.68657188107886,126.18612879000652,269.96234735720986,252.48621788902258
175.71294404993253,126.07411889644854,269.9096030195025,252.71023767613855
175.6840942265959,125.99556989303417,269.9673026661758,252.86733568296728
175.6660409111646,125.86615676959987,270.0034092970384,253.1261619298359
175.59691560737124,125.78643873296335,270.1416599046251,253.28559800310893
175.39182251364548,125.78245707786007,270.55184609207663,253.29356131331548
175.25766862086792,125.79980785043475,270.82015387763175,253.25885976816613
175.12027061043665,125.7852525066965,271.0949498984943,253.28797045564264
175.05818126521922,129.89918579787616,271.21912858892915,253.31691220079014
174.95981782057814,129.85967235155323,271.4158554782113,253.39593909343603
174.88200203899882,129.8253620379847,271.57148704136995,253.46455972057313
174.76175676088053,129.74718721004749,271.81197759760653,253.6209093764475
174.60660176831334,129.65116227111298,272.1222875827409,253.81295925431652
174.44482144616453,129.5178816152424,272.44584822703854,254.0795205660577
174.33062833376127,129.46406086051798,272.67423445184505,254.18716207550656
174.22129423051183,129.41048969173278,272.8929026583439,254.2943044130769
174.1081852000378,129.38630904439032,273.11912071929197,254.34266570776185
174.03214491796197,129.41557822888433,273.27120128344365,254.28412733877386
173.95289171863325,129.4006042055799,273.4297076821011,254.31407538538267
173.9383376407619,129.33998433597498,273.4588158378438,254.4353151245925
173.92017069850658,129.34032824881072,273.4951497223544,254.43462729892104
173.9286089425899,129.32415827224185,273.4782732341878,254.4669672520588
173.98991790271236,129.31028000790604,273.35565531394286,254.49472378073037
174.08110648498268,129.3197984641397,273.1732781494022,254.4756868682631
174.16269006960965,129.31145711374165,273.0101109801483,254.49236956905915
174.26361282819744,129.29774915683427,272.8082654629727,254.51978548287394
174.35195096188792,129.37006732094596,272.63158919559174,254.37514915465053
174.4490795588537,129.43147329286302,272.4373320016602,254.25233721081645
174.5551195033563,129.576008585689,272.22525211265497,253.96326662516447
174.696562534129,129.80709590881568,271.9423660511096,253.50109197891112
174.90047773777937,130.03322637552762,271.53453564380885,253.04883104548725
175.11747788541274,130.22561235240568,271.1005353485421,252.66405909173116
175.4359722843681,130.45397814474836,270.4635465506314,252.20732750704573
175.7929005121707,130.67794555543708,269.7496900950262,251.7593926856683
176.09971048179477,130.85500436961536,269.13607015577804,251.40527505731177
176.42554027071498,130.98432925931002,268.48441057793764,251.14662527792248
172.67240598647308,127.02441668230375,267.8086520568244,250.88442334233798
173.00165868444302,127.28169424081798,267.15014666088456,250.36986822530952
173.3086160601476,127.50350609720546,266.53623190947536,249.92624451253457
173.55522344044,127.73716471090151,266.0430171488906,249.45892728514247
173.84894010876963,123.9373586300366,265.45558381223134,248.94144889930325
174.1906116022537,124.27947195275779,264.77224082526317,248.25722225386087
174.5452423576569,124.54427436583164,264.0629793144568,247.72761742771317
174.9263972323033,124.81592495178265,263.300669565164,247.18431625581115
175.29174289640898,125.07298689622088,262.56997823695264,246.67019236693469
175.643073177,125.31613478150706,261.8673176757706,246.18389659636233
176.0980648774786,125.57483320296024,260.9573342748134,245.66649975345598
176.57165462933483,125.8489214975492,260.01015477110093,245.11832316427805
177.14251339826717,126.18325833973687,258.86843723323625,244.44964947990272
177.71599556943988,126.53452653988916,257.7214728908908,243.74711307959814
178.3012430070746,126.9618272859966,256.5509780156214,242.89251158738324
178.87827786257392,127.4280247243227,255.39690830462274,241.96011671073106
179.47432621384155,127.9360907845562,254.2048116020875,240.94398459026405
179.96343028950974,128.44053364307297,253.2266034507511,239.9350988732305
180.48227601725523,124.96334742092982,252.1889119952601,239.12385050096887
180.9914824114076,125.32898881503894,251.1704992069554,238.39256771275063
181.6033218117367,125.77400242492728,249.94682040629718,237.50254049297396
186.06621658647438,126.22065054170356,248.69677333615772,236.6092442594214
186.4780300220354,126.60718600664279,247.87314646503572,235.83617332954293
190.88919033935235,123.18957870269794,246.66770577135273,235.0545079964817
191.34452537811998,123.59135763724983,245.7570356938175,234.25095012737793
191.79734191304559,124.03069468374576,244.8514026239663,233.37227603438606
192.18459820162724,124.46848742028675,244.07689004680302,232.4966905613041
196.43922522743966,124.87065741851518,243.07217782336392,231.69235056484723
196.86883481779302,125.21724828930225,242.2129586426572,230.9991688232731
197.26547934387503,125.55344005674715,241.4196695904932,230.3267852883833
197.64918428712105,125.88593650743242,240.65225970400115,229.66179238701275
197.92918957664483,126.14921217580942,240.09224912495358,229.13524105025874
198.19549070679926,126.11258360600031,239.55964686464472,229.20849818987696
198.4222438534155,125.77532696804101,239.10614057141225,229.88301146579556
198.65683068453853,125.90279791191615,238.6369669091662,229.62806957804528
198.857416057728,126.18235441569009,238.23579616278727,229.06895657049742
199.0382928596923,126.30579660392704,237.87404255885866,228.82207219402352
199.1490400543958,126.61587876444365,237.65254816945162,228.2019078729903
199.11360595937126,126.87598909413579,237.72341635950073,227.681687213606
199.11654370587615,127.08796152578732,237.71754086649096,227.25774235030295
199.24897934696037,130.98839208162713,237.45266958432254,226.77886344548548
199.30013758307018,131.27090072995634,237.35035311210285,226.2138461488271
199.4110081823556,131.57586733988825,237.12861191353207,225.60391292896327
195.90715039638053,131.88744007213162,236.84976615402687,224.98076746447651
196.10404626088365,132.19148696346576,236.45597442502057,224.37267368180824
196.29187825687976,132.6102446868405,236.0803104330284,223.53515823505876
196.57459986028385,133.0793252045333,235.5148672262202,222.5969971996732
196.89109168051553,133.5747955531773,234.88188358575684,221.60605650238517
197.1960899401587,133.95502166494518,234.27188706647047,220.8456042788494
197.52610175669088,134.29777698561702,233.61186343340614,220.16009363750575
197.94707713443285,131.04166082441026,232.76991267792218,219.52709590905954
198.4264070135328,131.57201027773704,231.81125291972225,218.46639700240598
199.04756760899664,128.62811403220223,230.5689317287946,217.26398146819284
199.76631227282235,125.8882686214454,229.13144240114318,215.69196363101668
204.0574215285998,123.20406163525098,227.55351754556165,214.05608394743223
204.77021977510162,123.97675296274795,226.127921052558,212.51070129243828
205.55370304234927,121.36950330985162,224.56095451806272,210.81833796727696
206.28462641543317,118.76062671198265,223.09910777189492,209.18057830611477
207.01536114820138,116.15170841586608,221.6376383063585,207.59174302599914
207.75092528992502,113.73142894857193,220.16651002291124,205.67368899052929
208.44640552990523,111.24345124017285,218.77554954295078,203.9444705581971
209.146774630894,108.69522880166241,217.37481134097328,202.38493162769618
