287.0,32.0,100.0,332.0
280.86405334008066,36.667444489697516,98.16529194625603,328.2184117073963
278.1359321024928,38.42096555335422,97.1557840379735,324.7113695800829
278.48559625485694,40.43664215022676,96.45645573324522,320.6800163863378
275.7081341079473,42.680056182936255,95.6840062612558,316.1931883209188
275.88246655384404,45.00389982614354,95.33534136946226,311.54550103450424
275.9170530472532,47.35528800041229,95.26616838264394,306.84272468596674
272.97125740322866,47.02260267006602,95.0484082839409,301.39874395990716
272.9769526864234,46.3759153171294,95.03701771755155,296.6639904708847
269.9525211685007,46.085373792994005,95.12516614743052,291.28435891318907
269.7827190424224,45.643398177234786,95.46477039958708,286.2824064487744
269.62983949916475,42.53205726693088,95.77052948610245,280.8631249027646
269.3509666265187,42.12633878782938,96.32827523139446,275.92516945603234
268.89646958533643,41.683931745432176,97.237269313759,271.12084797423677
268.37060230647353,44.17140257377932,98.2890038714849,266.1459063175425
267.9717084860999,43.90733836951841,99.0867915122321,261.08916861721923
267.6161895332131,46.62157964548851,99.79782941800572,255.66068606527904
267.16875832470566,49.28034252839673,100.69269183502054,250.3431602994626
266.5286667488672,51.47040068699479,101.97287498669749,245.96304398226647
265.85102123954374,53.787797130880364,103.32816600534443,241.32825109449533
265.1539839880625,56.01675195320723,104.72224050830684,236.8703414498416
264.4649680432199,57.967949598261924,106.10027239799207,232.9679461597322
263.86386106600804,59.91158649537891,107.30248635241587,229.08067236549823
263.1476004331715,61.79489150491153,108.73500761808896,225.314062346433
262.49414843247655,66.36140853571995,110.04191161947875,221.36093653444445
262.03526902165913,68.5674178450676,110.9596704411136,216.94891791574915
261.5710118830981,70.6490561814189,111.88818471823566,212.78564124304654
261.06456176550887,72.5338607483619,112.9010849534142,209.01603210916053
260.4613720262149,74.3115337093358,114.10746443200202,205.46068618721273
259.84740283375754,78.7296330746226,115.33540281691681,201.6053846896371
261.6936683153643,80.85696657522888,116.58762423031601,197.35071768842454
261.043428749951,82.75248471105343,117.88810336114256,193.55968141677545
262.6932798795184,84.52967110915337,119.45676376089165,190.00530862057556
264.2096927449266,88.718095660769,121.26559341539077,186.47011490265976
265.6920661692922,90.33094121708042,123.11980490008452,183.2444237900369
267.25894289781843,91.69111235522901,124.78740125870993,180.52408151373973
268.7592845309834,92.98185171059559,126.57470120226245,177.94260280300657
270.319954660237,94.40367522141949,128.23182138605554,175.09895578135877
271.9243955264118,95.49862820304986,129.78552630217735,172.90904981809803
273.6602278972417,99.02315839068436,131.06859617266446,170.61472405497608
272.97671357783815,100.08689703510011,132.43562481147163,168.48724676614458
274.78097162334734,103.3862137764104,133.557541751236,166.61904631430681
274.159800772063,106.67972606817351,134.79988345380465,164.752038540447
273.4885392028047,107.42398143090578,136.14240659232135,163.26352781498244
275.2417022028432,110.16130818992131,137.34629614052935,162.4990898452365
277.1807455443618,113.00928984795922,138.18602873878623,161.5209458104548
279.01230579868945,118.31029195534407,139.23912530047352,160.3513757363703
280.7269928461442,121.30334906116285,140.5247822259227,159.08029254509134
282.4135600792765,121.74585015501569,141.86757516089125,158.19529035738566
283.9936047036691,124.58112528156474,143.43113610548377,157.2483902976652
288.140061706788,125.16659916461569,144.6059432694855,156.0774425315633
289.9496811747736,125.57522193773522,145.72101416138483,155.26019698532423
291.8513284523515,125.98377477311108,146.65698602157713,154.4430913145725
293.73479079544023,126.46674938654826,147.6313984819609,153.47714208769816
293.2474492139088,126.94324573184313,148.60608164502383,152.5241493971084
294.971964017527,127.35724508649548,149.89916004764427,151.6961506878037
294.4750471066178,127.57136868958943,150.8929938694627,151.2679034816158
294.0538940969187,127.8405255511218,151.73529988886082,150.72958975855107
293.64377723658777,128.10740773009758,152.5555336095228,150.1958254005995
295.6704961213448,128.4747869984672,153.2697975721851,149.46106686386025
295.44540454047353,131.16563750514578,153.7199807339276,148.84668670964874
295.160379164263,133.6982622346067,154.29003148634868,148.54611214541467
294.8943904665415,136.23214184300764,154.82200888179173,148.24721159237117
294.6318943849159,136.28323235275212,155.3470010450429,148.1450305728822
294.3919517949314,138.92805954429633,155.82688622501186,147.63444182303644
294.1672319575266,141.2911519475941,156.27632589982153,147.68674017710242
293.8855382495469,143.26777461272167,156.83971331578084,148.51983694607563
293.49792190203163,145.14526692208563,157.61494601081148,149.57321789203425
293.0240807346298,147.18683269749718,158.562628345615,150.3272807934806
290.1456169876329,149.60848469310787,159.45558005248608,150.34795258938217
289.6183513835158,154.71355392765423,160.51011126072027,149.89435152169267
289.1088746707326,157.0414437218214,161.52906468628666,150.12611645939208
288.6345430051193,161.97882447393872,162.47772801751324,150.06562345599787
288.24744935757053,164.47879509002126,163.25191531261072,149.98665434683332
287.8312249638782,169.48997349570467,164.08436409999553,149.82786732724617
287.3914799972059,171.85455172361662,164.96385403334003,150.04093587394794
286.9077482977824,171.68492803997333,165.9313174321871,150.3801832412345
286.3674104948452,174.14640059546196,167.01199303806146,150.4370163470062
288.3441994398541,174.27615652589887,168.05590825377203,150.17750448613236
290.27822194492626,174.5618578868553,169.19743547224778,149.60610176421952
294.59296498963465,174.75633219218233,170.6042646328864,149.21715315356545
298.8697477025927,175.1611981715738,172.11818244519284,148.4074211947825
300.63559299490885,173.11765434091538,173.6306852348718,147.45031548178804
307.3234983495256,170.7840851697223,175.41144392033414,147.06526402594227
311.42175552913534,168.6180420994594,177.36186179722273,146.32388404841404
317.9326458069273,163.78852063975592,179.6147350600777,145.799824422195
321.75511197944496,161.52112822460077,182.2052368933313,145.21689216336085
328.07597098115497,159.0057408622405,185.0075849206646,145.09964487783034
331.7751981636608,156.50404303912003,187.98719668938764,144.91400745720392
335.4303294306329,153.9316251469602,191.14004701317054,144.82728681266005
341.77454690517925,151.30087714874333,194.28633786823616,144.81054087437428
342.8493010815519,151.13461067850878,197.4627087535708,145.14307381484338
349.2950216268969,148.1723809459421,200.71011492411935,145.6879175262305
353.0353253632692,145.2652868117808,204.10521869273146,146.06425017387483
356.7779808993804,142.40161787956836,207.61092660317428,146.29607854696707
357.8227268394256,142.31441656869617,211.07382283436627,146.47048116871144
361.8118522990823,142.15646941571111,214.3107592383309,146.78637547468156
366.0450392934888,141.98872354081118,217.1677019673134,147.12186722448143
367.6036539730753,141.62925605652208,219.7607419549904,147.8408021930596
369.25267596225336,141.3515369401954,222.223933502853,148.396240425713
370.9111187547136,141.02387666579727,224.71456411731737,149.05156097450924
372.6958356701008,140.80293466687982,227.00098225130841,149.49344497234418
371.56517340565006,140.49529796551028,229.26230678020988,150.10871837508324
370.5835948853997,140.2942481313317,231.22546382071062,150.51081804344042
369.6822681928914,137.12420536862697,233.0281172057272,150.8729982028269
368.88771142875146,137.19214048377535,234.61723073400702,150.73712797253017
368.3636897897501,137.36104481939043,235.66527401200977,150.3993193013
368.18631020350256,137.58294177496856,236.02003318450483,149.95552539014375
365.3695979516294,137.87099775888896,235.6129973170689,149.37941342230295
362.77284810638486,138.27754802382157,234.78176655364004,148.56631289243774
360.3662911399523,138.7556622323154,233.596193505481,147.61008447545012
358.13119072539894,139.16154390964255,232.10144777801327,146.79832112079578
352.98050210366523,139.51458487602932,230.5448237898462,146.09223918802223
350.944865540411,139.80578559991454,228.7221993092578,145.5098377402518
349.009252793742,143.03497090276466,226.73654275339305,144.9083491837543
347.1099859542941,146.21910257328182,224.71797523415137,144.35718704085744
345.19172766179156,149.36481355781046,222.77683091056244,143.84342598039402
343.3135108048543,152.38795458441524,220.79326825243223,143.53714029918933
341.3551159785843,152.4600511901877,219.00491059082876,143.39294708764442
339.36569923960565,152.50547533206623,217.30783115979747,143.30209880388736
337.2190948784265,152.59131523744156,215.9521195806829,143.13041899313666
337.8659108862953,155.511953123009,214.65848756494526,142.91483999043194
335.6307424097542,155.43194034938085,213.526156118469,143.07486553768823
336.1723497531219,155.42717749810802,212.4429414317335,143.08439124023386
336.743631381315,158.16787099808988,211.30037817534728,143.1751605618803
334.54420387984845,157.9091663238381,210.1427740524459,143.6925699103839
335.2102791958689,157.74457452718488,208.81062342040508,144.02175350369032
335.81171857436016,157.5446452834032,207.60774466342255,144.42161199125366
336.2811957793441,157.286851819411,206.66879025345463,144.93719891923809
336.78518334919454,157.02963000716187,205.66081511375376,145.45164254373637
337.31092902797855,156.83394708380916,204.60932375618572,145.84300839044175
335.095773262818,156.49854310725703,203.54013345973783,146.51381634354604
332.8879829918563,156.1630052382783,202.46137120829982,147.1848920815035
333.56247139253014,153.1959386154677,201.1123944069521,147.63001428042588
331.25544176377457,152.9660788618062,200.25061658602402,148.08973378774886
331.8541302425424,152.8100721833325,199.05323962848846,148.4017471446963
332.3886689921215,152.57483295546638,197.98416212933023,148.8722256004285
330.1636866512224,152.32612455214283,196.985527340522,149.36964240707562
330.8269553173295,152.1110867263199,195.65899000830774,149.79971805872145
328.7931984923511,149.21026453789295,194.29820606835355,150.1730648456643
326.81460096088335,149.31710512746304,192.84179456254677,149.9593836665242
324.85453401198833,149.346561259099,191.37405477590414,149.90047140325225
322.93353935345766,149.27218924918984,189.8515727395078,150.04921542307056
321.04991887413314,149.0957963226432,188.2752281649743,150.40200127616384
319.24955676294104,148.7825003430883,186.55079633546256,151.02859323527366
314.76919311636914,151.08203864363043,184.89382812038443,151.7383643883003
313.1094158217602,150.7530066439839,182.91852046330172,152.3964283875934
303.36378263001757,150.20750481805533,181.30947288844408,153.48743203945054
301.7292209916211,152.26696687558206,179.31075720004975,154.63634688958442
300.08379031496577,151.69256887426576,177.34619908959047,155.785142892217
298.47438320045046,153.76052124178005,175.32159818623987,156.89265328956967
294.19819281078844,153.12529609004028,173.41456359180503,158.1631035930492
292.52965610101444,155.1578794754734,171.53132258475364,159.31825124878233
288.3029068987811,154.5635163013045,169.5661370694494,160.50697759712014
286.7194689485591,153.9665883449341,167.53550062996774,161.7008335098609
285.1366004634518,153.34250637790973,165.51661698961692,162.94899744390966
283.60150642749534,155.44482238227414,163.41415773027086,163.9170127664398
281.8286891562601,155.01367409618487,161.80497221078463,164.77930933861836
280.05948593380987,154.68355827477154,160.20037242783962,165.43954098144502
278.32320394285773,154.43511817266221,158.54491472910507,165.93642118566368
276.52485445733487,154.18525402432724,157.0320028588057,166.43614948233363
277.34261869763264,153.82264673230765,155.3964743782101,167.16136406637284
278.31115025603566,153.56694375679643,153.45941126140406,167.67277001739524
276.8064564771813,153.37581909512542,151.41283762267932,168.05501934073726
277.73225812932515,153.303651684661,149.56123431839168,168.19935416166612
278.7033397626353,153.0939722569284,147.61907105177133,168.61871301713134
277.263772254571,153.01779259391236,145.52082926611675,168.7710723431634
275.79885740500856,152.95501079585455,143.5045671335714,168.896635939279
274.2601947268137,152.92007500892382,141.6662529303318,168.96650751314047
275.0587638263329,152.9034746653927,140.06911473129338,168.99970820020266
271.21050141846763,153.0418124748641,138.04185595921257,168.72303258125993
269.67277850814276,150.25369773758908,136.2924029590793,169.47436323502683
265.90389599540487,150.37929338524978,134.21390596678748,169.22317193970542
264.5043065916647,147.81480427635643,132.24250595835767,169.58157134158208
260.92135416442676,145.63487426606858,129.92034417856317,169.19739804502257
259.8066214042648,149.42923037539848,127.44945751252027,166.30903801272956
256.26231135171076,150.193609029867,125.30610192944044,164.78028070379253
255.0013522652894,152.39437345050604,123.27031677660744,160.37875186251443
253.94266684238647,154.03076103298915,120.9303399297381,157.10597669754821
252.88439876617323,155.48703382266646,118.6776266981462,154.1934311181936
251.7885044997021,156.4721292563907,116.58134246950232,152.22324025074514
250.55877849153367,160.22082814907466,114.81696465800002,148.94967229321634
251.33513499379006,160.91795917032476,113.26425165348721,147.5554102507161
251.8934556853638,161.4390781493226,112.14761027033975,146.5131722927205
