236.0,86.0,179.0,205.0
235.54149189434168,82.01645899477155,178.91701621131665,205.92330429660123
235.65580487508743,81.70710457573547,178.68839024982515,206.5420131346734
235.9147103320235,81.31995200734531,178.170579335953,207.31631827145372
239.34224653625984,80.86375841527101,177.38182730862533,208.22870545560232
239.7179432918798,80.12491941655301,176.6304337973854,209.7063834530383
240.02796390802314,85.86668873602206,176.01039256509873,210.37977971891482
240.34823788182226,87.93902926437893,175.36984461750052,212.31396226390828
240.68973121601613,89.90788341633217,174.68685794911278,214.474576568308
241.08001079524718,91.89387601079628,173.90629879065068,216.6231050283946
241.46956514441092,97.0334927787172,173.12719009232316,218.62560098291044
241.8458348111207,98.93874116453838,172.3746507589036,220.97402872456416
242.29488826212938,100.92620023738084,171.47654385688628,223.18174660440462
245.9280732768794,99.95712282715999,170.41191597074865,225.11990142484632
246.4244687080138,102.20727909538131,169.41912510847982,226.83352301133934
250.03480269350888,101.38036635256802,168.42225885535132,228.48734849696592
250.4484126671254,100.6126518094566,167.59503890811825,230.02277758318877
254.00697394230303,96.76905173999127,166.7202902874337,231.4676037924486
254.30970710329774,92.95220641641545,166.11482396544434,232.8513781707782
257.707168530078,89.37297437882611,165.5808199225457,233.74892343529507
260.90446146621684,85.80505077143764,165.45194261451212,234.61906208582786
264.0750960916991,82.35667531413779,165.38742043286607,235.239065931109
264.47633365401794,81.97396099760127,164.58494530822844,236.00449456418204
267.89359397999425,81.85817770421511,164.03380458847684,236.23606115095436
271.2490127033633,78.64360954187494,163.6007391957325,236.3874254216411
274.6215075934895,78.68425367734167,163.128648321764,236.30613715070763
277.5607225563009,75.59758465783428,163.51408402015275,236.21560956571093
280.5186145942037,72.5720171312189,163.86717274514578,235.99787181814298
280.3700961228702,72.73614378847739,164.16420968781273,235.669618503626
283.29512685495257,72.89630258076375,164.58552044709856,235.3493009190533
283.0673941585137,69.96655251467813,165.04098583997626,234.93531059190903
285.32375589802706,70.10266359216607,166.80301276755503,234.66308843693315
284.7430758223143,70.25792984562675,167.9643729189805,234.3525559300118
284.0810820202282,70.38151310967807,169.2883605231528,234.10538940190915
283.7581661211734,70.55775666889781,169.93419232126234,233.75290228346967
285.2846496604674,67.53525759180249,173.21861082758682,233.4605148527478
286.75961774214,67.46357634032285,176.65547982660775,233.60387735570708
282.1198492179356,67.53944207425478,179.48981950015605,233.45214588784322
280.6201608669176,67.58489767595381,182.489196202192,233.36123468444515
276.1661889180994,67.75599443381658,184.86057649789038,233.0190411687196
274.98833566813846,64.67016971679608,187.2162829978123,232.6208435305107
274.13667505392175,64.93462811681478,188.91960422624572,232.09192673047332
273.27673785624745,61.89856004847701,190.63947862159438,231.54268046602164
272.2575974951173,58.882282878537225,192.67775934385463,230.93450246288293
271.36426274163694,55.91697248895693,194.46442885081535,230.20086864338845
270.4451131683759,53.09858373459099,196.3027279973374,229.15592616315553
269.6202366854971,50.36266999717601,197.952480963095,227.93261304991816
268.7691673179994,51.08574852280648,199.65461969809036,226.48645599865722
267.80580296902735,48.28591438224748,201.5813483960345,225.3785677270804
267.09141985073273,45.28843076871533,203.01011463262375,224.652368222988
269.8155408347984,45.72495527722275,204.29455861197897,223.77931920597317
272.3167856769427,46.28088602969365,206.03164375893965,222.66745770103137
274.7943621995061,46.703512871842975,207.8263867620651,221.8222040167327
274.0589434163618,47.20904249376933,209.2972243283537,220.81114477288
276.6232269115986,47.81869203596935,210.9414107109329,219.59184568847996
275.8860103711128,48.12801510249639,212.41584379190454,218.97319955542588
275.9489392247664,47.877600197256584,212.28998608459727,219.4740293659055
279.05486366551554,47.82748588097586,212.87733521006783,219.57425799846695
278.39550232371164,48.141477050655936,214.19605789367557,218.9462756591068
277.9560650674115,44.79397935153436,215.074932406276,218.82023449635213
281.06543706252205,37.380419785909666,215.6891195308617,219.98149139798764
278.39070512924576,33.24593071381227,214.17771214289087,221.38959828765894
277.6015876494048,26.154974769941518,215.7559471025728,221.85332485682582
276.5966078936277,22.387343437898664,217.76590661412692,222.49727016354444
273.31345027241775,18.188176442417102,217.3990435741718,223.96242587213254
270.8529045239961,14.102774627854913,215.3697528826067,225.18284731284842
265.17463104127586,13.763968701958731,212.85148798627606,225.8604591646408
272.41589060461763,10.310520021085608,212.18514919642683,225.8592663579699
267.83876212853716,10.662195531869926,214.44190921283194,225.15591533640125
266.3483962976963,7.901428883097154,217.4226408745137,223.7551622917751
264.9449779026482,8.5485466572556,220.22947766460996,222.4609267434582
261.2411730652096,5.416222663268897,220.66560704955734,221.75409444150176
255.21972810552992,5.643850192218338,218.7740287251509,221.29883938360288
253.97429038212405,6.294487530107588,221.26490417196266,219.99756470782438
252.71378354425104,6.632523891364926,223.78591784770865,219.3214919853097
251.87986422047715,6.53871953961314,225.4537564952565,219.50910068881328
248.10324072701223,6.024633007042993,225.99987073292291,220.53727375395357
241.9401255824534,8.725330966154445,224.2622020850373,222.1678273042323
227.50355851916316,11.019500090724122,217.98346210153986,224.60986387710852
231.14731754891358,16.51028840174277,210.69594404203903,227.5678439382658
225.15434268588123,21.6787349472244,201.98035406019557,231.03197731924132
228.96301173447839,30.142656278392465,194.36301596300126,234.54989631175263
232.81234183029494,32.045021502859896,186.66435577136812,237.49228383731167
236.54412593373243,37.6240377629412,179.20078756449317,239.66951423663747
242.54157778203086,43.2711585797006,173.7850603662338,241.53362559979354
249.26468027448146,45.77628890009906,173.37617668143557,243.04202560904812
256.83999778876324,48.65959712149434,177.82989332004578,243.81019305531547
273.57798645200614,51.85526742639935,184.07178907578162,244.03849795920902
267.0470699185884,54.71983000195293,190.40828306505898,245.0347118856599
267.07685089914867,57.56881966030316,197.19258785010192,246.1805993151228
263.9454886912528,56.59267962398735,203.45531226589358,248.13287938775443
261.22971296500293,58.99426479735776,208.8868637183933,250.43262770542438
262.3881972508277,64.88877382780417,213.79587184946067,253.0955630499653
264.01045252588125,67.24190694039177,217.89746767123805,255.73540319667444
262.3058508920684,69.72118618895522,221.3066709388637,258.229677248835
264.65704236572793,72.14265283414096,224.15044302959257,260.9328989965114
263.51556102728364,75.01814475454364,226.4334057064811,262.81553056273293
266.43359486915466,77.7431352507752,228.29671806721043,265.0649296147411
269.5824983202603,80.80129606046691,229.76298999614912,266.71268682650765
269.1141628262956,79.95595280389364,230.6996609840785,268.4033733396542
272.7065827129581,79.09041146356483,231.36910272367052,270.1344560203118
272.44122189064694,78.29990079380474,231.89982436829283,271.715477359832
275.8041949170314,77.72365887083038,233.09862904642523,272.8679612057807
279.160389860808,77.37116171806153,234.3480612384463,273.5729555113184
278.59455415031755,76.9802625286803,235.47973265942716,274.3547538900809
281.62507018275033,76.59141056726236,237.44175292388695,275.13245781291675
284.8822865376548,72.40335425968618,238.99389751438676,275.4419931277604
288.22785415187434,72.41266236729712,240.3990298936391,275.4233769125385
287.7472809318636,72.42212518374026,241.36017633366055,275.4044512796522
287.6926058615347,72.29903561000958,241.4695264743184,275.6506304271136
291.6164702217295,72.24056783949382,241.76097354633401,275.7675659681451
291.2662906744566,72.39107771845471,242.46133264087987,275.4665462102233
291.41180151363733,72.72420168064588,242.17031096251847,274.800298285841
291.13932400221563,73.15735198282835,242.71526598536178,273.93399768147606
290.8855795976258,73.70151483389424,243.22275479454152,272.8456719793443
291.1343294640941,74.2968388111504,242.72525506160486,271.65502402483196
291.6307852262728,75.0175221395034,241.73234353724752,270.21365736812595
291.20845338680147,75.78161977835322,242.57700721619017,268.6854620904263
294.72764707231863,76.62216298373318,243.5873723374603,267.0043756796664
291.3864256020874,77.58047242302919,242.23111472459337,265.08775680107436
291.860712358458,78.60113830820455,241.28254121185216,263.04642503072364
295.88290423876805,79.69188686399045,241.17849685844968,260.86492791915185
296.0044445109824,80.75652428059809,240.93541631402093,258.7356530859366
296.34255833289694,85.74623774140409,240.2591886701919,256.6238135479441
296.4264584566257,86.9329274188854,240.0913884227343,254.2504341929815
296.6090909233919,88.07127472300746,239.72612348920197,251.97373958473736
293.1508953651623,93.00588830344861,238.8998102350437,249.84721679447256
293.7399740992087,97.98379859771461,237.72165276695083,247.58771706901234
290.5444608994045,99.09100747144262,236.47040676102037,245.37329932155632
291.25644801052647,103.97203698819985,235.04643253877646,243.1990063291309
291.2816428404125,108.89758218423107,234.99604287900448,240.87906659217228
290.8125513111915,113.87284991217699,235.93422593744637,238.4224841795394
290.04981472023746,115.07637464564345,237.45969911935453,236.01543471260646
285.46781216383886,120.05431475137065,239.1674115842331,233.5158471490706
284.46822402168345,125.00990600124612,241.16658786854396,231.04836247846276
283.82383402031394,126.21949843537563,242.45536787128304,228.62917761020375
282.688895149526,131.27111655484828,244.7252456128589,225.9437967796462
281.60251536095313,136.33632966372227,246.89800519000454,223.2240060239834
280.42913739058685,137.70259814952777,249.24476113073717,220.4914690523724
279.30959793673514,142.7935247938416,251.4838400384406,217.7035712656389
278.39143814009765,144.08716961777913,253.3201596317155,215.1162816177639
277.5666959803814,149.10287935184735,254.96964395114804,212.4556780394176
273.51214996192726,154.0173521212021,255.72532303357477,209.98014545518964
272.78199022051183,155.09193359530596,257.18564251640566,207.8309825069819
272.306297939713,159.84458127806937,258.1370270780034,205.63846477410357
268.16867951882807,164.54594281860818,259.12042056584596,203.5275850469532
267.59454301337587,165.45774024935406,260.2686935767504,201.70399018546144
267.14244162924854,166.31728615227865,261.1728963450051,199.98489837961225
266.7879006523999,167.1893555196845,261.88197829870234,198.24075964480053
266.6686883014857,171.6829738139937,262.1204030005307,196.4822020116124
266.6164008640048,176.00048821969747,262.2249778754925,195.0507444855195
263.02714186449646,176.59694295460673,262.22175478099086,193.85783501570097
263.17621946817144,177.10465191680828,261.92359957364084,192.84241709129788
259.75926430533684,181.21581537244444,261.6165272498543,191.7610728294813
259.9756560441382,185.21327801435172,261.1837437722516,190.88473337964274
256.7641766850927,185.5960395670154,260.50906591244046,190.1192102743154
253.55937171243937,189.55875483765294,259.8438447025551,189.26861088823242
253.88159144612274,193.3380108234307,259.19940523518835,188.76087059983277
250.68139586089845,193.5413127686429,258.56714072825815,188.35426670940828
247.52283399630446,197.27551783979354,257.86787959621296,187.90224142834023
244.2095319661804,200.7078889389317,257.4961321120393,188.0358507744857
244.4768326685436,200.80506028287482,256.9615307073129,187.84150808659945
241.16665017708002,200.68995778635087,256.59829890362624,188.07171307964737
241.40878905289014,200.6193829891572,256.114021152006,188.2128626740347
238.12084623825945,204.07372222474248,255.7130891441765,188.28100183995502
238.38924740784344,204.24367360556278,255.1762868050085,187.94109907831444
238.5909807946136,204.16620823716144,254.77282003146814,188.0960298151171
238.85283909127304,204.2861085654077,254.2491034381493,187.85622915862464
239.11471110014594,204.29500611431502,253.72535942040352,187.83843406080996
239.45845665606902,204.3562706476978,253.03786830855734,187.71590499404437
239.8031924894417,204.51215861225478,252.34839664181197,187.40412906493046
240.1593950602081,204.66492504814184,251.63599150027915,187.0985961931563
240.51718455037673,204.71135972694714,250.92041251994192,187.00572683554572
240.7688037938645,204.7116130292178,250.4171740329664,187.00522023100442
237.59978452050615,204.57746653433568,249.8847905584803,187.27351322076862
237.91263570618247,204.46086442006543,249.25908818712765,187.50671744930912
234.6053975929943,207.61416935902076,249.01257107261398,188.06110091228845
234.960689388915,207.4460988779276,248.30198748077262,188.3972418744748
235.28167588742275,210.7395424608203,247.66001448375712,188.67131266451852
235.55906943373782,210.55475895000654,247.10522739112696,189.04087968614604
232.32263472467258,213.87190944455278,246.72488787374698,189.259787632564
232.55672620302605,213.66766076685616,246.25670491704005,189.6682849879572
232.79008357953649,213.42985148436685,245.7899901640192,190.14390355293588
233.04808503335812,213.2180830414997,245.27398725637588,190.56744043867016
233.24235555065542,213.04285611909907,244.8854462217813,190.9178942834714
233.40483191643972,212.7933343781478,244.5604934902127,191.416937765374
233.50713761353308,212.59475803912102,244.35588209602597,191.8140904434275
233.57059067566567,212.34409315691852,244.2289759717608,192.31542020783255
233.74172952100423,211.99568286828787,243.88669828108368,193.0122407850938
233.80120115272055,211.63583639732417,243.76775501765104,193.7319337270212
233.82021695973893,211.24241965297063,243.7297234036143,194.5187672157283
233.8824278254033,210.8037685933984,243.60530167228552,195.39606933487278
233.91344290295692,210.21925948920773,243.5432715171783,196.5650875432541
233.86632591239962,209.63212179467587,243.6375054982929,197.73936293231785
233.61852033695752,209.0661575422003,244.1331166491771,198.87129143726895
233.49830717392607,208.44432676645127,244.37354297524,200.11495298876702
233.41760647534028,204.34172622883872,244.53494437241162,201.3290156406593
233.22093562266912,203.7657852072147,244.9282860777539,202.48089768390736
233.15255670762187,199.6318101770649,245.0650439078484,203.71096573835771
233.06883727906342,199.10384768081852,245.23248276496528,204.76689073085043
233.265425366366,198.50875107451193,244.8393065903601,205.9570839434636
230.07237276362684,194.33526126581188,244.13286084586653,207.21151261089173
230.15610268823843,193.66316683280888,243.9654009966433,208.55570147689775
230.86260630352376,192.91520946707487,242.55239376607267,210.0516162083658
228.11100958324698,188.58985656898693,240.93256063620234,211.5792954341177
228.71133530876466,187.77999701940163,239.73190918516693,213.19901453328833
226.01369661207144,183.3738673337521,237.99747644570712,214.88156377174113
226.71662380703725,178.95530855280106,236.59162205577545,216.58905093198632
226.79952651121602,178.1937330438352,236.42581664741792,218.11220194991802
223.81283125916372,177.39823412000788,235.2425807594622,219.70319979757264
224.017212368764,173.10619870543815,234.83381854026157,221.12381504794303
224.4186240664014,172.4348420829793,234.03099514498678,222.46652829286077
221.76134997180063,168.08522229360096,232.157182679208,223.97740721663706
