144.0,165.0,364.0,53.0
144.31163810553807,164.4862203366617,362.37672378892387,53.02755932667665
145.394239673126,164.56180587729602,360.211520653748,52.876388245407966
146.67919173346138,164.7150068837097,357.64161653307724,52.56998623258062
144.89157493201668,164.9477212885751,355.2200463881327,52.10455742284978
143.24461105616922,165.16363713555555,352.55997720721825,51.672725728888906
141.4755276180525,165.38475941279953,350.1895717825799,51.230481174400936
139.82993165697502,165.59768721098303,347.6138256527406,50.80462557803396
141.15908644014968,165.80225909643002,344.9555160863913,50.39548180713999
142.64718735686736,166.042500305906,341.97931425295593,49.914999388188015
141.31168920293482,166.27167786654033,338.92322625990084,49.45664426691933
142.81467676694177,166.41267871592748,335.9172511318869,49.17464256814506
144.24818781918472,166.60281802216423,333.05022902740103,48.79436395567153
145.62399928864707,166.72291023295335,330.29860608847633,48.554179534093315
147.03030436642388,166.9606432398491,327.4859959329227,48.07871352030179
145.82233585494592,167.09621653633752,324.41194819290155,47.80756692732494
144.54871352330485,167.21587946279564,321.5171172075918,47.56824107440872
145.93316530325777,167.39832536185517,318.748213647686,47.20334927628967
147.41266771839125,167.56734511148835,315.789208817419,46.8653097770233
148.91946208839423,167.70953134104028,312.77562007741307,46.58093731791945
150.49319728211248,167.8965345352364,309.62814968997657,46.2069309295272
152.0501298393923,168.0930134735684,306.5142845754169,45.81397305286323
153.57319757857798,168.2608000813701,303.46814909704557,45.47839983725982
155.1868096271282,168.45531217644196,300.2409249999451,45.0893756471161
156.73045617676922,168.55103078612953,297.1536319006631,44.89793842774095
155.75315329900315,168.58366886647272,294.1011797560295,44.83266226705456
157.35351234871314,168.74967584830412,290.90046165660954,44.500648303391756
158.90695310420864,168.84662779058252,287.79358014561853,44.30674441883498
160.48015004807493,168.97008578468225,284.64718625788595,44.059828430635505
159.6707585270201,169.0789024457136,281.44857124401904,43.84219510857281
158.86622625292787,169.16898886475326,278.2888186424612,43.66202227049351
157.9867339596013,169.1932409161622,275.32628415078824,43.61351816767555
159.39948133357,169.23980953485662,272.50078940285084,43.520380930286784
158.4502289172847,169.3142387016476,269.76066689584917,43.37152259670476
157.47544154212184,169.3516409892801,267.1124971994149,43.29671802143977
158.53975014079126,169.31793114828534,264.9838800020761,43.364137703429314
157.3206507806769,169.31428410695122,262.8905933318993,43.37143178609755
158.17062681307752,169.28754404964096,261.1906412670981,43.42491190071809
159.024981433929,169.2504994625019,259.4819320253951,43.4990010749962
157.61745481032293,169.2094465068634,257.8390046231994,43.58110698627323
158.41450055321752,169.10547993884995,256.2449131374102,43.78904012230008
156.92084268416943,169.01201687488347,254.8133413787031,43.97596625023306
157.81543022437475,168.86348870239158,253.0241662982924,44.27302259521683
158.7304818093622,175.51162891409928,251.1940631283175,44.128208179404155
159.70606098415288,175.11881635185534,249.24290477873618,44.91383330389206
160.66993188058805,177.07130873609677,247.3151629858658,45.35286799920749
161.66608587643242,181.25536838157373,245.32285499417705,45.636562093068726
162.6307259325997,180.9043870471125,243.39357488184254,46.338524761991195
163.70346235524988,185.0850879126543,241.24810203654212,46.55868859467093
164.76806747106338,184.80871172255823,239.11889180491517,47.111440974863065
167.85270929654257,184.52991598507518,237.19606384264208,47.66903244982918
168.68116236949635,184.1958221594571,235.53915769673446,48.33722010106533
169.4034987090906,183.84488734040633,234.094485017546,49.03908973916684
170.02524227148294,183.51049828407028,232.8509978927613,49.707867851838934
170.70868231860348,183.1917642097551,231.48411779852023,50.345336000469345
171.48723373427862,182.82712612376824,229.92701496716995,51.074612172443025
172.24027841729907,182.4595279746857,228.42092560112906,51.809808470608104
172.9196387485049,182.08373521584028,227.0622049387174,52.561393988298974
175.5910526739025,181.68218345407763,225.9030432449918,53.36449751182427
176.15691662815857,181.32267893009697,224.77131533647972,54.08350655978556
176.63012725142065,180.9302708385805,223.82489408995554,54.868322742818506
177.04258853211343,180.51182454376854,222.99997152856997,55.70521533244246
177.4827317753641,180.02420735764542,222.11968504206862,56.68044970468867
177.98590645111744,179.5654760053976,221.1133356905619,57.59791240918429
178.42975757488693,179.02387931983995,220.22563344302299,58.68110578029962
178.934896176643,178.43342679047132,219.2153562395108,59.862010839036884
179.3958496843573,177.76062965887502,218.29344922408222,61.2076051022295
179.8759271499511,175.02406105528843,217.3332942928946,62.45651525802701
182.27478231362713,172.33043061897493,216.76959777355063,63.609762322645985
182.6469689838919,171.68008527015996,216.0252244330211,64.91045302027588
182.9103779398497,171.0273225874429,215.49840652110547,66.21597838571
183.12633171108115,170.38844525558926,215.0664989786426,67.49373304941727
185.5679035588337,169.72623144639147,214.47872590681828,68.81816066781289
188.10646240313105,169.08344721497127,213.7130291434012,70.1037291306533
188.5826572738457,168.45426060841396,212.76063940197182,71.36210234376789
189.0067416966212,167.81416308142053,211.91247055642089,72.64229739775477
191.5985527872012,167.1483839912709,211.07377480571307,73.97385557805404
192.08506988380392,166.4964445872295,210.10074061250765,75.27773438613684
192.49824553650024,167.96113676992906,209.274389307115,76.71531530849006
192.89554900672255,167.22184398606262,208.4797823666704,78.19390087622294
195.47160498957956,166.40308216951536,207.72411347977942,79.83142450931749
195.78767969546436,165.59953466845613,207.09196406800984,81.4385195114359
196.0126156228749,166.98993383617716,206.64209221318873,83.09248100928059
196.21298318555716,166.25927748956605,206.24135708782424,84.55379370250286
198.6324790644411,165.48811841768529,205.8804546421167,86.09611184626436
198.81827360402423,164.76925404982453,205.50886556295038,87.5338405819859
198.9398936679372,163.98404584981196,205.26562543512443,89.10425698201101
199.02822892770854,163.21729647961897,205.0889549155818,90.637755722397
199.13156784182496,162.45654147181568,204.88227708734894,92.15926573800354
201.4591711022596,161.69597029414965,204.81991203786077,93.68040809333566
201.47489685094507,161.01609789044005,204.78846054048987,95.04015290075483
201.5052418347577,160.3237957445272,204.72777057286459,96.42475719258056
201.55123221054788,159.63157285495367,204.6357898212842,97.80920297172757
201.51739372874667,161.26780325199843,204.70346678488664,99.22479106879459
201.3393647659807,160.62196569832057,205.05952471041863,100.51646617615029
203.4850993405349,160.05350824480416,205.5093475341195,101.65338108318306
205.48378052414537,159.53427872389847,206.27956811943494,102.69184012499451
207.51592350585554,159.02106686837385,207.01212135042158,103.71826383604372
210.01168481917176,158.45567685123842,206.84592424550226,104.84904387031456
210.2341391849031,157.82307948610165,206.40101551403956,106.11423860058812
212.74750350358389,157.19707751395106,206.2320230271916,107.36624254488927
212.71784574938476,158.9754393105689,206.29133853558983,108.68633270928433
212.67898812361673,160.97567308927756,206.3690537871259,109.58624287223542
212.40264026198764,160.617324721716,206.92174951038405,110.30293960735858
211.97401705331927,160.41767881805083,207.7789959277208,110.7022314146889
208.9881206713876,160.2182035504928,208.79392679013006,111.10118194980494
205.79099485438945,160.11134469812646,210.20953564993036,111.31489965453763
202.47485111212814,159.96824604084264,211.8386825685161,111.60109696910527
199.15166123526825,159.8711359998362,213.45304510782628,111.79531705111813
195.7034332930032,157.33815598133657,215.29041251135692,111.80218860711797
192.2739959474751,154.89418048831513,217.0630846256445,111.60393701639218
188.9469564094153,152.464951557002,218.60835074923054,111.35358192648496
188.34941946479074,152.7108475820325,219.80342463847967,110.8617898764239
187.8188627857274,152.93796529710812,220.86453799660637,110.40755444627268
184.6398079277811,150.65237831731744,222.078775229153,109.83485592250811
184.14729343566125,150.93802575960243,223.06380421339273,109.26356103793813
183.7333194275349,151.2688679028491,223.89175222964542,108.60187675144475
183.3267257907076,151.60257400646012,224.70493950330004,107.93446454422273
183.11160786373665,151.91513798773906,225.13517535724193,107.3093365816649
185.64127686949084,152.27005489126523,225.22832327149825,106.5995027746125
188.22606382115436,155.28101175285417,225.2002225592503,105.71906224251366
190.71719800201362,158.24252223968662,225.34365749633957,104.92174456765656
190.48349323660585,161.21456975813499,225.81106702715513,104.09151516066589
190.08362142342554,161.63143986639628,226.6108106535157,103.25777494414332
189.5680881996596,162.0576070526582,227.64187710104764,102.40544057161947
188.82605802148055,162.5086501230448,229.12593745740568,101.50335443084631
188.04826470290004,162.96498634542684,230.68152409456675,100.59068198608216
187.22754798217082,163.41236994213713,232.32295753602517,99.6959147926616
186.36993605060525,161.3545044603035,234.03818139915631,98.68835223401658
185.5445633345052,159.33108676104624,235.6889268313564,97.60492822731281
184.94717682466086,159.796742968997,236.88369985104507,96.67361581141131
184.3507992017399,157.82636857221024,238.076455096887,95.47882152809309
183.84436390906956,155.8251661676984,239.08932568222767,94.34979361486441
185.84418857644442,153.86431137440997,240.21551577458047,93.14566377433877
185.3362491921826,151.91431358066248,241.2313945431041,91.92519253457225
187.31077937612844,149.9301634573331,242.39548079372557,90.7803461627179
186.85785552286103,147.90793418255845,243.3013285002604,89.71556116538264
188.8136274615113,145.89793533758677,244.49280542765547,88.63253805063039
190.7793354271123,146.28673581154823,245.66188951463243,87.85493710270751
190.26886712364683,146.61680694481976,246.68282612156338,87.19479483616439
192.37543952697038,146.850655100256,247.57542428319465,86.72709852529191
191.93130684685724,147.02532126961165,248.46368964342093,86.37776618658063
191.44504809523707,147.26118331161817,249.43620714666127,85.9060421025676
193.42875868603423,150.00387945194203,250.59038127547336,85.54224513232634
195.5307355090644,150.15440610840776,251.5178439059001,85.24119181939488
195.09376638178335,150.3042785243743,252.39178216046224,84.94144698746177
197.21560372501355,150.45829283208158,253.2942163250919,84.63341837204725
196.7327440623513,150.62776033626164,254.2599356504164,84.29448336368714
196.15775742754408,150.8300471408275,255.4099089200308,83.88990975455539
195.47525940877236,150.97005658302032,256.7749049575743,83.60989087016978
194.75638506971015,151.2264421478651,258.2126536356987,83.09711974048021
193.93056676605246,151.4662226091585,259.86429024301407,82.6175588178934
193.06461991794387,151.71833577589024,261.59618393923125,82.1133324844299
192.19428598142673,151.98498795866325,263.33685181226554,81.5800281188839
191.41409076745117,152.26705270898145,264.89724224021666,81.01589861824752
190.71998946690547,152.55679123148997,266.28544484130805,80.43642157323043
190.03123350315346,152.88962308464085,267.6629567688121,79.77075786692872
189.35036346087367,155.9529279467818,269.02469685337167,78.91172500280649
188.551227635599,158.95575051415895,270.622968503921,78.17694431917914
185.15500465590105,162.00707227313353,272.1356532460063,77.35406201854059
184.47894633042233,165.05129165944857,273.48776989696375,76.55138366347299
181.12875678102031,168.1499019259942,274.8983239411023,75.64398818504716
177.8591101431311,171.2409648427074,276.1449116376633,74.75456793083823
174.6063722017638,174.33078694739172,277.3568248286871,73.86848641318039
171.23886923468615,180.09588816354486,278.7978835410174,72.92617842452414
170.60474056781686,183.1175343525445,280.066140874756,72.17933151103537
170.01551334442937,186.11543395859988,281.244595321531,71.48368996264757
166.75413469915296,189.13858395131427,282.46381086541516,70.74093172388748
166.2734568387247,189.47879983337478,283.42516658627164,70.06049995976652
165.68600163809748,192.53353385157388,284.6000769875261,69.25816517890148
165.0847760809001,195.59034707511782,285.80252810192087,68.45287804993058
164.56588541891375,195.88719529555715,286.84030942589357,67.85918160905189
163.9968287961356,198.9951471519404,287.9784226714499,66.95630864198482
163.48355843680162,199.39979644357868,289.00496339011784,66.14701005870823
163.07257753159732,202.5782149929385,289.82692520052643,65.1007049709692
162.68767871088366,203.03942022564132,290.59672284195375,64.1782945055636
162.3073813832037,203.5652997238871,291.35731749731366,63.126535509072006
161.9852944486101,204.04980033362983,292.0014913665009,62.15753428958656
161.65348849887886,204.56158599655595,292.66510326596335,61.13396296373435
161.32854944722393,205.08656169775657,293.3149813692732,60.08401156133311
161.10918762724162,205.53622272942408,293.7537050092378,59.18468949799809
160.88351669035043,206.00708666032378,294.2050468830202,58.2429616361987
160.76388408060188,206.53117913721002,294.4443121025173,57.194776682426195
160.65033145073642,207.0862275883476,294.67141736224823,56.084679780151006
160.35364692893768,207.6176212009484,295.2647864058457,55.02189255494942
160.0011757031586,208.15559486079718,295.9697288574039,53.94594523525189
157.0100917890112,208.6389211233825,296.78142915176693,52.97929271008128
154.10943861163824,209.10987860228866,297.420053940379,52.03737775226894
153.7239397933505,209.56686940639872,298.19105157695446,51.12339614404878
153.39170000670106,210.0383384094792,298.85553115025334,50.18045813788787
150.4208634739342,210.4570643970318,299.6611653852677,49.34300616278266
149.98119060007897,210.87696689868196,300.5405111329781,48.50320115948234
147.15853911863738,211.31466133075546,301.05981625642625,47.627812295335346
146.9162379499681,211.7438860320693,301.5444185937648,46.76936289270765
144.19971582517,212.14925312927062,301.8722116897624,45.95862869830499
141.47668430178683,212.56314806304835,302.22473339076026,45.13083883074958
138.72831518325307,213.00905050946665,302.6396724904996,44.239033937912964
138.52975527570257,213.43164006731692,303.0367923056006,43.39385482221242
135.84336746194924,213.8448437364793,303.35151743024653,42.56744748388763
133.03633921621113,214.2263154201935,303.91986315919456,41.804504116459285
132.55810543840028,214.60137405500717,304.8763307148163,41.054386846831875
131.9460244308881,214.9276693351964,306.10049272984065,40.401796286453404
128.78325862124478,215.2119726797083,307.3862879704468,39.83318959742961
127.96525715393983,215.43341443217952,309.0222909050567,39.390306092487194
124.66611884782847,215.58460972163658,310.56115888505025,39.08791551357305
121.29522202461345,215.77523228957608,312.2285163459941,38.70667037769411
120.27783634179124,215.99875769349205,314.2632877116385,38.25961956986216
119.32244488751707,216.1736503990202,316.17407062018685,37.90983415880583
115.84221495004371,216.32863249436144,318.0069156910252,37.599869968123386
114.99288826625519,216.46583165913196,319.70556905860224,37.325471638582336
114.22633968540751,216.64287476406378,321.2386662202976,36.97138542871868
113.60948988537396,216.7590526049425,322.4723658203647,36.73902974696125
113.07968618636431,216.81705195365663,323.531973218384,36.623031049533
112.60339077857236,216.8872914335854,324.4845640339679,36.48255208967541
112.23569057581028,216.94523782224292,325.21996443949206,36.36665931236044
111.94945327337177,217.01805174300125,325.7924390443691,36.22103147084373
111.60504258944246,217.08031505382633,326.4812604122277,36.09650484919357
111.26078162402075,217.1067724335962,327.1697823430711,36.04359008965383
113.53506869764288,217.0796385571063,327.861668002648,36.09785784263364
113.33782940566346,217.00869751893433,328.25614658660686,36.23973991897757
115.49461744042944,216.90820746598231,329.20200884938635,36.44072002488163
117.41093294322775,216.85890204793756,330.6459628275152,36.539330860971134
119.45221950118892,216.75312267218285,331.8618560899923,36.75088961248052
121.41206388994499,200.792457322232,333.261710059641,36.75496382941673
120.72460190530697,200.71568358694333,334.63663402891706,36.908511299994046
122.86112999264805,200.6712908496842,335.72451139883367,36.99729677451236
122.23524866946866,200.58492287050083,336.97627404519244,37.17003273287907
124.36793651956881,200.34204032919232,338.1093849462566,37.6557978154961
123.72155957658293,200.12564947711175,339.4021388322284,38.08857951965721
125.79100872683401,199.92496539790287,340.71401113447445,38.48994767807501
125.07736625345703,202.6089741789259,342.1412960812284,38.59900392105512
127.25790841266473,202.4297162953787,343.27915501602706,38.95751968814948
124.2100933578671,221.71859753401986,343.8528156104612,39.03354381699468
123.64042702197872,221.7254396192863,344.99214828223796,39.01985964646179
123.02037352458373,221.62069792803794,346.23225527702795,39.229343028958525
122.40070048348886,221.59763502433944,347.4716013592177,39.2754688363555
121.647258630441,221.51847185858486,348.9784850653134,39.43379516786468
120.82752361303832,221.51535435033338,350.61795510011876,39.44003018436766
120.03960098138373,221.46679895310362,352.19380036342795,39.537140978827175
119.4650092191549,221.418902872969,353.3429838878856,39.632933139096366
118.91225417977876,221.35630224348824,354.4484939666379,39.7581343980579
118.40215024029354,221.29137416690585,355.46870184560834,39.887990551222686
117.94179025794605,221.23435615362504,356.3894218103033,40.002026577784285
117.39745737507923,221.14430622479205,357.47808757603696,40.18212643545028
119.65538236647501,221.02203564127626,358.7046458893809,40.42666760248185
118.99100581455434,220.85645848576743,360.03339899322225,40.75782191349951
118.2456120603135,220.72023985573153,361.5241865017039,41.030259173571324
120.24404523825595,220.60718368776048,363.342823025859,41.25637150951346
122.34258941599248,220.45528911730747,364.99089797610924,41.56016065041942
121.70465641092602,220.27002346126562,366.26676398624215,41.93069196250314
124.2794000350043,220.04095496671846,367.0165215206548,42.388828951597475
123.68052774515789,219.80419004307515,368.21426610034763,42.86235879888409
122.93078042636358,219.53187672540426,369.71376073793624,43.40698543422589
122.37965629765898,234.41471675924163,370.81600899534544,43.526252562700826
122.02030795569351,234.13082330923902,371.5347056792764,44.09403946270608
121.82262893573454,233.78550467883352,371.9300637191943,44.78467672351707
124.97110639156674,233.54099086768795,371.66884155289534,45.27370434580822
125.13093244441396,233.27288245190843,371.3491894472009,45.809921177367265
125.47991159797581,233.14926897621086,370.6512311400772,46.05714812876241
126.06311220416944,233.12700986988781,369.48482992768993,46.101666341408496
126.61306990379805,233.0306430477767,368.3849145284327,46.29439998563073
126.98122968494101,232.90347770625988,367.6485949661468,46.548730668664334
127.43077145999678,232.80657352945428,366.74951141603526,46.74253902227556
124.99440780639094,232.67010314318009,365.61782675947427,47.015479794823946
125.49900406714113,232.61175274536117,364.6086342379739,47.13218059046176
126.15808733692518,232.63534519543657,363.2904676984058,47.08499569031099
129.81159274667309,232.52899161449687,361.94719182401906,47.29770285219033
130.5094774483128,229.63758060680874,360.55142242073964,47.13097132759925
131.06567006661948,229.62291134498656,359.4390371841263,47.16030985124357
131.5390368039167,229.54680002005188,358.4923037095318,47.31253250111295
134.65651182748712,229.551016285291,358.1595963814905,47.3040999706347
134.8764183813664,229.56662286054384,357.71978327373193,47.272886820129024
132.09501028361106,229.65198015838837,357.39180954746683,47.10217222443998
132.26911877895517,229.67923904820358,357.0435925567786,47.04765444480957
129.3998819602767,229.7570383112895,356.90517248080954,46.89205591863771
126.3235175641922,229.78622423805226,357.18607781192765,46.83368406511219
117.3792443926157,229.86662110611786,357.4511003788683,46.67289032898097
116.87482767915009,229.99829835156802,358.45993380579955,46.409535838080664
113.75243720324116,230.1377565614579,358.8212825481816,46.13061941830092
110.77785243789464,230.2762585626831,358.8877205786546,45.853615415850534
107.77144714299993,230.38734765352007,359.0225278078052,45.63143723417661
101.64507801755627,251.02191354015156,359.52460297240077,45.48962626293473
