208.0,223.0,361.0,64.0
211.84497073829164,222.8039622421642,358.5811127132831,63.39207551567157
212.83732967436245,223.12045786686912,356.5963948411415,62.75908426626174
213.6955843923965,223.51435056358076,354.87988540507337,61.9712988728385
214.32221629045142,223.67466193979985,353.62662160896355,61.65067612040033
211.9887814970165,223.99787036218643,352.1711161721061,61.00425927562712
209.72812469760953,224.24625576380058,350.60302302570415,60.50748847239887
207.2601849233197,224.65019964141234,349.4810665854936,59.6996007171753
207.62259190129,224.913471547909,348.756252629553,59.173056904181955
207.93431654382135,225.18822645597467,348.1328033444903,58.62354708805065
207.93899523811817,225.33417747556746,348.12344595589667,58.331645048865084
205.38223729376278,225.56889660041566,347.25662912396797,57.86220679916869
205.97095678277358,225.87488662014488,346.07919014594637,57.25022675971027
206.4412878529082,226.14178331076945,345.13852800567713,56.716433378461105
206.90246816107208,226.35354320326604,344.2161673893494,56.29291359346793
209.9487722040487,226.51956364771354,344.00924937487315,55.96087270457289
210.17599960294683,226.5224425499344,343.5547945770769,55.95511490013121
213.28450531167758,226.4080155281531,343.2075917442175,56.18396894369379
213.55151465233854,226.20116309142773,342.67357306289557,56.597673817144546
213.89268729197897,225.9959789715512,341.9912277836147,57.00804205689758
214.30293591187842,225.77272259948109,341.1707305438158,57.45455480103786
214.6321743427034,222.78521618338894,340.51225368216586,57.56295768474113
214.83981707126327,222.84606170822536,340.0969682250461,57.44126663506832
218.4039950436821,222.9217522894056,338.8200833770557,57.28988547270783
218.89500716677333,222.96766345114744,337.83805913087326,57.19806314922413
219.08687179791758,222.80691321484468,337.45432986858475,57.51956362182964
219.48745374694897,222.67398407057624,336.65316597052197,57.78542191036655
219.90340075169777,219.78979526354047,335.82127196102437,57.743224142366664
220.63574176092223,219.5201974154589,334.35658994257545,58.282419838529776
224.03678107240478,219.2122356677209,333.3430891668039,58.89834333400582
224.77404756074964,218.90389738635886,331.8685561901142,59.51501989672987
225.3547486131852,218.54987876966646,330.7071540852431,60.22305713011471
228.72720577088413,218.22911489548093,329.73848416256175,60.86458487848573
229.59698792408958,217.93342690635632,327.99891985615085,61.455960856735
230.51135401351172,214.8724494573703,326.17018767730656,61.815043814135976
234.0503526738787,214.31931610104814,324.83669643398844,62.92131052678023
235.06440794426615,213.78625397542277,322.80858589321355,63.987434778030995
238.69489200443869,213.30782466587422,321.2878576552137,64.94429339712809
239.571141030094,212.8390623902481,319.5353596039031,65.8818179483803
240.51688170001088,212.27945137224927,317.6438782640693,67.00103998437801
241.214441796603,211.78203601852556,316.24875807088506,67.99587069182544
241.88709081928332,211.19039321975052,314.90346002552445,69.17915628937548
242.5970068869383,210.5774986146419,313.4836278902145,70.40494549959274
243.56758133362462,210.0275209585027,311.54247899684185,71.50490081187118
241.64737167834988,209.60228449518888,309.65440632248567,72.3553737384988
242.4309263287048,209.1146157430233,308.08729702177584,73.33071124282989
243.28036710541753,208.5774893520706,306.3884154683504,74.40496402473534
241.5209928112387,210.74275863196385,304.19539151473015,75.78619800692665
242.0931519494849,210.19095704312633,303.05107323823773,76.8898011846017
240.14420488458796,212.46932446670795,301.23679711186867,78.04523659360144
240.6646433764126,211.99508916136818,300.19592012821937,78.99370720428098
241.2436461707469,214.13067228083756,299.0379145395508,80.43437106558514
238.92165844430326,216.5074624862817,297.95921182736527,81.40346881976966
236.78965806401644,216.0907231731345,296.49751017007674,82.23694744606408
237.72018589091883,218.2632560984647,294.63645451627195,83.61262129579166
238.4133896640346,220.56485658259112,293.2500469700404,84.72965510821335
238.8495448613682,220.1454100991278,292.3777365753732,85.56854807514004
236.85005930660404,222.41666834452465,290.65189460748974,86.75084466175811
237.47283561700917,221.9387872409963,289.4063419866795,87.7066068688148
238.1856435008886,221.45230605302567,287.9807262189206,88.67956924475607
239.04790020260188,220.95075224282553,286.25621281549405,89.68267686515634
240.24066101372952,220.33261033870156,283.87069119323877,90.91896067340431
241.41048817869802,219.5545716942859,281.5310368633018,92.4750379622356
242.56094639885293,218.73642641562355,279.23012042299194,94.11132851956026
243.8660504866578,218.04227042520043,276.6199122473822,95.49964050040654
245.1094022978048,217.27884261229752,274.13320862508823,97.02649612621232
246.10672630368816,216.48856690635392,272.1385606133215,98.60704753809955
246.96934055577117,215.5431306951432,270.4133321091555,100.49791996052102
250.68509486566242,211.67293961848813,268.66765555159685,102.55247005160726
251.70092193693583,210.50218611964075,266.63600140905004,104.89397704930202
253.1442934478257,206.50566065722552,263.7492583872703,107.17645204141283
257.3504511246721,202.53031428968904,261.0467093504428,109.41737845962052
261.3333505069203,201.34910011126505,258.79151632294145,111.77980681646854
262.3343182107209,197.0584943450487,256.7895809153403,114.6412085482767
266.85753342496594,195.74844279227955,253.48436727384563,117.26131165381501
271.0669858019724,191.2309823937411,250.8046030543337,120.55709191639093
275.2969562577161,189.72597084154054,248.10225111113746,123.56711502079209
279.48183423960984,185.4356651509905,245.502829780697,126.37739176854505
280.6281238163127,184.21823222199305,243.21025062729126,128.81225762653995
281.6584498391497,182.95466413111777,241.1495985816173,131.33939380829054
285.8668400029701,181.6346661005226,238.53471192427605,133.97938986948088
286.77802818652805,180.36397165492215,236.71233555716015,136.52077876068176
290.4418524223097,179.0740901980728,235.20918910387667,139.10054167438045
291.0252142660188,177.8463895796841,234.04246541645838,141.5559429111579
292.0092386608321,176.9053992773873,232.07441662683175,143.43792351575146
292.4299209121707,175.7873525743734,231.23305212415465,145.6740169217793
293.060503077137,174.8451086293434,229.9718877942219,147.55850481183927
293.7814209980433,176.9216651422696,228.53005195240942,149.31523179397286
294.3307705482554,176.07641214170314,227.4313528519852,151.00573779510574
294.8712733063893,178.1251326981088,226.35034733571734,152.83747577505673
292.5539478881225,177.19295654948013,225.0416575027789,154.70182807231413
293.44402935739384,176.3085655416906,223.26149456423616,156.47061008789322
290.9940076624288,178.76923726649116,222.20467531748776,157.50612927497053
291.74745629072333,180.9732804471053,220.69777806089877,159.05600047233648
288.87724370701136,180.09514599231335,220.47755759807467,160.81226938192037
289.4471618258983,182.29154383523183,219.3377213603008,162.4056305728391
286.6167537039137,184.43919858455627,219.00356852274032,164.10529015571993
286.91889468046276,186.79920423069274,218.3992865696422,165.40298358616545
284.4976690648135,186.3391708035162,217.21202998963412,166.32305044051853
281.8707194854356,188.60057250698412,216.43931292254194,167.82686325943064
282.44729796614337,188.16745258547624,215.28615596112638,168.6931031024464
282.626937015478,190.57060451701798,214.92687786245708,169.92257706716333
282.87352225102825,190.0134758568878,214.43370739135665,171.0368343874237
279.9080984841697,189.27080473903595,214.30377781802525,172.5221766231274
280.47716732236114,188.27799135238908,213.16564014164234,174.50780339642114
280.8236274702368,190.37714195293117,212.4727198458911,176.40700275789123
281.53186021311876,189.4353677732613,211.05625436012713,178.29055111723093
282.185717463734,188.5239089618986,209.74853985889658,180.1134687399564
279.73208623274354,187.5648006688478,208.52067915798477,182.03168532605795
280.7316928806074,186.8195192956853,206.521465862257,183.52224807238298
281.7201675221,186.13274798095978,204.54451657927186,184.89579070183402
282.58954456330576,185.1033710960916,202.80576249686032,186.9545444715704
283.32887689333916,184.05124630579752,201.32709783679354,189.0587940521585
284.04174423837065,182.94224378892858,199.90136314673055,191.2767990858964
284.78280258824276,181.79696193459253,198.41924644698636,193.5673627945685
285.557871234042,180.80176535917076,196.86910915538783,195.55775594541208
289.39800529761806,179.68370681963899,195.36878303358998,197.79387302447557
290.23506648384824,175.85864163847427,193.69466066112963,199.252494941752
290.99411519804323,174.76456064107995,192.1765632327397,201.44065693654062
292.0698115594828,170.8002781093314,190.02517050986063,203.17095484254452
296.2357845178461,169.8239684910813,187.8844243316277,205.1235740790447
297.41880404713766,165.81182649324836,185.5183852730446,206.9602444774038
298.4989822249724,165.03546069756464,183.35802891737512,208.5129760687712
299.84213405391057,164.09822055150642,180.67172525949874,210.38745636088768
304.28363198577574,159.94943332361325,177.9426951519364,212.53106506050602
305.5134511686455,158.9687761200751,175.48305678619687,214.49237946758234
306.67289947232615,157.79513663647356,173.16416017883554,216.8396584347854
307.92370548122756,156.6743908788202,170.66254816103282,219.08114995009214
312.1898542698127,155.38015789298169,168.2560943562642,221.66961592176912
313.46549705147413,154.3343741835361,165.70480879294132,223.7611833406603
314.514218935081,153.07132083838616,163.60736502572763,226.28729003096018
315.4463681795337,151.7054417735701,161.7430665368222,229.01904816059232
316.50778514180627,150.50746839829534,159.62023261227708,231.41499491114183
317.7252404239093,149.39905862959506,157.18532204807096,233.63181444854243
319.09747608688895,148.52206142435904,154.44085072211175,235.38580885901447
320.3605261994773,147.5215224957481,151.91475049693497,237.38688671623635
324.6429747751266,146.74471733785674,149.44353563012857,238.94049703201904
325.76940390752077,145.96089512234173,147.19067736534026,240.50814146304907
326.8841211195113,144.95671470999412,144.9612429413593,242.5165022877443
331.00779368504135,143.97495624403643,142.7673670858486,244.48001921965968
332.1219394366641,143.19169041559002,140.5390755826031,246.0465508765525
333.3621122410466,142.6821682912709,138.05872997383818,247.06559512519075
337.6832754621387,142.11707250855676,135.42031078074402,248.19578669061903
339.00252289797044,141.63994199664018,132.78181590908045,249.1500477144522
340.49090684151037,141.18482154141824,129.80504802200062,250.06028862489603
341.8115903490738,140.54722187234208,127.1636810068737,251.33548796304837
346.17719616334523,139.82664453050512,124.31234995518359,252.77664264672228
347.387909494206,142.12473070357765,121.89092329346208,254.03209509484805
351.7256580078957,141.38694780159983,119.04332131490469,255.5076608988037
352.99020280990527,143.5355550470008,116.51423171088554,257.01018812433074
357.3223440663192,145.4463092891472,113.62726031741757,258.9659907593979
358.53058239772145,145.0440203847956,111.21078365461307,259.7705685681011
359.9532650530658,144.81695391232932,108.36541834392435,260.22470151303366
361.27419250900255,144.54675310762048,105.72356343205098,260.76510312245136
365.5375871313111,144.1675541469827,102.83765824333423,261.5235010437269
369.5568508487565,146.67637197577483,100.39940526786776,262.106139845567
370.79362696205834,149.35638969889322,97.92585304126405,262.3110452561293
374.8074277421056,149.41456721423427,95.42163640578721,262.19469022544723
376.16209134258384,151.99643170833366,92.71230920483075,262.50747644190324
377.41434361008004,151.87977725989163,90.20780466983834,262.7407853387873
378.60687368119403,151.7819005654556,87.82274452761031,262.93653872765935
379.487475381995,151.76425930822302,86.06154112600836,262.9718212421245
383.09403826553995,151.63275535245683,84.16556221154943,263.2348291536569
383.91414601952437,150.93384439421848,82.52534670358061,264.6326510701336
384.7220865305862,153.15817959995127,80.9094656814569,265.4596395568583
385.4528347173664,152.41606289997068,79.44796930789653,266.94387295681946
386.09888158787965,151.51614596217158,78.15587556686998,268.7437068324177
386.4613846936484,149.68907146043713,77.43086935533245,272.39785583588656
389.3763885898502,144.74788439150953,76.89175734292444,276.9893341937463
389.7719628211555,143.36705481472507,76.1006088803137,279.7509933473152
390.07330141444464,139.53970849131997,75.49793169373547,282.0360461608926
