147.0,198.0,363.0,85.0
148.5318534720697,197.9097616005476,358.9362930558606,84.18047679890483
150.21207312318666,198.23426620341013,355.5758537536267,83.53146759317974
151.6891513965968,198.55287179405275,352.6216972068064,82.89425641189453
152.88565399393815,198.89295098859947,350.2286920121237,82.2140980228011
154.1593243030756,199.18243327963347,347.6813513938488,81.63513344073307
155.33220115961913,199.44967974535513,345.33559768076174,81.10064050928973
156.40313439638282,199.7476303097366,343.19373120723435,80.5047393805268
157.36165481540652,199.9932043639973,341.27669036918695,80.01359127200539
158.20911467685008,200.20636875787048,339.58177064629984,79.58726248425906
158.9268876547929,200.44695147820283,338.1462246904142,79.10609704359436
162.7835748854737,200.6999719170097,336.67916459767565,78.6000561659806
163.53013135292707,200.84524911901042,335.18605166276893,78.30950176197919
167.4303216687704,201.1432561705611,333.5753122013204,77.71348765887778
168.47787679324924,198.61673736190411,331.48020195236273,76.61083432294498
169.43971586690168,196.05550909456593,329.55652380505785,75.6280348457797
170.50517055796968,193.49287861296045,327.42561442292185,74.69378955690686
171.55510076765458,190.8753237991897,325.32575400355205,73.91711685733391
172.60985079002123,185.36176230707568,323.21625395881875,73.00921438029138
173.6640086992622,182.71912142851602,321.1079381403368,72.37391209369858
174.86887086559722,180.14295630057643,318.6982138076668,71.64733508446082
176.149479265509,177.6342512391412,316.1369970078432,70.8334825547737
177.55154410049133,175.09723269389093,313.33286733787855,70.12769819117997
178.806606387087,169.88803791202673,310.82274276468723,69.09196008838131
180.08349446387177,167.40998132646735,308.26896661111766,68.37601053748244
181.37335062070656,164.97254276165347,305.6892542974481,67.62828284644279
179.56890987275762,165.12659514263547,303.7259640088471,67.3201780844788
178.29956739928963,162.82508847998798,300.72583286928227,66.384375323273
179.53505857246776,160.52505415109232,298.254850522926,65.5055563653745
177.9654293605078,158.17393011431818,295.96666520708914,64.78036069916593
179.0006322243484,158.29047119493242,293.89625947940795,64.5472785379375
177.13555542302169,158.41799822011603,292.2783034218536,64.29222448757024
178.07859063809917,156.0825207872644,290.3922329916986,63.642578593716934
178.96314967895637,156.16344676463802,288.6231149099842,63.480726638969735
177.40308740319944,156.2193924212247,286.4893213144909,63.36883532579633
176.04401824747578,156.24590186713567,283.985495920434,63.31581643397442
174.85426147828795,156.3054816197093,281.17904078221505,63.19665692882717
175.86312877458286,156.44814598697872,279.16130618962524,62.911328194288345
176.77902160284447,156.60999038285263,277.329520533102,62.5876394025405
177.0785592553938,156.89880337807332,276.73044522800336,62.01001341209911
177.31458289552006,157.0735552440722,276.25839794775084,61.66050968010135
177.45266148344388,157.32713560238537,275.9822407719032,61.15334896347504
177.69447621582026,157.49882463263663,275.49861130715044,60.80997090297254
178.05612706616415,157.6162080793492,274.77530960646266,60.575204009547335
178.54364491937883,157.63020195537007,273.8002739000333,60.54721625750562
178.78388081441787,157.65542653061837,273.3198021099552,60.49676710700903
178.87920427768677,157.7340247870311,273.1291551834174,60.33957059418355
179.26214247117392,157.83838669381944,272.3632787964431,60.13084678060686
179.51478599085513,157.95376841706087,271.8579917570807,59.90008333412402
179.87288331882172,158.0362537988669,271.1417971011475,59.73511257051192
180.1738649389775,158.0228698320646,270.539833860836,59.76188050411654
180.83128663075158,157.74236699956379,269.2249904772878,60.32288616911818
181.39338156054447,157.65792501832323,268.100800617702,60.49177013159932
181.59897426304866,157.73264682731403,267.68961521269364,60.34232651361773
182.090932869195,157.60451892746704,266.70569800040096,60.598582313311674
182.84671992414945,159.8421041952633,265.19412389049205,61.01565520867215
183.61337684089074,159.57228060831383,263.6608100570095,61.55530238257107
184.40270217562093,161.70580290310718,262.0821593875491,62.15625582671468
185.2828285164743,161.49931609817804,260.32190670584237,62.56922943657298
188.44323978089847,161.28695369604085,258.84170618420706,62.99395424084736
188.8613795810967,163.44858005180907,258.00542658381056,63.49867678960344
189.39237637751464,163.20102134978495,256.9434329909747,63.993794193651695
192.2296499153002,165.39243439245965,256.0892581105441,64.43134030344287
192.75136318414792,164.9974199717845,255.04583157284867,65.22136914479316
195.5519586930998,167.01172474852723,254.26165290350133,66.00977193986415
195.77485977001146,166.49132108281242,253.815850749678,67.05057927129374
195.97103408571468,165.94826690654094,253.42350211827159,68.13668762383676
196.14369181170377,167.86522823320743,253.0781866662934,69.15198649571884
196.27499687454556,167.26119457564727,252.8155765406098,70.36005381083922
196.36951708207266,169.13005193339836,252.62653612555562,71.50473641742585
196.30946635034365,168.3868228569453,252.74663758901363,72.99119457033206
196.24630423106294,167.64376882451467,252.87296182757507,74.47730263519324
196.17045734853295,169.31372512707077,253.02465559263504,76.09744356087865
196.1731459639936,168.45054194569286,253.01927836171376,77.82380992363441
196.3360644518379,167.54942802587777,252.69344138602514,79.62603776326462
196.44577985443163,166.6425646406019,252.4740105808377,81.43976453381637
196.4836642856149,165.66753378546014,252.39824171847116,83.38982624409991
196.95076584431203,167.06036421876635,251.46403860107688,85.72197676696362
197.04998312071206,168.44554059276584,251.26560404827683,88.09876882773392
196.90236708898186,167.2459514160867,251.56083611173722,90.4979471810922
199.62837416987946,166.11096827704768,251.34415779801782,92.76791345917027
199.79196816913966,167.4789538096233,251.01696979949742,95.30521750624906
200.04004383260838,166.40213883527088,250.52081847256,97.45884745495388
200.30945655410244,165.32436753232497,249.98199302957187,99.61439006084572
200.60339812148743,166.95587838085515,249.39410989480186,101.72800156015515
200.84794161745037,166.06719567000798,248.905022902876,103.50536698184955
201.143334735311,165.13674090044145,248.31423666715477,105.36627652098261
201.43575102004473,164.10774056046859,247.72940409768728,107.42427720092834
201.8063294084006,163.10327012433754,246.98824732097555,109.43321807319043
202.2065891318298,162.11842816427546,246.18772787411714,111.40290199331459
202.54246446624873,161.14412258523103,245.51597720527928,113.35151315140342
205.8291065269272,162.95038386719906,244.4975087644625,115.29380626800747
206.23472529459008,162.0447955021863,243.68627122913676,117.104982998033
206.756144765621,163.91089241819006,242.6434322870749,118.96643638446471
207.2684795761778,165.78564373864174,241.61876266596133,120.82769232770876
207.8127611154514,164.91516241106433,240.5301995874141,122.56865498286353
208.35948614195888,166.80078714782672,239.43674953439918,124.4395550329285
208.8242620872989,168.79658938541968,238.50719764371908,126.1062924850151
209.22994344981407,170.81360588311694,237.69583491868877,127.74558496407117
212.32370318332383,169.99542180956934,237.19780630380416,129.38195311116633
212.68369769815126,172.04809373664426,236.4778172741493,130.98675634499418
212.9209295048772,174.08585045752045,236.00335366069743,132.63816178006502
213.19775749518,176.1892775809061,235.4496976800918,134.17934930188196
213.48377659926487,175.48622888988507,234.87765947192207,135.585446683924
213.66481947023112,177.6998676986229,234.51557372998957,136.9396096119753
213.8049226203835,176.9910895247957,234.2353674296848,138.3571659596297
213.89814601877583,176.25264284609364,234.04892063290015,139.83405931703388
217.00541917968596,178.46702210864794,233.67537359694376,141.2463000777891
217.1185313657009,177.8734531343589,233.44914922491387,142.43343802636716
217.179575140466,177.2875096783372,233.32706167538367,143.6053249384106
217.2436015452666,176.67334557963684,233.19900886578245,144.8336531358113
220.43176292893313,176.11629126319463,232.73515621463144,145.94776176869573
220.50901977973473,178.6003018731521,232.58064251302824,146.90396788806595
220.62355839099385,178.21632663435724,232.35156529051,147.67191836565567
223.71630326878244,177.75295039843581,232.11343774326608,148.59867083749847
223.7008210840226,177.4647274792697,232.14440211278574,149.1751166758307
223.71817041694408,180.2504232535843,232.1097034469428,149.57311404270015
223.75288884450427,180.0171345484585,232.04026659182244,150.03969145295176
223.79148057111414,179.8736213477747,231.9630831386027,150.32671785431938
223.82958380102227,179.78230348689922,231.88687667878645,150.50935357607034
223.80887179233594,179.72950406724271,231.9283006961591,150.61495241538336
223.74332443809323,179.75966607211595,232.05939540464453,150.5546284056369
223.5848019176791,179.80098007712934,232.37644044547278,150.47200039561008
223.419078822168,179.9684670688992,232.707886636495,150.13702641207036
223.4335231756461,180.1559304768034,232.67899792953884,149.762099596262
220.48831505548105,180.32077356638388,232.5822124503351,149.43241341710106
220.51340252111726,180.56312206237197,232.53203751906264,148.94771642512484
217.41223989226518,180.86951033177888,232.7629671797819,148.33493988631105
217.34234023200543,181.1869052541639,232.90276650030134,147.700150041541
214.19061946463825,181.67704105829864,233.25012621164618,146.71987843327148
211.15549369408876,182.15993735257496,233.37551497998106,145.75408584471884
210.9498646445966,182.6619445075557,233.78677307896538,144.75007153475744
207.70169225683907,183.20934866026974,234.36327677854362,143.6552632293293
207.44776605957946,183.7831872572316,234.87112917306283,142.50758603540564
204.4567787303606,184.33781327468017,234.95479980666119,141.39833400050847
201.36064746298865,184.97834617772787,235.26620085895266,140.11726819441304
201.00792760188358,185.65527205358373,235.97164058116277,138.76341644270133
197.73904355919086,189.35374618266118,236.65791814818132,137.21795870291334
194.41836948904754,190.17449692641887,237.46375263125555,135.57645721539797
193.83476860775323,193.9446429962984,238.63095439384418,133.85577640115469
190.4421540231594,194.76335655500054,239.60855582606567,132.21834928375043
186.98070386108208,195.60371739474346,240.7372915175703,130.53762760426457
183.5286055919861,196.51378146199613,241.85938487101373,128.71749946975922
183.08566449352162,197.5626203041781,242.74526706794268,126.61982178539532
180.40008354147002,201.3197865608077,242.37197341080144,124.84994483338053
176.89837152437883,202.40670606709745,243.66689176285726,122.67610582080104
172.74669873413796,206.3578582455179,246.28025978801966,120.4637790192795
168.5781444488364,210.2802568060757,248.92747265779047,118.30887759899616
164.7350936493103,214.13165905553035,250.9225129794815,116.29713437744806
160.94478324087783,215.17980096192218,252.81813213302541,114.20085056466442
157.05112143434437,219.45254418103525,254.92962299384504,111.33119687868555
153.21478745771424,223.6730196726645,256.9463166232388,108.54622021929359
149.49038211222717,227.9069304768925,258.7591986359631,105.71432728908736
145.99035338647838,232.06010379793923,260.1474462694383,103.0197904650163
142.516774051609,233.27658077855415,261.51086356636597,100.58683650378644
142.01301205367045,237.42360044434935,262.51838756224305,97.85255731072391
141.59423506811987,238.48791443412063,263.3559415333442,95.72392933118132
141.435197551569,242.48140987412714,263.67401656644597,93.23553297184883
138.34046165905454,246.3452998590882,264.4054353826309,90.96580597077067
137.97315453019868,247.26853088818643,265.1400496403426,89.11934391257422
135.85630699897314,248.0130574313937,263.9697624172986,87.63029082615968
136.17075511241183,248.78984998361165,263.34086619042125,86.07670572172378
136.78647874818571,249.37808535350385,262.1094189188735,84.90023498193936
138.19009799306224,249.43603599942466,259.3021804291204,84.78433369009775
139.08358456901894,247.01306657461447,257.515207277207,84.38872272105914
138.80715233287867,242.46785835775466,258.06807174948756,83.06136210421526
140.79378993705944,243.01418974153302,259.28717002523183,81.9686993366586
140.11743824467987,240.84234579681615,260.63987340999097,81.12281684531088
142.10172880726432,236.16216142043922,261.86444637596736,80.09687741577414
141.35274211251078,236.3802192525687,263.36241976547444,79.66076175151518
143.33424261686523,234.21448406166343,264.60409738161974,78.78755350847155
147.86591180798345,234.51430398839682,265.95285814888933,78.18791365500475
147.11140051679155,232.19866153694102,267.46188073127314,77.60522171463161
151.487817326222,229.95214854981285,269.15795406323286,76.87379421347767
153.29838877260278,230.37932419009138,270.7715731787855,76.01944293292057
155.13570235321274,230.69316780870076,272.3385076956902,75.3917556957018
157.2202458166326,230.93407593974274,273.4213203374501,74.90993943361788
159.5871200953086,231.0560786570893,273.9456924480198,74.66593399892473
162.11814972672278,231.27326465372278,274.1445591088369,74.23156200565776
164.70372668871295,231.5333164223564,274.22896995390124,73.71145846839056
167.1913265725813,231.89780795109414,274.5007421244423,72.98247541091507
169.64171675411032,232.20701893710333,274.83703311523124,72.3640534388967
172.45467204098722,232.3971218744234,274.4412656638918,71.98384756425655
172.49589543942488,235.03542058315247,274.35881886701645,71.92465420555618
174.9909797138894,235.38570528137052,274.5837779478863,71.22408480912007
177.46540226073066,238.0429133515922,274.8399916721549,71.11472748662784
180.09068954014344,240.23493442608282,274.79600955429,71.9372777786073
180.72076671434985,239.5101876826917,273.53585520587717,73.38677126538951
180.7584131288417,239.45618436703575,273.46056237689345,73.49477789670141
180.15415705552942,242.396378119642,274.669074523518,72.84646925570804
179.78457487489996,242.48048455564924,275.40823888477695,72.67825638369358
179.47460511730836,242.52400977192994,276.02817839996015,72.59120595113215
179.22000901932256,242.60855603798717,276.53737059593175,72.42211341901768
179.03083853893972,242.48354449172973,276.91571155669743,72.67213651153257
181.45117412630162,242.25261248057853,277.3402270684894,73.13400053383499
180.84461341616486,242.18775843199327,278.55334848876294,73.26370863100551
182.78789575793058,242.27787328015407,279.96616096269986,73.08347893468391
