1
274.4530,128.6851,86.6124,62.0606
273.3717,131.3782,91.1083,59.0077
272.8559,134.8338,94.4904,56.7975
270.3928,136.9492,97.0527,54.9307
269.2879,137.5055,99.2626,53.8181
269.5405,139.1446,101.1413,52.9238
275.1912,143.7475,101.8216,53.3033
276.1697,143.5068,102.2774,53.7846
278.2950,144.4954,102.8825,54.2353
284.2826,146.7832,103.1296,54.5488
286.7669,146.8045,103.0679,54.5061
289.2953,146.9181,102.9148,54.2789
291.5424,147.1054,103.3120,53.9042
293.9944,147.2662,103.2982,53.5828
297.0710,148.5865,102.0238,53.3814
299.9327,148.3903,101.1347,53.7738
304.4610,150.8775,101.7215,53.6212
307.8866,151.7047,102.1207,54.3835
312.4631,152.6832,102.7109,54.8623
317.0304,153.2406,103.3872,56.2001
321.4115,154.2248,104.5672,56.7175
325.0156,149.6333,104.8945,58.3649
327.4769,143.5802,105.0614,60.2920
336.4335,143.6905,105.2083,62.6515
340.4715,145.3665,104.9988,64.5439
340.3376,145.3909,105.2664,64.4949
344.2983,149.7199,105.3074,63.7992
346.1050,149.7201,104.3369,63.7987
346.7484,150.6269,105.6787,61.9851
346.8124,151.2289,108.1684,60.7812
345.8386,152.0656,110.1161,61.7420
347.2312,154.8310,110.0103,64.2498
345.8055,151.6707,110.1413,65.1294
341.7847,149.2202,107.2336,67.2931
343.4437,148.3599,103.9155,69.0136
344.9055,146.3913,100.9919,70.2414
345.6951,145.9316,99.4128,71.1609
346.8875,145.7745,99.7049,71.4751
350.2506,145.9312,101.0385,71.1617
354.4951,148.4789,100.6543,71.4695
359.4468,150.6661,98.8533,72.4968
361.7831,153.0264,96.8713,73.1570
362.8693,153.9407,94.6988,73.9994
365.6553,156.0093,91.7785,75.1657
369.6117,156.9335,89.1172,75.9429
370.6694,158.1695,87.0019,76.0683
374.1168,160.6440,85.2402,76.2525
377.1244,161.7973,84.3095,76.4880
377.2127,162.9316,84.1329,76.7509
377.3569,164.1880,83.8444,76.7711
378.7112,164.3414,83.6647,76.4644
378.6635,164.6022,83.7601,75.9428
378.6637,164.9994,83.7597,75.1483
380.0139,165.6735,83.5608,73.8001
383.1418,167.6584,82.2589,72.3073
385.0117,169.6562,80.9519,70.7446
387.1284,168.8874,79.1060,69.8944
386.7332,168.4387,77.5511,68.4466
387.2272,168.2260,76.5631,66.5740
384.7990,168.0235,76.9140,64.7261
383.9517,166.4359,76.3802,63.4443
381.0270,165.6338,75.6307,62.8490
380.0343,164.1709,75.4376,61.4180
375.5658,162.7726,75.7651,59.9098
372.7193,156.9648,75.0593,58.7276
368.3226,155.4881,73.3379,57.4750
367.1483,152.1365,73.6303,55.9532
360.9855,149.3717,73.7403,55.3750
353.5067,148.7568,74.5007,54.5766
350.4510,147.6833,74.5322,54.6970
346.9369,149.8132,73.4440,54.4954
346.5023,150.3241,72.3038,53.4736
352.4746,149.0560,68.2600,54.0345
353.1285,148.7682,65.0296,54.6101
351.1827,147.3947,61.3919,55.4748
346.4485,145.9406,57.9817,56.5433
344.0113,143.7920,55.6419,57.2335
340.5819,143.5088,53.6130,57.7999
338.0961,141.1841,51.5678,58.9408
341.9400,136.4747,47.3587,61.4023
344.8080,133.6884,43.3318,63.5566
346.4110,132.7905,40.1259,65.3523
346.3075,131.9942,37.0345,66.9448
342.9564,125.6411,35.6346,66.6875
339.7001,123.8796,34.1836,65.4325
339.4513,124.5727,33.1318,64.0462
339.8726,122.1427,32.2892,62.8627
339.4833,120.2241,31.5888,62.2630
339.6737,119.2670,31.2080,61.2609
340.4453,119.2916,31.1017,59.7749
340.6501,119.7216,30.6921,58.9148
337.3087,119.6363,30.4073,57.6920
334.8884,119.2573,29.7653,57.0792
335.7005,118.8918,29.4917,56.4597
335.8666,117.8542,29.1594,55.8613
335.1040,117.9604,29.3623,54.3266
335.1582,119.0853,29.2540,53.3799
335.1917,120.2874,29.1870,52.2631
334.7313,121.2376,28.8381,51.6325
332.9707,122.0261,28.5957,51.3100
332.8998,123.0024,28.7376,50.6029
331.5985,124.5460,28.8651,49.9908
330.9543,125.7850,28.9229,49.9742
330.8119,127.0586,29.2077,49.8896
328.9161,127.1299,29.2945,49.7470
328.3861,127.1552,29.1202,49.6965
327.8564,127.2871,28.9490,49.4327
328.1875,127.8490,29.5105,48.3089
329.5268,131.9401,30.4815,47.4258
329.9406,133.2193,30.8735,47.3067
329.4213,133.6750,30.6878,47.6196
328.1066,132.9517,29.6394,47.8403
326.9438,132.8530,28.3298,48.0376
326.8564,132.7687,27.3120,48.2063
327.0497,132.7084,26.9255,48.3268
326.4860,131.4910,26.8799,48.4155
327.0205,131.5134,26.9844,48.3708
326.2363,129.9817,27.3780,47.9100
326.6921,130.0172,27.6410,47.8390
326.6115,131.2290,27.8022,47.7714
326.5427,131.3249,27.9398,47.5797
326.4607,132.3672,28.1039,47.8534
326.2749,133.4971,28.4754,47.9656
326.9042,133.1728,28.4107,48.6143
327.4172,135.6832,28.5873,49.6062
327.7986,133.9478,29.0448,50.6365
327.7840,133.3485,30.3172,50.5918
327.2684,130.0436,32.6125,49.6169
326.1995,131.1196,34.7503,48.7528
324.8896,134.2978,37.3700,47.6380
324.2930,134.7877,39.8996,46.6582
322.7226,134.3636,41.6783,46.1443
322.6207,134.5567,43.2648,45.7582
322.6968,134.7962,44.5143,45.2791
322.7989,135.4806,45.7241,43.9103
322.3217,135.8940,46.6786,43.0836
322.5411,135.5998,47.6530,42.2586
323.2328,135.3794,49.1001,41.2841
322.5237,135.8260,50.5185,40.3910
322.0821,135.2970,51.4016,40.0196
320.2122,135.5770,52.2676,39.4595
317.3570,133.2613,53.6550,38.3269
314.5638,133.2993,54.9110,36.8074
313.8953,134.0356,56.2480,35.3349
312.6654,133.7968,57.2750,34.3796
312.1364,133.3322,58.3330,33.8766
311.1004,132.8382,58.9656,33.4255
309.6049,134.3127,59.0745,33.3585
308.7870,135.6036,59.2689,33.6596
307.9774,135.4227,59.4385,34.0215
307.2585,133.6528,59.4184,34.6449
307.2371,133.3079,59.4611,35.3348
309.4489,133.1634,59.4796,35.6238
310.9236,133.8871,59.5019,35.6621
310.6537,134.6288,60.0417,35.6656
309.4701,136.1631,60.9141,35.5869
309.9356,138.4060,61.4895,35.6207
306.8257,140.4387,61.6467,36.1025
304.5211,139.8183,61.6774,37.3431
304.4002,139.9834,61.9192,38.5606
301.9298,140.1076,62.1451,39.8838
299.2703,141.1922,62.6726,40.9088
300.1916,141.4742,62.4523,41.9671
305.4762,143.1988,61.7017,43.4273
308.5266,143.0213,60.5490,45.4317
310.3380,135.2258,63.5850,42.7105
301.9736,136.2523,65.3212,40.6574
277.2298,138.7515,68.3955,38.9743
270.6859,139.5913,68.0840,38.9696
262.9695,138.4213,66.8145,39.6395
262.6205,138.0586,65.8497,40.3648
2
0
0
0
0
1
347.9894,119.8253,67.5250,30.3493
351.6847,118.8115,66.1877,32.3770
361.0513,116.4415,65.8047,32.5294
367.1806,116.0646,65.7562,31.7570
373.4561,116.6509,65.3022,30.5844
373.5133,114.5531,65.1878,28.8397
373.1378,113.3591,65.9388,26.8692
374.4921,113.2963,66.0878,25.5660
375.5376,111.8012,65.4045,24.3332
382.1100,109.2839,64.6409,23.8650
386.3849,108.6783,64.2289,23.7199
391.3415,106.9200,65.0980,23.1933
392.0691,106.3957,66.3442,22.8912
392.1467,104.5207,67.5520,22.5521
393.2555,103.8600,68.0823,22.4995
395.4474,102.4401,67.8404,22.5780
400.0073,101.8182,68.3707,22.4432
401.7469,98.2866,69.0424,22.5882
407.1118,98.1107,69.4797,22.9400
412.3858,97.1273,68.7914,23.4981
412.3271,94.6139,68.9090,24.2982
414.0250,94.0164,68.3634,25.4933
412.4417,94.2095,68.6520,26.5460
410.2164,97.5380,68.7164,27.1993
409.9930,99.7462,69.1632,27.2071
408.1221,101.0105,68.4613,27.6409
411.4851,102.8690,66.1720,28.3606
414.2322,104.5867,63.5950,29.3011
414.5621,105.7241,61.4974,29.9018
414.9743,105.6708,60.6730,30.0084
414.3259,106.4884,60.5624,29.7808
412.2845,108.0369,60.4395,29.4876
413.1664,108.7921,60.0707,29.3722
412.0516,108.7520,60.9125,29.4524
412.5865,109.4267,61.2441,29.5044
413.5330,110.1341,62.1654,29.4966
412.9858,110.7741,63.2596,29.6371
413.3717,111.2395,63.9267,30.1450
413.9501,111.6018,64.2271,30.8778
414.9485,112.8430,65.1796,31.3443
416.0037,114.9765,66.0621,31.5671
418.0215,116.3412,66.5664,31.8642
419.8176,118.2356,66.0258,32.6528
418.7820,118.8187,66.5653,33.0183
419.3002,120.1752,67.0749,33.3969
420.2550,121.5541,66.7250,33.7589
420.8599,122.3221,67.0763,33.7839
422.2756,122.3698,67.3780,33.6884
423.1539,121.7780,68.7601,33.3027
424.7177,121.7544,68.7983,33.3499
427.4831,122.3528,68.0201,33.7373
428.2044,122.3416,68.1570,33.7598
429.7512,122.4487,68.2274,33.5456
431.3941,122.4187,68.1001,33.6056
431.9907,121.5411,68.4855,33.7823
430.2677,121.5256,68.7571,33.8133
430.2220,121.4337,68.8486,33.9971
431.1249,120.5087,68.6388,34.2509
432.4310,120.2512,67.6242,34.7659
432.9059,121.0397,66.6745,34.7803
434.6871,124.6243,64.6898,35.5006
434.7991,125.8103,62.9048,36.2504
435.9151,125.9695,60.6730,37.4795
435.6188,129.6757,58.1957,39.2762
435.0658,131.0624,56.2463,41.0861
440.1397,131.4104,53.7392,43.4465
441.2206,133.9955,51.5774,45.9178
442.2424,135.3874,49.5337,47.7381
444.0226,137.5676,47.5052,49.5050
441.8320,135.1933,45.7758,51.1982
442.6336,136.8431,44.1725,52.4782
441.5685,142.9772,43.2615,52.3752
439.6501,145.1791,42.5852,52.4846
441.1616,147.8359,41.0572,53.1515
442.7868,148.1294,39.2874,54.0450
442.1649,146.0067,37.6008,55.3602
442.2718,144.4875,35.9298,56.9413
439.4768,143.3514,34.2539,59.2134
438.7257,144.0458,32.8387,60.7422
437.3711,141.7749,32.6334,60.9122
432.3379,156.0157,33.9624,60.0990
426.0036,181.4114,36.3626,56.2490
424.0090,182.4858,38.9018,52.6502
419.8261,179.9264,41.5169,49.1428
417.0042,177.9637,44.3077,45.9359
414.8436,176.6004,47.2079,42.9782
412.0487,175.3168,49.9578,39.8659
407.3870,171.7657,52.2198,37.0820
405.0400,171.6270,54.1112,34.5567
400.1604,171.3835,55.5434,32.2681
395.2451,169.0456,57.1500,30.0906
391.0772,169.8179,58.6997,28.5460
387.4087,169.7949,59.2703,27.2388
383.6372,168.3670,58.7804,26.0781
381.1109,167.9560,58.5878,25.5888
379.1196,167.3599,58.6706,25.4811
376.9868,164.7888,59.0388,25.4265
375.2707,164.6046,59.8639,25.7949
373.4612,163.2013,60.8387,25.9575
370.1352,162.2268,62.1348,26.5674
365.8464,161.3006,63.8697,27.0514
363.9785,161.2111,64.8012,27.2303
361.3351,161.1578,64.4129,27.3369
2
0
0
0
0
1
403.9119,175.0898,43.7678,61.5820
404.1290,176.0679,43.3336,61.2789
403.7152,177.6007,44.1611,59.8546
403.1641,179.1818,45.2633,58.3258
402.0576,179.8203,45.8483,57.0488
400.5763,180.1746,45.5749,56.3402
398.2028,180.3260,43.9110,57.6401
401.0706,178.3580,41.3664,59.9806
398.6641,179.1404,38.2331,63.1835
402.8887,175.1087,36.1238,64.9072
405.7419,173.4137,35.1420,65.1474
406.1929,174.3844,34.2398,64.7677
405.4630,176.3684,34.1592,63.8807
404.5509,179.9514,34.4572,62.8190
356.6259,188.3794,34.8281,62.6340
354.8563,186.5408,35.3290,61.7539
356.0972,184.4530,35.8765,61.3855
356.1186,180.5890,37.3522,60.0028
356.1529,179.7185,38.8063,58.6984
356.4974,178.4691,39.6447,58.1420
356.9276,176.9957,40.3174,58.0229
356.4535,173.5397,41.2656,57.2230
356.0648,172.8754,42.0429,57.0056
