147.0,139.0,341.0,118.0
146.1349270367606,138.8975009575762,341.7301459264788,117.20499808484757
145.84229172878713,139.0770475604445,342.31541654242574,116.845904879111
145.70542540979974,139.02748739197767,342.5891491804005,116.94502521604468
145.62430165645293,138.85953533896804,342.75139668709414,117.28092932206393
145.53126707249174,138.451606093309,342.9374658550165,118.09678781338197
145.44404843603618,137.87480739779357,343.11190312792763,119.25038520441288
149.0723374797139,137.1797512844969,342.9200399503328,120.64049743100621
149.13834688751322,136.40964154926638,342.78802113473415,122.18071690146725
149.37482040279247,135.54336625923366,342.31507410417566,123.91326748153264
149.7025071287746,134.63787304421754,341.65970065221137,125.72425391156492
150.0870717137609,133.76867840423884,340.8905714822388,127.46264319152232
154.1371744104703,132.77926426580362,339.97200137004774,129.44147146839276
154.61988368256598,131.66051782185752,339.00658282585636,131.67896435628492
155.1639821684802,130.47493843951975,337.9183858540279,134.05012312096054
155.74955662743469,129.2525365330101,336.74723693611895,136.4949269339798
156.36727750834405,127.95673607137098,335.51179517430023,139.08652785725803
156.95113656691495,126.61708747050103,334.3440770571584,141.76582505899793
157.51883954046568,125.25036728451991,333.20867111005697,144.49926543096018
158.1447729384024,123.87867859301274,331.9568043141835,147.24264281397453
158.77429847783822,122.42192719000144,330.6977532353119,150.15614561999712
159.45808971978622,120.90309354715225,329.3301707514159,153.1938129056955
160.2880993782513,119.36411287313044,327.6701514344857,156.27177425373912
161.14740001895075,117.83700001567018,325.9515501530868,159.32599996865963
162.00864341949767,116.2195370677004,324.229063351993,162.5609258645992
162.99866039027384,118.36139002729371,322.24902941044064,165.83677286425467
163.89105846875728,116.68299516822564,320.46423325347376,169.1935625823908
164.7563525883634,118.76817225449204,318.7336450142615,172.64180678802563
165.75279111488155,117.06166188093157,316.74076796122523,176.0548275351466
166.83385249491687,115.37720854344661,314.5786452011546,179.4237342101165
167.9136184198356,113.65390424726348,312.41911335131715,182.87034280248275
168.99035983059917,111.95189160700441,310.26563052979,186.2743680830009
169.99089814583877,110.23639632134777,308.2645538993108,189.70535865431418
171.01217941107322,108.5297025757273,306.2219913688419,193.11874614555512
172.12883008741665,106.91672274103988,303.98869001615503,196.34470581492997
173.2535510967601,105.24028383668514,301.7392479974681,199.69758362363945
174.23316159776132,103.48992088577414,299.7800269954657,203.19830952546144
175.26919109984505,101.77818549153773,297.70796799129823,206.62178031393427
176.32684133061738,100.01829517524503,295.59266752975356,210.14156094651966
177.42236825514277,94.31527119444412,293.4016136807028,213.6117628966044
178.46938682628692,92.4841537511131,291.3075765384145,217.27399778326645
179.47155038510527,90.73785819505504,289.3032494207778,220.76658889538257
180.55205772843493,88.96529891504869,287.14223473411846,224.31170745539526
181.56001366393468,87.194164664739,285.12632286311896,227.85397595601464
182.61034290896058,85.48900770751628,283.0256643730672,231.2642898704601
183.6953318651249,87.66975005206041,280.8556864607385,234.99159797936176
184.79424787217968,85.85093476490331,278.65785444662896,238.62922855367594
185.9611763052529,88.12888256142912,276.3239975804825,242.2134865338826
187.22276485321837,86.40873239613501,273.8008204845516,245.65378686447082
188.55715870370676,88.8975109267177,271.1320327835748,248.85361447042118
189.9339532560051,87.37228081197615,268.3784436789781,251.90407469990427
191.3505003185441,89.90112595941011,265.5453495539001,255.03878295893577
192.7301706418932,88.40597600823361,262.7860089072019,258.02908286128877
194.08382479336035,86.85634647580093,260.0787006042676,261.1283419261541
195.53736534120182,85.4095260749194,257.1716195085847,264.0219827279172
197.05951504547792,84.07147268091717,254.12732010003248,266.69808951592165
198.5259559978706,82.73555441625572,251.1944381952471,269.36992604524454
199.9876335777804,81.32906273066072,248.27108303542752,272.18290941643454
201.38319776589594,79.97766346144476,245.47995465919644,274.88570795486646
202.81437524302777,78.76058891149455,242.61759970493276,277.3198570547669
204.2855731024522,77.71899297576613,239.67520398608391,279.40304892622373
205.80214585499712,76.78370409560364,236.64205848099408,281.2736266865487
207.4621035063878,75.95301158424553,233.3221431782127,282.9350117092649
209.10177471154714,75.10012890697416,230.04280076789405,284.64077706380766
210.76081603669746,74.39013088645012,226.7247181175934,286.06077310485574
212.4956428831162,73.76048861107725,223.25506442475594,287.3200576556015
214.45897339183472,73.46063479308131,219.3284034073189,287.91976529159336
216.50441720794572,73.26715634552454,215.23751577509688,288.3067221867069
218.62365637380628,73.2552638599451,210.99903744337573,288.3305071578658
220.69540089394036,73.19456399393533,206.85554840310758,288.4519068898853
223.064524254258,73.34811269841816,202.11730168247232,288.14480948091966
225.46847748656344,73.50211777429854,197.30939521786144,287.8367993291589
223.95465345762142,73.67410340273216,192.7302708648492,287.4928280722917
226.0605923768647,73.81708219708526,188.5183930263627,287.2068704835855
228.2920346598018,74.02692019594258,184.05550846048845,286.7871944858708
230.5577999678597,74.53916982287913,179.52397784437267,285.7626952319977
232.7388382840333,78.50448671610084,175.16190121202544,285.11150314155014
234.91231081826612,78.84272546005917,170.8149561435598,284.4350256536335
233.62111576755075,79.07140353080518,166.28409506607815,283.97766951214146
235.69462849143912,79.3171331080352,162.1370696183014,283.48621035768144
237.6943499304694,79.59474589425355,158.13762674024085,282.93098478524473
239.69854072898312,79.85333512757944,154.12924514321344,282.41380631859295
241.68212548962717,80.18493672182035,150.16207562192534,281.75060313011113
243.51615358755512,80.53682322993149,146.49401942606943,281.04683011388886
245.32628511748482,80.91516526872141,142.87375636621007,280.290146036309
247.064762011138,81.21750702916995,139.39680257890373,279.6854625154119
248.81651691170697,81.59549862985494,135.89329277776577,278.92947931404194
250.556391882122,81.77027797257279,132.41354283693568,278.57992062860626
252.28961732218585,81.95849482735389,128.947091956808,278.20348691904405
253.9925992715083,79.09105759834932,125.54112805816303,277.6351692085295
255.69400836796424,79.46937381160893,122.13830986525119,276.87853678201026
257.4707640992668,79.94049185420741,118.58479840264614,275.9363006968133
259.2163200799461,80.29279197826881,115.09368644128749,275.2317004486905
260.9555437491012,80.61058045807374,111.61523910297728,274.59612348908064
265.7836589620759,81.07051477431006,107.90414658519082,273.676254856608
267.48116998791426,81.47889250092237,104.50912453351408,272.8594994033834
269.1074576157147,81.93786242687125,101.25654927791324,271.9415595514856
273.65226656504643,82.27326333267408,97.88833416275504,271.27075773987997
275.1004156758291,79.73455141747624,94.99203594118981,270.69722545984655
276.50867184174274,79.90316153577086,92.17552360936253,270.3600052232573
280.7301581454186,80.1087859084382,89.26669209727862,269.94875647792264
282.0199816814894,77.75721727638685,86.68704502513704,269.1767799915711
283.23081772044486,78.05028574291251,84.26537294722624,268.5906430585198
284.39546471426104,78.18265479272608,81.93607895959387,268.32590495889264
285.5508182195222,78.34707411222865,79.62537194907145,267.9970663198875
289.387539239739,78.50935412726031,77.22153247528105,267.6725062898242
290.4551906534692,78.55653171359597,75.08622964782072,267.57815111715286
294.2098186386899,78.52464802576674,72.75603157253093,267.6419184928113
295.29687663796904,76.12420625573131,70.5819155739726,267.30653775008943
296.3073100392104,76.26123567234916,68.56104877148996,267.03247891685373
300.02397137644573,76.30297195161683,66.17632219587341,266.9490063583184
301.04750415673453,76.60000275926706,64.12925663529575,266.35494474301794
307.32376141204765,76.77633382427564,61.486546791535304,266.0022826130008
308.3204155087876,76.92305180250347,59.49323859805527,265.7088466565451
311.8523062908393,77.04786411880838,57.28652313178613,265.4592220239353
315.3663969702218,77.04325025602773,55.069380804791734,265.4684497494966
318.8472797568399,76.90758127256973,52.87585180763333,265.7397877164126
322.2585594885114,76.9133443433447,50.782637848289006,265.72826157486264
325.61598993979896,76.86008683673577,48.75605728210377,265.8347765880805
331.33231542868276,76.75462624545193,46.623367612778765,266.0456977706482
332.1229495359352,74.32570349938243,45.042099398273834,266.2926927027855
344.275933077328,71.50653866932814,43.65092466796936,267.3480638923979
344.5891461409211,78.48612229481773,43.02449854078306,267.0986630470782
344.93856116220667,78.53546058135353,42.32566849821193,266.9999864740066
345.3079537642139,76.58940038735565,41.58688329419753,266.3534290109367
345.61525746188676,74.50007777574729,40.9722758988518,266.01710410367434
357.2260459258748,71.905088885221,40.24079375311054,266.70906292827993
356.83197742212167,85.6542021670879,41.028930760616824,266.16834239315307
356.435577746998,83.7587606866212,41.82173011086421,265.4579810192544
356.22400080459465,84.00365846302248,42.244883995670904,264.96818546645187
355.9593139102384,84.15539243877916,42.77425778438341,264.6647175149385
355.4920551625433,86.61360955086533,43.708775279773604,264.2636006542507
357.43361443803866,86.62431283500271,44.35402712070772,264.24219408597594
359.0985945069668,87.18468120029587,45.56496281401987,263.1214573553896
360.6955394091334,87.76416860812327,46.92044460641938,261.9624825397348
362.2236921944259,88.38967901810841,48.42421788306942,260.71146171976454
363.76353578649724,91.2482653952103,49.916843570397965,259.56660183703195
363.1055396657965,91.30114882956374,51.232835811799376,259.46083496832506
366.92378591306317,91.3421330422284,52.81618472091076,259.37886654299575
366.1299263217394,91.3394076691632,54.4039039035583,259.38431728912616
369.9257804017139,91.1381650461845,56.15325078892551,259.78680253508355
371.4799921317942,91.2716567437075,57.75481743559323,259.51981914003755
373.00513929129215,91.2864172347222,59.44166909894063,259.49029815800816
376.9271230856167,91.49378743986352,61.13600410088837,259.0755577477255
378.47723204137384,91.69331892042268,62.83158352124424,258.6764947866072
382.5192462460847,92.00667061813795,64.39268829184971,258.04979139117665
384.0926461492054,89.7804663099561,66.0893589590425,257.65872953410627
388.1292286332873,90.08117383434038,67.75648164899252,257.0573144853377
389.7639003943155,90.30981342606444,69.38032548209314,256.6000353018896
393.86774521065814,88.12086633621965,71.00729807016153,256.06059837120233
397.96123964266735,88.46966142832986,72.70085197066749,255.36300818698192
402.11034469471736,88.80069481550112,74.32687741646936,254.7009414126394
406.276775375311,89.12255381331127,75.96019880665843,254.0572234170191
407.9741123034538,89.4419763573625,77.56987822738054,253.41837832891662
412.2529286696678,89.76936221924996,79.0625277710722,252.76360660514172
414.0331319463373,87.63799141147793,80.54556364851551,251.98290578990353
418.50057802823756,88.00558020283248,81.7300527544049,251.24772820719443
420.3120858898048,88.4858561543104,83.17805336497283,250.28717630423859
424.7127153481818,88.70331243873835,84.54459459707246,249.85226373538268
426.42894428292425,88.94156677563612,86.21482949644663,249.37575506158714
428.2011597596975,89.29845234707224,87.79675576377844,248.6619839187149
429.91583536582755,89.65954560727025,89.51233917791075,247.9397973983189
431.69837473901987,89.9549003395758,91.11297795285395,247.34908793370778
436.08604666947264,90.23915638049463,92.71003601175111,246.7805758518701
437.83625707593035,90.64267809441185,94.41646415190294,245.97353242403568
439.6779464420333,90.99694274300437,95.95903505371786,245.26500312685064
441.4586068144473,91.2729427142913,97.64114138345792,244.71300318427677
443.278632765993,91.5862579205162,99.26665351381241,244.08637277182697
442.4542277750927,91.86107250151075,100.9154634956131,243.53674360983788
444.2766136533821,92.14694352581662,102.57761749641467,242.96500156122613
443.37997177664744,95.05297070411609,104.37090124988397,242.4811034035526
442.51350602134244,95.31133568855887,106.10383276049402,241.96437343466704
441.584328296213,95.49761871622283,107.96218821075284,241.59180737933912
440.61865916578944,95.69523647996476,109.89352647159997,241.19657185185525
439.7300864788197,98.6609197157781,111.67067184553943,240.69665863044258
438.8744874126913,98.95790072312374,113.38186997779628,240.1026966157513
437.95677414468605,99.16779874320605,115.21729651380673,239.6829005755867
437.01706076045963,102.18586179390726,117.09672328225966,239.1491562454982
436.04239100964185,105.23868889113164,119.04606278389525,238.57074540929634
435.0626458737244,105.46177234301948,121.00555305573005,238.12457850552067
434.08586960672477,108.54740912761295,122.95910558972933,237.5332046233342
433.1641162630951,108.81328923679426,124.8026122769887,237.00144440497158
432.2069414827323,111.88129944402836,126.71696183771431,236.49421702648587
431.282516773761,112.03096053654204,128.56581125565685,236.1948948414585
430.3242686974901,114.96158017666957,130.48230740819878,236.01505924093868
429.3297489224274,115.05119915724796,132.47134695832403,235.8358212797819
428.35225987975195,118.02677482069598,134.42632504367498,235.62739464236097
427.45741629497957,118.07191369494592,136.2160122132198,235.53711689386108
426.6272176216722,121.13421593205112,137.87640955983457,235.21442189177816
425.9025072804749,121.3602435618456,139.3258302422292,234.76236663218918
425.21361365947064,121.61235128529569,140.70361748423764,234.25815118528902
424.41722542375646,121.84406667613678,142.29639395566596,233.79472040360685
423.6519650842556,124.9818592408612,143.82691463466767,233.39784696370785
422.94385001076796,125.18941636781213,145.24314478164294,232.982732709806
422.23108141384984,125.25824471778641,146.66868197547925,232.84507600985742
418.5584578645672,128.30343504073136,148.07597932152655,232.69264511648558
417.86250837619815,128.52013546625687,149.46787829826465,232.25924426543452
417.18941874780074,128.61764395947665,150.81405755505946,232.064227278995
413.5353238444977,128.62224151053402,152.12670510133108,232.0550321768802
409.8437338080111,128.63568453537053,153.4926022582107,232.0281461272072
409.2749846147157,128.74091641779575,154.6301006448015,231.81768236235678
405.7160120020833,128.8694217910407,155.69267878020966,231.56067161586685
402.1536111673154,129.03121740839583,156.74833193799375,231.23708038115657
401.64862638307335,129.18003850392873,157.75830150647778,230.9394381900908
398.2066653572353,129.27426516609268,158.54818171904617,230.7509848657629
394.70088255459575,132.4296732406832,159.45546964866108,230.5444463922461
391.23968827457736,132.54128272711304,160.26168843244696,230.3212274193864
390.8540621010785,132.63749911183982,161.03294077944466,230.12879464993287
387.51344954084806,132.75009515775795,161.57821174313415,229.90360255809657
384.1004082029368,132.80474632810206,162.26274543782202,229.79430021740836
380.68852887266473,135.77979197691556,162.93531817150475,229.99539484664285
377.33261800516595,135.50434813280643,163.48182516196607,230.54628253486112
373.9680105867588,135.5207773221992,164.0283833048086,230.51342415607562
373.69781490309265,135.63544727989864,164.56877467214082,230.2840842406767
370.37501112160726,138.83251403563094,165.01779388631735,230.08653907800635
367.00654884855794,138.81474089754883,165.55373333816505,230.12208535417057
363.65058699874305,138.70110473727075,166.05531772862588,230.34935767472672
360.2427451115069,138.50964921928082,166.64896968841697,230.7322687107066
356.85026806058795,138.25215457853716,167.19632787639466,231.2472579921939
356.48250740083927,138.00739358694904,167.931849195892,231.73677997537015
353.0736384641445,137.92505362251092,168.47567635158384,231.90145990424642
349.7111682905091,137.70413850015302,168.91527481026318,232.34329014896215
346.35235451101727,137.4173605156331,169.3336374546868,232.91684611800198
342.9340115121941,137.1351455875114,169.85548563805662,233.48127597424542
342.7345636835332,136.84948954371924,170.25438129537838,234.05258806182977
339.377755711183,133.42725664728414,170.620806475902,234.54986309052308
339.2078482173009,133.23977429910312,170.9606214636662,234.92482778688515
335.85639693163694,133.09100055123255,171.29150106995047,235.22237528262627
335.78210505528995,132.92038963439637,171.4400848226445,235.56359711629864
332.4660749393435,132.7406763508639,171.6825563511827,235.92302368336354
332.3704005997091,132.60722574925566,171.87390503045145,236.18992488658006
332.3212837105864,132.42777627136147,171.97213880869703,236.54882384236845
328.9597896138226,132.19940094070657,172.28185182130582,237.00557450367825
328.8206644394254,131.95295865417125,172.56010217010027,237.4984590767489
328.7359378653414,131.86929551962163,172.7295553182682,237.66578534584812
328.5943615333171,131.62163315446338,173.01270798231678,238.16111007616462
328.4547632594207,131.31225653307456,173.29190453010963,238.7798633189423
328.33167883470134,131.0357573717527,173.5380733795483,239.33286164158596
328.17009880725027,130.74952456662993,173.8612334344504,239.90532725183152
327.9981205921079,130.47685775990143,174.20518986473516,240.4506608652885
327.8334982530538,126.9283422475916,174.53443454284337,241.0385452673079
327.63031720830236,126.72449777399703,174.94079663234623,241.44623421449705
327.36278750309424,126.4537178619583,175.47585604276253,241.98779403857452
327.08859610297,126.21877663883949,176.02423884301112,242.45767648481214
326.8473074489386,122.69164059231694,176.50681615107385,242.94247526931346
326.515929245611,122.53095427598663,177.169572557729,243.2638479019741
326.17450511315843,122.39488696998966,177.85242082263414,243.53598251396804
325.90972464275455,122.26881344170926,178.3819817634419,243.78812957052884
325.63559401874176,122.13265874772074,178.93024301146752,244.06043895850587
325.2953610164756,118.7270448184652,179.61070901599973,244.2301666240602
325.0205716374748,118.75079491266798,180.16028777400143,244.18266643565462
324.7385500744262,118.71690533794667,180.72433090009864,244.25044558509725
324.42650263495335,115.36530225565997,181.34842577904433,244.2798547082043
324.0811507167793,115.37291227243932,182.03912961539243,244.2646346746456
323.74988105828027,111.96351572067063,182.70166893239042,244.38788598622355
323.4247005580069,111.8880784855165,183.3520299329372,244.5387604565318
323.0682181424945,111.79749178949005,184.06499476396198,244.7199338485847
322.69352254509664,111.70619397207999,184.81438595875773,244.90252948340483
322.2923604436246,111.59644633302696,185.61671016170175,245.1220247615109
321.9155257700668,111.45326085120948,186.37037950881745,245.40839572514585
321.51735099577087,111.2574761898765,187.16672905740927,245.7999650478118
321.1150056428638,111.07151780057944,187.97141976322342,246.17188182640592
320.71774666607365,110.93939667315482,188.76593771680373,246.43612408125517
316.79629284956656,110.75839937919412,189.7703295908816,246.79811866917657
316.36914668067686,110.4999846317459,190.62462192866104,247.314948164073
315.9581773601301,110.21961930634451,191.44656056975452,247.87567881487578
315.48901812117026,110.00401389606068,192.38487904767425,248.30688963544344
311.47137891351395,109.72785683250272,193.49411274772123,248.85920376255936
310.97621464940505,109.5165453773195,194.484441275939,249.2818266729258
310.4796579895299,109.35237075858427,195.4775545956893,249.61017591039626
306.5157519062546,109.2274524467533,196.40908328033115,249.8600125340582
