185.0,34.0,55.0,274.0
199.24463098524762,39.05533992452007,59.71075927632427,272.6607547929083
197.12605849173625,41.78880249430398,63.94790426334705,272.1521817917368
195.24476267182985,41.84314337638463,67.71049590315985,272.0435000275755
193.58168412966427,44.489220943299784,71.03665298749098,271.8541635670003
189.44547660249916,47.06327770443653,74.14591809116125,271.86919999538674
188.2247817559339,47.1458568320933,76.58730778429178,271.7040417400732
184.42829543980906,49.69139288849178,78.91494241355205,271.8783076302656
183.4492897358994,49.62526639147103,80.8729538213714,272.0105606243071
179.8554372666688,52.10555623717718,82.71111530977552,272.3995243829519
176.36016333547894,49.28394846474865,84.31251874828075,272.65359550393447
175.66421857221187,49.23777363411557,85.70440827481492,272.7459451652006
172.25713380814972,49.29490241667688,87.06920088575046,272.631687600078
171.7070143793611,51.868020736763754,88.1694397433277,272.9583477869722
168.36238584924627,51.85945256996723,89.36092968304051,272.9754841205652
165.19482474569998,51.871587777733566,90.17616802437703,272.95121370503256
164.89197945986376,51.97072298852254,90.78185859604949,272.7529432834546
161.77624116506138,52.708181381899436,91.47058326145883,271.2780264967008
161.42373909174188,51.263410971065525,92.17558740809785,268.6332180170688
158.1018023633573,52.826258889126706,93.30992994790202,265.50752218094647
154.9638322327812,54.006673461049246,94.10028668716569,263.1466930371014
154.42939083831766,52.68286586245489,95.16916947609273,260.3281024702061
151.08981496816062,53.51290974838179,96.40307770157793,258.6680146983523
150.34953107114652,54.74095661006865,97.88364549560617,256.21192097497857
149.62176710750504,55.52455256839988,99.33917342288913,254.6447290583161
148.79796139685547,56.12563791179659,100.98678484418826,253.4425583715227
147.6613392853591,57.2550386899628,103.26002906718101,251.18375681519026
146.41811119449682,58.380325330100035,105.74648524890559,248.9331835349158
145.2840302217636,59.284857480174935,108.014647194372,247.124119234766
144.29735539694275,62.5498791674171,109.9879968440137,246.07850010746344
143.41117099389,65.6962578036526,111.76036565011917,245.28974616852702
142.51688462588248,66.05115195178396,113.54893838613421,244.5799578722643
141.77346149486863,69.05085534367558,115.03578464816198,244.12520071828038
141.10651473072397,72.0867265661941,116.36967817645123,243.61745407180985
140.48346724891036,72.16506856522017,117.61577314007849,243.46077007375771
139.9626212912639,75.15473302044876,118.6574650553714,243.08068092919427
139.50116075994163,75.11386067871021,119.58038611801598,243.16242561267137
139.072874013295,77.8638297163993,120.4369596113092,243.29148294248893
138.70204385593334,80.62410251779801,121.17861992603254,243.41666860033337
138.36476226603938,80.65412715064771,121.85318310582046,243.35661933463396
137.97643115237582,83.45433949874092,122.62984533314759,243.42739791501856
137.65093877749032,83.43047478482222,123.28083008291857,243.47512734285596
137.34027980225352,83.36558151688291,123.90214803339214,243.60491387873458
137.03617579861177,85.96830917047464,124.51035604067569,244.10970548724458
136.71912504910082,86.05615757737093,125.14445753969756,243.934008673452
136.35519460241017,85.8879785418321,125.87231843307889,244.27036674452967
135.959183205625,85.87999875085596,126.66434122664919,244.28632632648194
135.43114290420112,88.67985881042033,127.72042182949693,244.45446468645164
137.69472273325397,88.66213958187049,128.98176036869413,244.48990314355132
137.02057001508632,88.70331685585363,130.33006580502948,244.40754859558504
136.32459868980314,91.47954299994396,131.7220084555958,244.6877143921319
135.52799964169532,91.39005172616265,133.31520655181149,244.86669693969452
134.59518945640826,93.95009386201014,135.18082692238553,245.6371052410517
133.63233659823754,96.70499104218443,137.10653263872703,246.06104188603874
132.6541474728612,99.65627953905715,139.06291088947964,246.13130147433094
131.59372833698797,99.69501770735397,141.18374916122616,246.0538251377373
133.42963654311384,102.3802225988222,143.5539971674189,246.72547977324535
132.21786147786588,105.49979602690757,145.97754729791487,246.57854151667192
130.96469096526067,108.70824994670636,148.48388832312526,246.29265892634692
129.716296917946,112.21036632291624,150.98067641775458,245.4574928121776
128.38875205191442,115.58885090607792,153.63576614981775,244.89916479049398
126.95992242869569,115.85621555821925,156.49342539625522,244.36443548621133
125.66859074750184,119.28579753533049,159.07608875864292,243.7799619114698
124.39398908608318,122.71926790173063,161.62529208148024,243.2220550780233
123.24270733509309,123.1433069798473,163.92785558346043,242.37397692178996
122.0077293015085,126.65778038196785,166.3978116506296,241.71359968287163
120.94987033194482,127.19985904959053,168.51352958975696,240.62944234762628
119.83838106515206,131.05839397338173,170.73650812334247,239.33049805280604
121.83806552543147,135.0395036642474,173.17226095088344,237.80340041917447
123.90925078142965,135.9230421941853,175.4819090694038,236.03632335929862
122.73736600887126,140.08821441786688,177.82567861452057,234.16901682271757
124.76343755352792,141.10660868572023,180.24645514136176,232.1322282870109
126.81841981163107,142.10399782047207,182.61777938738786,230.1374500175072
128.77475610854174,146.47116652992258,185.19441083403206,227.89241663907174
130.6340672327583,147.32793213676132,187.97239934001578,226.17888542539424
129.362820434191,148.29410917205837,190.5148929371504,224.24653135480017
131.1536685010252,149.25000879400858,193.45947030555197,222.33473211089975
132.91590318833548,150.1569778208379,196.47899254880207,220.52079405724106
134.68974056821668,151.1182368219212,199.49551442922657,218.59827605507448
136.56575682199565,152.16125848315272,202.32591775279647,216.51223273261144
138.50338944683213,153.18732248482604,205.04558295568268,214.46010472926477
140.33842742171745,154.16496760792614,207.98147986947316,212.50481448306456
138.80774902857704,155.27180244181602,211.042836655754,210.29114481528484
140.72772987925254,156.37597707432704,213.83805312505783,208.0827955502628
139.21870498891568,160.84390947976226,216.85610290573157,205.7911990135418
137.8008103166727,162.11945422500017,219.69189225021748,203.240109523066
139.59320117939643,163.26619696324104,222.7661971190415,200.94662404658428
138.0092368224205,167.83203957242722,225.9341258329934,198.4853694568146
139.71843096151878,169.28610811403223,229.19601370999274,195.57723237360463
138.13992589681538,173.9716945849404,232.35302383939953,192.89016210813529
136.5807584262554,178.7563539982877,235.47135878051955,190.01037346536745
138.4394109516031,180.12806190157048,238.44498496347097,187.2669576588019
137.0775134249188,181.61835533812084,241.16878001683955,184.2863707857012
138.9389854641047,186.46578957022763,244.13092971646492,181.2765960994848
137.37754114781112,191.26997664937,247.2538183490521,178.3492469771946
135.91240619595916,196.19880538573963,250.184088252756,175.17200412811127
137.78110688656474,200.93788529964274,253.1191168915571,172.36627432031727
139.65483110709346,205.5453836482306,256.04198812391667,169.82159729655856
138.39607989151145,210.48155137265263,258.5594905550807,166.6213239377728
140.44962558673492,215.46819490271236,261.10891098236954,163.30454869538914
142.4687179654447,217.15103951183022,263.7098871503086,159.93885947715341
144.6961615145249,219.05616034786152,265.87640880492853,156.12861780509078
146.9500160213473,220.97158194384184,267.95802503454325,152.29777461313017
149.1285332944258,222.78611919173352,270.15623252463405,148.66870011734684
151.21415362381626,224.65235074530545,272.51092213707744,144.93623701020292
153.24281377222516,226.40393663203685,274.9503721307223,141.4330652367402
152.07559240139997,224.96924621504994,277.2848148723727,137.83005399656685
154.24638824904042,223.5632399009521,279.3875833361259,134.1977064657284
156.3035942257754,221.991910353727,281.6852075965451,130.9283293462894
158.40361380522094,220.31795584852836,283.87366990734307,127.88773688699767
157.32260851156644,218.48632629881516,286.03568049465207,125.18394876679162
159.6302192480162,219.66604468914386,287.7712959773489,122.82451198613418
158.70342466442227,217.65790589250776,289.6248851445368,120.5064963737865
157.82428301312004,215.62401391565515,291.38316844714126,118.2542852256795
160.02134036652444,213.5812116805207,293.29435475272555,116.03458868355526
162.17233826615288,211.5115569806023,295.285563327656,113.88069370920476
161.32211086195352,209.39998347098705,296.9860181360547,111.82059138400216
163.5227162665331,204.08632459458386,298.8554370691189,109.90664965236179
162.54869387053762,201.787216493077,300.8034818611099,108.24195802421083
164.76812861839082,199.48925239657765,302.62528554904367,106.57721303356938
164.0274771549103,197.17768940132314,304.10658847600473,104.94383076211902
166.43549552225093,194.8865547555927,305.53848860883903,103.27816318606425
168.8967886232281,189.5211403614042,306.8538673457213,101.53306209676805
168.08050415263358,187.26045177558274,308.48643628691036,99.82966798651464
170.53912226473108,184.98086004669594,309.7859362928033,98.17211521420028
172.92291299040915,182.62000198625242,311.22305266047806,96.68913351605644
175.32491658625858,180.24863622105087,312.6167742685507,95.23413624668801
177.6695564558687,177.7627954442496,314.11806478711003,94.01524754251106
180.11231125429467,175.25283803032136,315.42178177039017,92.8459357902355
182.7018128604224,172.69980088960978,316.42871933756425,91.76606929222916
182.28071811574998,173.15730874380222,317.2709088269091,90.8510535838443
184.94715786619722,170.60134133571142,318.1129256234589,89.78809210258154
184.43250506996384,167.98604723800696,319.1422312159257,88.85175874737395
187.3291526280588,168.36848596138452,319.51285062311524,88.08688130061881
190.06164814766873,168.60245068882242,320.2026618821958,87.61895184574303
192.83164181494573,168.75565429359472,320.81841615285634,87.31254463619845
192.38366248033927,165.81492637334668,321.71437482206926,87.03533951196205
191.8348285935959,165.89397955771958,322.812042595556,86.87723314321623
194.26867293130834,165.80288195961904,324.1229028501115,87.0594283394173
196.74096642387622,165.70541844047256,325.3787447859107,87.25435537771025
196.1014021330663,165.5572884268122,326.65787336753056,87.55061540503101
198.5350329457058,165.1933095307114,328.03596419804484,88.2785731972326
201.08907292069455,164.74123194915143,329.2063321578564,89.18272836035251
203.65396866887957,164.52584538227484,330.3884682494509,89.61350149410572
202.781725581638,160.81846299576668,332.13295442393405,90.69159597441103
205.0897450297711,157.08315945137394,333.8984080425587,91.78071054830568
207.32242216381644,153.20223122163952,335.85986126026523,93.1157595219773
209.68510313143784,152.69461638731596,337.613984896718,94.13098919062439
212.23372045425998,152.0153102900078,339.039985815734,95.48960138524077
214.75858477370156,151.18635101577922,340.55903209662677,97.14751993369791
217.29384870329332,150.4519355616653,342.10969913473474,98.61635084192574
223.41396104838103,149.67402715908915,343.2104720399063,100.17216764707804
225.96208283690936,145.6083599908992,344.82926851248374,101.58846193382371
232.22635253583044,144.840046471465,345.82927875839124,103.12508897269213
235.05775139631294,140.69512858958737,346.97345162833085,104.60795414554275
237.9229632447039,139.74710817978018,348.0937023297837,106.50399496515712
244.34614146279637,135.37972118134138,349.050661053917,108.33711138187563
247.23141731401458,134.4903477685299,350.22921837488747,110.11585820749858
250.1338219728793,130.10364137828998,351.42305791041537,111.89062213472106
253.16373461278894,125.65552807259533,352.411521281812,113.73856009489452
256.1953677001544,121.19592863800949,353.4445687276568,115.56144534349046
259.18560831128747,120.49645792314269,354.6085503633467,116.96038677322404
262.35072911921753,119.88448959461407,355.4649708454656,118.1843234302813
265.681488433299,115.74035281438752,356.02471249011506,119.25133671792187
268.9798199689304,115.31351121368338,356.6767968988695,120.10501991933015
272.2845361716114,114.937453215402,357.3410007554376,120.85713591589293
272.1601829342506,114.54873600347425,357.5897072301593,121.63457033974842
275.66057487459284,114.22605154389515,357.9034932610823,122.2799392589066
275.5716328633159,114.0269222609496,358.0813772836362,122.6781978247977
275.6674188316916,110.33946854569456,357.8898053468848,122.71249344375563
275.80681034796606,110.2684539467611,357.61102231433586,122.85452264162255
275.89886103273074,110.06890324507297,357.4269209448065,123.25362404499882
279.70147820751697,110.00008628255615,357.16345372369375,123.39125797003246
279.66723718884447,109.94039170904557,357.2319357610388,123.51064711705362
279.624926409828,109.89259723186896,357.31655731907176,123.60623607140683
279.71697538618236,109.96846411539676,357.13245936636304,123.45450230435125
279.98226849275517,109.96624577103753,356.6018731532174,123.45893899306971
280.25863594019245,110.04704805010543,356.0491382583428,123.2973344349339
280.5812458885197,110.21787335169995,355.40391836168834,122.95568383174485
280.9289311820652,110.37783720304049,354.7085477745973,122.6357561290638
277.7164936386,107.03034560281182,353.8416737648421,122.0389902328355
278.13476101182124,107.34048401143599,353.00513901839963,121.41871341558713
278.64174700940384,107.69558949078815,351.99116702323437,120.70850245688283
279.26974199242477,104.55027497084629,350.73517705719263,119.78123879702672
279.98935836650924,105.05384990901041,349.2959443090237,118.77408892069849
277.28374208193105,105.62537811376735,347.56297560940243,117.6310325111846
278.16797277571686,106.23551505280412,345.79451422183075,116.41075863311107
279.0926057311913,103.5597198575663,343.9452483108819,114.71117803438872
279.9294101289004,104.45558085851928,342.27163951546385,112.91945603248274
280.8631204394759,101.87757364185835,340.4042188943127,111.13831820745506
281.87851102994136,102.85030415711148,338.37343771338186,109.19285717694879
282.73105563611887,100.44192536675132,336.66834850102686,107.19625384245967
283.774543243137,98.17650206233469,334.5813732869906,104.97467536800808
284.68301955184387,98.89211641858819,332.7644206695768,103.5434466555011
285.5692494784576,96.28907792929849,330.9919608163493,102.11982697718268
286.5380531452098,94.04277008781787,329.0543534828449,100.03417100558984
287.5060729982254,95.0386653903002,327.1183137768137,98.04238040062516
288.5245172700987,92.84133875191844,325.0814252330671,95.98912972913469
289.5668478066373,93.64577606048302,322.9967641599899,94.38025511200553
290.66160055157724,94.45541394577276,320.80725867011006,92.76097934142605
294.8913288583977,92.23944982890941,318.60826181137134,90.93244782025056
296.01354728553684,92.98886253458915,316.363824957093,89.4336224088911
297.06171139331093,93.70368237400817,314.26749674154485,88.00398273005304
301.28972850628645,94.51290034594228,311.89076461423855,86.38554678618482
302.4079787759034,92.364105368211,309.6542640750047,84.66765937201359
303.51468763309254,92.96230150801408,307.44084636062644,83.47126709240743
304.6316584158222,93.5692637928621,305.20690479516713,82.25734252271138
308.69955329918423,94.21193837521565,302.9149274397124,80.97199335800428
309.6110229989225,94.70766060378907,301.09198804023583,79.98054890085747
310.63378870862664,95.21043862247268,299.0464566208276,78.97499286349023
311.63184158016225,95.68810509051309,297.05035087775644,78.01965992740942
312.620853180892,98.9325764556381,295.07232767629677,77.17993586444709
316.51729185519423,99.21936042644768,292.88500796485425,76.60636792282793
317.40702485063616,99.61751212591417,291.1055419739704,75.81006452389492
318.3151916121227,99.80593388711051,289.28920845099725,75.43322100150225
319.29331652397775,99.90785957325981,287.33295862728716,75.22936962920366
320.2781993001722,99.88620397892899,285.3631930748983,75.27268081786532
321.57769073615935,99.86187906179347,282.764210202924,75.32133065213634
322.7954168941767,102.39872845118654,280.3287578868893,75.64502970970625
323.87736979177464,102.31492929520056,278.16485209169343,75.81262802167824
324.9712545415393,104.905327366333,275.97708259216415,75.9737222625312
325.9379695021953,104.79098547752756,274.04365267085217,76.20240604014207
327.0221676682859,104.62615985577443,271.87525633867097,76.53205728364833
328.31728638104374,106.81847529813973,269.2850189131552,77.41414628465584
329.32335558246405,106.6374646912175,267.2728805103147,77.77616749850027
330.56388080147946,108.87725362464278,264.7918300722838,78.52155757695259
331.8550679626245,111.17626312478576,262.20945574999377,79.12730225645387
330.4943825564194,113.03375128657748,259.75235719255926,80.59079530271515
331.5207869900353,112.57736831404819,257.6995483253274,81.50356124777376
330.33295962284325,117.21269315086295,254.91673124112685,82.54985521131347
331.5008851689767,119.25486899903892,252.58088014885996,83.60371026190327
330.2209075442537,123.37750854441515,250.0165082753811,85.60708541700076
331.2875447142263,125.10018379469489,247.8832339354358,87.28615457828477
329.85848734477196,129.39578520877689,245.61680605325452,88.94403699230068
330.8577957691872,131.46512034051372,243.6181892044241,89.92757873893618
329.3262293729482,133.40649257755675,241.5699374789947,91.1562187827575
330.3015438869344,135.2746110271503,239.61930845102228,92.5241573018339
328.6045843774615,137.6950168811787,237.91246860918096,92.78410445456414
326.96013336230806,137.38475500150764,236.12047229036557,93.40462821390629
325.3249176057002,139.5211950908261,234.32466541972312,94.19798641912755
323.6343592214637,141.70831808364258,232.65122188268725,94.87830073900335
321.71914006144726,143.91114754489138,231.4390863259887,95.5152156932372
319.6101491341515,145.8744888329664,230.6206445597511,96.62495673791628
317.63360102703695,147.6380177210219,229.52942793027054,98.14221180551493
315.74310405267886,149.30974731605772,228.25500811308743,99.85416638134258
316.18495619744704,148.38757463337117,227.37130382355116,101.69851174671567
314.11367954342586,147.39798794539138,226.42701062286153,103.67768512267523
309.6721739117771,148.84414807987386,225.09430597586362,105.893222808858
307.7187563509905,147.55069770529704,223.87394094037774,108.48012355801167
305.6083753653847,146.10855200131587,222.94025189485447,111.36441496597398
303.43402712739714,144.7798828756458,222.09813062582202,114.02175321731414
301.08690106628774,143.53098903260204,221.56801156040223,116.51954090340168
298.7227956867378,142.27421294349392,221.03665332679998,119.0330930816179
293.69115987163553,140.99542285693212,220.51020800497744,121.59067325474152
291.22835162021937,139.71173430182535,220.1050113016594,124.15805036495505
288.7620072886167,138.36721977376303,219.66913156710635,126.84707942107968
283.6884675030128,137.0596073668827,219.00064924444445,129.46230423484033
281.37294434766005,135.900526513516,218.18956796417876,131.78046594157368
281.81637561028435,134.57425610716462,217.30270543893022,134.4330067542765
279.44962462083726,135.9427016722439,216.53563023840718,137.1966928035351
277.1217720499824,134.56928250020547,215.6558879811071,139.94353114761194
274.85350432902084,136.16145879993633,214.62425581996806,142.3273461512124
272.5377613816785,135.01723690687325,213.6633557373121,144.61578993733855
273.00682412756356,133.789722979226,212.72523024554195,147.07081779263302
270.6759077078251,135.5668939157964,211.74461634519102,149.15892265932004
271.1384478663268,134.51174888617322,210.81953602818763,151.2692127185664
268.7361073888475,136.13433103543645,209.94134388795814,153.70692151522812
269.25748173430804,137.8783648550155,208.89859519703708,155.92845430638073
267.0150676867679,136.93408890092846,207.65327492508237,157.8170062145548
267.5440112762437,138.80994562786074,206.5953877461308,159.80733716667748
268.0724017012007,137.78688285953046,205.53860689621672,161.853462703338
265.8147192411012,136.96766592938386,204.27850423754663,163.49189656363126
263.5044505879919,136.02430295989404,203.1162927393766,165.37862250261088
263.94644035129875,137.9319847839876,202.23231321276293,167.35871566476385
261.4865352719362,136.99024258916472,201.3382733306657,169.2422000544096
261.9519127608057,135.97942170335392,200.4075183529267,171.2638418260312
259.6849882178498,138.09057671202075,199.0927753633241,172.89012388421196
260.3120549929519,137.07187456847657,197.8386418131199,174.9275281713003
260.95001423690167,136.11052001416851,196.56272332522047,176.85023727991643
261.6663143459218,135.14606872517115,195.1301231071801,178.77913985791116
262.34881302665866,134.1886559905777,193.76512574570643,180.69396532709806
262.8155438890171,133.37061783944864,192.8316640209896,182.33004162935617
263.23044724373614,132.41393757818315,192.0018573115515,184.24340215188712
260.64408256358195,131.66543626212498,191.2497794152074,185.7404047840035
261.1048280898384,130.78955214092224,190.3282883626945,187.49217302640898
258.59826187387415,132.93194750626128,189.39153417711762,189.1572689132362
256.07222398529893,131.96131122685352,188.48221176578863,191.09854147205175
256.5392412005941,134.07854160471186,187.5481773351982,192.84169487444254
253.9611233128966,133.153419335468,186.71416643337415,194.69193941293025
251.37034940914828,132.2201189586359,185.88964736451078,196.5585401665944
251.8694799251822,131.36272065607864,184.89138633244295,198.27333677170895
249.36568021597907,130.61913595543427,183.8658156971344,199.76050617299768
246.87900251915562,129.7291300869422,182.79910820953023,201.54051790998182
244.2579218434921,128.68378312666894,181.9904762680666,203.63121183052834
241.72550788925292,127.5614766466189,180.984912823376,205.87582479062843
242.23066982954288,126.68632347156287,179.97458894279612,207.62613114074048
239.65811417316996,128.65904864947615,179.01963634975107,209.7807446907048
240.29643093323202,127.57791878007565,177.74300282962696,211.9430044295058
237.62357971389127,129.51885837567013,176.95782905169918,214.19200145492613
238.13507464451348,128.464335859459,175.93483919045474,216.3010464873484
235.57087785541148,127.31441364484687,174.8944726884107,218.60089091657267
236.02768439140883,126.12488899923434,173.980859616416,220.9799402077977
233.5293463703358,125.11398210515011,172.76869963719702,223.00175399596617
234.01877437483978,124.11937837844698,171.78984362818903,224.99096144937243
234.57306694934437,123.06143280693583,170.6812584791799,227.10685259239474
235.12740885993853,122.12164904817661,169.57257465799154,228.98642010991318
235.6847914395131,124.36781663267473,168.4578094988424,230.75314537941
233.25822983625255,123.68262740257867,167.0433109501214,232.12352383960211
233.84886667478918,122.77873788017385,165.86203727304812,233.93130288441176
234.49764551368955,121.9788251147909,164.5644795952474,235.53112841517768
235.14086348865797,121.15325458630717,163.27804364531056,237.18226947214512
235.89836134163568,120.51384790363291,161.76304793935512,238.46108283749365
236.5708868752349,119.84568182332367,160.41799687215672,239.79741499811212
237.2516248673226,119.29516202704013,159.05652088798132,240.8984545906792
237.9847828958084,118.81199416837548,157.5902048310097,241.8647903080085
238.72811704763689,118.27057270737146,156.1035365273527,242.94763323001655
239.4899813139947,117.71969759185572,154.5798079946371,244.04938346104802
240.14240084011666,117.19984328828613,153.27496894239317,245.0890920681872
237.65266678196082,116.44487114424257,152.02278226769548,246.59903635627433
238.33766821097146,112.78635133401171,150.6527794096742,247.68289475352586
238.93527679532366,112.30395892543474,149.45756224096976,248.6476795706798
239.45096221140847,108.74060003183087,148.42619140880018,249.5538628478027
239.91088408731991,108.27850069321819,147.50634765697725,250.47806152502804
240.25953287803497,104.6106734109799,146.80905007554713,251.59891160532783
240.57254770181072,100.79116104907014,146.18302042799564,253.01828772107078
240.833041164546,97.02662386397176,145.66203350252513,254.31726406977236
241.15854228998376,96.33809563122561,145.0110312516496,255.69432053526467
241.50893560097273,92.5452540222268,144.31024462967162,257.0301562120575
241.89864899995027,88.80765410425326,143.53081783171655,258.2476646881903
242.16188409401983,88.16951427308626,143.00434764357743,259.5239443505243
242.40521665655714,84.21720095126409,142.5176825185028,261.1562895529862
242.49961784943986,83.11131667296485,142.32888013273737,263.3680581095847
242.5780768657224,78.81022483984148,142.17196210017227,265.65279994293627
242.5482657835802,74.58473492281914,142.23158426445667,267.7553664640324
242.6594581282551,70.99949261233658,142.00919957510692,268.54546378269345
242.81099442507957,67.62491842916438,141.70612698145794,268.90641632907466
243.03915521560413,64.37307536928981,141.24980540040886,269.02180167033157
243.2590706447151,64.70513664267278,140.8099745421869,268.3576791235656
243.49320230879403,61.644115950273175,140.34171121402903,268.1148839012134
243.6699745203464,58.771754702959214,139.98816679092434,267.50638723678065
240.76564046083763,58.882142509626675,139.45863689890496,267.28561162344573
241.07611038891852,59.2226846730662,138.83769704274317,266.6045272965667
241.32779700810784,56.227535346785004,138.33432380436454,266.289665242673
241.56981599602847,56.29296874585401,137.8502858285233,266.15879844453497
241.8279688991802,56.41770857832677,137.3339800222198,265.90931877958946
242.07869277153335,56.603057419589646,136.8325322775135,265.5386210970637
242.31087747161882,53.73101765569021,136.36816287734254,265.02771353662365
242.51702622416548,53.95944095354798,135.95586537224924,264.5708669409081
242.65204787369993,54.17448280495603,135.6858220731804,264.140783238092
242.7390507623686,50.97719933196885,135.511816295843,264.3206385078606
