190.0,146.0,251.0,119.0
189.23271871958667,148.3195737807712,251.53456256082666,119.09417414074811
188.9072739713189,148.32774791486423,252.18545205736223,119.0778258725621
188.57045293666798,151.31950036867667,252.85909412666405,118.84627759051598
188.21935620989578,154.43996767748428,253.56128758020844,118.36307450600657
187.88700344798124,154.70790055768268,254.2259931040375,117.82720874560978
187.58468678500822,155.01108922192086,254.83062642998354,117.22083141713343
187.4661679651531,158.37432117491073,255.06766406969382,116.25238221277262
187.25984754534204,158.83621703251518,255.48030490931592,115.32859049756371
187.08695898513258,159.40594166145618,255.82608202973486,114.18914123968172
186.91455171792887,159.96341496007344,256.17089656414225,113.0741946424472
189.59108110461884,157.74185352060937,256.5225123878494,111.81264292428817
189.44399118253455,158.21219619509014,256.816692232018,110.87195757532663
189.46328662275414,155.95228619818596,256.7781013515788,109.71658429815814
189.5078591847518,156.53577760501764,256.6889562275835,108.54960148449479
192.55251991423236,154.5249069295818,256.2319042405555,106.93907336343327
192.88571031135413,155.21620690697006,255.56552344631194,105.55647340865673
193.32768107714443,153.3927863811083,254.68158191473134,103.64037013953492
193.81307916928887,151.5573316983382,253.71078573044247,101.79516736075163
194.25505584078883,152.38870097874468,252.82683238744255,100.13242879993868
194.73361144089898,153.26407481058203,251.86972118722227,98.38168113626398
195.18946146334258,154.21982302534258,250.95802114233504,96.47018470674288
195.65960905669448,155.19119280372087,250.01772595563125,94.52744514998633
196.13647480722477,156.21173396509815,249.06399445457066,92.48636282723174
196.57242873336423,157.27892010482964,248.19208660229174,90.35199054776875
196.83708827740836,158.34525328563134,247.6627675142035,88.21932418616535
197.22052450507366,156.98281345331452,246.8958950588729,85.80587367392059
200.09366394946437,157.94832129756892,246.23315704147765,83.87485798541177
200.4808247972504,156.52207526037625,245.45883534590558,81.68844143754656
203.3859074321821,157.38865092190713,244.63660033368348,79.95529011448478
203.80194655619414,155.95193366538174,243.80452208565944,77.88424618818306
204.13371233725798,156.69145823817217,243.14099052353174,76.40519704260223
204.40654721572525,157.40364954438868,242.59532076659715,74.98081443016919
204.56747105780204,158.00195944423507,242.2734730824436,73.78419463047643
204.73180633389524,158.60747091798586,241.9448025302572,72.57317168297482
204.91761945396968,159.1514242675837,241.5731762901083,71.48526498377916
205.06721389683656,159.64223580747387,241.2739874043746,70.50364190399881
205.19509819894347,160.0905587508534,241.01821880016072,69.60699601723971
205.35159806764642,160.47922058177653,240.70521906275485,68.82967235539348
205.53527249788607,160.74710340858758,240.33787020227555,68.29390670177139
205.9108655586092,161.0367655128734,239.58668408082926,67.71458249319974
206.203142913692,161.227173540834,239.00212937066368,67.33376643727854
206.57184021785616,161.26717142072147,238.26473476233534,67.25377067750362
206.95143143000448,161.25321559763842,237.50555233803874,67.28168232366968
207.46088233777212,163.38035255797826,236.48665052250345,67.63626338901858
207.90245116143757,163.21155432493092,235.60351287517253,67.9738598551133
208.2927414865346,162.98125615486057,234.8229322249785,68.43445619525397
208.76124943658124,164.960871580608,233.88591632488522,69.06770781570734
209.1589025123295,164.63661810215888,233.0906101733887,69.71621477260558
209.64829611261797,164.3042563910073,232.11182297281175,70.38093819490875
210.16463635346145,166.20900149524405,231.0791424911248,71.16173986566412
210.48640661664874,165.93916329273472,230.43560196475022,71.70141627068278
210.76437204491657,165.7048488980755,229.87967110821452,72.17004506000121
211.0866434319799,165.483315872763,229.23512833408793,72.61311111062619
211.4766873998442,165.2107009742146,228.45504039835933,73.15834090772299
211.75418957784206,164.9262166923903,227.9000360423636,73.72730947137158
212.18982017738537,164.70489388115146,227.02877484327695,74.16995509384931
212.6454754952959,164.47474646737408,226.1174642074559,74.6302499214041
213.0427154288687,164.21332171009502,225.32298434031028,75.15309943596219
215.6340170549479,163.948427527837,224.72216871019407,75.68288780047824
218.25327259260843,163.6296395439535,224.06657889264318,76.32046376824525
218.70106455445995,163.24391081768454,223.17099496894016,77.09192122078318
221.36813140742262,162.87469635861757,222.4233803358547,77.83035013891708
221.82080621491008,164.60931811187834,221.5180307208798,78.9503952735862
224.46184494596503,164.12599087979584,220.83264941602386,79.9170497377512
227.17617143124988,163.59907375203642,220.0084063139327,80.97088399327002
229.82910519372632,162.97789641236275,219.31420334149868,82.21323867261735
232.5101823870455,160.07516284864772,218.576171673877,83.39458308103073
232.79746467264167,159.4507240765403,218.00160710268466,84.6434606252456
235.3682631284478,158.8004759976094,217.50895973930977,85.94395678310741
237.87507278615107,155.80413115910278,217.16048936240998,87.27149752161401
240.30576927221927,155.11580838816263,216.9829392094276,88.64814306349425
242.60178874275198,152.1124134124566,217.09671415666912,89.94911912659936
242.66564457774703,149.14922154570945,216.96900248667902,91.14491592754217
242.8599471933461,146.24594888784327,216.58039725548085,92.20149724509596
245.44708908188142,143.36091372493172,216.16917662958053,93.20850441974869
245.73890133415745,140.4526155968628,215.5855521250285,94.25018124043262
246.05302557890155,140.02995309877338,214.95730363554023,95.0955062366115
246.35464825863647,137.160642598633,214.35405827607045,96.04348824939434
246.66619368481636,136.7463050102476,213.73096742371064,96.87216342616512
246.84364655319862,136.29304999020098,213.37606168694612,97.77867346625834
246.91450822072767,133.4062911692505,213.23433835188803,98.73739742140688
247.0619820095751,133.01922380616836,212.93939077419313,99.51153214757115
247.05334804681945,132.56578795805478,212.95665869970446,100.41840384379825
246.9095816787037,132.1263987519639,213.244191435936,101.29718225598002
246.67640541596182,131.6927043679613,213.71054396141972,102.16457102398519
246.48178579780506,131.32378582010264,214.09978319773322,102.90240811970254
246.30604888265805,130.96000810250706,214.45125702802727,103.62996355489375
246.18940723005034,130.64234265446993,214.68454033324272,104.26529445096799
246.15891005968493,130.3289247952829,214.7455346739735,104.89213016934207
246.27668711222887,130.0698360525827,214.50998056888562,105.41030765474245
246.40692878753447,129.84710617745475,214.2494972182744,105.85576740499837
246.49619779999836,129.62642411650074,214.07095919334662,106.29713152690633
249.05903794590154,131.7900625042814,213.91856394829838,106.9431397981031
249.1010677918652,131.62909274278343,213.83450425637102,107.26507932109902
249.05071612229744,133.95448587208662,213.9352075955065,107.60086892831605
251.41339685730622,133.76409725611705,214.20370311471467,107.98164616025517
251.14622924450447,136.0339928469824,214.73803834031824,108.4462270007644
250.82216220972037,135.85504735499615,215.3861724098864,108.80411798473685
250.50264483908487,135.71531219998863,216.02520715115742,109.08358829475192
252.67721979673186,138.0612198560255,216.72615903266632,109.44187477948098
252.28867450248913,137.89160370269477,217.50324962115175,109.78110708614248
251.88354406897272,140.27962401101996,218.3135104881846,110.08887728489188
251.36252601037918,140.21537920239803,219.35554660537167,110.21736690213581
250.90042433930608,140.1606679746481,220.27974994751787,110.3267893576356
250.41715106463133,142.6580297473136,221.2462964968674,110.46597891876287
252.38660012762432,142.65757608017134,222.45787059384034,110.46688625304736
251.78329059559107,145.16512658860472,223.6644896579068,110.62000507171152
251.1886736021491,145.1738961569788,224.8537236447908,110.6024659349633
253.07811664530368,147.71019387796082,226.2804497775497,110.73548271206741
252.39908889358546,150.23459828241818,227.63850528098618,110.91544911795782
251.60894978921078,150.135388018404,229.21878348973553,111.11386964598617
250.77351500555804,152.71343845395003,230.88965305704102,111.23604103071271
249.94186515539798,152.6579460831087,232.55295275736117,111.34702577239538
249.03784305170768,155.28799851957788,234.3609969647417,111.41791394944785
248.19737508131217,158.02470936135794,236.04193290553275,111.30308956592006
247.40844888205646,160.77358525404568,237.61978530404417,111.1864339181085
246.65009970179662,160.85481438161747,239.13648366456385,111.02397566296494
245.71584959515204,163.62583414339167,241.00498387785302,110.90322070983115
242.05755739803223,163.73293957866449,242.87521301317253,110.6890098392855
241.1267729520237,166.59411431404448,244.73678190518953,110.43645209353716
237.47960192789418,166.78324790533162,246.53871983998792,110.05818491096286
236.646858561315,167.08666387797575,248.2042065731463,109.45135296567457
235.8325923192993,167.39583481011024,249.83273905717772,108.83301110140559
235.03915185506077,167.74952241295347,251.41961998565478,108.12563589571911
234.23076799006117,168.10381343729142,253.03638771565394,107.4170538470432
233.37243171778275,165.82570607993222,254.75306026021082,106.41384683587177
232.6944699554582,166.21233963667606,256.1089837848599,105.64057972238408
231.92235668098903,163.87942464278572,257.65321033379826,104.73413034144039
231.17462920730728,164.2129580728528,259.14866528116175,104.06706348130618
230.45387095702384,161.86373867379558,260.59018178172863,103.17743385397645
229.75874891269652,162.19106259423367,261.98042587038327,102.52278601310026
229.07214572178867,159.7826203510964,263.35363225219896,101.73846280637648
228.3373035857027,160.1152752645071,264.8233165243709,101.07315297955513
227.61174891975128,157.75281775445112,266.27442585627375,100.18202989170722
226.77418584420604,158.10421929898843,267.9495520073642,99.4792268026326
225.97332758885727,158.40307163675817,269.55126851806176,98.88152212709309
225.13050763756328,156.02123196194424,271.23690842064974,98.00088464337719
224.29301222702875,156.3875904120539,272.9118992417188,97.26816774315782
223.4776032355243,156.67284379331517,274.5427172247277,96.6976609806353
222.71381369199457,156.95749073090374,276.07029631178716,96.12836710545817
221.97407795999436,157.18769095903463,277.5497677757876,95.66796664919637
221.3645683853102,157.39429217540172,278.7687869251559,95.25476421646222
220.80060436118995,157.61037201578233,279.8967149733964,94.82260453570096
220.19571207388742,157.78768259057404,281.10649954800147,94.46798338611754
219.69863118038285,157.96530414115117,282.1006613350106,94.11274028496331
219.18119274806259,158.1253167329952,283.13553819965114,93.79271510127523
221.694471502442,158.34870305367505,283.85457896720766,93.34594245991555
221.40062558111646,158.61756001481604,284.44227080985877,92.8082285376336
221.25934664587766,158.93284664079673,284.7248286803364,92.1776552856722
221.11055049113463,159.162179819321,285.0224209898224,91.71898892862359
220.90858833483935,159.4006387006184,285.426345302413,91.24207116602881
220.69883664141037,159.60093596057646,285.84584868927095,90.84147664611268
220.48448847881343,159.71137494507315,286.2745450144648,90.62059867711936
223.10353914320117,159.82772741242354,286.76837740909804,90.38789374241858
222.85776927240818,162.86404090185087,287.25991715068403,90.04991906630426
222.4829913039488,162.9585174290588,288.00947308760277,89.86096601188841
222.20565284783362,165.83405233653016,288.56414999983315,89.85243182932606
221.8046819415246,165.91981961827923,289.3660918124512,89.68089726582794
221.51838727587761,168.75258154734723,289.93868114374516,89.77381669496127
221.21412066824746,168.79910336741204,290.54721435900547,89.68077305483163
220.89853955225828,171.6065330509249,291.1783765909838,89.84109475637727
220.5642616025658,171.6501154977684,291.8469324903688,89.75392986269023
220.33345148253548,174.54434175300258,292.3085527304294,89.76042818874129
220.066952432452,174.67455830884674,292.84155083059636,89.49999507705296
219.92138095284562,174.76921412037845,293.13269378980914,89.31068345398957
219.73468404231818,174.79103243105598,293.50608761086403,89.2670468326345
222.32785711160727,174.77057891291736,294.12918316224284,89.30795386891171
222.00078432475374,174.83321913989997,294.7833287359499,89.18267341494652
221.6337988118555,174.8247452409111,295.51729976174636,89.19962121292424
221.1993582539552,174.78031797797314,296.38618087754696,89.2884757388002
220.72764690472715,174.71299133880467,297.3296035760031,89.42312901713711
223.1790572672617,174.59718927830522,298.29324483294187,89.654733138136
222.82667524436047,174.52410941814242,298.9980088787443,89.80089285846162
222.43713587091355,174.37912890384933,299.77708762563816,90.09085388704776
222.03472565874853,174.1486815012268,300.5819080499682,90.55174869229285
224.5831726554177,173.8387383268264,301.4184361964407,91.17163504109365
224.23584069446,173.61133466294945,302.11310011835616,91.62644236884755
223.948517710601,173.41388215029195,302.6877460860741,92.02134739416255
226.73522111224045,173.19205355775597,303.1048081958384,92.46500457923453
226.5312641699859,172.9610602900209,303.51272208034754,92.92699111470463
229.3046553023521,175.74967525457748,303.98485843996593,93.36867980994234
229.06806775061122,175.51160147269516,304.4580335434477,93.844827373707
228.817497299865,175.3118430959243,304.9591744449401,94.24434412724874
228.54950416692108,175.0943527625297,305.495160710828,94.67932479403791
228.30666055834612,174.81805258807083,305.9808479279779,95.23192514295566
231.0692252787178,174.51608879741784,306.5522188399523,95.83585272426166
230.69506176617318,174.3662296614773,307.3005458650415,96.13557099614272
230.47581104549135,174.18642577250853,307.73904730640515,96.4951787740803
230.28177033789922,173.96181831122874,308.12712872158943,96.94439369663984
233.22195158073578,173.76451208384964,308.4053017272181,97.33900615139802
232.96586978295673,173.6141156539673,308.9174653227762,97.63979901116271
235.86767965486095,170.37660544637927,309.2964121563754,97.9322528489311
235.7303497932498,170.1820811056498,309.57107187959775,98.3213015303901
235.67223365985762,169.98831794042638,309.6873041463821,98.70882786083689
238.7292226436693,169.7869422854133,309.7865068202102,99.11157917086308
241.74132378219565,169.6189946986396,309.9843050221218,99.4474743444105
244.74235337313561,169.44028477907855,310.21323351771827,99.80489418353255
244.67625693850925,169.29389099680367,310.345426386971,100.0976817480823
244.57887418996157,169.08566129973343,310.54019188406636,100.51414114222277
247.64812235229306,168.84167019204386,310.6601845766901,101.00212335760193
250.62537741862948,168.59196606251135,310.9748297039544,101.501531616667
250.66110033272025,168.46983964774142,310.9033838757729,101.74578444620681
250.7682114330476,165.29055581411134,310.68916167511816,101.81809356769288
250.91483205177605,165.14375575078938,310.3959204376613,102.11169369433681
254.28766065471257,161.92677969360372,309.93601562130584,102.25989341919045
254.62600460328713,161.81902582090765,309.2593277241567,102.47540116458262
254.91680753737248,161.67024125802965,308.677721855986,102.77297029033863
255.22598443067244,161.5042467199378,308.0593680693861,103.10495936652227
255.50093322954308,158.2348878042986,307.5094704716448,103.37298335455269
255.61670195256607,157.96056512423684,307.2779330255988,103.9216287146762
255.64786578188824,157.63405034400597,307.2156053669545,104.57465827513795
252.5001153418699,154.12107977367162,307.2255820868594,105.31507525567486
252.44943765935858,153.72352627590914,307.32693745188203,106.11018225119986
249.23195098809967,150.2124277000265,307.4468086634227,106.81727727198803
249.228947306972,149.83098032634433,307.45281602567803,107.58017201935237
249.2134934904736,146.2910016311642,307.4837236586748,108.31648468165972
246.03471368357106,145.85822945285682,307.4838180543985,109.1820290382745
246.10357831435215,145.44818666608404,307.3460887928363,110.00211461182002
246.2166087038476,145.077129810264,307.1200280138454,110.74422832346009
246.34872801290632,144.7583946926279,306.855789395728,111.38169855873235
246.49209238506492,144.4637385055297,306.5690606514108,111.97101093292872
246.61966348117699,144.17777972215947,306.31391845918665,112.54292849966919
246.80359143908925,143.89823155379077,305.94606254336213,113.10202483640657
247.0572773751162,143.6762873719282,305.4386906713082,113.54591320013174
247.3679361650967,143.4364117854218,304.81737309134724,114.02566437314456
250.91729669342604,140.0317855905858,304.14124531998203,114.41232347752307
251.2479309456309,139.82055680568152,303.4799768155723,114.83478104733169
254.87097973173604,139.62826929865753,302.65186354189916,115.21935606137961
255.20853504086543,139.41197882801092,301.9767529236404,115.65193700267285
258.79044122950035,142.37235813414975,301.2240430510751,116.14228089509979
259.04395497137534,142.2047849354131,300.71701556732506,116.47742729257307
262.5571804327618,142.06255280555098,300.09839099187394,116.7618915522973
262.78693349503357,145.11213784618724,299.6388848673305,117.06675925652519
262.9724702246594,144.9564227698035,299.26781140807884,117.37818940929267
263.1137501763273,144.77665861540973,298.985251504743,117.7377177180802
263.28700445061594,144.57488444205407,298.63874295616574,118.14126606479154
263.556348543924,144.3684982156226,298.1000547695496,118.55403851765446
263.817150623399,144.14879713865022,297.57845061059953,118.99344067159923
264.04669999620273,143.88232438254718,297.1193518649921,119.5263861838053
264.33922972337643,143.61204144656242,296.53429241064475,120.06695205577485
264.66986101953,143.32566406123226,295.87302981833767,120.63970682643512
264.993553141941,143.05791072342134,295.2256455735156,121.175213502057
265.30431254740705,142.77810669610548,294.6041267625835,121.7348215566887
265.60585325580246,142.5092571297733,294.0010453457927,122.27252068935306
265.88425542557536,142.25398430267285,293.44424100624695,122.78306634355395
266.12861534580026,142.00306584036827,292.9555211657971,123.28490326816316
266.4961560557698,141.75272979137878,292.2204397458581,123.7855753661421
270.1633271817359,141.5492235750864,291.3017231566523,124.1925877987269
270.5611121646934,141.24813360332172,290.50615319073734,124.7947677422562
274.25994614471796,137.7828833957917,289.51717541216385,125.31657797584056
277.9235495020745,137.47832188258886,288.5935641577654,125.92570100224629
278.3254307534558,137.18297688297477,287.78980165500275,126.51639100147446
281.9942795601421,133.72654458028478,286.85184020682306,127.02951944166145
285.65251309232525,133.41901953170324,285.9305474482584,127.64456953882457
286.0501890350363,133.14016244770687,285.1351955628364,128.2022837068173
289.691091925361,132.87471976603734,284.2442756111224,128.73316907015635
290.09585643659824,132.6238006568917,283.43474658864795,129.23500728844766
293.7278452030073,132.38578272227335,282.5550749392618,129.71104315768434
294.0981768588194,132.12101451377544,281.8144116276376,130.24057957468014
294.5872019626128,131.87672181567427,280.8363614200507,130.7291649708825
298.3345656252437,131.6834214003712,279.714299151,131.11576580148864
298.91747453725816,131.54834411835563,278.5484813269711,131.38592036551978
299.50202494848764,131.42550779910573,277.37938050451214,131.63159300401958
300.08195172950684,131.26270112741713,276.21952694247375,131.95720634739678
303.863610348881,131.09773702222137,274.9830260202398,132.2871345577883
304.45812851773144,130.96527052377502,273.793989682539,132.55206755468097
304.9845446913223,130.81056711316427,272.7411573353572,132.8614743759025
305.4903573548344,130.62582215699683,271.72953200833314,133.23096428823735
305.9699913311442,130.38194121632193,270.7702640557135,133.71872616958717
306.36720076158497,130.11609621919877,269.97584519483195,134.2504161638335
306.7147002667666,129.8388349183889,269.28084618446866,134.80493876545327
306.99670606753796,129.54859965933304,268.71683458292586,135.385409283565
307.27014603876165,129.2124134644984,268.1699546404785,136.05778167323425
307.53195671590447,128.85409943057306,267.6463332861928,136.77440974108492
307.8410237089236,128.5132956204056,267.0281993001546,137.4560173614199
308.20424872677063,128.1976723840953,266.3017492644606,138.0872638340404
311.70402983658937,127.89164190068962,265.5899864562793,138.6993248008518
312.02085749170647,127.66658320546868,264.95633114604504,139.14944219129367
312.41008468674056,127.44061521841905,264.1778767559768,139.60137816539293
312.75930208813054,127.22590265425055,263.47944195319684,140.03080329372995
313.15078802184973,127.07417165339902,262.69647008575856,140.334265295433
313.6248370704653,126.9866509626441,261.7483719885274,140.50930667694283
314.20063876865584,126.9111259320824,260.5967685921463,140.66035673806624
314.80882474784545,126.86837838891374,259.3803966337671,140.74585182440356
315.4069782451785,126.88925792127549,258.18408963910105,140.70409275968007
315.98186316937824,126.94206812331922,257.03431979070143,140.5984723555926
316.51219327758844,127.1264421681478,255.9736595742811,140.22972426593543
313.8404865103118,130.4936220047066,255.1445687979623,139.6678689036899
