175.0,109.0,242.0,318.0
174.55806641414003,108.03258082111523,241.88386717171994,318.93483835776954
174.59084277321494,107.62312059861497,241.81831445357008,319.75375880277005
174.53592800902598,107.26697962627131,241.92814398194804,320.4660407474574
174.47315686489145,106.98210393732575,242.05368627021713,321.0357921253485
178.82577821285037,106.82023668197766,242.1941595098898,321.3595266360447
178.74079984030973,106.79804549991849,242.36411625497107,321.403909000163
178.5992932159429,106.84803816147831,242.64712950370472,321.3039236770434
182.9564940544671,107.058617067157,242.79222475017335,320.882765865686
182.80892841463518,107.21348838765945,243.08735602983717,320.5730232246811
182.63805821427823,107.38849129273245,243.42909643055106,320.2230174145351
182.51269582271414,107.59110226140695,243.67982121367925,319.8177954771861
186.7912275417581,107.80723675227557,243.97646181415297,319.38552649544886
186.6474327960721,107.91498801446977,244.26405130552496,319.17002397106046
186.48966916713542,108.06818845737587,244.57957856339834,318.86362308524826
186.24555541410146,108.18400944788755,245.06780606946626,318.6319811042249
185.9558835449126,108.22665052502316,245.64714980784396,318.5466989499537
190.16426272943255,108.27717269630551,246.09677250590642,318.445654607389
190.0172577528199,108.35281275235724,246.39078245913174,318.2943744952855
189.84191950404062,108.34834363573626,246.7414589566903,318.3033127285275
194.0518795735757,108.36897909668764,247.20202286453053,318.2620418066247
193.85929224009135,108.35349186229325,247.5871975314992,318.2930162754135
193.70319032044392,108.38965768233166,247.8994013707941,318.2206846353367
193.48248701497548,108.41488866194152,248.34080798173096,318.17022267611696
197.70512187396974,108.47636092677186,248.80001213501316,318.0472781464563
197.51995393875495,108.55029822513455,249.17034800544275,317.8994035497309
197.33951291891177,108.63366277334211,249.53123004512912,317.7326744533158
197.10944580205341,113.12555566300321,249.99136427884582,317.66602260802
196.89395296707357,113.29204827268157,250.42234994880553,317.3330373886633
196.65188461011462,113.39623603012188,250.90648666272338,317.12466187378266
196.40451844151573,113.52822375695649,251.40121899992116,316.86068642011344
200.60234016555006,113.58454546022864,251.93972623020179,316.74804301356914
200.2722400581555,113.56543684178575,252.59992644499098,316.7862602504549
199.95887061127,113.50740061513812,253.22666533876196,316.9023327037502
199.70167013045435,113.46869563259179,253.74106630039324,316.97974266884285
203.89308011767486,113.36852643776433,254.33217138442012,317.18008105849776
203.55189145887576,113.27937786357961,255.01454870201832,317.3583782068672
203.23089294381657,113.21362398496296,255.65654573213666,317.4898859641005
202.95195387759486,113.12333900126612,256.2144238645801,317.6704559314942
202.68532259184101,113.0282183222613,256.7476864360878,317.86069728950383
202.39241924070862,112.90702969225012,257.3334931383526,318.1030745495262
202.08018820862742,112.78387526668541,257.957955202515,318.3493834006556
206.3190549550441,112.63162043994794,258.54346171501976,318.65389305413055
206.01693192813477,112.4480403599608,259.1477077688384,319.0210532141048
205.74399410137534,112.22263657024928,259.6935834223573,319.47186079352787
205.45902420035708,111.94446746016368,260.2635232243938,320.02819901369907
205.1420700841404,111.74174725548872,260.8974314568271,320.433639423049
204.80054773763536,111.53092718665692,261.58047614983724,320.8552795607126
209.03913817713803,111.29601612314818,262.26362933914555,321.32510168773007
208.67369562639786,111.0409998928391,262.9945144406259,321.83513414834823
208.39502891508172,110.81983807108514,263.55184786325816,322.27745779185614
208.11298744188966,110.51573293292569,264.1159308096423,322.88566806817505
207.79827218416918,110.19118060934088,264.74536132508325,323.5347727153447
207.49758961775612,109.90885375733848,265.34672645790937,324.09942641934947
207.21763401136616,109.66777205644865,265.9066376706893,324.5815898211291
206.9038938092088,109.3671573710775,266.534118075004,325.18281919187143
206.58398067403408,109.00128341128908,267.17394434535345,325.91456711144826
206.26803060979,108.68270333240389,267.8058444738416,326.55172726921865
206.05399417034403,108.52764439364975,268.23391735273356,326.8618451467269
205.8615128536772,108.41848405632021,268.6188799860672,327.080165821386
205.7022819150489,108.33368002772968,268.9373418633238,327.24977387856705
205.6005683080084,108.27954458031746,269.1407690774048,327.3580447733915
205.46777853998557,108.20194960523429,269.40634861345046,327.51323472355784
205.28861964763036,108.15183855301296,269.7646663981609,327.6134568280005
205.14267576470206,108.1089535962463,270.0565541640175,327.69922674153383
204.91236416579812,108.16956929299633,270.51717736182536,327.57799534803377
204.76358215749303,108.17979980503091,270.81474137843554,327.5575343239646
204.60488320606282,108.1610223155254,271.13213928129596,327.5950893029756
204.47001890051064,108.16732102459056,271.40186789240033,327.5824918848453
204.34848848393136,108.21944128435123,271.6449287255589,327.47825136532396
204.17971511768317,108.30934917064081,271.98247545805526,327.2984355927448
203.99564637582466,108.41913630466487,272.3506129417723,327.0788613246967
203.84970948068883,108.51999004074389,272.64248673204395,326.87715385253864
203.72688988888237,108.62121890654481,272.8881259156569,326.6746961209368
203.69324982330028,108.7258380315352,272.95540604682105,326.465457870956
203.70089270062272,108.81983227222173,272.9401202921762,326.27746938958296
203.70328865449676,108.96263568536031,272.9353283844281,325.9918625633058
203.7400941016486,109.10032447948046,272.8617174901244,325.7164849750655
203.92964098329378,109.3331614703568,272.48262372683405,325.2508109933128
204.11716955142597,109.590167655393,272.10756659056966,324.7367986232404
204.327382596802,109.86452747189188,271.6871404998176,324.1880789902427
204.60401015713376,110.17926833409638,271.1338853791541,323.55859726583367
204.98725924271758,110.5706238501831,270.36738720798644,322.77588623366023
205.37678835844636,111.02869571718321,269.5883289765289,321.85974249966
205.78549524516674,111.60014722288966,268.7709152030881,320.7168394882471
206.213690113638,112.18703074471753,267.9145254661456,319.54307244459136
202.06017817816593,108.17275845686399,266.9791847103196,318.3292523935283
202.5505281109297,108.6956817327125,265.9984848447921,317.28340584183127
203.0741221427098,109.2371350079224,264.95129678123186,316.20049929141146
203.55170668721,109.75733004962902,263.9961276922315,315.16010920799823
204.01770954195896,110.27949251880239,263.0641219827335,314.1157842696515
204.45601841972172,110.76208934180269,262.187504227208,313.1505906236509
204.9020290832428,111.26353734555406,261.29548290016584,312.14769461614816
205.33088246442816,111.76455121377472,260.43777613779514,311.1456668797068
205.78071766306846,112.27423043189938,259.53810574051454,310.1263084434575
206.19184954009557,112.81506358381984,258.7158419864603,309.0446421396166
206.61619878385696,113.40573778763061,257.86714349893754,307.86329373199504
207.08794191954067,114.02285583954284,256.9236572275701,306.6290576281706
207.47944514522504,110.06344155308267,256.14065077620137,305.6816744600766
207.89969237415804,110.53012069735476,255.30015631833538,304.7483161715324
208.2898249960023,111.00277401538972,254.51989107464686,303.8030095354625
208.70959358058036,111.42625954247413,253.68035390549076,302.95603848129366
209.15749246805052,107.47319239360073,252.78455613055044,302.1048363234757
209.54789254200386,107.86518626835618,252.00375598264375,301.3208485739648
209.86260318625736,108.24921335115678,251.37433469413673,300.5527944083636
210.15089484113324,104.31481229150648,250.79775138438498,299.7384608989843
210.48413992508844,104.67580049663911,250.13126121647457,299.016484488719
210.87784134545217,105.07791205348877,249.34385837574712,298.2122613750197
211.23616561325116,105.43413958428835,248.62720984014916,297.49980631342055
211.55439914673298,105.77123045737719,247.9907427731855,296.82562456724287
211.79332164406327,106.03743126767768,247.5128977785249,296.2932229466419
211.95536297009093,106.23090368555427,247.1888151264696,295.9062781108887
212.06050177169578,106.35267310912312,246.9785375232599,295.662739263751
216.3782404184206,106.44236388218863,246.87998977579457,295.48335771762
216.3366595082302,106.47560046499311,246.96315159617535,295.416884552011
216.26423180752306,106.4710583013227,247.10800699758965,295.42596887935184
216.18378966758775,106.44278747639785,247.26889127746028,295.48251052920153
220.3949417463968,106.3316964358946,247.3854182110792,295.70469261020804
220.24669379284848,106.16977757957463,247.68191411817588,296.028530322848
220.0948081359945,106.05194992130606,247.98568543188384,296.2641856393851
219.93727103322655,105.9485950582968,248.30075963741973,296.47089536540363
219.72361123805092,105.8566538590151,248.72807922777096,296.65477776396705
219.53193612163767,105.71438055634317,249.1114294605975,296.9393243693109
219.35172160591276,105.58349012954795,249.4718584920473,297.20110522290133
219.2079068644319,105.44762130423862,249.75948797500905,297.47284287352
219.0514902711236,101.02807777464199,250.07232116162558,297.7022911015673
218.85867674255616,100.83660761832039,250.4579482187605,298.0852314142105
218.54255407283748,100.64806763835111,251.09019355819788,298.46231137414907
218.27163655509295,100.49160635829418,251.63202859368693,298.7752339342629
217.97936940492713,100.3266164331024,252.2165628940186,299.1052137846465
217.7877153719238,95.85316496848952,252.59987096002519,299.3777375072227
217.57424237456712,95.71258495010872,253.02681695473862,299.6588975439843
217.28602964147484,95.6066968814493,253.60324242092315,299.8706736813032
217.0934992333411,95.48692610669511,253.98830323719062,300.11021523081155
212.55379825771988,91.08017726816905,254.34930479505277,300.20531251448335
212.4146497250241,91.00246417538293,254.62760186044432,300.3607387000556
212.32004425280098,90.97282007204149,254.8168128048906,300.4200269067385
212.27529829783202,90.94762107984886,254.90630471482848,300.47042489112374
207.9247146914161,90.93374595609043,254.86874338552173,300.4981751386406
207.88554602328037,90.98610189123903,254.94708072179318,300.3934632683434
207.86218624380786,86.6746915003057,254.99380028073824,300.278087825943
207.80608659897717,86.7109808628507,255.10599957039958,300.20550910085296
207.76298708719258,86.77359164261469,255.19219859396875,300.080287541325
207.7443028732655,86.76468206243527,255.22956702182293,300.09810670168383
203.3448020998228,86.68978611591947,255.29039004918693,300.2478985947154
203.30835706639226,86.61388087542136,255.36328011604803,300.39970907571166
203.22774782438245,86.46958649112918,255.5244986000677,300.688297844296
203.1533043059791,86.31831748158751,255.67338563687434,300.99083586337935
203.0598676018538,86.23349138976306,255.86025904512493,301.16048804702825
202.95946635119824,86.1476518763865,256.06106154643606,301.33216707378136
202.8347838795797,85.99675177046024,256.31042648967315,301.6339672856339
198.27391833318285,85.84240512133795,256.6528822680194,301.9426605838785
198.0573754731185,85.6359683869544,257.0859679881481,302.35553405264557
197.87416229929443,85.41164332322668,257.45239433579627,302.804184180101
197.72934125004588,85.20412655611736,257.74203643429337,303.21921771431965
197.62723806345278,85.00415081226524,257.94624280747956,303.6191692020239
197.56881777596342,84.80508204734164,258.0630833824583,304.0173067318711
197.52319662089062,84.63754410093767,258.1543256926039,304.352382624679
197.4953212095524,84.43594719806794,258.2100765152803,304.7555764304185
197.45795074705998,84.22637927736827,258.28481744026516,305.17471227181784
197.39135134663024,83.96431740039102,258.41801624112463,305.6988360257723
197.32597046318364,83.72148694335272,258.54877800801785,306.18449693984894
197.2784275525337,83.51380141867682,258.6438638293177,306.59986798920073
197.40611342014023,83.39090388166937,258.38849209410466,306.8456630632156
197.53768817323456,83.37152442128763,258.125342587916,306.8844219839791
197.57525427616906,83.12994051718141,258.050210382047,307.36758979219155
197.5473300403949,87.2945021054359,258.1060588535953,307.93421218516704
197.59823195711573,87.22612130992886,258.00425502015366,308.0709737761811
202.0848402634303,91.61504108453042,257.9368878072688,308.1989836267223
202.06357032617944,91.68821727202996,257.9794276817705,308.0526312517232
206.56860897707202,91.66175666191984,257.8745170129715,308.10555247194344
206.6100771293859,91.52848415334512,257.79158070834376,308.3720974890929
206.61822905638195,95.75860968952307,257.77527685435166,308.8189101068672
206.54831321357892,95.6740075838604,257.9151085399577,308.9881143181925
206.45932178455092,100.05396635950072,258.0930913980137,309.14674443766853
206.46078107316177,100.03449596895362,258.090172820792,309.1856852187627
206.50070185919057,100.02858867987189,258.0103312487344,309.1974997969262
206.45623935799642,99.94761188309528,258.0992562511227,309.3594533904794
206.3136345880877,99.84153832166609,258.38446579094017,309.5716005133378
206.1681478848248,99.72263713544606,258.67543919746595,309.80940288577784
201.57298734274758,99.58930240507192,258.9223015792995,310.07607234652613
201.45318133752784,99.49951728131933,259.161913589739,310.2556425940313
197.01839674444938,99.30219782483937,259.07330657608077,310.65028150699123
196.90999603217443,99.10890664152191,259.29010800063065,311.03686387362615
196.80780538554967,98.88672987618659,259.4944892938802,311.4812174042968
196.6862268314943,98.60927275373706,259.7376464019909,312.03613164919585
196.626993080567,98.43016489986903,259.85611390384554,312.3943473569319
196.58811764705865,98.29048371511357,259.9338647708622,312.67370972644284
196.5641536155566,98.18075155458726,259.98179283386634,312.89317404749545
196.51261384911064,98.0937802295444,260.08487236675825,313.0671166975812
196.53142503470067,97.9746081157086,260.04724999557817,313.30546092525276
196.6178108664443,97.88690061068093,259.8744783320909,313.4808759353081
196.74648642391008,97.73520738623313,259.61712721715935,313.7842623842037
196.8455224580242,97.51450204101525,259.41905514893114,314.2256730746395
196.9326696121977,97.44074098311566,259.2447608405841,314.37319519043865
197.00665191432608,102.01235713434352,259.09679623632735,314.2528809654377
197.10182533281892,102.09817483890018,258.9064493993417,314.0812455563244
197.2168850739689,102.1197763472689,258.6763299170417,314.03804253958697
197.29624355070052,102.15302514532891,258.5176129635785,313.97154494346694
197.41053366744387,102.22706943773383,258.2890327300918,313.8234563586571
197.52858519991491,102.25853444831674,258.0529296651497,313.7605263374913
197.60192291441328,102.2773729765155,257.90625423615296,313.7228492810938
202.12096669537135,102.24699795531669,257.85946466164535,313.7835993234914
202.13531526874993,102.12282808242475,257.8307675148882,314.03193906927527
202.09208404901415,102.01688922287349,257.91722995435975,314.2438167883778
202.05497743507465,101.91660112632695,257.99144318223875,314.44439298147086
202.02678907003266,101.7692490201245,258.0478199123227,314.73909719387575
206.57885547718405,106.11088265657992,257.9529014850822,315.06504430802715
206.5613457570483,105.94039241877965,257.9879209253537,315.4060247836277
206.48621637121028,105.72467816772769,258.1381796970297,315.8374532857316
206.4339144990302,105.45596117283336,258.24278344138986,316.3748872755203
206.3416853222571,105.18649911796561,258.4272417949361,316.91381138525577
206.2078336780864,104.93672797729135,258.6949450832775,317.4133536666043
210.60555471352885,104.63502151809573,258.9602860265981,318.01676658499554
210.51173415398776,104.32476591306937,259.1479271456803,318.63727779504825
214.88633897597822,104.0653396855725,259.48563185608316,319.156130250042
214.79799993682167,103.70845528888259,259.66230993439626,319.8698990434218
214.71514142981044,103.56641105798462,259.8280269484187,320.15398750521774
219.1961508613847,103.42884874599699,259.9872229526717,320.429112129193
219.2072467591102,103.23775695655351,259.96503115722066,320.81129570807997
223.70702806502845,103.07585197194467,260.09899521421835,321.13510567729764
223.74156409717924,102.8678264496545,260.0299231499168,321.551156721878
223.72026089236832,102.68145392119175,260.0725295595386,321.9239017788035
228.28608698429605,102.51901183355835,260.093226945179,322.2487859540703
228.32334790069314,102.31672008125781,260.01870511238485,322.65336945867136
228.34270902992796,102.14102776784469,259.9799828539152,323.0047540854976
232.91176935497586,102.06084680015687,260.0093021410143,323.16511602087326
232.9150301580053,101.92129546224677,260.00278053495543,323.44421869669344
232.9277259415722,101.77010169423917,259.97738896782164,323.74660623270864
237.5233273335415,101.56285938718486,259.964966218708,324.1610908468173
237.57677645191686,101.32182521892557,259.8580679819573,324.64315918333585
237.60448155510272,101.14864424449848,259.80265777558554,324.98952113219
242.3313332601133,101.02161675543516,259.543964977618,325.24357611031667
242.3235598424483,100.86072592040964,259.55951181294796,325.5653577803677
242.3499101960722,100.67609810210868,259.5068111057002,325.9346134169696
242.4046300230763,100.54506556520332,259.397371451692,326.19667849078036
247.09662786774453,100.40133339701671,259.2203173525255,326.48414282715356
247.17526734910757,100.28872317598234,259.06303838979943,326.7093632692223
247.3132950817909,100.18185711716615,258.7869829244328,326.9230953868547
252.00943677538268,100.05949925603849,258.6028640719889,327.16781110911
251.98785666073547,99.97277317536665,258.6460243012833,327.3412632704537
256.7354075838605,99.85882152203683,258.36320244456897,327.5691665771133
256.63883667377706,99.72871712715434,258.55634426473574,327.8293753668783
256.73372790813164,99.58292729885673,258.3665617960266,328.1209550234735
261.39126581238156,99.44351406208796,258.2711641144039,328.3997814970111
261.3562009694464,99.31856087624934,258.34129380027423,328.6496878686883
266.02512130103565,99.15614783495127,258.2308132062735,328.97451395128445
266.0026305977489,99.07816601897696,258.275794612847,329.1304775832331
266.06312189945294,98.99867584968095,258.15481200943896,329.2894579218251
270.6925908952694,98.89727386718786,258.1299929806244,329.49226188681126
270.62071427658566,98.90597086687836,258.2737462179918,329.47486788743026
270.58228281111764,98.86938586316782,258.3506091489279,329.54803789485135
270.49928496639353,98.8223924301497,258.5166048383761,329.6420247608876
270.3866273535082,98.7867416979922,258.74192006414677,329.7133262252026
270.26551710121083,98.70165163145725,258.9841405687415,329.8835063582725
270.1360870982837,98.62820164796096,259.2430005745957,330.03040632526506
269.98991996158145,98.5591773891311,259.5353348480003,330.1684548429248
269.82425662461765,98.46198478206031,259.8666615219279,330.36284005706636
269.62082924903734,98.35329657889636,260.27351627308843,330.58021646339427
274.1220346004833,98.20022756540584,260.5594058270005,330.8863544903753
273.9769662631498,98.07600185820604,260.84954250166743,331.1348059047749
273.8343993435145,97.95419485321835,261.1346763409379,331.3784199147503
273.72081752524,97.8615081292688,261.36183997748697,331.5637933626494
273.57881087520684,97.76520908511097,261.64585327755333,331.75639145096505
273.4132131173719,97.6821788151876,261.97704879322316,331.9224519908118
273.28389042278184,97.62769933772935,262.23569418240334,332.0314109457283
273.1921323999028,97.62919528660262,262.4192102281614,332.02841904798174
273.1462920128231,97.68833592628818,262.5108910023208,331.91013776861064
273.07309391306666,97.6873327174628,262.6572872018337,331.9121441862614
273.0112257576521,97.72504242147284,262.78102351266284,331.8367247782413
272.91574727351224,97.73142538192619,262.97198048094253,331.8239588573346
272.8086193465705,97.70615364141955,263.186236334826,331.8745023383479
277.39034965271037,97.67995784948624,263.3781902152739,331.9268939222145
277.4223775392484,97.64897171752938,263.31413444219794,331.98886618612823
277.45376104118543,97.6440592100547,263.25136743832377,331.9986912010776
277.46547663607396,97.60254753350432,263.22793624854677,332.08171455417835
277.50084659603556,97.5499363403066,263.1571963286235,332.1869369405738
277.49752806500186,97.44585667990478,263.1638333906909,332.39509626137743
277.52076660895517,97.32301002933781,263.1173563027843,332.6407895625114
