127.0,230.0,372.0,52.0
126.5710102147093,229.59930137565817,371.8579795705814,51.80139724868368
126.59903451609543,229.61832476793387,371.80193096780914,51.76335046413223
123.31036531880233,229.77508628041033,372.20328222410524,51.449827439179316
120.03434644079354,229.84804375481664,372.5801382500013,51.30391249036669
116.70954232320017,229.95034807009824,373.0523197198191,51.09930385980352
113.30038864830641,229.9147746823264,373.69083055415535,51.170450635347215
113.14696983577213,229.84587229053085,373.9976681792239,51.30825541893829
109.8005876308556,217.67260876089014,374.49336680183114,50.866519329316354
106.21068019608299,217.55704279133877,375.4782285630232,51.09765126841911
102.56073008400719,217.54571887617018,376.56491082015253,51.120299098756256
98.98628786655209,217.45950839666648,377.485133448364,51.29272005776366
98.61934891503273,217.4191901974762,378.21901135140274,51.373356456144194
98.46542350133467,217.2941324936499,378.52686217879886,51.623471863796865
98.54467386535032,217.10151975883812,378.36836145076757,52.008697333420386
98.80565429051802,216.7922446235216,377.84640060043216,52.62724760405343
99.05713610325162,216.74887739389038,377.34343697496496,52.71398206331587
102.39114541616058,216.73400626945428,376.94707684365716,52.7437243121881
105.65679679705264,216.81425177291533,376.6825652759764,52.58323330526602
105.91856754680606,216.82646808864519,376.15902377646955,52.55880067380626
106.31218451658677,216.91194686566442,375.37178983690814,52.38784311976781
106.67691858532282,217.0296862369372,374.642321699436,52.15236437722224
110.06908403401778,217.0937515357718,374.08102946178013,52.02423377955306
113.33921588197705,216.95678075852268,373.7534699844091,52.298175334051265
116.70743667663172,216.78486479751132,373.2307519913796,52.64200725607399
116.90014568291943,238.44884421562594,372.84533397880415,52.808254739750474
117.02795873722022,238.26293505708452,372.5897078702026,53.18007305683327
120.291213238404,238.0901318003221,372.2786713455183,53.52567957035812
120.52074274360328,237.93206396108272,371.81961233511976,53.84181524883691
123.91469068762893,237.63041376230981,371.24989964135204,54.4451156463827
124.21555470001223,237.29046393364064,370.64817161658544,55.12501530372106
124.55877708904694,237.0962030688184,369.96172683851603,55.51353703336554
124.81421581513024,236.83068948394384,369.45084938634943,56.044564203114646
125.01433105732681,236.8136641998229,369.0506189019563,56.078614771356506
125.24793057530638,236.88043391017575,368.58341986599714,55.94507535065084
128.48555877194778,236.8587380680728,368.3239248630031,55.98846703485672
128.53938956152857,236.85966019557026,368.21626328384156,55.98662277986181
128.63455589007413,230.99581264122514,368.02593062675044,55.29127679166984
128.7556534011048,230.99940137529396,367.78373560468907,55.28409932353219
128.74365577271556,231.07069339363227,367.8077308614676,55.14151528685557
128.85526626953603,231.19474822992427,367.5845098678266,54.89340561427156
129.012963732356,231.26858273069678,367.26911494218666,54.74573661272656
129.17670499900254,213.1423340533514,366.9416324088936,53.95707788413517
129.39813184271628,213.47064867380635,366.4987787214661,53.300448643225266
129.604293805487,213.67511615730112,366.0864547959247,52.89151367623572
129.84485968051808,213.70152539019486,365.6053230458625,52.83869521044822
130.13419415432193,213.772003919146,365.0266540982548,52.69773815254599
130.4470947398264,213.92975733347475,364.40085292724586,52.382231323888455
130.72713494278773,214.03231928032523,363.84077252132323,52.177107430187505
131.1107024775806,214.05412144682094,363.0736374517375,52.133503097196055
131.55865426300076,214.06363716138878,362.17773388089716,52.11447166806039
131.89730532473038,214.1853174139974,361.5004317574379,51.87111116284313
129.27020762067883,214.23617153773557,360.7186210917233,51.76940291536679
126.32402985357032,214.32482093411832,360.587813345663,51.59210412260131
126.46202617142754,214.1514967887237,360.31182070994856,51.93875241339055
126.8032956984884,214.30162497039126,359.62928165582684,51.63849605005542
123.95902539025872,214.45311925573122,359.31233562111083,51.33550747937548
124.12264155347799,214.6561280099504,358.9851032946723,50.92948997093711
124.43761961673877,214.58640002282587,358.3551471681507,51.068945945186215
121.58592716004773,193.82680769419704,358.08212019163363,50.753247373149854
121.86164857697975,194.20257403717218,357.5306773577696,50.00171468719959
122.1988857280711,194.50538010495214,356.8562030555869,49.396102551639686
122.44027163162127,194.74618057053888,356.37343124848655,48.91450162046618
122.52853128321743,194.8392569360261,356.19691194529423,48.728348889491755
122.57093776624771,194.9752726209996,356.1120989792337,48.456317519544754
122.68887575703477,195.23827694772046,355.87622299765957,47.93030886610304
122.96121887764409,195.46184358784052,355.3315367564409,47.483175585862924
123.28881507389337,195.71544694357894,354.67634436394235,46.97596887438606
123.5598628374915,195.95832589120673,354.1342488367461,46.490210979130495
120.9692455482863,196.18402569104595,353.4900154976911,46.038811379452035
121.41082801127257,196.1892163752293,352.60685057171855,46.028430011085305
121.87453876293651,196.2017328467217,351.6794290683907,46.003397068100504
122.39412726981215,196.25400167514672,350.6402520546394,45.8988594112505
120.0591254924563,196.33101605380713,349.54496090242185,45.744830653929675
120.56856932676777,196.39531268190896,348.5260732337989,45.616237397726046
118.16969224846699,196.48757129959517,347.5934139014243,45.43172016235357
118.71159420694482,196.56268518672286,346.5096099844686,45.28149238809824
119.21631513183613,196.5770827879158,345.500168134686,45.25269718571238
116.95791128315867,196.57714336117255,344.33565295140176,45.252576039198864
117.6274469972758,196.56814897341314,342.9965815231675,45.27056481471763
115.5197144562768,196.59080590712088,341.5648635166434,45.2252509473022
116.35661748423195,196.69449600905105,339.8910574607331,45.01787074344183
117.1743873140274,196.72385824216207,338.2555178011422,44.95914627721983
118.01311914333385,196.74463440122986,336.5780541425293,44.91759395908421
116.07341962281401,196.67688435148386,334.9059096981757,45.05309405857625
116.95667804350839,196.61843180349558,333.13939285678697,45.16999915455277
117.93499568112884,196.61404129915212,331.18275758154607,45.17878016323971
118.81048018889507,196.76787127739425,329.4317885660136,44.87112020675548
119.62800802623423,196.87269597721937,327.7967328913353,44.66147080710524
120.51406106441638,197.0197860751365,326.024626814971,44.36729061127097
121.56905285101766,197.1386259409639,323.91464324176843,44.129610879616195
122.56319246509543,197.04773307471507,321.9263640136129,44.311396612113825
125.84905243852037,202.532400110122,320.6918696340969,44.016513675967836
123.96758938754058,202.52492891685827,319.14056675852424,44.03145606249531
124.76892297488567,202.44316726170732,317.5378995838341,44.1949793727972
128.072356789874,210.5469333772213,316.2053669251611,43.810452055680145
128.70455833881738,210.559721870262,314.94096382727435,43.784875069598804
129.57034965622776,210.46140388296362,313.2093811924536,43.98151104419553
132.92581858228777,213.1087200076556,311.70874380630175,43.89717926077981
133.57961223992632,213.01452428586464,310.40115649102466,44.08557070436173
134.3152382214855,212.93902969503873,308.92990452790633,44.23655988601355
135.0931914321185,215.53571458831203,307.37399810664033,44.19958019670967
135.8820050006105,215.49617013931604,305.7963709696563,44.278669094701684
139.19579148762014,215.3776469545873,304.2827795302979,44.515715464159136
140.1084101456435,215.28069971261505,302.4575422142512,44.70960994810366
141.00416525664446,215.18343788819786,300.66603199224926,44.90413359693806
141.9897050973547,215.01860884336506,298.6949523108288,45.23379168660363
143.14345421688805,217.45781612996691,296.3874540717621,45.390472272659125
144.29965606391124,217.35716700690097,294.0750503777157,45.591770518791
145.55942258738756,219.86133430658637,291.55551733076305,45.56184585355322
146.6341979728996,222.3227694648339,289.40596655973894,45.58194861160626
147.5525537925003,222.1705017670596,287.56925492053756,45.88648400715485
148.4699870576768,227.13389727428734,285.73438839018456,45.74833744965892
146.8724799235681,227.00349171773394,284.0632234324754,46.0091485627657
147.81688569924597,236.83565206539686,282.1744118811197,45.737845216753506
148.70653424440104,236.77724787014256,280.39511479080954,45.85465360726212
149.73985955959884,239.3007909682354,278.32846416041394,45.60197288652806
150.71733526004166,244.327799201,276.3735127595283,45.069488873526566
149.10730552376697,244.28065237015966,274.87046964557453,45.16378253520726
149.72640890720186,244.205798293831,273.63226287870475,45.31349068786454
150.21004113376952,244.12007433480701,272.6649984255694,45.48493860591254
148.26513493648045,243.87715276990943,271.87479134212793,45.97078173570768
148.54252522838567,243.51031555661962,271.3200107583175,46.704456162287336
148.78721635078202,243.09361812076372,270.8306285135248,47.53785103399914
149.00191454981587,242.67021647356452,270.4012321154571,48.38465432839752
149.2465029733369,242.17423479644322,269.91205526841503,49.376617682640145
149.40725194582936,241.57888205344057,269.5905573234301,50.56732316864541
147.13356743796788,238.52925570157444,269.400195143166,51.928844676390604
147.22065230930957,235.33415464625492,269.2260254004826,53.55728096645152
147.30974199330754,232.02179386063085,269.0478460324867,55.39085162715514
144.82602059252665,228.68297695255188,269.19093546303094,57.24413207229553
144.664103713953,225.3511183075428,269.5147692201782,59.04556994180536
144.38119196882846,222.01199923229774,270.0805927104273,60.82220766206762
144.01333816542498,218.76053921464035,270.81630031723427,62.38141462607766
146.17463257787085,218.09130814485025,271.4776448042986,63.71987676565784
145.7471018606607,217.40604120193595,272.3327062387189,65.09041065148642
145.20460367458944,214.24954141410115,273.41770261086145,66.34642777746153
144.56304196926746,213.80777652098263,274.7008260215054,67.22995756369856
146.3304814862926,213.43122024416297,276.2968968531748,67.98307011733787
147.85359182444614,213.18476176432495,278.4183353768358,68.47598707701391
149.12104096305097,213.040467746939,281.0902212953829,68.76457511178585
150.25549389444993,212.96423420944396,284.0710542682759,68.91704218677593
151.24623370139355,212.84235096334982,287.3840006380473,69.16080867896417
149.49853156923342,212.45607610774718,290.8794049023676,69.93335839016947
147.5772849059911,211.96719799723394,294.72189822885224,70.91111461119594
145.5320314597996,211.25450077046347,298.8124051212352,72.33650906473692
146.04321714685156,207.4547702172335,303.35621515851557,74.36978875981262
143.51543064277826,200.64869887752428,308.4117881666622,76.64473825370416
144.02632968468436,193.53397402860853,313.1727465278184,79.30867506159889
144.61007969416028,186.1573540079258,317.90537140757533,82.26166530554681
145.27122898571002,178.60620030402194,322.60557116473205,85.31897603284214
145.85529802419103,171.00801224077597,327.5837306873748,88.22275696012467
143.1146333009645,160.38798030195522,333.06506013382784,90.64972552362312
140.820832490875,155.9662021027603,337.65266175400683,93.09944690982282
138.55698234987022,151.5140462050898,342.1803620360164,95.49931056609618
136.2043274095688,147.2173672515392,346.88567191661923,97.47942124667055
133.85544323436397,143.0673294758376,351.5834402670289,99.06282813477084
131.78665727987237,142.52598416626674,355.7210121760121,100.14551875391254
129.86192587596884,142.2018467757627,359.57047498381917,100.79379353492061
131.53331335394674,142.0227501894746,363.1852993434098,101.15198670749679
129.81066596351016,142.05918381450695,366.63059412428294,101.07911945743211
131.6017911235411,142.2149790762123,370.1108220333027,100.76752893402143
133.33797471640509,142.5080689989415,373.74411549941453,100.18134908856305
131.49615165419235,142.86254041881662,377.42776162384,99.47240624881279
133.16458592398723,143.16667073372986,381.27515429067654,98.86414561898627
131.27928764793117,143.4758257084137,385.04575084278866,98.24583566961859
129.31805075404904,143.62295592076876,388.9682246305529,97.95157524490848
127.27880294503504,143.72933229443183,393.0467202485809,97.73882249758235
125.29557720727726,143.6787142980467,397.0131717240965,97.84005849035256
123.30641648741573,143.53819195486574,400.99149316381954,98.12110317671454
121.41781234209492,143.41692130360306,404.76870145446117,98.36364447923991
119.5362043240635,143.27769933504993,408.531917490524,98.64208841634616
117.64381652704418,139.51982323533196,412.31669308456264,98.55270636211108
115.82888155516247,139.4700250534699,415.94656302832607,98.65230272583526
114.07863127722254,139.4895419765938,419.4470635842059,98.61326887958741
112.33526353221632,139.61360627118555,422.93379907421837,98.36514029040393
110.53199423186635,139.7333660764739,426.5403376749183,98.1256206798272
108.6834290914021,139.84077915644406,430.2374679558468,97.91079451988689
106.91122178069219,139.9197386969206,433.78188257726663,97.7528754389338
105.15538852200885,140.09690446692275,437.2935490946333,97.39854389892955
103.34403484346888,140.371689356304,440.91625645171325,96.84897412016707
101.30468372634087,144.76438308873583,444.99495868596927,96.08729554836451
99.33858439570778,145.12306038966574,448.92715734723544,95.36994094650473
101.30913354482351,145.45911223116207,453.0929868183997,94.69783726351203
99.21285893422606,145.75699573278996,457.2855360395946,94.10207026025624
97.14735681687358,146.04177342327472,461.41654027429956,93.53251487928675
95.04703255716214,146.2480092048038,465.61718879372245,93.12004331622856
93.08880385524063,146.4481732123051,469.5336461975655,92.71971530122593
91.26885688104548,146.56948391970548,473.17354014595577,92.47709388642522
89.58605900821343,146.68266800054107,476.5391358916199,92.250725724754
87.99604306223907,146.68178684657966,479.7191677835686,92.25248803267685
86.45804983641492,146.7722896915953,482.7951542352169,92.0714823426456
84.98180875436066,146.82086657726705,485.7476363993254,91.9743285713021
83.62549253471275,146.88213132082447,488.46026883862123,91.85179908418723
82.36377315202316,147.0082825934865,490.9837076040004,91.59949653886312
81.2930089561282,147.1383879542705,493.1252359957903,91.33928581729515
80.38034997756375,147.2733233019827,494.9505539529192,91.06941512187078
79.66573094233604,147.4511088610682,496.37979202337465,90.71384400369975
79.07275947085299,147.6970178115812,497.56573496634076,90.2220261026738
78.62254836852134,147.93269767842082,498.46615717100406,89.75066636899453
82.3887105846043,148.18631115028182,499.6200812307115,89.24343942527254
81.9632575015394,148.45104708563218,500.4709873968413,88.7139675545718
81.413264562139,148.60068818542908,501.5709732756421,88.41468535497802
85.4342572468112,148.8276199200002,502.23194552679746,87.96082188583578
89.5429474437637,148.99150516569918,502.7177195725309,87.63305139443781
93.70836136814921,149.19284982991036,503.09030049041587,87.23036206601549
93.68862286335212,149.3781708990022,503.12977750001005,86.85971992783173
98.24719914654659,145.39969349049076,502.7064428836388,86.12285679483698
98.6025808878459,145.60581233397158,501.99567940104015,85.71061910787535
99.18810072783054,133.30246338568102,500.82463972107087,84.35130850036906
100.1520840559428,133.4354165307272,498.89667306484637,84.08540221027667
101.23168908137382,133.6952127662313,496.7374630139843,83.5658097392685
102.59454097212651,134.01221940823967,494.01175923247894,82.93179645525171
104.03825736134593,134.38830002592357,491.1243264540401,82.17963521988398
105.71420586027347,134.75104436569148,487.772429456185,81.45414654034809
107.53386693686085,135.1951937568832,484.13310730301026,80.56584775796466
105.21786412241988,135.73284607834708,480.4593396043067,79.49054311503691
107.18441745898537,136.29160354639927,476.52623293117574,78.37302817893254
105.18095766711275,136.8132138189133,472.37631527448366,77.32980763390447
107.32612578144597,137.30772421152017,468.0859790458172,76.34078684869073
109.59886340082986,137.7510232853556,463.54050380704945,75.45418870101992
107.9922009199316,138.24015183609845,458.8348620908866,74.47593159953419
110.2693658632212,138.76934068071756,454.2805322043074,73.417553910296
112.64087084748701,139.33800830469357,449.5375222357758,72.28021866234393
111.33378199402648,139.868597529292,444.4897851658751,71.21904021314708
113.82975100317174,140.39131273263175,439.4978471475846,70.17360980646761
116.34604163925383,140.96062271135895,434.4652658754204,69.03498984901319
118.91286091624772,141.58985969733124,429.3316273214326,67.77651587706859
121.3672067091378,142.24368286012134,424.42293573565246,66.46886955148842
123.88729447186881,142.91565924820458,419.38276021019044,65.12491677532196
126.33094948247614,143.6447867991157,414.4954501889758,63.66666167349969
125.2569210241669,144.3538660887157,409.6383975826035,62.24850309429967
127.75302210941476,144.8620230422029,404.6461954121078,61.23218918732526
129.9246559924043,145.33303772606592,400.3029276461287,60.290159819599246
131.42682267279744,152.6053226920509,397.2985942853424,59.228105774258864
133.78423483887377,153.13458748459013,392.58376995318974,58.169576189180376
136.0739295824439,153.5818178011307,388.0043804660495,57.27511555609919
134.98972774196702,154.02579302911803,383.6619992463549,56.387165100124534
