84.0,43.0,248.0,211.0
84.02140743080335,45.50751120653503,246.9571851383933,212.2074504548768
84.54102527247163,44.95028582700711,245.91794945505674,213.32190121393265
85.00614991009058,48.027902172912604,244.98770017981883,214.3942363674504
85.46293451693995,47.511832131125345,244.0741309661201,215.4263764510249
85.97479298805084,50.56824015075077,243.05041402389833,216.5462721613709
86.36504944223475,50.05924268387973,242.2699011155305,217.56426709511297
86.80565415082864,49.51222226202526,241.3886916983427,218.6583079388219
87.20949096653554,48.947018443496546,240.58101806692892,219.78871557587934
91.3439267007917,51.99151871789229,239.56021486306528,220.94778329173653
91.74858055597704,51.51606290111856,238.7509071526946,221.898694925284
96.02988494288763,54.73482679190181,237.44140910872994,222.71427787357402
96.6839064330819,57.96533664164336,236.1333661283414,223.49887653766294
97.2863240482612,57.666998148070235,234.9285308979828,224.0955535248092
101.54613140193402,57.33414902412457,233.63713864733847,224.76125177270052
102.07195679284189,60.56819943314345,232.58548786552274,225.51168492534563
102.52748445806455,60.17319276281668,231.67443253507741,226.30169826599916
103.01717073104668,59.792974268099016,230.69505998911316,227.0621352554345
107.20170208805749,62.94379156896575,229.5347152468505,227.96921862546
107.68448135429455,62.62263213490459,228.5691567143764,228.61153749358232
108.21784691191559,62.20311966134915,227.5024255991343,229.4505624406932
108.70302110884238,61.745908469735724,226.53207720528073,230.36498482392005
109.0939615606431,61.26071978456143,225.7501963016793,231.33536219426864
109.4688280276988,64.3435948660092,225.00046336756787,232.36767545997753
109.7952528298922,63.76871516586459,224.34761376318107,233.51743486026675
110.08154416504742,63.204036200891906,223.77503109287065,234.64679279021212
110.35554364546384,62.60378016193653,223.2270321320378,235.84730486812288
110.57553024929902,65.67251907331693,222.78705892436744,236.93866117831405
110.75540560756926,65.01113154099203,222.42730820782697,238.26143624296387
110.91262968901252,64.4119759990048,222.11286004494045,239.45974732693833
111.07115527000077,67.4107992255719,221.79580888296394,240.72967738607446
111.17688976798102,66.73110363969911,221.58433988700344,242.08906855782004
111.25761850173026,66.07418270767107,221.42288241950496,243.40291042187613
111.3266647160774,69.0167864030754,221.28478999081068,244.83574798540576
111.37651768026907,68.4059635921904,221.18508406242734,246.05739360717575
111.41423753045936,67.71473322983414,221.10964436204677,247.43985433188828
111.4189676218875,70.77622159388947,221.10018417919048,248.69269663383844
111.45384558624293,70.23177116794605,221.03042825047962,249.78159748572529
111.46146311298354,69.6614449274433,221.0151931969984,250.9222499667308
111.45878369890724,72.81252889890743,221.020552025151,252.04843602981083
111.47527003275181,72.30350219925297,220.98757935746187,253.06648942911974
111.52815865929585,75.46531046351674,220.88180210437378,254.20401693814614
111.55218490652533,74.95242693861286,220.83374960991483,255.2297839879539
111.59857263545385,78.22901904374865,220.7409741520578,256.1687696829488
111.63423595197811,77.86458420082232,220.66964751900926,256.89763936880144
111.65305765909628,81.28185783803335,220.63200410477293,257.57842491012315
111.65154940876792,80.94400695264886,220.63502060542965,258.2541266808921
111.66722257071362,80.63499660921087,220.60367428153825,258.8721473677681
111.6418887338979,80.36691681195077,220.65434195516968,259.4083069622883
111.59990182365424,80.10511607126361,220.73831577565701,259.9319084436626
111.5505940530645,79.82918962807574,220.83693131683648,260.48376133003836
111.50913556149142,83.35818654316404,220.91984829998265,260.9991895650549
111.45111294794943,83.12576978854324,221.03589352706663,261.4640230742965
111.33951528881668,82.82425653718488,221.25908884533212,262.0670495770132
111.2892386638656,82.5307937841826,221.35964209523428,262.65397508301777
111.28489864108009,82.28124572824652,221.3683221408053,263.15307119488995
111.1517944439608,81.99229212151965,221.6345305350439,263.7309784083437
111.05228691798595,81.6885552851468,221.83354558699358,264.3384520810894
111.01042684715853,81.39712835049804,221.91726572864843,264.9213059503869
111.0106455316372,81.1183618502906,221.9168283596911,265.4788389508018
111.01243473051801,80.75923064458982,221.91324996192947,266.19710136220334
111.01463658712491,80.46082937053436,221.90884624871566,266.79390391031427
111.00881261793907,80.01823973685708,221.92049418708734,267.6790831776688
111.01085777211402,79.62125933543311,221.91640387873744,268.47304398051676
114.88013129055788,79.25077333460095,221.89181962024688,269.2140159821811
114.83925938298479,78.95771421760506,221.97356343539306,269.80013421617286
114.8445552309067,78.59121293759662,221.96297173954923,270.53313677618974
114.9322074714551,78.34977693720947,221.78766725845244,271.01600877696404
118.88547655328009,78.18107601222096,221.63213047350087,271.35341062694107
118.97061867736741,78.03330520943882,221.4618462253262,271.64895223250534
119.10744321657,77.89844740095509,221.18819714692103,271.9186678494728
123.19669199223625,77.78303433540563,220.76488138591048,272.1494939805717
127.19853241797573,77.58319289812599,220.51307984977174,272.549176855131
127.2951942548689,73.39540332308306,220.3197561759854,273.1708140476243
131.27965765490893,69.15253727108541,220.11118437793976,273.89619114958515
131.3450569501347,68.77578187985358,219.98038578748822,274.6497019320488
131.29929724620058,64.51844561856717,220.0719051953565,275.3868277632445
135.21161363359593,64.1763495818835,220.03760603100005,276.07101983661187
135.17375985505828,63.77873074481161,220.11331358807533,276.86625751075564
135.09987478268965,59.43916346399362,220.2610837328126,277.73171031220073
139.05249643244306,59.1068165918671,220.18517990483576,278.3964040564538
139.13928485538295,58.731118564192144,220.01160305895598,279.1478001118037
139.27086094841695,58.4630514109364,219.748450872888,279.6839344183152
143.30244966161612,58.24561437351181,219.5361787746823,280.11880849316435
143.43238424698177,58.01428166411014,219.27630960395098,280.5814739119677
143.6029952635741,57.820680437237485,218.9350875707664,280.968676365713
143.8115947789019,57.589240952498045,218.5178885401107,281.4315553351919
144.00209204293373,57.42296632493597,218.1368940120471,281.76410459031604
144.17683760512722,61.19758962102486,217.7874028876601,282.0713566695462
144.32814008284774,64.96787404164883,217.48479793221907,282.3862884666426
144.4806151444277,64.81529716496743,217.17984780905914,282.6914422200054
144.6489216416639,68.5871441334931,216.8432348145868,283.0028178409997
144.81183313087195,72.29920517833514,216.51741183617065,283.4330302686918
144.96948079217276,72.15034721945949,216.20211651356905,283.7307461864431
145.1205517608935,75.98506182601469,215.89997457612753,283.9162992958944
145.2897577314887,79.8480807372236,215.56156263493716,284.043142598293
145.38619129032338,83.60580007427353,215.3686955172678,284.3769947081621
145.41808702611758,83.41269143047191,215.30490404567942,284.76321199576535
145.48652466832093,87.10566734578492,215.1680287612727,285.23333431569733
145.51572356499685,86.82564223994294,215.10963096792085,285.7933845273813
145.5177009542202,90.45999656281941,215.10567618947414,286.393253258331
145.52998370512324,94.18017431944878,215.08111068766806,286.83054567231386
145.49111928645465,93.9581647617384,215.15883952500525,287.2745647877346
145.39808202725578,97.6458579782618,215.344914043403,287.79111318276284
145.21001290906975,97.42470540232787,215.72105227977502,288.2334183346307
145.08324715694596,101.13870753444166,215.9745837840226,288.72113978149684
144.97049419857518,100.92060959711043,216.20008970076418,289.1573356561593
144.8816894683533,104.65446576600945,216.37769916120794,289.6272473012763
144.76259997335433,104.33507446189697,216.61587815120586,290.2660299095013
144.72952577174038,108.09584854924648,216.68202655443378,290.7057803742191
144.64836529005427,107.80458782460406,216.844347517806,291.28830182350396
144.58572922212224,107.53098308812392,216.96961965367007,291.83551129646423
144.56274063882864,107.38220164583365,217.01559682025726,292.1330741810448
144.56124815881827,111.20101143084321,217.01858178027803,292.49169823174805
144.5456960553462,110.97340537567905,217.04968598722212,292.94691034207636
144.6236901473551,110.77536403322091,216.89369780320436,293.34299302699264
144.71193879544614,110.5478521901627,216.71720050702223,293.79801671310906
144.7712190975632,110.25160738937728,216.59863990278814,294.3905063146799
144.83605979363452,113.96175077751417,216.4689585106455,294.99394611746754
144.91098570388908,113.67880359199944,216.3191066901364,295.559840488497
145.02664718290137,113.39192002105275,216.0877837321118,296.1336076303904
145.14061490549346,113.08721849108454,215.85984828692764,296.7430106903268
145.25143710688235,112.74576408527992,215.63820388414985,297.42591950193605
145.3524622228642,112.39649060110855,215.43615365218614,298.1244664702788
145.45581060680365,112.0316486469751,215.2294568843072,298.8541503785457
145.5312306904816,111.63380986999985,215.07861671695136,299.6498279324962
145.6031959905543,111.24426134987277,214.93468611680598,300.42892497275034
145.62778373750626,110.81803268743062,214.88551062290202,301.28138229763465
149.6898015957865,110.39909539755982,214.86157100116642,302.11925687737624
149.73988145409672,109.96652871616834,214.761411284546,302.9843902401592
149.7975210751795,109.53868609641577,214.64613204238043,303.84007547966434
149.87036224467215,109.09835160748571,214.5004497033951,304.72074445752446
149.93845661564544,108.68076208085716,214.36426096144857,305.55592351078155
149.98692235369342,108.20604983899571,214.2673294853526,306.50534799450446
150.03053519883832,107.75663131209836,214.18010379506276,307.40418504829915
150.02330058088128,107.29352066054372,214.19457303097687,308.33040635140844
154.11761805424368,106.80573582552103,214.20122585954346,309.30597602145383
154.07972077164732,106.32923470442051,214.27702042473618,310.25897826365485
154.01198689534476,105.84500909013755,214.41248817734132,311.2274294922208
153.92780251396212,105.32696487906443,214.58085694010657,312.263517914367
153.83835982272873,104.7848085868149,214.75974232257335,313.3478304988661
153.75337623766902,104.28841723202268,214.92970949269278,314.3406132084505
157.8216550970975,103.80320112213226,215.09128020557986,315.31104542823135
157.69527470666918,103.31360696519556,215.34404098643654,316.29023374210476
157.61514756737557,102.79598373370001,215.50429526502379,317.32548020509586
157.52189609376654,102.2354144825581,215.6907982122418,318.4466187073797
157.39183328529347,101.67103861470687,215.95092382918796,319.57537044308214
157.24439674837805,101.07388050431257,216.2457969030188,320.76968666387074
157.09556204179333,104.7163217387355,216.54346631618824,321.90159768924724
156.90904624688585,104.1555388279738,216.91649790600323,323.02316351077064
156.71267923926354,103.59326493306045,217.3092319212478,324.14771130059734
156.53443042179197,102.98097689376647,217.665729556191,325.3722873791853
156.34554465487383,102.40685993003353,218.04350109002726,326.5205213066512
156.1413808051724,101.87895237363628,218.4518287894301,327.5763364194457
155.9197843196347,101.38675733019124,218.8950217605055,328.56072650633575
155.6663556009489,105.20387049307163,219.40187919787712,329.50449723744146
155.38801798230145,104.76355363376453,219.958554435172,330.38513095605566
155.07548970365008,104.33139851758298,220.58361099247472,331.24944118841876
154.773090518445,103.90692869236628,221.1884093628849,332.09838083885217
154.46627378450216,103.4976366460817,221.80204283077057,332.9169649314213
154.2093587008963,103.12090865324811,222.3158729979823,333.6704209170885
153.9674556806258,102.74314110197844,222.7996790385233,334.42595601962785
153.71110615865584,102.35837181391182,223.31237808246323,335.1954945957611
153.37889048345352,101.97035056272136,223.97680943286787,335.971537098142
153.06062128257844,101.54844236827341,224.61334783461803,336.8153534870379
152.7471809894924,101.1392441007282,225.24022842079012,337.6337500221283
152.46004966823594,100.69619251503988,225.81449106330302,338.51985319350496
152.14162626285358,100.24550219097944,226.45133787406775,339.42123384162585
151.8334485437551,99.82593546611596,227.06769331226468,340.2603672913528
151.55642335436244,99.40458008025581,227.62174369105003,341.1030780630731
151.37478560246592,103.52206946938344,227.9850191948431,341.77971007558494
151.1835227038187,103.17921917917238,228.3675449921375,342.46541065600707
150.99657949862495,102.84670812374432,228.741431402525,343.1304327668632
150.78456917896423,107.04279915374994,229.16545204184644,343.69895283794614
150.55974944408996,106.73987763703147,229.61509151159498,344.3047958713831
150.33588807841215,106.48304184044636,230.0628142429506,344.8184674645533
150.0916726368977,106.19567091126558,230.5512451259795,345.39320932291486
149.87780296944476,105.95388138628985,230.97898446088539,345.8767883728663
149.65055438598657,110.31507014861813,231.43348162780177,346.1935917060015
149.4079481315494,110.10467771543506,231.91869413667607,346.61437657236763
149.1583559935959,109.88621207222502,232.4178784125831,347.0513078587877
148.89644274792636,109.698450498728,232.94170490392221,347.42683100578176
148.64324559835597,109.50612778822085,233.44809920306292,347.81147642679605
148.36598314761338,109.31120926971982,234.00262410454815,348.2013134637981
148.0778053165432,109.15551351681816,234.57897976668852,348.51270496960143
147.80630614231592,109.05701963933257,235.12197811514304,348.7096927245726
147.53539952521845,108.9215796345232,235.663791349338,348.98057273419136
147.2751574768269,108.79099340116971,236.1842754461211,349.2417452008983
147.04009341291948,108.70722473565448,236.65440357393598,349.4092825319288
146.8290371828033,108.65486548574222,237.07651603416832,349.5140010317533
146.63684221548817,108.63724966738789,237.46090596879856,349.54923266846197
146.5145094790136,108.638123608532,237.70557144174768,349.54748478617375
146.41900756373553,108.67736588998332,237.89657527230386,349.4690002232711
146.2988628791631,108.69575382555124,238.13686464144874,349.4322243521353
146.14140885494578,108.71029141972662,238.4517726898833,349.4031491637845
146.0109647993539,108.70192844058687,238.7126608010671,349.419875122064
145.94426043805734,108.6959549166807,238.84606952366022,349.43182216987634
145.99042330298985,108.80595273271416,238.7537437937952,349.21182653780943
146.11761387218752,108.94913753109194,238.4993626553999,348.9254569410539
146.23628789362274,109.161763165959,238.2620146125294,348.50020567131975
146.3145692326905,109.45663189713605,238.1054519343939,347.91046820896565
150.96474807608624,109.73189279178217,237.99310063679405,347.3599464196734
151.0225300111113,110.14472341787607,237.87753676674396,346.5342851674856
151.08073561301282,110.54106848999109,237.7611255629409,345.74159502325557
151.08208499282225,110.87531727713116,237.75842680332204,345.07309744897543
151.0281152383852,111.12538915167607,237.86636631219613,344.5729536998856
155.61169275060786,111.38974689096949,237.83292005041744,344.04423822129877
155.4757325754734,111.50178114893754,238.10484040068638,343.8201697053627
155.37203132482298,111.65772050646581,238.3122429019872,343.50829099030614
155.30658469345394,111.65004291600576,238.44313616472527,343.52364617122623
159.8445367370469,111.69380632084582,238.49463758189998,343.4361193615461
159.6994042124287,111.85906108905507,238.7849026311363,343.1056098251276
159.4735375616917,111.9931201705177,239.23663593261034,342.83749166220235
159.27528122425696,112.09019668965396,239.6331486074798,342.6433386239298
159.11846450486826,107.83599653338345,239.94678204625723,342.0179738979737
158.9697599789219,108.16207713290893,240.24419109814997,341.36581269892275
158.89043086541096,108.37434392956061,240.40284932517181,340.9412791056194
158.91479593381797,108.59272521442855,240.3541191883578,340.5045165358835
158.97645842545245,109.00138881159197,240.23079420508887,339.6871893415567
163.51708902206548,104.72807373374081,240.24846125286078,339.13489125626097
163.4379511766371,105.26636329213426,240.4067369437175,338.0583121394741
163.39817262474156,105.77444867529266,240.48629404750866,337.0421413731573
163.36982757979956,106.27182667630123,240.5429841373926,336.04738537114014
163.30178518244657,106.7503022302862,240.67906893209863,335.0904342631702
163.24470513491974,107.22866266695712,240.79322902715225,334.13371338982836
163.20753264329892,107.76059049203101,240.8675740103939,333.0698577396806
167.77849260981964,108.35472816635038,240.73483382251996,331.88158239104183
167.74242242728957,108.87486521230952,240.80697418758004,330.84130829912357
167.68068522727287,109.40032625868068,240.93044858761345,329.79038620638124
167.618295666956,109.8713231841339,241.0552277082472,328.8483923554748
