244.0,109.0,138.0,268.0
243.5497928188811,108.49784604422794,137.9004143622378,268.0043079115441
243.50991531899342,108.45855669833384,137.98016936201319,268.0828866033323
243.44430138533198,108.42910467826852,138.11139722933603,268.14179064346297
243.26756604530127,111.52079712203718,138.46486790939747,268.2736349381501
242.98829807339598,111.4784817668276,139.02340385320807,268.3582656485693
242.72134361815714,111.52614333079836,139.55731276368573,268.26294252062775
242.4915775166598,114.69801439302455,140.01684496668045,268.26110446728563
242.14469461218044,114.65670277272278,140.71061077563908,268.3437277078892
241.68670826148903,117.59904193478897,141.62658347702194,268.8219732282357
241.25130792123036,117.57977559563761,142.49738415753924,268.86050590653844
240.78294340843723,117.58387095540488,143.43411318312553,268.8523151870039
240.29684126403106,120.86293745119909,144.40631747193785,268.71133919379884
239.80653374154252,120.94356521795066,145.38693251691495,268.5500836602957
239.30473822935693,121.0433078819753,146.39052354128611,268.3505983322464
238.72450083041895,121.13692342415101,147.55099833916213,268.163367247895
238.08254911374308,121.20801333261534,148.83490177251383,268.02118743096634
237.46378604655388,121.32666160490501,150.07242790689222,267.783890886387
236.89175488133606,124.80545382744452,151.21649023732792,267.34111891597524
236.32944199710855,124.98822903439984,152.3411160057829,266.9755685020646
235.6906147155749,125.18189247572045,153.61877056885018,266.5882416194234
235.09393310245807,125.4359569284683,154.81213379508387,266.0801127139277
234.48203781319367,129.01018374940145,156.03592437361266,265.5017246458441
233.80748040251308,129.20893531612688,157.38503919497384,265.1042215123932
233.13907773221837,129.47830483933888,158.72184453556324,264.56548246596924
232.50950411513932,129.89802099821264,159.98099176972136,263.7260501482217
231.86275410386702,130.3857154719255,161.27449179226593,262.750661200796
231.23153889814904,130.88951372905507,162.5369222037019,261.74306468653685
230.67102688427724,131.43630101459254,163.65794623144552,260.6494901154619
233.40654151318216,131.9310530323428,164.82513649180385,259.6599860799614
232.78330951558343,132.49011949801354,166.07160048700135,258.5418531486199
232.18815301078396,133.09078554402262,167.26191349660024,257.34052105660174
231.630673763563,133.77263423240203,168.37687199104215,255.97682367984297
231.00570797304115,134.51438708655843,169.62680357208586,254.49331797153013
230.40070802023342,135.32037813071375,170.83680347770132,252.8813358832195
229.7261743256408,136.21951918637376,172.18587086688655,251.08305377189944
232.35450786295792,137.23899527368525,173.56584338672315,249.04410159727652
231.75065227922886,138.15182385148827,174.77355455418126,247.21844444167044
234.2282795171024,138.90281102103654,176.4393160682208,245.71647010257394
236.55543934331158,139.61316578357096,178.41070208699847,244.29576057750506
235.6418025965931,137.131876949333,180.23797558043543,242.62178923032604
234.83552654880867,138.14165905352996,181.8505276760043,240.6022250219321
237.34687629182602,136.07776198893447,183.46452377287113,238.0933235682215
236.63791900502483,134.01638993962564,184.88243834647352,235.59131156237527
235.93525246956622,135.30783423023792,186.28777141739073,233.00842298115074
235.18971396381684,133.41875279582146,187.7788484288895,230.1937519981867
234.5029231397047,134.89128237987686,189.1524300771138,227.24869283007592
233.84233592825268,133.1523206953807,190.4736045000178,224.17598282081738
233.1292973575624,134.71613685657255,191.8996816413984,221.04835049843365
232.30445025123112,136.18049000123557,193.5493758540609,218.11964420910758
231.5510067779254,137.75259969284076,195.05626280067239,214.97542482589722
230.69448274306706,139.44788237846853,196.76931087038906,211.58485945464165
229.82127352755177,141.11560207228462,198.51572930141964,208.24942006700954
232.12630816216878,142.87829832490587,200.31095189076626,204.72402756176697
231.334441635431,144.67746743669738,201.89468494424182,201.12568933818397
230.42016754079012,143.24369606205067,203.7232331335236,197.64645742812107
229.59070921619752,145.01714543595637,205.3821497827088,194.09955868030968
228.801932817215,146.84202562589365,206.95970258067382,190.44979830043513
228.008006900939,148.78655391339498,208.54755441322584,186.56074172543245
227.1687691685632,150.69383062951863,210.22602987797742,182.7461882931852
226.36184919300868,152.64705255704436,211.83986982908647,178.83974443813372
225.52376662904652,154.61250825437264,213.5160349570108,174.9088330434772
227.75304826845365,156.53330547230317,215.16684025591806,171.0672386076161
226.9339575063322,158.54941416991437,216.80502178016093,167.03502121239367
226.12459825931413,160.54343981340747,218.4237402741971,163.04696992540752
225.33447025603124,162.57134498582604,220.00399628076286,158.99115958057033
224.59456805718665,164.64418269456357,221.48380067845204,154.8454841630953
223.8708603459724,166.69420263382477,222.9312161008805,150.74544428457293
223.13347502305544,171.66015611800552,224.40598674671446,146.6706947358383
222.53051033892356,173.4274122256781,225.61191611497821,143.13618252049312
221.95759948204406,178.0157138856052,226.75773782873722,139.73020889335686
221.46649728723128,179.56635967117828,227.73994221836276,136.62891732221073
220.92544266829776,184.00281358202,228.82205145622984,133.44907777448978
220.391302147475,185.28144214012292,229.89033249787536,130.89182065828393
219.8137934337875,189.25387361042712,231.0453499252503,128.5748376559393
219.20391015559284,190.1128702960592,232.26511648163964,126.8568442846751
218.61471051865374,190.7879651879663,233.44351575551786,125.5066545008609
218.06342689051672,191.22131956827195,234.54608301179186,124.6399457402496
217.49606338954385,194.21694355282835,235.6808100137376,124.23857825653855
216.86968043048256,194.18492603178697,236.93357593186025,124.3026132986213
216.23149581062012,193.9177085211221,238.2099451715851,124.83704831995101
215.5627084996201,193.56772647228036,239.54751979358514,125.53701241763449
214.8293228473358,193.19547157668336,241.0142910981538,126.2815222088285
214.05535784050798,192.65618154200672,242.56222111180938,127.36010227818181
213.244468266789,192.02902796947666,244.1840002592473,128.61440942324194
212.32898111209244,191.37469680923135,246.0149745686405,129.9230717437325
211.37013273903324,190.605474485802,247.9326713147589,131.4615163905912
210.23345612439732,189.81811910740083,250.20602454403067,133.0362271473936
206.04066414801792,188.88406983326053,252.62723136561794,134.9043256956742
204.85280993234846,184.9021687969746,255.0029397969569,136.8360758810977
203.72830959653945,183.92112994195674,257.2519404685749,138.7981535911334
202.51518035575418,179.8790497614496,259.67819895014543,140.71543926710135
201.31783075763363,178.86179842085085,262.07289814638654,142.74994194829887
196.9878000174057,177.8488825709086,264.42741084712105,144.77577364818333
195.74664856054633,176.81516154503564,266.9097137608398,146.84321569992926
194.471846402194,175.7671685615715,269.4593180775445,148.93920166685754
193.1846900558758,174.61826566868837,272.0336307701809,151.23700745262377
191.9249435878611,173.23748344011085,274.5531237062103,153.99857190977883
190.770000859288,172.33480953016317,276.8630091633565,155.8039197296742
189.63933203601525,171.4941647099991,279.12434680990197,157.4852093700023
188.4416001367937,167.1177334998523,281.51981060834504,159.4293673540776
187.2236749035818,166.23854250559822,283.95566107476884,161.18774934258582
185.95211468122707,161.75828328624416,286.4987815194783,163.20510614314645
184.70301754642537,157.2930989974074,288.9969757890817,165.12038060807927
183.53298437049477,156.43493324954562,291.3370421409429,166.8367121038029
182.35895639501783,151.94229899957003,293.6850980918968,168.67355193050923
181.12766964816737,151.12682774276504,296.1476715855977,170.30449444411923
179.84344846049754,146.66002327892298,298.7161139609374,171.95953942122884
178.639675923111,145.8828323800737,301.12365903571043,173.5139212189274
177.5322065119866,145.11412473682424,303.33859785795926,175.0513365054263
172.6780662981399,140.6223953937038,305.58120635269216,176.5691232587066
171.69012686140488,139.89949543460926,307.5570852261622,178.01492317689568
170.74362986074016,139.27537286764277,309.45007922749164,179.2631683108287
169.9491942777467,138.72061349889898,311.03895039347856,180.37268704831627
169.23018621283993,134.40508643930926,312.4769665232921,181.33367411883256
168.66789744455355,134.2179912967653,313.60154405986486,181.7078644039205
168.19401797966833,130.1715033453338,314.5493029896353,182.07013782990435
167.80716795145304,130.10156784113758,315.3230030460659,182.21000883829677
167.39448003653325,126.1985357172248,316.14837887590545,182.25133003993923
167.007585724392,122.34079407901531,316.922167500188,182.1891323068152
166.6433655196417,118.42903292770988,317.6506079096886,182.2245589435686
166.2483799876251,114.66073770234837,318.44057897372176,181.9616575137506
169.7485580768689,110.9273192709011,319.2469553967661,181.62176177511319
169.4609177202875,111.24530206556184,319.8222361099289,180.98579618579168
169.14582503142296,107.68446902475641,320.452421487658,180.29685464657135
168.88310961952297,104.0772015672619,320.977852311458,179.7031772496625
168.58244540834653,100.49557418015004,321.57918073381086,179.06055583214317
172.33929165921165,97.05576183215415,321.86930533277905,178.13636342743658
172.30690796531576,97.58435358484557,321.93407272057084,177.07917992205373
172.3404699416742,98.17399960832263,321.86694876785396,175.8998878750996
172.56655091705116,95.00161728529018,321.41478681710004,174.49052221638746
176.67583016646938,95.69562804195638,320.9195965071377,173.10250070305506
176.94935050545223,92.66322672548974,320.37255582917203,171.4749846091597
177.25710629921088,93.41041697724202,319.75704424165474,169.98060410565512
177.69313094209866,90.58186009411446,318.88499495587916,168.01601685316155
178.1386588027803,91.4241499723448,317.9939392345159,166.33143709670088
178.56054014103515,88.55930606897164,317.1501765580062,164.52802162576836
178.94900274138763,85.72586612915626,316.3732513573012,162.70521808792586
179.26581192489613,86.53605032800353,315.73963299028424,161.08484969023132
183.2044085084046,83.78795254471936,315.2720863147127,159.17139876535418
183.51034848857466,81.079167199517,314.6602063543726,157.21921435869285
183.76145007719458,78.287764216268,314.15800317713274,155.47498281818022
183.91955512225755,75.54516293945679,313.8417930870068,153.67069960702202
184.0800320279162,76.28966157427539,313.5208392756895,152.18170233738482
184.33572199614204,77.14055550994989,313.0094593392378,150.4799144660358
188.26600598672405,74.43768932393428,312.33486905784275,148.69966913829808
188.61886079631867,75.22409577311933,311.6291594386535,147.12685623992797
189.0307699488044,76.00301772766464,310.8053411336821,145.56901233083735
189.56004115551968,76.70699290852373,309.7467987202515,144.16106196911917
190.14198769178967,77.37227371987942,308.5829056477115,142.8305003464078
190.88474580369945,81.6976481247922,307.09738942389197,141.16779031763062
191.61044101027264,85.90087546024657,305.6459990107456,139.6986699746435
192.24383471626393,86.40910187597855,304.379211598763,138.68221714317954
192.90362753972764,86.98122359796835,303.0596259518356,137.53797369919994
193.6048626421198,91.08101075561372,301.65715574705126,136.15343876221473
194.25314098410513,91.62617793507617,300.3605990630806,135.06310440328983
194.9858353656031,95.56114015249214,298.89521030008467,133.92558750252059
195.69668068724823,96.03190846739328,297.4735196567944,132.9840508727183
196.50267663737262,99.83452703595087,295.8615277565456,132.03279077389968
197.37395319786592,103.51930901639169,294.118974635559,131.2770922738985
198.18188237321434,103.83643535226234,292.5031162848622,130.64283960215718
198.96940442959897,107.38135350192903,290.9280721720929,130.09370533770357
199.65089120464938,107.56778258756665,289.5650986219921,129.7208471664283
200.28035387641688,111.00682116374973,288.3061732784571,129.32463296012136
200.9427722654898,111.16297074860064,286.9813365003113,129.01233379041955
201.58401481750698,111.06363352953386,285.6988513962769,129.2110082285531
202.1002694803257,111.04368253039529,284.6663420706395,129.25091022683026
202.68231483733237,110.98052972764235,283.5022513566261,129.37721583233613
203.38321529204615,110.9035343884128,282.10045044719857,129.53120651079524
204.34039795204257,110.86743955706933,280.18608512720573,129.60339617348217
202.20232395048754,110.81238520982627,278.1187150745783,129.71350486796828
203.24717677356088,110.62510496401171,276.0290094284316,130.0880653595974
201.06661984326618,110.41718410444913,274.09866371679124,130.50390707872256
202.08749311732444,110.20903662924208,272.0569171686747,130.92020202913668
200.00154025984668,110.04902817757255,269.9807893432633,131.24021893247573
201.04229981981075,109.88512013734777,267.8992702233352,131.5680350129253
202.0420077791169,109.73234448028654,265.8998543047229,131.87358632704775
202.96369847373194,109.58278073829804,264.0564729154928,132.17271381102475
203.77971065574138,109.36169998960628,262.4244485514739,132.61487530840827
204.46097672418688,109.06586033638403,261.0619164145829,133.20655461485276
205.0966451815247,108.730272213277,259.79057949990727,133.87773086106682
208.77863898151608,108.32951230830714,258.54630261630024,134.67925067100654
209.52771297135487,107.95697604815058,257.04815463662266,135.42432319131967
213.31479146131937,107.58706047582027,255.58002260285957,136.1641543359803
214.152585625819,104.19711456720823,253.90443427386032,136.84692444570962
215.1100101555965,103.95284768900521,251.9895852143053,137.33545820211566
216.05270765959176,103.70023868925509,250.10419020631483,137.8406762016159
216.93790924442374,103.38572322468673,248.33378703665085,138.46970713075262
217.7627384224998,99.95841701359755,246.6841286804987,139.29466554901322
218.50859742163954,99.59420487745902,245.19241068221925,140.02308982129028
219.20812156241425,99.22281226287585,243.79336240066985,140.76587505045663
219.8704633692435,98.68253860630848,242.46867878701133,141.84642236359136
220.40668170229256,98.08890411772168,241.3962421209132,143.03369134076496
220.9790306213096,97.56145754304498,240.25154428287914,144.08858449011836
218.5646412513537,97.04303006920404,239.0752720172975,145.12543943780025
219.16922629656347,96.50666912222732,237.86610192687795,146.19816133175368
219.96724907018114,96.00601741946869,236.27005637964257,147.19946473727094
217.79278787798233,95.46921475986463,234.62095315110244,148.27307005647907
218.57841285172123,94.84491619556036,233.0497032036246,149.5216671850876
216.38076486349317,94.14031928035402,231.45626028531245,150.93086101550028
217.0745797414783,96.29812944999641,230.06863052934222,152.60361111054564
214.7312274830434,95.4093866507434,228.7599488603011,154.38109670905166
212.3209876019066,94.555233899315,227.5752020691672,156.08940221190846
212.81641995283144,93.6592498852511,226.58433736731752,157.88137024003626
210.29788705254913,95.70943596065527,225.59104090724784,159.81136034986218
210.78209772502748,94.66282196653198,224.6226195622911,161.90458833810877
208.2831394421896,96.67700651771356,223.55355932942706,163.94319603428542
208.8729993702171,95.62779121848347,222.37383947337207,166.04162663274562
209.4832152975188,94.58342421259212,221.15340761876865,168.1303606445283
210.11387927273447,93.60387669019563,219.89207966833732,170.08945568932128
207.67803631125585,92.6226199742699,218.63485665681304,172.05196912117276
208.29754259079226,91.66411655437018,217.39584409774025,173.9689759609722
208.95929169909493,90.78833509425831,216.07234588113488,175.72053888119592
209.60768593132684,89.95277730916145,214.77555741667103,177.39165445138966
210.27501737864281,89.17289010722318,213.44089452203912,178.9514288552662
210.9064758239774,88.4100319087252,212.17797763136997,180.47714525226215
211.56766290844504,87.68801550970716,210.85560346243466,181.92117805029824
212.24672225663377,86.93628608562474,209.4974847660572,183.42463689846306
212.9411122957025,86.22088845921063,208.10870468791975,184.8554321512913
213.66492695508902,85.4715600899842,206.6610753691467,186.35408888974416
214.4014895599989,87.80678667257962,205.18795015932693,187.87078509950203
215.15107734885072,87.10152932133155,203.6887745816233,189.28129980199816
215.97731969687047,89.51630551039082,202.0362898855838,190.63921263837307
219.9477444794712,88.84800603232978,200.27865530495268,191.97581159449516
220.88673633400714,91.3978315057463,198.4006715958808,193.0530503801831
221.8716861639559,90.89749440778425,196.43077193598327,194.0537245761072
222.85495874613608,90.41912502796943,194.46422677162292,195.01046333573683
226.93013928342063,89.97508318189294,192.44732387572384,195.8985470278898
227.97779796042832,89.67364739029672,190.35200652170846,196.50141861108224
228.9577863692742,89.48145693878557,188.3920297040167,196.88579951410455
