188.0,241.0,269.0,72.0
189.43656176137753,241.31239577040023,270.26804199327006,70.37520845919954
191.55026073095257,242.251860862241,271.16900538967684,68.49627827551801
193.79593601771504,238.36813787880305,271.78311334852816,66.05280717764154
195.9511997091445,239.3219624682145,272.5402200282759,64.14515799881859
198.15234887033859,240.3058904716749,273.1797498049374,62.17730199189784
197.8647094006473,239.06577959250717,273.75502874431993,59.64445646963329
197.5563197065572,240.1545238410914,274.3718081325002,57.46696797246482
197.26303340118614,238.96581999719575,274.9583807432423,54.90553974793866
196.95738755195472,239.9466552606354,275.5696724417051,52.94386922105934
196.65230561089388,240.8487474086863,276.1798363238268,51.13968492495752
196.18290567139564,241.62596127495758,277.11863620282327,49.585257192415
195.7774707190243,242.29724118424548,277.92950610756594,48.242697373839185
195.39411269297105,242.87110714102835,278.69622215967246,47.09496546027345
195.0547468784334,243.2503784612583,279.37495378874775,46.336422819813535
194.71831492916752,243.39192355686168,280.0478176872795,46.053332628606746
194.21312627513467,241.11605818379041,281.0581949953452,45.81151144379114
193.59607049779495,240.85788379104287,282.29230655002465,46.32786022928621
193.10191832677614,240.37864871421672,283.28061089206227,47.28633038293849
190.56996608341672,239.76335101078428,283.48168293995695,48.51692578980342
190.3732678027697,238.9962189992856,283.875079501251,50.051189812800764
190.1006256369077,238.1208072209065,284.420363832975,51.80201336955898
189.86784555636336,237.17388153437327,284.88592399406366,53.69586474262542
189.62141011210917,236.13922755675424,285.37879488257204,55.76517269786349
189.51543482544355,235.0439550463958,285.5907454559033,57.95571771858034
189.44828316672084,233.83469855175932,285.7250487733487,60.374230707853336
189.3523608459132,232.5799068674773,285.91689341496397,62.88381407641736
189.12897634799918,231.28563775866405,286.363662410792,65.47235229404384
188.84912503609772,229.98973047288797,286.92336503459495,68.06416686559598
188.56596343759105,228.6752843316103,287.4896882316083,70.69305914815135
188.34067575795848,229.89168341334062,287.9402635908734,73.63642503684594
188.2988011517417,228.6287405673948,288.02401280330696,76.1623107287376
188.19923654836722,227.36162757032344,288.22314201005594,78.69653672288028
188.0600615072436,226.03554311424185,288.5014920923032,81.34870563504349
187.95828399687858,221.82048557421928,288.70504711303323,84.18746889208934
187.858629967307,220.36915677702456,288.9043551721764,87.09012648647878
187.6666849743906,216.04168680611298,289.2882451580092,90.04111280039274
187.55272190962773,214.63555772078698,289.5161712875349,92.85337097104473
187.29617618162527,210.1025449846317,290.02926274353985,96.10034638643054
187.12256690649798,208.63994516369044,290.3764812937944,99.02554602831306
187.07219343880215,207.14819330488197,290.4772282291861,102.00904974592999
186.96446866189248,205.66395622197172,290.6926777830054,104.97752391175051
186.78508511581884,201.03421422227632,291.0514448751527,108.1800034249716
186.67524193611135,199.69262566955913,291.2711312345677,110.86318053040594
189.60512187358933,198.342144516362,291.5828166976795,113.56414283680023
192.53305067891012,197.0031150691571,291.9513453123824,116.24220173121003
192.5170338921733,195.65533671116233,291.98337888585604,118.93775844719954
195.75828765386635,194.31497212684607,291.8269946758068,121.61848761583207
199.03415971089785,192.9913534433178,291.64677318522257,124.26572498288863
202.21368921130872,191.56813948021625,291.70354614122533,127.11215290909173
205.38179596755867,190.1584335379184,291.8342729909699,129.93156479368741
205.3138788424903,188.75309679413138,291.97010724110663,132.74223828126145
208.49835862324102,184.07220600564767,292.1709689403615,135.5341985974725
211.71513680475783,182.76051892801593,292.3590420618932,138.15757275273603
214.84200218490744,181.3649620364405,292.7754909846829,140.9486865358869
214.64692979763112,179.93957668182503,293.16563575923556,143.7994572451178
214.41890090969443,178.50138146817886,293.62169353510893,146.67584767241013
217.70375165245673,173.5997267296105,293.8885906019866,149.6425585971446
217.59565455757075,172.17410870272187,294.10478479175856,152.4937946509219
220.94735265803575,170.7247074798184,294.3454825527389,155.3925970967288
220.761525760224,169.36301878351918,294.7171363483624,158.11597448932724
220.6144218445317,168.00864523159606,295.01134417974697,160.82472159317348
224.01018603584535,163.0748854205246,295.320152579727,163.59190443270913
223.7946712360843,161.72865663417616,295.7511821792491,166.284362005406
223.57619516653997,160.31431286371426,296.18813431833775,169.11304954632982
223.29955192497687,155.32330443852595,296.74142080146396,171.8361262438364
222.98109546840095,153.9871915324811,297.3783337146158,174.50835205592608
222.66223215527725,152.63105286688815,298.0160603408632,177.22062938711196
226.05870533730567,151.32126463930865,298.6464698867141,179.840205842271
225.90425221473907,150.08548160791412,298.9553761318473,182.31177190506003
229.56272917978828,148.9395143879322,299.1615757107355,184.60370634502385
229.54428350429208,147.84572022790906,299.1984670617279,186.79129466507018
229.53502539892906,146.76859339353018,299.21698327245394,188.9455483338279
233.2928066742911,145.74407762966493,299.3398281965599,190.9945798615584
233.3973185812739,144.8066632524003,299.1308043825943,192.8694086160876
237.33052289077236,143.8365854897021,298.9671206464016,194.8095641414841
237.34937001317954,142.96300393819917,298.92942640158725,196.55672724448993
237.3666987438134,142.00872919684045,298.8947689403195,198.46527672720737
241.281551804694,141.10056725152026,298.857482470372,200.28160061784774
241.2777904316984,140.2941677934346,298.8650052163632,201.89439953401904
241.30101028590786,139.52624999064255,298.8185655079443,203.43023513960316
245.3422682682504,138.70828946967728,298.6097365341801,205.0661561815337
245.24474135736475,137.93795829434782,298.8047903559514,206.60681853219265
249.23373386820154,137.31236494991552,298.7528660559279,207.85800522105723
249.1516834662434,136.51791608828188,298.91696685984414,209.4469029443245
249.14691405618007,135.81544679569464,298.92650567997083,210.85184152949898
253.13496925548012,135.2014232720151,298.9483905145119,212.07988857685808
253.20468854562176,134.56744448225854,298.8089519342286,213.3478461563712
253.28845174018338,133.8558520073972,298.6414255451054,214.77103110609386
257.2306994091595,133.2338695930675,298.8151502190266,216.01499593475324
257.24409177634243,128.5288028647121,298.7883654846608,217.3438246305169
257.2041495812982,128.00434431008878,298.86824987474915,218.39274173976355
261.21622623296787,127.49647586404622,298.9652551304858,219.40847863184868
261.1467692130117,127.00409876468797,299.1041691703982,220.39323283056518
265.06722270679694,122.44002129236695,299.4208139079716,221.36383605006333
264.7519660028779,121.93144281510786,300.05132731580966,222.3809930045815
268.70809758111193,121.44880318919974,300.3435824076521,223.34627225639775
268.49737509243107,121.05502347791835,300.7650273850138,224.13383167896052
268.2274127443758,120.61264930934422,301.3049520811243,225.01858001610879
272.1010766367341,120.24762470470424,301.824389262999,225.74862922538875
271.8105526316408,119.85428027422594,302.40543727318556,226.53531808634534
271.5714158260585,119.56792477825863,302.8837108843501,227.10802907827997
275.4991561349783,115.11661052855511,303.3532027039143,227.68568514028325
275.2654468321849,114.90035219410716,303.82062130950106,228.11820180917917
274.8015204918653,114.78670945031354,304.74847399014027,228.3454872967664
274.42846252150844,114.74028112859655,305.494589930854,228.43834394020038
274.1143119867156,114.82410428462094,306.12289100043955,228.2706976281516
273.8486898226886,114.92850719724625,306.6541353284937,228.061891802901
277.85003496920666,115.0554181296019,307.0494000296047,227.80806993818967
277.6068201885538,115.09503929516387,307.5358295909104,227.72882760706574
277.40013112055726,115.14982216415251,307.9492077269035,227.61926186908846
277.1008789007052,115.2463694140541,308.5477121666077,227.42616736928528
276.8497968623237,115.43742042093788,309.04987624337065,227.04406535551772
276.54102108382534,115.69953508122336,309.66742780036736,226.51983603494676
280.3058884875212,116.04307701743008,310.5561670404142,225.83275216253332
280.00653889591473,116.3403370680339,311.1548662236271,225.23823206132568
279.76475137119246,116.7887962016871,311.6384412730717,224.34131379401927
279.458416189749,112.98938040408207,312.2511116359585,223.52755491285288
279.07135497747737,113.39757044067225,313.0252340605018,222.7111748396725
278.7396335002876,113.93221335731262,313.6886770148813,221.64188900639178
278.3032323713006,114.51737822822393,314.56147927285525,220.47155926456915
277.9413271562484,115.0461737881189,315.28528970295974,219.4139681447792
277.66870635832055,115.57949688204835,315.83053129881546,218.34732195692033
277.4571716752191,116.1328835771273,316.2536006650184,217.2405485667624
273.0964868621067,116.67160499708613,316.6097394206897,216.16310572684475
272.8641761492395,117.3027096044434,317.0743608464242,214.90089651213023
268.4991981914711,117.92410937141821,317.46547280780845,213.6580969781806
268.32242351186903,118.52419378629214,317.8190221670125,212.45792814843273
263.81114381519524,119.24905357545785,318.5320748187743,211.00820857010132
263.4990538318428,124.05199415031291,319.1562547854792,209.69845507662262
259.0668097445316,124.83672907958415,319.7370381094796,208.12898521808015
258.7650973288137,125.60727518914172,320.3404629409155,206.587892998965
258.602708573458,126.39427260827877,320.66524045162686,205.0138981606909
254.21339294763246,127.30788693123417,321.21569857427784,203.1866695147801
250.01392901496277,132.28766042823068,321.4087817485834,201.43296721182088
249.77741654164726,133.05931311150312,321.88180669521444,199.889661845276
249.39999119225652,133.88617718927296,322.6366573939959,198.23593368973633
245.12360373290622,134.71122472979044,323.0454101682108,196.58583860870132
240.9730820592879,135.5228395484637,323.22409228784636,194.9626089713548
240.98712852377903,140.44044536517882,323.19599935886407,193.2250820729824
240.89140383904328,141.3166657652909,323.3874487283356,191.4726412727582
236.7681691679565,146.09180322625753,323.5926929431656,189.96359147816844
236.7875622172523,146.85652872743702,323.55390684457404,188.43414047580947
232.59654699030722,151.6987774024328,323.9436379669893,186.7419424572928
232.63940541932246,152.3890286647065,323.8579211089588,185.36143993274538
228.53993839516258,157.11687046659097,324.1121482484078,183.85046323784718
228.51053277575943,161.86696498096563,324.1709594872141,182.27307864198804
224.67786494859243,166.48228223991993,323.93944931555467,180.93928995007286
224.74322225243628,167.199641646241,323.80873470786696,179.50457113743076
224.64968644265775,171.82308783460178,323.995806327424,178.1020064297212
220.837938654984,176.4308635898438,323.79614388840696,176.70961293360173
220.98404338114332,177.0667730271839,323.5039344360883,175.43779405892153
217.11015069824356,177.71037114299287,323.4813475399253,174.1505978273036
216.98302822730537,182.1256371631485,323.7355924818017,173.06807543499212
217.05817063075443,186.57298997761544,323.58530767490356,171.90657868123122
213.50026211498383,187.03066302392136,322.99004515942994,170.99123258861937
213.64852110647985,191.52110202279033,322.6935271764379,169.69696849002537
210.0247012790195,195.9900039578412,322.2811389009171,168.41919255036515
210.46632617024918,196.57555139680494,321.3978891184577,167.24809767243767
210.8635832290267,197.22206293314883,320.6033750009027,165.95507459974988
207.38864688221025,197.8040121097519,319.98828771947433,164.79117624654373
207.73053976710642,198.2818932745422,319.304501949682,163.83541391696315
208.03494104782624,202.57478525673667,318.69569938824236,162.75900605755578
208.45182899691963,203.04256497634543,317.8619234900556,161.8234466183383
205.10826843849887,203.48130246460266,317.09553186546276,160.94597164182383
205.5259751152059,203.91317830102216,316.2601185120487,160.08221996898482
205.91365244813238,204.2997496432446,315.48476384619573,159.3090772845399
206.36636713089766,204.72718842666882,314.5793344806652,158.4541997176915
206.83659512372083,205.20017155962364,313.63887849501884,157.50823345178185
207.2716588432623,205.62182065414424,312.7687510559359,156.66493526274064
207.6936354352998,206.01163447105606,311.9247978718609,155.88530762891702
208.04173036563066,206.43570781473022,311.2286080111992,155.0371609415687
208.43330283626773,206.79701354650553,310.44546306992504,154.31454947801805
208.8352149880929,207.22656466329664,309.6416387662747,153.45544724443582
205.64032020102093,204.09828025634783,308.8430017076606,152.52358942557547
205.92968237264625,204.4552410008336,308.26427736440996,151.80966793660386
206.18355318209709,204.72513678782482,307.7565357455083,151.26987636262146
206.2843247332072,201.34398257883046,307.5549926432881,150.90921193848482
206.4649227014269,198.0081167541696,307.1937967068487,150.46717319227008
206.65254484356433,198.18133231376234,306.8185524225738,150.1207420730846
206.80864444748556,194.60050658624783,306.50635321473135,150.19306827395383
206.88635377033427,194.73692839026444,306.35093456903394,149.92022466592064
207.0224255725599,191.33771590595006,306.07879096458265,149.63963833235073
207.04340612489366,191.50197952067657,306.03682985991514,149.3111111028977
207.07448419993503,191.66974222126217,305.9746737098324,148.97558570172652
207.06387169229507,188.29271316004414,305.99589872511234,148.67253007150845
210.61435908226107,188.505230523528,305.9470837503466,148.2474953445407
210.63481941145955,188.65908973491895,305.9061630919497,147.93977692175886
210.6483893494173,185.2699737120152,305.87902321603417,147.67989333876048
210.6019050573993,185.44581878927295,305.97199180007016,147.328203184245
210.5104320479021,182.07927773857983,306.15493781906457,147.0328433135911
210.4996565079096,182.21687267150077,306.17648889904956,146.75765344774916
210.38725074747697,182.2861452884493,306.40130041991483,146.61910821385214
210.31776603174546,182.3609619894833,306.54026985137784,146.46947481178415
210.2521194879187,178.94007578545612,306.6715629390314,146.28945861157558
210.16264835867221,179.07208154533143,306.85050519752434,146.02544709182496
210.04718860794353,179.238833684739,307.0814246989817,145.69194281300977
209.9522081513207,175.948677996615,307.2713856122274,145.25612031310365
209.87247527717207,176.1015983357559,307.4308513605246,144.95027963482187
209.87013037039276,172.79439778677065,307.43554117408326,144.55638730760865
209.84327419639263,172.84635410496003,307.4892535220835,144.45247467122985
209.68320686584417,169.32485910925405,307.80938818318043,144.49500715444742
209.64678597666637,166.00326664137032,307.88222996153604,144.13232899239196
206.2453565480872,166.09896240755867,307.6844971147057,143.94093746001528
206.19949592148993,162.81421813101494,307.77621836790024,143.5160562088638
205.99155669772182,162.8627993070948,308.19209681543646,143.41889385670407
205.89486818083233,159.50240210217623,308.38547384921543,143.147049163702
205.70615583134915,159.58239353979965,308.7628985481818,142.98706628845514
205.67874498757763,156.26991361697588,308.81772023572483,142.61863006428183
205.51744455165246,156.391145108761,309.1403211075752,142.37616708071158
205.44579850702715,156.56997837558785,309.2836131968258,142.0185005470579
205.25061782151175,153.2318089072878,309.6739745678566,141.71081932945188
205.22578264332935,153.3682058765939,309.7236449242214,141.43802539083973
205.04491621706407,150.05767587000804,310.08537777675195,141.0788365654237
204.90222956715655,150.23250414800805,310.370751076567,140.7291800094237
204.78030729894851,150.35023586242812,310.61459561298307,140.4937165805835
204.6877023976452,150.40095741181193,310.7998054155897,140.3922734818159
204.53664957174607,147.04962734930416,311.10191106738796,140.11738957380678
204.52383178091642,147.23087029936448,311.12754664904725,139.7549036736862
204.5207364667762,147.40310294794864,311.13373727732767,139.41043837651785
204.4348039727192,144.07285970093923,311.3056022654417,139.1057745343117
204.4089546601465,144.24659053641702,311.3573008905871,138.75831286335614
204.14427511741647,144.42014074439462,311.88665997604716,138.41121244740094
203.87060074826894,144.53321211571483,312.4340087143422,138.18506970476048
203.85126012262282,144.69277880730044,312.47268996563446,137.86593632158932
203.66275326534947,141.3854978068908,312.84970368018116,137.5230935983788
203.42365399031576,141.5391292584803,313.3279022302486,137.21583069519983
203.1495655426536,141.63813182797378,313.8760791255729,137.01782555621284
203.13306174589755,138.32703914714585,313.909086719085,136.67721503839303
202.85746618084835,138.44790171651394,314.4602778491834,136.43548989965683
202.73488902556713,138.59984205589572,314.70543215974584,136.13160922089327
202.49328066697367,135.2224646914022,315.18864887693275,135.9271970155669
202.30862356150422,135.42983463741797,315.55796308787166,135.51245712353534
202.21887684525873,135.6464208383355,315.7374565203626,135.07928472170028
202.26189884690137,132.41437150894825,315.65141251707735,134.5878789714898
202.24167534880004,132.623435678087,315.69185951328,134.1697506332123
202.20975764358445,132.847207048398,315.7556949237112,133.72220789259026
202.16429823725477,129.6847959816277,315.84661373637056,133.1152778808702
202.0565062810584,129.8788013759085,316.0621976487633,132.72726709230858
198.45388166511316,126.65635016110363,316.3488962750897,132.25361891635418
198.1493463530012,126.85554978565608,316.95796689931365,131.8552196672493
197.90333239004417,123.66680569400985,317.4499948252277,131.3166945088412
197.68466382761056,120.48193008622906,317.8873319500949,130.77289596069818
193.952291982208,120.72081619119731,318.44188236032414,130.29512375076166
193.7066080266646,117.62197521310809,318.93325027141094,129.58311394263606
189.8720028301582,114.49748382933372,319.6983620033928,128.9279980491539
189.3441262303836,114.78483790258066,320.754115202942,128.35328990266
185.4784986265208,111.56078753527972,321.57697370450677,127.89299393110102
185.0680086367174,108.44150983962273,322.3979536841136,127.2195289238098
184.60789042463313,108.6480533196022,323.3181901082821,126.80644196385086
180.97557621577067,105.35183028842859,323.66518369362245,126.48125319381344
177.16676769999248,102.36408688833042,324.3659999788903,125.53993924772121
176.55708777595206,99.05993643345099,325.5853598269711,125.23823787271913
172.66633573731107,96.04194760368057,326.44476343083346,124.3521150588404
172.05357593900516,93.06006005086203,327.6702830274453,123.3973681181168
168.25015950254956,93.4124775036487,328.3581869445596,122.69253321254345
164.23541618853346,90.51693620430773,329.47157699943114,121.56751923806476
160.22214848710502,90.92377247347565,330.5863546253314,120.75384669972892
156.3783058558698,91.37705388931784,331.3610207418473,119.84728386804454
