1
197.9982,150.4378,298.0036,182.1245
198.5667,150.2900,296.8667,182.4200
199.1038,150.0041,295.7924,182.9917
199.5924,149.6583,294.8152,183.6834
199.9819,149.2164,294.0361,184.5671
200.3693,148.6704,293.2614,185.6593
200.7219,148.0263,292.5561,186.9474
201.0917,147.3633,291.8165,188.2735
201.4883,146.6312,291.0235,189.7376
201.7923,145.8902,290.4155,191.2197
202.0893,145.1104,289.8214,192.7792
202.3469,144.3335,289.3062,194.3330
202.6142,143.5568,288.7717,195.8865
202.9833,142.8364,288.0334,197.3272
203.3119,142.0569,287.3763,198.8862
203.6501,141.2090,286.6999,200.5821
207.8612,140.3005,285.9213,202.3990
208.2892,139.4099,285.0654,204.1802
208.6964,138.5325,284.2510,205.9350
213.0657,137.6503,283.2071,207.6993
213.5269,136.8376,282.2846,209.3249
214.0596,135.9262,281.2193,211.1476
214.6133,134.9863,280.1119,213.0273
215.2003,134.1133,278.9378,214.7734
215.7301,133.2591,277.8783,216.4818
216.3398,132.3916,276.6588,218.2169
216.8878,131.4174,275.5628,220.1651
217.3994,130.4508,274.5397,222.0983
218.0317,129.5252,273.2752,223.9496
218.6703,128.6545,271.9979,225.6910
219.4680,127.8216,270.4025,227.3568
220.2551,127.0144,268.8283,228.9712
221.0780,126.0949,267.1824,230.8102
221.8831,125.1779,265.5722,232.6443
222.6141,124.2623,264.1104,234.4754
223.3255,123.4072,262.6874,236.1855
224.0516,122.5300,261.2354,237.9400
224.8621,121.6248,259.6142,239.7505
225.6061,124.6449,258.1262,241.5727
226.4482,123.7696,256.4422,243.3233
227.2842,122.8213,254.7702,245.2198
228.2498,121.9522,252.8389,246.9581
229.1760,121.1704,250.9864,248.5217
230.1215,124.2404,249.0956,250.2479
231.1103,123.4065,247.1179,251.9157
232.0716,122.5227,245.1954,253.6833
233.0359,121.6715,243.2667,255.3856
234.0578,120.8181,241.2229,257.0925
235.0224,119.9545,239.2937,258.8196
235.9953,123.0540,237.3479,260.4635
236.9846,122.2042,235.3693,262.1630
238.0011,121.3948,233.3363,263.7819
239.0730,120.5882,231.1924,265.3951
236.2366,119.7474,229.0497,267.0766
237.2360,122.8065,227.0508,268.7657
238.2903,121.9665,224.9422,270.4458
239.3423,121.1052,222.8383,272.1683
236.4217,124.1289,220.8938,273.9067
237.4177,123.2688,218.9018,275.6269
238.3605,122.4291,217.0162,277.3062
235.3982,121.5754,215.1707,279.0136
236.4723,120.6601,213.0224,280.8443
237.4889,119.8007,210.9892,282.5631
238.4447,118.8832,209.0776,284.3981
239.3349,117.9412,207.2973,286.2821
240.2001,117.0380,205.5668,288.0886
241.0473,120.0693,203.8725,289.7728
237.9313,119.1017,202.3600,291.7080
238.6113,118.2359,201.0000,293.4395
239.2542,117.3902,199.7142,295.1310
239.8428,116.5921,198.5370,296.7271
240.5047,115.8901,197.2133,298.1311
241.0565,115.2290,196.1095,299.4534
241.5542,114.6494,195.1143,300.6127
241.9855,114.1301,194.2517,301.6511
238.5495,113.6710,193.3600,302.5693
238.8815,113.2639,192.6961,303.3837
239.1496,112.9111,192.1597,304.0891
239.4035,112.5873,191.6521,304.7367
235.7225,112.3186,191.2477,305.2741
235.8548,112.0520,190.9832,305.8074
235.9930,111.8993,190.7069,306.1127
232.1832,111.8277,190.5553,306.2560
232.2422,111.7982,190.4373,306.3149
228.2436,111.7774,190.6650,306.3566
228.0853,111.7659,190.9817,306.3795
223.9291,111.7806,191.5145,306.3501
223.5076,111.7981,192.3575,306.3152
219.2094,111.9011,193.1523,306.1091
218.7809,115.9459,194.0091,305.8315
218.2215,115.9910,195.1280,305.7414
217.6992,116.2164,196.1725,305.2904
217.1006,120.4045,197.3699,304.7644
216.4917,120.7197,198.5877,304.1341
215.9278,121.1796,199.7155,303.2143
215.2875,121.6073,200.9960,302.3588
214.6836,122.0806,202.2039,301.4123
214.1160,122.6428,203.3391,300.2879
213.5598,123.2555,204.4514,299.0625
212.8880,123.8789,205.7951,297.8157
212.1920,124.4656,207.1871,296.6423
211.4600,125.0870,208.6510,295.3995
210.7392,125.6237,210.0927,294.3260
209.9688,126.1151,211.6334,293.3433
209.2175,126.5894,213.1361,292.3947
204.4561,130.9949,214.7221,291.5203
203.7715,131.5624,216.0914,290.3852
198.9447,135.9366,217.7905,289.5915
198.0824,136.4121,219.5151,288.6404
193.3201,136.8079,221.0558,287.8488
192.4382,141.2231,222.8196,287.0155
187.5804,141.6822,224.5223,286.0972
186.7160,142.1026,226.2510,285.2564
181.8013,146.6151,228.0386,284.2732
180.8920,147.1376,229.8573,283.2282
179.9978,147.7282,231.6457,282.0470
179.0686,152.4283,233.5040,280.7267
178.0946,153.0679,235.4521,279.4475
177.2071,153.8029,237.2270,277.9775
176.2676,158.6204,239.1059,276.4496
175.3018,159.4001,241.0375,274.8903
174.4800,160.1704,242.6812,273.3495
173.6405,161.0797,244.3602,271.5309
176.7819,166.0496,246.1989,269.7127
176.0356,166.9557,247.6915,267.9005
175.1747,167.9108,249.4132,265.9902
178.4152,168.9866,251.0479,263.8386
177.5929,170.0748,252.6924,261.6623
180.8104,171.2578,254.3571,259.2964
183.9720,172.3889,256.1228,257.0341
183.0961,173.4991,257.8747,254.8138
186.3265,174.6281,259.4877,252.5556
189.5580,175.7511,261.0882,250.3096
192.6626,176.8785,262.9320,248.0548
195.8097,178.0148,264.6840,245.7823
194.9664,179.1504,266.3707,243.5111
198.0290,180.1706,268.2730,241.4707
197.1155,181.1546,270.1000,239.5026
196.2065,182.2157,271.9180,237.3804
195.3203,183.2996,273.6905,235.2127
194.4012,184.3877,275.5286,233.0364
197.5362,185.4986,277.2605,230.8147
196.6532,182.5910,279.0265,228.6371
195.8727,183.7545,280.5875,226.3101
198.9669,180.9100,282.3704,224.0279
198.1338,178.0116,284.0366,221.8631
197.3010,175.1954,285.7021,219.5437
200.5572,172.3981,287.1293,217.1987
199.8632,169.5955,288.5174,214.8808
202.9565,162.7641,290.2369,212.7311
206.1814,159.9943,291.6845,210.3734
205.5432,157.2900,292.9607,207.9016
204.9344,154.6351,294.1784,205.3523
208.4166,152.0719,295.0494,202.6432
208.0641,153.5083,295.7545,199.7704
211.6244,147.3581,296.4007,196.5371
211.6336,148.7734,296.3824,193.7064
211.6570,150.2351,296.3355,190.7830
211.6984,151.6978,296.2528,187.8576
211.7292,153.0966,296.1912,185.0600
211.8411,154.4427,295.9673,182.3679
212.0222,155.6974,295.6050,179.8586
212.2771,156.9279,295.0952,177.3974
212.4720,158.0901,294.7056,175.0731
212.6486,159.2775,294.3524,172.6982
212.7908,160.4150,294.0679,170.4233
213.0273,161.5575,293.5950,168.1383
213.3875,162.6037,292.8746,166.0458
213.7778,167.3764,292.0940,163.6582
214.0057,172.0009,291.6382,161.5148
214.2724,176.5665,291.1047,159.4460
214.6353,181.0899,290.3789,157.4182
215.0990,185.4386,289.4516,155.6947
215.5497,189.8637,288.5501,153.7751
219.4292,194.2573,287.6756,151.8724
219.8614,198.5891,286.8112,150.0476
220.2436,202.9019,286.0468,148.2169
220.6279,203.7236,285.2782,146.5734
221.0557,204.4857,284.4225,145.0494
221.3314,208.6391,283.8712,143.4163
221.6417,209.4621,283.2505,141.7702
225.1373,210.1059,282.8592,140.4826
225.2966,210.7523,282.5406,139.1899
225.5139,211.2802,282.1060,138.1340
225.7492,211.7353,281.6355,137.2238
225.8634,212.1100,281.4071,136.4745
226.0188,212.3604,281.0962,135.9736
229.3788,212.5378,280.8440,135.6188
229.5352,209.4538,280.5313,135.3289
229.6732,206.2478,280.2554,135.2924
229.7777,206.3845,280.0464,135.0191
233.1517,203.1613,279.7343,135.0295
233.2381,199.9160,279.5614,135.0885
233.2568,196.6941,279.5241,135.1023
233.1926,196.5980,279.6524,135.2944
233.2880,193.1398,279.4616,135.7759
233.2026,193.0140,279.6324,136.0275
233.0528,192.6453,279.9321,136.7649
229.6122,192.3346,280.3486,137.3863
229.2206,192.0438,281.1318,137.9679
225.6645,191.8591,281.7411,138.3374
225.3329,191.7169,282.4042,138.6216
221.6637,191.5436,283.2097,138.9682
221.1852,191.2731,284.1666,139.5092
217.4972,190.9465,284.9685,140.1625
217.1396,190.6276,285.6837,140.8003
216.7997,190.2930,286.3636,141.4694
216.3745,193.3980,287.2139,141.8997
216.0542,193.0668,287.8546,142.5621
215.6915,192.7885,288.5800,143.1187
215.2512,192.4851,289.4605,143.7255
214.7029,192.1216,290.5571,144.4525
210.6680,191.6973,291.8737,145.3012
209.9001,191.2721,293.4095,146.1516
209.0471,190.8361,295.1154,147.0236
208.1534,190.3590,296.9029,147.9777
207.1893,189.7183,298.8310,149.2591
206.1419,189.1128,300.9260,150.4701
205.0246,188.5525,303.1605,151.5907
203.9292,188.0342,305.3512,152.6273
199.1951,187.4185,307.7081,153.8587
198.0119,186.7659,310.0746,155.1640
196.8923,186.1848,312.3138,156.3261
192.1362,185.6851,314.5487,157.3255
191.0216,185.1866,316.7780,158.3224
189.9575,184.6630,318.9061,159.3696
188.8833,184.1350,321.0546,160.4257
184.0011,183.7583,323.3429,161.1790
179.1972,183.3221,325.4279,162.0514
178.1917,186.6758,327.4389,162.9124
177.4092,186.4043,329.0039,163.4554
176.6563,186.2719,330.5098,163.7203
172.0787,186.0695,331.9934,164.1249
171.2749,189.6336,333.6010,164.6970
170.5829,189.4649,334.9850,165.0344
169.8553,193.0626,336.4401,165.5989
169.2799,192.9602,337.5910,165.8036
164.7774,196.7532,338.7848,166.0288
164.2626,196.7513,339.8144,166.0325
163.7475,200.5445,340.8446,166.2939
163.0872,204.3010,342.1653,166.6482
162.4183,207.9674,343.5030,167.2082
161.8605,207.7891,344.6186,167.5647
161.1813,211.5261,345.9771,168.0352
160.3951,215.1978,347.5494,168.6643
159.6083,219.0207,349.1231,169.0250
159.0041,218.8174,350.3314,169.4316
158.2079,222.6233,351.9238,169.8800
157.4211,222.4259,353.4974,170.2749
156.5662,222.1824,355.2072,170.7619
155.6741,221.8981,356.9913,171.3305
154.7058,221.6325,358.9280,171.8616
153.6416,221.2533,361.0565,172.6200
152.5638,220.9202,363.2120,173.2863
151.5237,220.5827,365.2921,173.9612
150.5767,220.2735,367.1863,174.5796
149.6679,219.9807,369.0037,175.1652
148.7905,219.6960,370.7587,175.7346
147.9523,219.5275,372.4350,176.0717
147.1565,219.2877,374.0265,176.5512
146.2882,223.3554,375.7632,176.9458
145.4243,227.3705,377.4910,177.4779
144.6332,227.2239,379.0732,177.7709
143.7537,231.3647,380.8321,178.1142
143.0150,231.2325,382.3095,178.3786
142.3650,231.1297,383.6096,178.5840
141.8160,231.0576,384.7077,178.7284
141.3580,231.0044,385.6236,178.8347
141.0695,231.0171,386.2006,178.8093
141.0161,231.1871,386.3075,178.4693
141.0593,231.3001,386.2209,178.2433
141.4356,227.1445,385.4684,177.8175
142.0574,218.8791,384.2248,176.9110
142.8640,214.8690,382.6117,176.2465
143.9762,206.7830,380.3872,175.1193
144.9962,202.8255,378.3472,174.4367
146.0002,198.7906,376.3391,173.9505
147.0000,190.6411,374.3396,173.2133
147.8503,186.5366,372.6390,172.9459
148.6428,182.3968,371.0540,172.7788
145.0545,178.2247,369.8098,172.7022
145.6139,169.9219,368.6911,172.5051
145.9615,169.9388,367.9958,172.4713
146.2084,169.8650,367.5021,172.6190
146.4952,169.8206,366.9284,172.7078
146.7504,174.1788,366.4180,172.3509
142.7114,178.4743,366.1501,172.1056
142.9601,182.6323,365.6527,172.1273
139.0135,186.6168,365.2153,172.4890
139.2032,190.6373,364.8358,172.7788
135.2352,194.7866,364.4417,172.8103
135.4498,199.0058,364.0124,172.6969
