300.0,105.0,202.0,252.0
299.30701449428693,104.78030378183786,202.38597101142614,251.43939243632428
299.17661315815144,105.02226406727061,202.64677368369712,250.95547186545878
295.34941592381074,105.17641524933833,203.16796061418552,250.64716950132333
295.14231216697755,105.37179469799207,203.5821681278519,250.25641060401585
291.3798588669421,105.42378044276322,203.96946582845902,250.15243911447357
291.1142577795018,105.55449301209207,204.50066800333946,249.89101397581587
287.28696193245867,105.54185345534465,205.0084162586106,249.9162930893107
287.07158830110376,105.58809354139649,205.43916352132044,249.82381291720702
283.22350562611695,105.56252608155734,205.97435628286598,249.87494783688533
279.4237345692392,105.56827275412572,206.403496564813,249.86345449174857
279.30918528799793,105.56976665293561,206.6325951272955,249.86046669412877
275.5975180603366,105.63537606550071,206.87512503583315,249.72924786899858
275.56926118478634,105.71898222307269,206.9316387869337,249.56203555385463
272.03317620554617,105.92638691261901,206.82277308763864,249.14722617476198
272.1361174344257,106.1110588463813,206.6168906298795,248.7778823072374
268.58342279529944,106.32612392474975,206.55839649220226,248.3477521505005
264.9735556051052,106.44918664075838,206.62181544350878,248.10162671848323
264.883407423511,106.47286762255095,206.8021118066972,248.0542647548981
261.25505781383663,106.33950787678566,206.90308697468367,248.32098424642868
257.574543935657,106.20781980244779,207.10265356725094,248.58436039510443
253.92245448665858,106.02615443940982,207.23809619156816,248.94769112118036
253.93719127272743,105.85856970396287,207.20862261943046,249.28286059207426
250.3242494014919,105.72369470532234,207.25330188221952,249.5526105893553
250.3345414068039,105.55496074213409,207.2327178715955,249.89007851573183
246.7078115531057,105.20382445446995,207.29523359813805,250.5923510910601
243.0694362413025,104.82225401027803,207.3692198893113,251.35549197944394
243.06189788392885,104.46125011769493,207.3842966040586,252.07749976461014
239.5331136922622,104.11347963010799,207.21480916587882,252.77304073978402
239.6191654048417,107.3652891226119,207.04270574071978,253.50443718732413
236.09335498862112,107.06762651667947,206.85084837724494,254.099762399189
236.27793723859878,106.73411465662193,206.48168387728958,254.76678611930407
232.85515344844367,106.45236500186734,206.07345295381722,255.33028542881326
229.41114250098587,106.16815259521697,205.70563276669645,255.898710242114
229.67751733225694,105.8310988126301,205.17288310415432,256.5728178072877
226.26118119974504,105.42821618849453,204.74524138055318,257.37858305555886
226.55232875373707,105.0217902007168,204.16294627256912,258.19143503111434
226.88013487480538,104.6856750089346,203.5073340304325,258.86366541467874
223.6396209088941,107.91389525189592,202.71998669635406,259.67560019465714
224.155394588477,107.61732390602555,201.68843933718827,260.2687428863979
224.68269093902705,110.895112118768,200.63384663608815,260.97344494573
221.6212388105057,110.50616659802549,199.502887660173,261.75133598721504
222.18449348069822,113.69636930765441,198.3763783197879,262.61822088497377
222.7958163131062,113.24801710499361,197.15373265497198,263.51492529029537
223.4401530821104,112.78559102418794,195.86505911696355,264.4397774519067
220.50565342386275,115.96620630639211,194.50530165492404,265.3073036660332
221.19780527336644,115.4124154855061,193.12099795591664,266.4148853078052
221.8015682948908,118.48597556844538,191.91347191286792,267.48150210680797
218.92923036859327,117.91562161058394,190.44809233304738,268.62221002253085
219.63581257106006,117.3214716325086,189.0349279281138,269.8105099786815
216.8241569105507,116.72087629374778,187.46037302016555,271.0117006562032
217.50602692547238,119.65269334596124,186.09663299032218,272.338063741138
218.2165480688755,119.0054694995186,184.67559070351592,273.6325114340233
218.94069261486888,118.4033642113007,183.22730161152919,274.8367220104591
219.7685655292908,117.88920927754126,181.57155578268532,275.86503187797797
217.03386502086795,117.39396254339633,179.8755952554991,276.8555253462678
217.78474218398088,116.86782543308675,178.37384092927326,277.907799566887
218.56587926754673,116.3092664342395,176.81156676214152,279.0249175645815
215.84950747970947,115.71622565023674,175.11104293823988,280.210999132587
216.6554782978834,118.7616338782897,173.49910130189195,281.2426930194778
214.0187460470736,118.21189550781361,171.66170737792194,282.34216976043
214.87067414338924,117.70379772230874,169.9578511852907,283.35836533143976
212.3386774498094,117.14470257327437,167.93906918164288,284.4765556295085
213.27252668330692,116.79875703698261,166.07137071464783,285.168446702092
210.72207522456165,116.44548853823721,164.1282838069064,285.8749836995828
211.67050882041553,116.1168898718939,162.23141661519867,286.5321810322694
212.6889024910994,115.83880762827377,160.1946292738309,287.0883455195097
210.2879403852084,115.43326535485096,158.0239526038446,287.8994300663553
211.2087359398966,115.0315977647856,156.1823614944682,288.702765246486
212.18970053455018,114.68182540559621,154.22043230516098,289.4023099648648
209.868929731963,114.24879741374377,151.957353663393,290.2683659485697
210.86914118626743,113.97294413691253,149.95693075478414,290.82007250223216
211.93790861710858,113.51585059088183,147.8193958931018,291.7342595942936
209.7179749071342,113.1020099722069,145.43054306777904,292.5619408316434
210.7158370588396,112.71650459935938,143.43481876436817,293.33295157733846
211.7221459900838,112.30968856510918,141.4222009018798,294.14658364583886
212.8111362750226,111.93261974851777,139.2442203320022,294.9007212790217
210.5951190327576,111.40380250757099,136.9500828194793,295.95835576091525
211.60720160044283,111.01612258625909,134.9259176841088,296.73371560353905
212.59611821153237,110.6950904347056,132.94808446192977,297.375779906646
210.45438460800733,110.30278459053977,130.57962507999625,298.1603915949777
211.45987091585786,109.94385857113875,128.5686524642952,298.87824363377973
212.45236202736638,109.58310729988082,126.58367024127817,299.5997461762956
213.48417311889472,109.1326234895219,124.52004805822148,300.5007137970134
214.52900902216942,108.6731288503062,122.4303762516721,301.41970307544483
215.53496569139955,108.08871265362563,120.41846291321183,302.58853546880596
216.61015173759398,107.6988514286306,118.268090820823,303.368257918796
217.7135821957329,107.31981008870451,116.06122990454517,304.1263405986482
218.81865002109367,106.92628700246712,113.85109425382356,304.913386771123
219.91738974875182,106.3949041987184,111.65361479850729,305.97615237862044
220.96551550795522,105.95567411923008,109.55736328010053,306.85461253759706
221.9555551199373,105.5308419554857,107.57728405613638,307.70427686508583
220.01184573469976,105.07841393452387,105.1175218529448,308.6091329070095
220.95325429967195,104.60762508629966,103.23470472300043,309.5507106034579
221.87374746178915,104.29472450871953,101.39371839876608,310.1765117586182
222.78397145274192,103.84650949537144,99.57327041686051,311.07294178531436
223.66692954902985,103.46790233057595,97.80735422428467,311.8301561149053
224.5957243275206,103.06922555349624,95.94976466730317,312.62750966906475
222.70645268822167,102.70345298833229,93.52434145057514,313.35905479939265
223.56982953334392,102.32535337564343,91.79758776033069,314.11525402477037
224.52670694357786,102.07789468375023,89.88383293986277,314.61017140855677
225.39534882119878,104.82514373500254,88.14654918462092,315.23495222550014
226.31740017638938,104.56283335625105,86.30244647423973,315.7595729830031
227.2544815560671,107.38207818822357,84.42828371488426,316.1895178181009
228.22024416682538,107.04148821189122,82.49675849336775,316.8706977707656
229.15165213538972,109.78483245242228,80.63394255623908,317.39640847445446
230.06477900070354,109.50585054345302,78.80768882561141,317.954372292393
230.98166523932832,109.2160619866722,76.97391634836184,318.5339494059546
231.92064681533958,111.89013724034362,75.09595319633931,319.1167396252895
232.8516539356812,114.58540710652846,73.23393895565604,319.6294458861595
233.82389162956756,117.35962774315976,71.2894635678834,319.95575816455323
234.75772881323172,117.23778101773058,69.42178920055503,320.1994516154116
235.79886648892176,120.04658951216274,67.339513849175,320.3911797590237
236.84546982056554,119.99718815638894,65.24630718588742,320.4899824705713
237.94475185626493,122.88254344122998,63.04774311448867,320.4517533311198
238.9776248110497,122.87089487162228,60.98199720491906,320.4750504703352
240.00555340742184,125.77977084292905,58.926140012174834,320.3063287718394
241.06528505059296,128.68834705381494,56.80667672583258,320.0955057450808
242.06955569820008,131.59309715258354,54.79813543061837,319.8476476321356
242.98041415204978,134.60072603529483,52.97641852291896,319.3508706857856
243.77924346715628,134.95209982355925,51.37875989270594,318.64812310925674
244.43719096804352,135.41176291523448,50.06286489093148,317.7287969259063
244.990810413273,133.2607827101656,48.95562600047247,316.6358337730804
245.3986309304019,131.16103912267664,48.139984966214705,315.47765774123275
245.6087257566862,128.9579192887555,47.71979531364609,314.5585839046767
245.65343074427324,129.43873246357427,47.630385338472,313.5969575550392
245.5021138269318,129.88608026370147,47.933019173154875,312.7022619547848
245.31983325334417,127.72632710296898,48.29758032033015,311.7389639941118
245.05213600098176,125.58201017450159,48.832974825054976,310.75080934952416
244.6820237636938,126.13279664439801,49.57319929963093,309.6492364097313
244.13283865949765,126.75503159619691,50.67156950802319,308.4047665061335
243.45928427567645,127.46398138700405,52.01867827566562,306.98686692451923
242.69373370066631,128.31081462670488,53.54977942568587,305.2932004451176
241.88682509075394,129.10791976939942,55.163596645510616,303.6989901597285
238.5798885385544,129.76591598365948,56.47573886622597,302.3829977312084
237.78915087609028,130.50034188405326,58.05721419115425,300.91414593042083
234.43804946542247,131.31413127894643,59.43957521622134,299.2865671406345
233.5952260553733,132.1790059453605,61.12522203631967,297.55681780780634
230.13055825240042,132.91249099805458,62.72162609124317,296.0898477024182
229.09738267672475,133.705315333675,64.78797724259448,294.50419903117734
228.05036852776996,134.52181322490537,66.88200554050404,292.8712032487166
227.03206673606286,135.44372765373197,68.91860912391824,291.0273743910634
225.99396462364933,136.28373923481624,70.9948133487453,289.34735122889487
222.29907753412374,137.0534293436794,72.97663422507858,287.80797101116855
221.18453983537182,137.78155658931937,75.20570962258236,286.3517165198886
220.08060228852202,138.47782496504126,77.413584716282,284.9591797684448
218.91943888215002,139.16366175375623,79.735911529026,283.5875061910149
217.68285317185448,139.76175121648333,82.20908294961708,282.3913272655607
216.41223209668692,140.37929643103124,84.75032509995219,281.15623683646487
215.16285003104593,141.25638511484632,87.2490892312342,279.4020594688347
216.59559527316983,142.20649990283994,89.95587393898603,277.50182989284747
215.33621014322947,143.10362860662264,92.47464419886676,275.70757248528207
216.77081959754366,144.13903137533993,95.2211955831259,273.6367669478475
218.1409550530132,145.14527734859124,98.11727181159046,271.62427500134487
216.68615605508072,145.9069804061134,101.0268698074554,270.10086888630053
218.0017392002636,146.94617160936895,104.08659182370303,268.02248647978945
216.5664346189872,147.92775975280807,106.95720098625583,266.0593101929112
217.92836809958305,148.9762701789209,109.97246957074084,263.9622893406855
219.32342584945636,149.91102936415413,112.94490692385132,262.0927709702191
217.82278513997306,150.72086858613085,115.94618834281792,260.47309252626565
219.1939055516374,151.67995168578457,119.02154976418029,258.5549263269582
217.7372727232073,152.5797446667434,121.93481542104054,256.7553403650405
219.2487289744484,153.58411489935577,124.78028151449224,254.7465998998158
220.9007069659828,154.6996430506315,127.36486476867628,252.51554359726438
222.60766672592086,155.8479200612925,129.85159314725513,250.21898957594232
221.43222753046936,157.03846367069582,132.20247153815814,247.8379023571357
223.20485019848712,158.21171863961004,134.5724475655512,245.49139241930726
222.0131775321901,159.331075962169,136.95579289814526,243.25267777418935
220.84392770605223,160.39862371373204,139.29429255042103,241.11758227106324
219.66623300666868,161.4294332156002,141.64968194918808,239.05596326732694
218.43324517839378,162.452971701539,144.1156576057379,237.0088862954493
217.261419619003,163.55584828541964,146.45930872451947,234.80313312768803
216.09244129241887,161.67340949273824,148.7972653776877,232.60431016030168
215.05694505660853,162.83287202296003,150.8682578493084,230.28538509985808
214.08997013524126,163.94768277342365,152.80220769204294,228.05576359893087
213.0672650102523,165.0299395262215,154.84761794202086,225.89125009333515
211.98045316021353,163.06214742175948,157.0212416420984,223.85709877571065
210.88637839352734,164.1644061731779,159.20939117547078,221.65258127287385
209.70175763903188,165.11880955396842,161.5786326844617,219.74377451129277
208.33434439846556,165.91106716781587,164.31345916559434,218.15925928359783
204.00547745050426,166.8871622477343,166.9629416041349,216.20706912376104
202.86558046155977,168.015370715471,169.2427355820239,213.95065218828762
201.7222284669958,169.2110440572003,171.52943957115184,211.559305504829
200.50847019117595,170.3507272695652,173.95695612279155,209.27993908009918
199.2781763561242,171.42280260251408,176.41754379289506,207.13578841420144
194.94782864360255,172.50666400283157,179.04287408055853,204.96806561356647
193.78245677574722,173.64995161030885,181.37361781626916,202.6814903986119
192.40667753489177,174.65425869211705,184.1251762979801,200.6728762349955
187.90045541889512,175.68588445674268,187.07920964927433,198.60962470574424
186.32462431092955,176.64676389182702,190.23087186520544,196.68786583557556
184.88151578382087,177.75961507398918,193.11708891942283,194.46216347125124
180.44648726006415,175.84377659873792,195.88354488207915,192.19023933689667
179.06309398900856,177.07473106872243,198.65033142419034,189.72833039692762
177.67244446944932,178.3055110364135,201.4316304633088,187.2667704615455
176.40742583905492,179.62661799160082,203.9616677240976,184.62455655117083
175.18981870394367,178.05469224876288,206.3968819943201,181.65083445851522
174.09600172870526,179.54964006687942,208.58451594479692,178.66093882228208
173.04353902965238,181.0327760497465,210.6894413429027,175.69466685654794
171.97871248487382,179.439590709876,212.8190944324598,172.80249075406942
170.85624196209716,180.83504874978158,215.06403547801312,170.01157467425827
169.79171225880464,182.2951759949699,217.19309488459817,167.0913201838816
168.72163190513675,183.76283213072642,219.33325559193395,164.15600791236858
167.73088465372874,185.35897055073056,221.31475009474997,160.9637310723603
166.83524084808806,186.99098435650598,223.10603770603134,157.69970346080945
166.05899941614967,188.72392114075262,224.65852056990806,154.23382989231615
165.1883532301421,190.19919410547283,226.39981294192324,151.2832839628758
164.286385060843,191.70185949114463,228.20374928052144,148.27795319153216
163.40605787247773,193.16851358608753,229.96440365725198,145.34464500164637
162.52387627584858,194.5642748285615,231.72876685051025,142.55312251669844
161.6476633473189,195.89335742260766,233.48119270756962,139.8949573286061
160.7444328249726,197.2432769645235,235.2876537522623,137.19511824477445
159.8488362536669,198.62462331642132,237.07884689487366,134.43242554097878
158.98295529663042,199.92585486927953,238.8106088089466,131.82996243526233
160.89499671956924,204.19656407135182,240.7622808813749,129.06429894942372
160.072852182465,205.47158427266683,242.40656995558336,126.51425854679366
162.12137810300476,206.69869320266554,244.04718152268399,124.06004068679624
161.23431267482493,207.922782890492,245.82131237904366,121.61186131114333
163.0393794955619,212.20928871478918,247.91427437229387,118.74194529727309
165.04108900702983,213.4379213348953,249.5946820957856,116.28468005706088
166.84922080225124,217.57007534256252,251.64387693162942,113.68583046801304
166.03599940187448,218.72109667054377,253.27031973238292,111.38378781205053
168.13889993693613,219.94605235313776,254.69737778590718,108.93387644686251
170.3301689360669,224.11701303888486,255.92511749378855,106.2022327815113
172.42635129151697,225.2763750760326,257.31235795403614,103.88350870721582
171.80161258168326,226.46661542251655,258.56183537370356,101.50302801424786
174.0215980364251,227.7576282029014,259.65567519643565,98.92100245347822
176.2258409505241,229.04493096666445,260.75040707886507,96.34639692595209
178.17844038848222,233.16768114057288,262.3177558208264,93.5734441960128
177.54459561004933,234.3900829854407,263.58544537769217,91.12864050627716
179.75668639550636,235.74052454321998,264.57974805643124,88.42775739071861
182.08249316049506,237.26214307509855,265.3114953366065,85.38452032696149
184.33189050275624,238.73300461827876,266.15066234495924,82.4427972406011
186.5886907384816,240.2335793040432,266.93271663593123,79.44164786907217
