84.0,43.0,248.0,211.0
83.84703501202137,42.224823692420216,247.30592997595727,211.55035261515957
84.24881507821007,45.56220131040456,246.50236984357986,212.0961938583501
84.62403422101043,45.23358552490522,245.75193155797913,212.75342542934877
88.60548612840472,48.57739076555971,245.00490804446963,213.28169524931886
89.13626508177688,48.273779904378415,243.9433501377253,213.88891697168145
89.55190311553523,47.91987399871469,243.11207407020862,214.5967287830089
89.97138109687337,51.102038429515886,242.27311810753233,215.43691464629484
90.27597018872099,50.71841985821318,241.6639399238371,216.20415178890025
90.5689548103535,50.197674028812344,241.07797068057207,217.24564344770192
94.5733630275683,53.332835946527524,240.2844090661226,218.1905744322517
95.10436315849269,56.58540761422141,239.22240880427384,218.90341341010222
95.72504119594996,56.24315614069141,237.9810527293593,219.58791635716221
96.38706805237014,59.55059906796717,236.65699901651894,220.17738546245107
100.59897970406469,59.23000878861829,235.4262476623289,220.81856602114883
101.13723105707068,58.89565546008541,234.34974495631693,221.4872726782146
101.61361583582233,62.10965779723725,233.39697539881362,222.23708922294782
102.01469919727823,61.7260801998663,232.59480867590182,223.0042444176897
106.14166747621988,64.93771088123287,231.51526293195798,223.75537386889602
106.69776957507426,64.58353765742795,230.4030587342492,224.46372031650586
107.245858203429,64.18272208679919,229.30688147753975,225.2653514577634
107.78087860284921,63.75123854647492,228.2368406786993,226.12831853841192
108.30294321000807,63.2635397485369,227.1927114643816,227.10371613428796
108.82288114726838,66.29530427850611,226.15283558986098,228.19446149040357
109.25111944496342,65.74888548908132,225.2963589944709,229.28729906925315
109.64813154692138,65.13376099006743,224.50233479055498,230.51754806728093
110.00788655577132,64.53031509006729,223.7828247728551,231.7244398672812
110.26725455402358,67.48208880374581,223.26408877635058,232.9939626271632
110.54918483351244,66.81963770814616,222.70022821737285,234.3188648183625
110.79962574101869,69.78918798941297,222.19934640236036,235.57633385389505
110.97383355830466,69.0723260869211,221.8509307677884,237.0100576588788
111.14563460579879,68.43084368427913,221.50732867280016,238.29302246416273
111.32032074975277,67.7793582593972,221.1579563848922,239.59599331392658
111.50862903889733,70.76711063734685,220.78133980660309,240.87500368983726
111.67437282306868,70.14446805548158,220.44985223826038,242.12028885356779
111.77589334126282,73.17676471971848,220.2468112018721,243.33826594859153
111.80417654405889,72.5382554956132,220.19024479627996,244.61528439680208
111.75811624555969,71.95202282390738,220.28236539327835,245.7877497402137
111.67787146047004,75.02306781070018,220.44285496345765,246.98259853459763
111.6395054177173,74.40039199803991,220.51958704896313,248.22795015991818
111.55966204922208,77.5175419355786,220.67927378595357,249.37227638194486
111.45360382970219,76.91596019383721,220.89139022499336,250.57543986542765
107.66396136153409,80.04250684704876,221.04968059768396,251.74334112265015
107.73486032077771,79.60988716695705,220.90788267919672,252.60858048283356
107.77023366823461,82.93286286382578,220.83713598428292,253.4154023785704
107.77609617529549,82.57516379450134,220.82541097016116,254.13080051721928
107.7952671567555,82.22752820755495,220.78706900724114,254.82607169111205
107.78108931350914,85.66566106030567,220.81542469373386,255.4349796447883
107.84270823608645,85.4120290359354,220.69218684857924,255.94224369352884
107.9006290918266,85.13770056736794,220.57634513709894,256.49090063066376
107.95880399963644,84.83018853595675,220.45999532147925,257.10592469348614
108.01851047611115,84.53607813353182,220.34058236852985,257.694145498336
108.03112020562388,84.25997752033919,220.3153629095044,258.24634672472126
108.0267527666361,83.98846284489113,220.32409778747996,258.7893760756174
108.06774852005219,83.71426000422636,220.24210628064776,259.3377817569469
108.11895507737893,83.4425088019216,220.1396931659943,259.88128416155644
108.0887640527171,83.1921909467872,220.20007521531795,260.38191987182523
108.08306873715206,82.94860661240415,220.21146584644802,260.86908854059135
111.90053655531483,82.70764158135887,220.14583492851705,261.3510186026819
111.93170211186819,82.43889274296157,220.08350381541032,261.8885162794765
111.9507111716071,82.17329375069883,220.0454856959325,262.419714264002
111.99817031442365,81.82165126195056,219.9505674102994,263.1229992414985
111.99419536370614,81.44652962452369,219.95851731173443,263.87324251635226
111.96494223170404,81.04238784255767,220.01702357573862,264.6815260802843
111.96223499848132,80.64683532355454,220.02243804218406,265.47263111829056
115.79891011049219,80.29433241503867,219.98629913062962,266.1776369353223
115.80504168833136,79.95920521541609,219.97403597495128,266.84789133456746
115.81615728822828,79.66576122621123,219.95180477515743,267.4347793129772
115.85490716700161,79.38843538748151,219.87430501761077,267.98943099043663
119.78874326083222,79.12977047034644,219.6801794606287,268.50676082470676
119.88847801356792,78.91897464915434,219.4807099551573,268.928352467091
123.85484709460069,78.66106366392987,219.22959206191612,269.4441744375399
123.99807937756704,78.49061460828602,218.94312749598342,269.7850725488276
127.98754568192882,74.41251619155571,218.65028342534458,270.2551808442035
128.0674553328724,74.00439151461916,218.4904641234574,271.0714301980766
131.9932317238992,69.80795864472279,218.3374224919276,271.7657847873455
131.96126674497972,69.395280668185,218.4013524497666,272.5911407404211
135.78243351889904,65.12895145017563,218.47940192277346,273.4034161555943
135.68730193631004,64.69022971219803,218.6696650879515,274.2808596315495
135.59486050722,64.30452197885259,218.8545479461316,275.0522750982404
135.63450822254273,63.9287375831436,218.7752525154861,275.80384388965837
139.60349048767404,59.66506285210255,218.61297988197992,276.55550145498404
139.60989346180895,59.36706030792013,218.6001739337101,277.1515065433489
143.5404910240648,59.1392937186811,218.5324672555469,277.60703972182694
143.54981601391012,58.958400816121184,218.5138172758562,277.9688255269468
143.6158704785917,58.8002617758618,218.3817083464931,278.28510360746554
143.73381492207196,58.711791532948666,218.14581945953256,278.4620440932918
143.85296990845615,62.49154274403338,217.90750948676418,278.70870377272655
143.93792747817668,62.35997519541732,217.73759434732312,278.9718388699587
144.01089324158357,66.16588396168947,217.59166282050936,279.1673428640753
144.11576146156898,69.93254062446906,217.3819263805385,279.44196674045224
144.21596258392466,69.74982375420186,217.18152413582715,279.80740048098664
144.3278066685425,73.50636183185736,216.95783596659146,280.10537161886396
144.43673982487752,77.2923339129785,216.7399696539214,280.34538653066124
144.5652637288529,77.18671205228432,216.48292184597068,280.5566302520496
144.6728263627087,81.0731302617935,216.26779657825912,280.5949120113162
144.73202981313193,84.81527936369949,216.14938967741264,280.91881206369186
144.74717043627822,84.59946524513535,216.11910843112,281.35044030082014
144.69027469363513,88.27764807386382,216.2328999164062,281.81138495081393
144.60865259921096,91.86686561170072,216.39614410525456,282.4591507647369
144.4835308237386,91.54495347660185,216.64638765619927,283.1029750349346
144.4335655353014,95.21305369251061,216.74631823307368,283.619427608215
144.38729861438458,98.90973279239981,216.83885207490732,284.088231768744
144.4246090928343,98.59267908527727,216.7642311180079,284.72233918298906
144.36052391791537,102.27826276998255,216.89240146784576,285.23044886021694
144.3538581545525,101.94602900514042,216.90573299457145,285.8949163899012
144.3888812985243,101.61569634753303,216.83568670662788,286.55558170511597
144.38382942496986,105.27087145987508,216.84579045373673,287.15362185220243
144.380876696588,104.92404954539052,216.8516959105005,287.84726568117156
144.41217203592143,108.56521365233345,216.78910523183362,288.4932690126784
144.45175181370035,108.20362386423218,216.7099456762758,289.21644858888095
144.44691557771375,107.87512789736536,216.719618148249,289.8734405226146
144.4773214924914,111.7190002481384,216.65880631869368,290.1427174674159
144.4933353204539,111.45599238409494,216.6267786627687,290.6687331955028
144.51332364715927,111.18105636453146,216.5868020093579,291.21860523462976
144.49418282022336,110.89073293428487,216.62508366322976,291.79925209512294
144.39763652111924,110.55834892182543,216.81817626143797,292.4640201200418
144.3062840841724,114.27350203624593,217.00088113533167,293.03175727099745
144.2378866736815,113.9138594173593,217.1376759563135,293.7510425087707
144.2132935548634,113.59355970381768,217.18686219394962,294.39164193585395
144.23245475120675,113.30802314350447,217.14853980126298,294.96271505648036
144.2122648854065,112.99235281694763,217.18891953286345,295.59405570959404
144.21292978015742,112.69370895428844,217.18758974336166,296.1913434349124
148.2589941678557,112.39226185620353,217.1562002379546,296.79423763108224
148.26604917414068,112.0601692135169,217.14209022538466,297.4584229164555
148.24741560677177,111.68644870142833,217.17935736012248,298.20586394063264
148.2288498371132,111.3605003324943,217.21648889943964,298.8577606785007
148.2173548481145,111.01319537350201,217.239478877437,299.5523705964853
148.18390811937923,110.6464598263124,217.3063723349076,300.2858416908645
148.1924559484184,110.26064436058843,217.28927667682922,301.05747262231245
148.21564291314837,109.87107499792194,217.2429027473693,301.83661134764543
148.29302461944707,109.47541600000284,217.0881393347719,302.62792934348363
152.44789310091156,109.06505083039468,216.93514584210146,303.44865968269994
152.47642561637954,108.6154338668857,216.8780808111655,304.3478936097179
152.4378715988285,108.16572918044344,216.9551888462676,305.24730298260243
152.41301823891018,107.74143284284361,217.00489556610418,306.0958956578021
152.4264842020442,107.31758744263706,216.9779636398362,306.9435864582152
152.45221612497608,106.86765971879882,216.92649979397245,307.84344190589167
152.4458382256062,106.42796591070157,216.9392555927122,308.72282952208616
152.40854877849713,105.98485190164703,217.0138344869303,309.60905754019524
156.50229922025932,105.51854570370173,217.08749638378734,310.54166993608584
156.53113483342742,104.97533406149142,217.02982515745109,311.62809322050646
156.5575759378654,104.45127512297404,216.97694294857516,312.6762110975412
156.58944056829932,103.93572778599392,216.9132136877073,313.70730577150147
156.6045945685252,103.37233226730771,216.88290568725557,314.8340968088739
156.61310473752206,102.77402043333288,216.86588534926182,316.03072047682355
156.592829996715,102.1734474491818,216.90643483087595,317.2318664451257
156.51432120155442,101.63755324750912,217.0634524211971,318.30365484847107
156.37515819680294,101.09493851856695,217.34177843070003,319.3888843063554
156.24634294694914,100.57044608980976,217.59940893040766,320.4378691638698
156.0924587371788,100.04748705138255,217.90717734994834,321.4837872407242
155.9270321288376,103.77104847177648,218.23803056663075,322.4917674653912
155.73679523977225,103.28007343010773,218.61850434476145,323.4737175487287
155.54386175003162,102.7605046444848,219.0043713242427,324.5128551199746
155.37858779208813,102.24117115893256,219.33491924012972,325.55152209107905
155.20324928997263,101.70595598583975,219.68559624436065,326.62195243726467
154.98184696949534,101.17740846040772,220.12840088531524,327.67904748812873
154.74992467607686,100.67028855684106,220.59224547215223,328.69328729526205
154.45936438697862,100.17851486282774,221.1733660503487,329.6768346832887
154.2131922698665,99.71782085692712,221.66571028457295,330.59822269508993
153.96803533299754,99.27831058906875,222.15602415831086,331.47724323080666
153.75455491573737,98.86249074210443,222.5829849928312,332.3088829247353
153.55434344993165,98.49233404314555,222.98340792444264,333.0491963226531
153.36170068570902,98.12654893903579,223.36869345288792,333.7807665308726
153.1807448711475,97.77532019848832,223.73060508201092,334.48322401196754
152.98258538519298,97.45642103393376,224.12692405392,335.12102234107664
152.8046083234343,97.13972211631949,224.48287817743733,335.7544201763052
152.6183601709654,96.81497790395755,224.85537448237517,336.40390860102906
152.46748661485256,96.4644793528955,225.15712159460082,337.1049057031532
152.30730574698103,100.5868044983431,225.4774833303439,337.67079012457054
152.1428560291085,100.31405832675003,225.80638276608897,338.2162824677567
151.99691643746905,100.08908631921207,226.0982619493678,338.6662264828326
151.87241311657186,104.25821602995072,226.34726859116222,339.17761873443106
151.708598396455,103.99258258878783,226.67489803139597,339.70888561675685
151.53726329083764,103.7529905652107,227.01756824263066,340.1880696639111
151.35654040408843,103.50400080725089,227.3790140161291,340.6860491798307
151.21341338888075,107.76103634285963,227.66526804654444,341.0732845081779
151.03985848048714,107.5415769148131,228.01237786333166,341.51220336427093
150.86073006327848,107.306357985582,228.370634697749,341.98264122273315
150.65875277446975,107.07959387136452,228.77458927536648,342.4361694511681
150.42618038445562,106.86300510985782,229.2397340553947,342.8693469741815
150.19821385417424,106.70075199149792,229.69566711595743,343.1938532109013
149.96661159296377,106.57983703193366,230.15887163837843,343.4356831300298
149.78233765731082,106.52123657373312,230.5274195096843,343.5528840464309
149.5738854790504,106.45512910420342,230.94432386620514,343.6850989854903
149.37068242709586,106.46829618153313,231.3507299701142,343.6587648308309
149.1679359633036,106.46541906448329,231.75622289769873,343.6645190649306
148.97732412188975,106.53305155830216,232.13744658052647,343.5292540772928
148.82402502281178,106.57781999678633,232.4440447786824,343.4397172003245
148.67513318906197,106.64189025974002,232.74182844618204,343.3115766744171
148.54296122354054,106.70067681886923,233.00617237722486,343.1940035561587
148.4256809935154,106.79590030704901,233.24073283727512,343.0035565797991
148.31027161580377,106.8789758227191,233.4715515926984,342.83740554845895
148.15800366309207,106.96464757484594,233.77608749812183,342.66606204420526
148.05080107042687,107.07602943440747,233.99049268345223,342.4432983250822
148.02345274402944,107.19360222033475,234.04518933624706,342.20815275322764
148.07440670093305,107.3390002992906,233.94328142243984,341.91735659531594
148.04370489958944,107.54087321260954,234.00468502512706,341.51361076867806
148.04195783114412,107.83733193672848,234.0081791620177,340.9206933204402
148.07526020313696,108.13425144096547,233.94157441803205,340.3268543119662
148.135173871341,108.53133415556948,233.82174708162395,339.5326888827582
148.1820798732987,108.84899399621781,233.72793507770854,338.8973692014615
152.68916391167608,109.15805328587976,233.69338496342274,338.2792506221376
152.65731906180008,109.48132163663047,233.75707466317473,337.6327139206362
152.669772754142,109.74487900681527,233.73216727849095,337.1055991802666
152.66343514048708,109.95697262662631,233.74484250580076,336.6814119406445
157.11584531408906,110.18323844233387,233.78647216296093,336.2288803092294
157.03261447791684,110.28576386251888,233.95293383530537,336.0238294688594
156.93316482593502,110.44722726791818,234.151833139269,335.7009026580608
156.79672093264006,110.54851002115257,234.42472092585894,335.498337151592
161.17749272603385,110.65975823469043,234.60298852179037,335.2758407245163
161.11649828986145,110.75033697605863,234.7249773941352,335.0946832417799
160.99149698453857,110.88228958357325,234.97498000478092,334.83077802675064
160.80455844760706,111.07623921650523,235.348857078644,334.4428787608867
160.66232929896432,106.95521923324924,235.6333153759294,333.7458095228758
160.5298343163435,107.1983581300641,235.89830534117104,333.2595317292461
160.4131163215826,107.45298399162363,236.13174133069288,332.750280006127
160.29911942884854,107.75143125901565,236.35973511616103,332.153385471343
164.86270338721116,103.80921884822868,236.15369933907328,331.1166781532794
164.8227354103785,104.16471073092737,236.2336352927386,330.405694387882
164.7458274312728,104.55962863101863,236.38745125095002,329.6158585876995
164.66121089812395,104.97157632647605,236.5566843172477,328.79196319678465
164.62443646590154,105.4052729866429,236.63023318169252,327.92456987645096
164.65371231927412,105.81933494141572,236.57168147494735,327.0964459669053
164.6245548131031,106.19996031128602,236.6299964872894,326.3351952271647
168.97134316490855,106.57837094363902,236.77383077048933,325.5783739624587
168.91031541622368,107.00366320391123,236.89588626785908,324.7277894419143
168.9042878766087,107.44978223566005,236.90794134708904,323.83555137841665
168.84719831009608,107.81101530205277,237.0221204801143,323.1130852456312
173.15165069658497,108.06880920696796,237.20815694722833,322.59749743580085
