188.0,241.0,269.0,72.0
189.88950073542034,241.44907600852002,269.36216404518444,70.10184798295998
192.2705487065523,242.41634514039083,269.7105323389542,68.16730971921835
194.612706132323,243.36043276539456,270.1049642006576,66.27913446921087
194.04509801934245,242.08215387875433,271.24018042661874,63.787274684565475
196.44644822651918,243.01209094601012,271.45426549325157,61.92740055005388
195.52632387266402,239.5649016020827,273.2945142009619,58.85348883601733
197.98773438534818,240.51871359903578,273.3223407390998,56.94586484211116
200.24123161065867,241.49914232655604,273.7294486183135,54.985007387070674
199.9402616572671,242.41883712245092,274.33138852509666,53.14561779528087
199.4911641153339,226.49623148724092,275.229583608963,51.011883658976686
196.72772981307713,227.53509185098898,275.9316629397006,48.93416293148053
196.3991456387381,228.34437656127793,276.5888312883786,47.31559351090265
196.0435422469178,228.97896309253792,277.3000380720192,46.04642044838264
195.72155520415103,229.44082852801444,277.9440121575528,45.122689577429654
195.34847786542147,229.63886758831634,278.6901668350119,44.726611456825836
194.90971252868664,229.4812977476349,279.56769750848156,45.0417511381887
194.43892921900976,229.00958105126372,280.5092641278353,45.98518453093104
194.02937468632132,228.47436946017035,281.3283731932122,47.05560771311784
191.29998420656244,230.38403024836316,281.95594383270725,48.0674964567549
191.1175911528209,232.03922701451444,282.32072994019035,49.61708729903114
190.96142931410316,231.04542931069142,282.6330536176258,51.60468270667716
190.66075735593742,232.53025138433142,283.2343975339573,53.57428348681634
190.41947303447762,231.39535922059335,283.7169661768769,55.8440678142925
190.03210171617727,232.7039065239333,284.4917088134776,58.26437886196308
189.57715064890482,234.0338957449069,285.4016109480225,60.6997351945509
189.23498018965844,232.84287368498974,286.08595186651525,63.081779314385244
188.89318054742503,231.62887497488413,286.76955115098207,65.50977673459644
188.54397083160916,230.41860834127831,287.4679705826138,67.93031000180811
188.37613333067995,229.186540632375,287.80364558447224,70.3944454196147
188.20143085370722,230.48422174746338,288.1530505384177,73.17396690856003
188.12651450381557,229.30422409314417,288.302883238201,75.53396221719844
188.0668703330406,228.03417003279634,288.4221715797509,78.0740703378941
187.98232091077026,226.691653563474,288.5912704242916,80.75910327653881
187.88113194820855,222.45764023066792,288.79364834941504,83.64554355942238
187.84714757164397,218.08799084672086,288.8616171025442,86.74648588128716
187.87322280041317,216.65686277784192,288.8094666450058,89.60874201904507
187.77522636297311,215.23362597270176,289.0054595198859,92.45521562932535
187.55908597410593,210.81045127719733,289.4377402976203,95.49709082686579
187.3828898792703,209.4271399692198,289.79013248729154,98.26371344282083
187.21619181473955,204.92619489116763,290.12352861635304,101.34352300906677
187.24339143729694,203.47540830323848,290.06912937123826,104.24509618492506
190.15382011937783,202.04293792446313,290.28309902357944,107.11003694247574
190.08252728240825,200.74158964675968,290.4256846975186,109.71273349788262
193.02672650104873,199.4517285767683,290.67591784242296,112.2924556378654
192.85624280271585,198.23730168921514,291.0168852390887,114.72130941297169
195.8928769718507,196.99700069219443,291.1805819817444,117.20191140701311
199.08316329758324,195.72495070334648,291.08363406829045,119.74601138470906
199.08479869658086,194.44223348580078,291.0803632702952,122.31144581980041
202.24799113565825,193.0908786825313,291.1270114115363,125.01415542633944
205.42320231395558,191.71564164693757,291.1981392881935,127.76462949752687
208.62112596473045,187.10378704812416,291.27341420795454,130.51721647384286
208.62219514356931,185.71226843480468,291.2712758502768,133.30025370048176
211.96255380046154,184.3359943081778,291.1600037152009,136.05280195373558
215.17268831566003,182.9277287492181,291.3557115726984,138.86933307165498
218.33241765604657,181.5098635350385,291.7042112808259,141.70506350001415
218.10001095338995,180.11652018129593,292.16902468613915,144.4917502074993
217.94920971918032,175.29667819270423,292.47062715455843,147.35391451382074
221.0724595669029,173.91053422175668,293.0555957938586,150.12620245571583
220.77806336992066,172.48301103112976,293.64438818782304,152.98124883696968
224.1025080881826,171.1567326672672,293.9412185206848,155.63380556469477
223.91512466264277,166.22815336714135,294.31598537176444,158.49530167060794
223.64034546340903,164.88375355595605,294.8655437702319,161.1841012929785
223.50935619404856,163.3976592650164,295.12752230895285,164.1562898748579
226.8622794163992,161.94291006208243,295.5805940466661,167.06578828072574
226.6633771418264,156.9088922682666,295.97839859581165,169.91867008564304
226.5562555824648,155.48737154772186,296.1926417145349,172.76171152673254
226.3895732026837,153.97928973483732,296.5260064740971,175.77787515250165
226.31061213706283,152.55306114422433,296.6839286053388,178.63033233372758
226.255982308035,151.25900390759253,296.7931882633945,181.2184468069912
229.8324239831381,150.04293798013055,297.11283701101985,183.65057866191518
229.6741308338564,148.91691969395163,297.4294233095833,185.90261523427301
233.26696154464483,147.8349855676908,297.8044622052486,188.06648348679468
233.16590708739625,146.78111622771152,298.0065711197458,190.17422216675322
233.15307339770138,145.81776310013632,298.03223849913553,192.10092842190363
236.93886181040762,144.81406435078117,298.1340936058708,194.1083259206139
236.93377040824333,143.8734613328025,298.1442764101994,195.98953195657128
240.8039866438611,142.90016379958394,298.1437943149541,197.93612702300842
240.63986866264872,141.89432404711266,298.47203027737885,199.94780652795095
240.72031051156318,140.9588700352314,298.3111465795499,201.81871455171347
244.7363048815577,140.12533905251644,298.1184858533473,203.4857765171434
244.80570849801708,139.28652411876536,297.9796786204285,205.16340638464555
244.78944006058023,138.5065593494997,298.0122154953022,206.7233359231769
248.7817889650463,137.64182489483747,297.9435404692107,208.45280483250133
248.84184329570337,136.8463223457712,297.82343180789655,210.04380993063387
252.67602793045845,136.0657612812697,298.1230501306156,211.6049320596369
252.53324532061777,135.26611348925474,298.40861535029694,213.2042276436668
256.5873538801653,134.50372306493517,298.3293117297597,214.72900849230592
256.54633956933145,133.74606282675265,298.4113403514275,216.24432896867097
256.45557101941523,133.09320455158664,298.59287745125994,217.550045519003
260.4679994512677,128.46311457404,298.67116758137905,218.70707848027234
260.3805292345493,127.74575519160737,298.8461080148158,220.14179724513758
260.19442162024745,127.11879638396195,299.2183232434195,221.39571486042843
264.1172306346841,122.44299813193294,299.54841959799217,222.57159698104044
263.9756679773749,121.82813804996326,299.8315449126107,223.8013171449798
267.86444368196203,121.26861564950843,300.2784204845378,224.92036194588945
267.71435676070405,120.76369311935117,300.5785943270536,225.93020700620397
271.5710993220597,120.40940258552806,301.1357262051204,226.6387880738502
271.29117207445006,119.96467596444043,301.69558070033975,227.52824131602546
270.8617877540545,115.33110332738488,302.5543493411309,228.48163913581288
270.53155653441394,114.98315063333015,303.214811780412,229.17754452392234
274.40433236243916,114.78979479115164,303.83309942685173,229.56425620827937
274.0665296941921,114.5487569334325,304.50870476334575,230.04633192371764
273.77558111182316,114.36247929387558,305.0906019280838,230.41888720283148
277.6653592872713,114.29686055177262,305.72374433143125,230.5501246870374
277.31983944444534,114.23132423571752,306.4147840170832,230.6811973191476
276.9395483137404,114.17810339800394,307.1753662784932,230.78763899457476
276.5743945259926,114.16088374921401,307.9056738539887,230.82207829215463
276.3073563747863,114.23353568296984,308.4397501564012,230.67677442464296
276.0742868283664,114.40846610589931,308.9058892492411,230.32691357878403
275.8010369494179,114.57795615348483,309.4523890071381,229.98793348361298
279.6905588916542,114.75584043757041,310.1453939911221,229.63216491544182
279.39131419650766,114.959107950431,310.7438833814151,229.22562988972064
279.1018196149883,111.00019803201462,311.32287254445384,228.66425315682193
278.7726603626308,111.18893548222319,311.98119104916884,228.2867782564048
278.4359210451963,111.51332373219765,312.6546696840378,227.63800175645588
278.1709427996659,111.89344225591086,313.18462617509863,226.87776470902946
277.9364097821169,112.36166351727668,313.65369221019665,225.9413221862978
277.6998908976635,112.81294321853184,314.1267299791034,225.0387627837875
277.34740555064514,113.36043362226064,314.8317006731401,223.9437819763299
277.06112890938783,113.92806199846362,315.4042539556548,222.80852522392394
276.7320752823206,114.60803147107742,316.06236120978923,221.44858627869633
276.39099112950385,115.25749217732543,316.7445295154228,220.1496648662003
276.1014158283434,115.86605372496928,317.32368011774355,218.93254177091262
275.9186119245275,116.46416718995188,317.6892879253754,217.73631484094741
275.5494399973088,117.08824244876432,318.4276317798129,216.48816432332254
271.1309743774639,117.79179271080068,318.879020971705,215.08106379924982
266.74529663787416,118.47719169932336,319.28137009518065,213.71026582220446
266.512099789971,119.25230266105086,319.747763790987,212.16004389874945
266.35438948121555,120.05643697825414,320.0631844084979,210.5517752643429
261.9194673896254,125.07845653457649,320.62149791869433,208.81926682468193
261.6329688361654,125.86985429579065,321.1944950256144,207.23647130225362
257.2798349746036,126.69612789076533,321.6275335647224,205.58392411230426
256.93661992235184,127.44432048744915,322.31396366922587,204.08753891893662
252.48377085030089,128.28418699579458,322.98230969749096,202.40780590224577
252.26288759636068,133.29788688518596,323.42407620537136,200.59961471530792
247.88213131988067,134.0920915727363,323.9901133457165,199.01120534020717
247.62914607204584,134.8973655710169,324.49608384138617,197.400657343646
243.3958514529541,139.79451199402607,324.80498152786447,195.7640560493328
243.18971049733827,140.63241100642244,325.21726343909614,194.08825802454004
243.0628330820847,141.62525498745586,325.4710182696033,192.1025700624732
239.05504616061916,146.49269182850782,325.40376044313734,190.45052804976635
234.94480340293134,147.32520204318666,325.570354791526,188.78550762040865
234.86757027279427,152.22775185556415,325.7248210518001,187.00857512409294
234.7734021237001,157.07917834684372,325.91315734998847,185.30604742373285
230.88711611059205,158.00375223549136,325.71152448937323,183.45689964643753
230.9744345808533,162.75232357635767,325.5368875488507,181.8995357205775
227.14103770197502,167.61584230640085,325.2929981554807,180.08318141161772
227.38538767940742,172.40747298551833,324.8042982006159,178.37603961727618
223.5635004143241,173.09661923690783,324.60830241868996,176.9977471144972
223.64090150939668,177.7656296237304,324.4535002285448,175.4730580089826
219.84857846793327,178.38451581294134,324.2531730733677,174.2352856305607
219.9837166024623,182.98095837339477,323.98289680430963,172.80323114258505
220.16127352277067,183.5374577523089,323.6277829636929,171.69023238475677
216.41643894197782,187.87211727730866,323.4094594007932,170.72890605924266
212.74795375754485,188.38350439399647,323.0581497252746,169.706131825867
213.01422211239526,192.88680796928077,322.52561301557375,168.36507092938822
213.25283840058498,193.4159438088941,322.0483804391943,167.30679925016156
209.73233179706577,197.80951908036485,321.47994462117043,166.12909773228242
210.21650171837604,198.34408425138233,320.5116047785499,165.05996739024744
210.50477445428666,202.73150751938704,319.93505930672865,163.83331595337162
210.9485836296564,203.2957596201653,319.04744095598915,162.70481175181513
211.33384671489654,203.8291448365552,318.2769147855089,161.63804131903532
207.92273101042184,204.28053302140938,317.642749607332,160.73526494932696
208.27972727331573,204.60650746533844,316.92875708154423,160.08331606146885
208.66272904555836,204.97435421602117,316.16275353705896,159.3476225601034
209.06718059857005,205.30516261126087,315.3538504310356,158.68600576962396
209.43877932120557,205.70027371961183,314.61065298576455,157.89578355292207
209.83206535318686,206.1316666727224,313.82408092180196,157.03299764670095
210.22194228849756,206.58703651629935,313.0443270511806,156.12225795954706
206.93275476067933,207.01431598480724,312.33830292356225,155.26769902253122
207.26267362983333,207.44990859560394,311.67846518525425,154.39651380093784
207.61776243465138,207.7733157391028,310.96828757561815,153.74969951394013
208.05947381714424,204.5796139887454,310.08486481063244,152.92417130250965
208.433793108686,204.89132002321116,309.33622622754893,152.30075923357813
208.80673827018555,205.22215275931632,308.5903359045498,151.6390937613678
209.0777527857182,202.12655791218597,308.04830687348453,150.68871690470286
209.31657030272527,202.38260148556,307.5706718394704,150.1766297579548
209.57579519347485,199.2770475170699,307.0522220579712,149.28645155337654
209.814110753918,195.97685476531245,306.57559093708494,148.80858345064348
209.9606820565143,196.05803362183218,306.28244833189234,148.646225737604
209.95568431327047,192.79654046499564,306.29244381838,148.11332409021858
210.08903524222737,192.88796092771372,306.0257419604662,147.93048316478243
210.2433264497958,189.60854480098527,305.7171595453293,147.44961547323783
210.41061554389884,189.78820682825852,305.38258135712323,147.09029141869132
210.5645257523429,189.97515341452657,305.07476094023514,146.7163982461552
214.05105628409564,186.69248674105833,305.1064042605202,146.27702720930114
214.0968684846021,186.7618656187537,305.01477985950726,146.13826945391042
214.09872457215485,186.89982539635275,305.0110676844018,145.86234989871232
213.92604417138844,183.5524640962454,305.3564284859346,145.56816141120785
213.7282435217926,183.56979381899876,305.7520297851263,145.53350196570108
213.5957936992186,183.65361845470557,306.0169294302743,145.36585269428747
213.22593102442977,180.2425806760669,306.75665477985194,145.19299684507754
213.10855156381353,180.30060471913453,306.9914137010844,145.07694875894228
212.9902422571259,180.37508841909204,307.22803231445965,144.9279813590272
212.8362771164106,176.98534602938386,307.5359625958903,144.70251701749999
212.6666935690692,177.18231484762705,307.8751296905731,144.3085793810136
212.43158668762672,177.2269633250262,308.34534345345804,144.21928242621536
212.23325319312963,173.95384667967767,308.7420104424522,143.75666150570453
212.01664739859945,173.92947310144382,309.1752220315126,143.80540866217225
211.86450591185366,173.9286081496099,309.47950500500417,143.8071385658401
211.66678837059365,170.53111376741455,309.8749400875242,143.58396363802478
211.43884295758758,167.00715944133543,310.3308309135363,143.6118561762484
211.37109439633437,167.07281182001452,310.46632803604274,143.48055141889026
211.11442805194173,163.66145825247855,310.979660724828,143.27644689571935
210.90800815902534,163.67897280182075,311.3925005106608,143.24141779703493
210.57181529378312,160.25157711942762,312.06488624114525,143.06011094173817
210.3548373501951,160.38048000114236,312.49884212832126,142.80230517830867
210.2993043887129,160.47884197226057,312.6099080512857,142.6055812360723
210.23741933309452,157.0174086090128,312.73367816252244,142.4857885837476
210.2259559359154,157.16549438815866,312.75660495688066,142.18961702545585
210.14816142373155,157.22427590310386,312.9121939812484,142.07205399556545
210.10041283862648,153.74013234287395,313.0076911514585,142.002643318404
210.07320658543608,153.84945062182783,313.0621036578393,141.78400676049625
209.97250000620141,150.43406585106365,313.26351681630865,141.5799535261297
209.83951493468246,150.48274306554674,313.52948695934657,141.48259909716356
209.7091330379145,150.59593187450827,313.79025075288246,141.2562214792405
209.57782100440826,147.18403808129625,314.05287481989495,141.0438757564294
209.44213548241447,147.21862709993837,314.32424586388254,140.97469771914515
209.31341644358295,147.2427930687248,314.5816839415456,140.92636578157226
209.28769304137086,147.3076887769472,314.63313074596977,140.7965743651275
209.25455788989038,143.7383376113395,314.6994010489307,140.89498312458485
209.1898672043674,143.80306672067013,314.8287824199767,140.76552490592357
209.10984322307334,143.87887689904613,314.9888303825648,140.61390454917162
209.0441120183907,144.07328005746695,315.12029279193007,140.22509823232997
208.95344517445136,144.21661396112,315.30162647980876,139.93843042502385
208.90854439931533,140.81767712370987,315.3914280300808,139.70140184176955
208.87883717615125,141.03658919912527,315.450842476409,139.26357769093872
208.7933565149813,141.2028163832668,315.6218037987489,138.9311233226557
208.6458952072906,137.76051466078042,315.91672641413027,138.79391519325068
208.5897522408638,137.89214276679286,316.0290123469839,138.53065898122583
208.38512392965166,138.0056470140256,316.43826896940817,138.30365048676032
208.11767467033388,134.71471164168543,316.9731674880437,137.86293687013116
208.02734833508612,131.37344848145744,317.15382015853925,137.52290469002716
207.95728594112552,131.60655740583746,317.29394494646044,137.05668684126715
207.98804228797653,131.81602755965648,317.23243225275843,136.63774653362913
207.8542543472793,128.62402022339973,317.5000081341529,136.01708124636025
207.61424240285206,128.87074048871528,317.98003202300737,135.52364071572913
204.03258549292232,129.0738280194381,318.14754987216855,135.11746565428348
203.91250382998606,125.86057645749561,318.38771319804107,134.55293936553923
203.80570188705758,126.1205331826458,318.60131708389804,134.03302591523885
200.13685808236278,122.90637466000268,318.9606276857287,133.4829659529662
200.02753623033638,119.81405123159993,319.1792713897815,132.69379989950926
199.8570486267003,120.11469915229517,319.52024659705364,132.09250405811878
195.98802676476416,117.02941420850686,320.30108542577346,131.30586905054298
195.5800047206259,113.84132917187512,321.11712951404996,130.72755715262912
195.2353102418405,114.06144432584577,321.8065184716208,130.2873268446878
191.32387570414198,110.69911527309709,322.6713421939853,130.05393959715266
190.93311158494276,110.91801632666113,323.45287043238375,129.61613749002458
187.1272049735186,107.58152000578258,324.0948967511305,129.31934322768006
183.2785024700964,104.2587008380635,324.81857100849953,128.99125081364286
182.74759237783817,101.16342124040023,325.880391193016,128.203525675342
178.71823048696334,97.78157210872169,326.95964199805593,127.98775096198939
178.1624412238682,94.62462880654644,328.0712205242462,127.31051050061684
174.09973064898182,91.50407339931056,329.2016733704217,126.55665301149129
173.699225233498,91.68728016542163,330.00268420138934,126.19023947926914
169.87841975856452,92.01263633854222,330.64169418968345,125.53952713302796
165.87317438309213,88.87123757698346,331.65210820341304,124.82224791893029
161.85732277545964,89.09202183800424,332.68214753272935,124.38067939688872
