208.0,108.0,215.0,195.0
207.90324783794216,108.18903550613683,214.19350432411568,193.62192898772633
208.2883414494251,108.90021580850623,213.42331710114976,192.19956838298754
205.52301411749943,106.45587486389273,212.56839620267203,190.70267470988543
205.9364975073456,103.93450771848322,211.7414294229797,189.39701772074403
206.2438376376361,104.49713733162667,211.12674916239874,188.27175849445712
203.25813209277823,101.89911240017648,210.8109949955314,187.1806431007745
200.0080900923831,102.38246335913044,211.04625661992876,186.21394118286656
196.80615387184886,102.84282064695395,211.197119294561,185.29322660721954
194.04881798486122,103.3094073979359,210.47118095595292,184.36005310525564
191.33196584729944,103.77886923027705,209.69047064586914,183.42112944057334
191.72940079338713,104.2039865923934,208.8956007536938,182.57089471634063
189.0377278255778,104.63521888388935,208.11760570136028,181.70843013334874
189.36892785817622,104.91606985712596,207.45520563616344,181.14672818687552
186.61814844087456,105.16334382741482,206.8405560699921,180.6521802462978
186.87476858857306,105.46906546911836,206.3273157745951,180.04073696289072
184.01620465620277,102.4569649654686,205.9634288855976,179.98392321645227
184.1208253881902,102.72792588495287,205.7541874216228,179.44200137748373
181.14182569852318,102.97967418976523,205.64964420423064,178.938504767859
181.22052035016884,100.22147881614423,205.4922549009393,178.402042287101
181.25114357166805,100.41708384716803,205.4310084579409,178.0108322250534
181.23243168682953,100.5986767793082,205.46843222761794,177.64764636077305
178.1768214269122,100.77420428453883,205.5503068869893,177.29659135031181
178.00644040618994,100.96449454487964,205.89106892843384,176.91601082963018
174.73210821074176,101.15867752389583,206.41559414509032,176.5276448715978
174.5928500195679,101.31810614082306,206.69411052743803,176.20878763774334
171.42718270144616,101.43541803092378,207.00025797171688,175.9741638575419
168.13285776472054,101.52958980956474,207.56276451720717,175.78582030025999
167.78070770995754,101.56057881888239,208.26706462673312,175.72384228162468
167.38693888354612,101.53425868356106,209.05460227955598,175.77648255226734
164.06818413293843,101.48155305453763,209.63744717472,175.8818938103142
163.70482659572855,101.52405563853941,210.36416224913975,175.79688864231065
160.33098881902592,101.57834366450066,211.03665559700272,175.68831259038814
159.9898088865632,101.55386418623658,211.71901546192814,175.7372715469163
156.59701023736147,104.42347076831729,212.4095202580155,176.09315088507094
156.14607440461583,104.08280431656526,213.3113919235068,176.774483788575
152.65036865302454,106.82273975626016,214.16645905031802,177.43095728555656
152.27103367417504,109.92748324126705,214.92512900801705,177.3815712985937
151.8605340258495,112.97498607518811,215.74612830466816,177.45754721257484
148.3952804122514,115.99239859246181,216.49179536446502,177.60756234542671
148.00730621354734,115.89547821788125,217.26774376187316,177.80140309458784
147.65544930091238,115.72243100865252,217.97145758714308,178.1474975130453
144.012348688321,115.61147722708559,219.0274513469314,178.36940507617916
143.56706260375054,115.61698953080288,219.9180235160723,178.35838046874457
143.40146967597457,115.7856158333054,220.2492093716243,178.02112786373954
143.10529604227497,115.93173616001162,220.84155663902345,177.7288872103271
142.8084434725833,116.10443995568164,221.43526177840678,177.38347961898705
142.4967964204661,116.19372330958987,222.0585558826412,177.2049129111706
142.09257378533675,116.29692089226432,222.86700115289992,176.9985177458217
141.67958361773213,116.44349558635282,223.69298148810913,176.7053683576447
141.19659762022695,116.51728869973681,224.65895348311952,176.55778213087672
137.19703348645442,116.45650694420559,226.35107007740692,176.67934564193916
133.25695193122675,116.34329878566031,227.89635979883082,176.90576195902972
132.7926007701075,116.52855431310041,228.82506212106932,176.5352509041495
129.2998249623439,116.69249334410637,229.44027849193108,176.2073728421376
125.89553136507536,113.77822857891579,229.87447995366148,175.66151663971203
125.69959029640685,110.84176731909615,230.26636209099848,175.16232784225045
122.39073195935622,108.01376794652636,230.51413514072138,174.44838296301165
119.10686440622584,105.16563275807839,230.7198058740252,173.78258896695067
115.81448928112395,102.36610725048422,230.95023564565312,173.02731950356315
115.645811473772,99.55832013134543,231.28759126035703,172.297412114341
112.27210625010525,96.71986225043324,231.6963281691422,171.63565433761704
108.69054190490529,93.7934439418212,232.52540229307928,171.1544363883783
104.91037182194903,90.53901460183135,233.74697270004933,171.3245253094155
101.15453418763232,87.31093469614518,234.89853335887784,171.42057051098294
100.75014656286973,84.19635636039825,235.70730860840303,171.27055258914373
97.18923360344328,81.14001538421533,236.44014911227316,170.99424912652682
96.83470022252172,78.10245204752346,237.1492158741163,170.67381349745392
96.56504096187874,78.33137756499467,237.68853439540226,170.2159624625115
93.09519388011518,75.32772346262308,238.22654350954315,169.82158561786844
89.64015780419898,72.27384184673573,238.73327422093124,169.52600740919883
89.43741007672247,69.15540152835868,239.13876967588425,169.35674388458352
89.17664594910707,69.20415052557784,239.66029793111505,169.2592458901452
85.7262121984171,66.11748738371246,240.1453911874438,169.0167979288248
85.45103681513274,66.13458429162715,240.69574195401253,168.9826041129954
85.21526473440736,63.02246723731179,241.1672861154633,168.77996925398344
85.00560822700598,59.860251203497995,241.58659913026605,168.67374956750393
84.76237893419939,59.92452965033527,242.07305771587923,168.54519267382938
81.24712409787956,56.7065402315001,242.66310842645262,168.54071254943347
80.98333590162798,53.454240866663284,243.1906848189558,168.59601553577366
80.47653966184363,53.523107276501904,244.2042772985245,168.45828271609642
80.1148799845528,50.31616901165239,244.92759665310615,168.400963233293
80.01067828053444,50.3763509357768,245.13600006114288,168.28059938504418
79.8519975551974,47.14937539462659,245.45336151181695,168.25223915241025
79.62593990805154,47.22507560500654,245.90547680610868,168.10083873165036
79.41945473218014,47.21267536740072,246.31844715785147,168.125639206862
79.13618462951108,43.88879994731816,246.8849873631896,168.27581690986332
78.82845479912368,43.733002059844296,247.5004470239644,168.58741268481106
78.49273984450684,40.35037590329051,248.17187693319806,168.82962789224496
78.17011215220683,40.217296551369856,248.8171323177981,169.09578659608627
77.78450139990431,40.07594514052076,249.58835382240312,169.37848941778446
77.43087452869912,36.62450947139013,250.2956075648135,169.71375547074524
77.09693937801693,36.48179520755505,250.9634778661779,169.9991839984154
76.79013465615957,36.31496379797204,251.57708730989262,170.3328468175814
76.49269155059213,36.104928958954105,252.1719735210275,170.75291649561728
76.16828469471741,35.879968652433206,252.82078723277692,171.20283710865908
75.9112515068485,35.64818183632869,253.33485360851475,171.66641074086812
75.80807458329092,35.41171595628782,253.54120745562992,172.13934250094985
75.77147232005609,35.29136096628841,253.61441198209957,172.38005248094868
75.70311075512735,35.11970198005854,253.75113511195704,172.72337045340842
78.9879932277137,34.953121102397944,253.86713066573083,173.0565322087296
78.85587542091353,34.728745297671566,254.13136627933116,173.50528381818236
78.79582288385325,34.51327939475351,254.25147135345173,173.93621562401847
78.7861996206848,37.70962092718281,254.27071787978863,174.25692522380598
78.82422009836647,37.51521312424437,254.1946769244253,174.64574082968286
78.78172457212516,37.278259116710046,254.27966797690792,175.1196488447515
78.69328805322368,37.06109105444186,254.45654101471087,175.55398496928788
78.4332945519344,36.7633705954259,254.97652801728944,176.1494258873198
78.02925059451313,36.43058057716955,255.78461593213197,176.8150059238325
77.69142875357514,36.11760858124822,256.46025961400795,177.44094991567516
77.38480359955776,35.784081114752595,257.0735099220427,178.1080048486664
77.11979311681043,35.420008602411045,257.6035308875374,178.8361498733495
76.88014100693019,35.140548915515,258.08283510729785,179.3950692471416
76.6357243913854,34.80194845353215,258.57166833838744,180.0722701711073
76.37715194104373,34.50399165299689,259.08881323907076,180.66818377217783
76.16925413471975,34.159141937675244,259.50460885171873,181.3578832028211
76.06621085038333,33.850821481896745,259.7106954203916,181.9745241143781
75.92629528346004,33.51867304935736,259.99052655423816,182.63882097945688
75.83094707720352,33.20598697841952,260.1812229667512,183.26419312133257
75.68830996929563,32.92713467894026,260.46649718256697,183.82189772029108
75.56070897185128,32.66654938287924,260.72169917745566,184.34306831241312
75.46902133542542,35.83852525229793,260.9050744503074,184.98216067631608
75.32861576086802,35.58400061104501,261.1858855994222,185.4912099588219
71.70543079709805,38.83743149715754,261.42326673274357,185.99333698081543
71.60699110498592,38.522239663216084,261.6201461169678,186.62372064869834
71.49199464608859,41.70225730648046,261.8501390347625,187.29790017960173
71.34677006360124,41.37474576668217,262.1405881997372,187.95292325919831
71.22301903553654,44.56926974723359,262.3880902558666,188.62784992493982
71.100467162271,44.26947180070741,262.63319400239766,189.2274458179922
67.43593768204047,43.93489205139494,262.8698504824782,189.89660531661713
67.31369059299035,43.62049327591207,263.11434466057847,190.52540286758287
67.19395813868624,43.30152577403504,263.3538095691867,191.16333787133692
67.12348241733412,43.04802726700984,263.49476101189094,191.67033488538732
63.548802711103434,42.762472059819885,263.49851160959633,192.24144529976724
63.505191188426494,42.51310831376448,263.5857346549502,192.74017279187805
63.453206033128964,42.23724653370894,263.6897049655453,193.29189635198912
63.470012162372285,41.96086597809219,263.65609270705863,193.84465746322263
63.472481141126224,41.70938564836635,263.65115474955076,194.3476181226743
63.496533389077655,41.456485278205946,263.6030502536479,194.8534188629951
63.50957212579303,41.1910227773313,263.57697278021715,195.3843438647444
63.53822234365438,40.94118460888639,263.51967234449444,195.88402020163423
63.58139069103646,40.69941545477279,263.4333356497303,196.36755850986142
63.728206144526155,40.39293649502892,263.1397047427509,196.98051642934917
63.91171589707437,40.02561739089285,262.77268523765446,197.7151546376213
64.09301397722433,39.605053961068194,262.41008907735454,198.55628149727062
64.29353847228867,39.20156697997544,262.00904008722586,199.36325545945613
64.44087965752149,38.88853210270712,261.7143577167602,199.98932521399277
64.61104496658291,38.67203261563668,261.3740270986374,200.42232418813364
64.79241426968943,42.11309191345663,261.01128849242434,200.79673535983653
65.07279837319555,41.92395232407374,260.4505202854121,201.1750145386023
68.9989068472222,41.77714415010874,259.8529983886157,201.4686308865323
69.30975974210716,41.62372797498193,259.23129259884576,201.77546323678592
73.30347279025187,41.45437512804597,258.4897056598745,202.11416893065785
73.69819747596284,41.30195293406402,257.7002562884526,202.41901331862175
74.04909546325675,41.181430903570785,256.99846031386477,202.66005737960822
74.42746571184193,41.060746139697144,256.2417198166944,202.9014269073555
74.81832456268103,40.901534402774146,255.4600021150162,203.2198503812015
75.24941065907527,40.68137963179278,254.59782992222773,203.66015992316423
75.67194371638793,40.4140647014942,253.7527638076024,204.1947897837614
75.9312560863657,40.18416378391065,253.23413906764685,204.6545916189285
79.84574634118948,39.93554878539946,252.605851833813,205.15182161595087
80.20636421451769,39.683638562471046,251.8846160871566,205.6556420618077
80.59048329045548,39.43117028942595,251.116377935281,206.1605786078979
80.86831885892627,39.154295604367036,250.56070679833942,206.71432797801572
81.08885268768825,38.85418659316642,250.11963914081548,207.31454600041695
81.26120651754714,42.0412587174815,249.7749314810977,208.1362004436346
81.51685359039779,41.79068482257894,249.2636373353964,208.63734823343972
