175.0,109.0,242.0,318.0
174.7290287028541,108.5534513296179,241.5419425942918,317.8930973407642
174.90304945455014,108.62746246425056,241.19390109089971,317.7450750714989
174.97513487360231,108.72934380105141,241.04973025279537,317.5413123978972
175.0166809215159,108.82565683523458,240.9666381569682,317.34868632953084
179.37847655959538,108.8963728019591,241.0148198374273,317.2072543960818
179.38565926309747,109.00687887316764,241.00045443042316,316.9862422536647
179.37540892279716,109.07197689159224,241.02095511102374,316.8560462168155
183.71649901793785,109.18385466693533,241.10392339218325,316.63229066612934
183.65625968784823,109.37399345182848,241.22440205236245,316.25201309634303
183.6286427224528,109.60828687424231,241.27963598315333,315.7834262515154
183.53403088132393,109.8076539216178,241.4688596654111,315.3846921567644
183.36125567211056,109.9899495217509,241.8144100838378,315.0201009564982
187.61263123976676,110.0960622467137,242.06174062911273,314.8078755065726
187.45506543813516,110.22488692277122,242.3768722323759,314.55022615445756
187.19958158862008,110.29779290846292,242.88783993140606,314.40441418307415
186.98842854984815,110.34580822226746,243.3101460089499,314.30838355546507
186.7705864607968,110.37851797241012,243.7458301870526,314.24296405517975
190.969650955991,110.41589695393264,244.11737587737952,314.1682060921347
190.78798110567058,110.49628340580878,244.48071557802035,314.00743318838244
190.62693403323044,110.54774360937634,244.8028097229006,313.9045127812473
194.83632507527952,110.60862265072893,245.16572802849686,313.78275469854213
194.58803907080997,110.61275083254586,245.66230003743595,313.7744983349083
194.43998684757872,110.59441679739678,245.95840448389845,313.81116640520645
198.67538127924155,110.6137859288051,246.28667899077118,313.7724281423898
198.38701792007748,110.57349228732812,246.86340570909928,313.85301542534376
198.12887953807754,110.60387738325284,247.3796824730992,313.7922452334943
197.86501183333326,110.6016989586274,247.9074178825878,313.7966020827452
197.66348690463235,115.11499389876664,248.31046773998958,313.60051721690326
197.3717542194945,115.13854657596241,248.89393311026524,313.5534118625117
197.07293033805445,115.15663962685852,249.49158087314535,313.5172257607195
201.25726262062835,115.12738943885873,249.97485239052037,313.5757261367191
201.0041553293534,115.04843959684263,250.48106697307026,313.7336258207513
200.70169300482763,114.8870440064897,251.0859916221218,314.05641700145713
200.37700630337497,114.74018917666208,251.7353650250271,314.35012666111237
204.56347970340323,114.55043185057534,252.2635064250784,314.72964131328587
204.32154300132711,114.37608908850939,252.74737982923062,315.07832683741776
204.07136364155198,114.168788957196,253.2477385487809,315.49292710004454
203.78689575924767,113.9992728897301,253.81667431338954,315.83195923497635
203.46254823906474,113.84946903644897,254.46536935375534,316.1315669415386
203.09968617944196,113.70257551829371,255.19109347300093,316.4253539778491
207.27469508499723,113.50511549021601,255.82998740221043,316.8202740340045
206.97311945585741,113.29926243370761,256.4331386604901,317.2319801470213
206.70970710318693,113.10832610687703,256.9599633658311,317.6138528006825
206.47004034913735,112.98095621812735,257.43929687393023,317.86859257818185
206.1749588032521,112.88922214368012,258.0294599657007,318.0520607270763
205.82377357321514,112.8103932528931,258.73183042577466,318.2097185086503
205.50498544894214,112.74293560238556,259.36940667432066,318.3446338096654
205.18308484490694,112.65839336716374,260.01320788239104,318.51371828010906
204.8732922074836,112.44565474643784,260.63279315723776,318.93919552156086
209.12325513650282,112.13111767653001,261.248431124638,319.5682696613765
208.80155160564564,111.84783753560362,261.89183818635235,320.1348299432293
208.46306938663795,111.61582379608527,262.5688026243677,320.598857422266
208.12507895383916,111.31521837981379,263.2447834899653,321.20006825480897
207.8217814321512,111.0172100292695,263.85137853334123,321.7960849558975
207.48936083685695,110.75250134393312,264.51621972392974,322.3255023265703
207.15076494148343,110.57240021081913,265.19341151467677,322.6857045927983
206.8353727909814,110.31897342552614,265.8241958156808,323.19255816338426
206.60760543295538,110.27144974066712,266.27973053173287,323.2876055331023
206.37826557249483,110.29776807241541,266.738410252654,323.2349688696057
206.16676093982022,110.28408739271083,267.1614195180032,323.2623302290149
205.9721555223802,110.37575412058638,267.5506303528832,323.0789967732638
205.80361079988194,110.40695443508264,267.88771979787975,323.01659614427126
205.6255412790738,110.36818840159549,268.24385883949606,323.09412821124556
205.44818776183018,110.32859849151069,268.59856587398326,323.17330803141516
205.25114104631552,110.2884686929068,268.9926593050126,323.25356762862293
205.08907518951628,110.21569278639129,269.31679101861107,323.39911944165397
204.9051554214836,110.2144088278211,269.6846305546764,323.40168735879433
204.7462911606107,110.21640131622581,270.00235907642224,323.3977023819849
204.6044126583325,110.22534764802475,270.2861160809786,323.37980971838704
204.5124057365491,110.27180330531428,270.4701299245454,323.286898403808
204.40707658767957,105.66164960528752,270.6807882222845,323.1659544964144
204.31622435612593,105.59899747183658,270.86249268539177,323.29125876331625
204.2303735269761,105.5345118235251,271.0341943436914,323.42023005993923
204.1773382607197,105.55483219618651,271.14026487620424,323.3795893146164
204.2791096044607,105.51622428461081,270.93672218872223,323.4568051377678
204.41176062715442,105.5780007865479,270.6714201433348,323.3332521338936
204.5186125836165,105.6527829161447,270.45771623041065,323.1836878747
204.68049863440453,105.76525405695142,270.13394412883457,322.9587455930866
204.8712220924091,105.91800582489458,269.7524972128254,322.65324205720026
205.07603630115295,106.13684185998108,269.3428687953377,322.21556998702727
205.26057891241396,106.44857883168257,268.9737835728157,321.5920960436243
205.46326548203342,106.9486819419408,268.5684104335768,320.5918898231078
205.7310776612171,107.53128426752559,268.0327860752094,319.42668517193823
206.0365890631753,108.31342094212039,267.421763271293,317.86241182274864
206.41315438076427,109.10350661108424,266.6686326361151,316.28224048482093
206.8222788035083,109.88780646155524,265.850383790627,314.71364078387893
207.24940880698074,110.68641973920637,264.99612378368215,313.1164142285767
207.75620123753262,111.40297998078228,263.9825389225784,311.68329374542486
208.226260643622,112.03582092442898,263.04242011039963,310.41761185813147
208.75902819793242,112.68585880158582,261.9768850017788,309.11753610381777
209.226955298104,113.32796598490069,261.0410308014356,307.83332173718804
209.66056000156993,113.96033757449814,260.17382139450376,306.56857855799313
210.06237022472584,114.57514144695298,259.37020094819195,305.33897081308345
210.44959758505422,115.15309648565017,258.5957462275352,304.1830607356891
210.8542975498746,115.66256580785412,257.78634629789445,303.1641220912812
211.28125419124837,116.11645400294611,256.9324330151469,302.2563457010972
211.72786118848907,116.56063996813043,256.0392190206655,301.36797377072855
212.22780506868338,112.69562259896972,255.0393312602769,300.3272017167189
212.75747590289402,113.23372208309627,253.9799895918556,299.2510027484658
213.18948239088576,113.67092685723836,253.1159766158721,298.3765932001816
213.5611168417851,113.99912365625013,252.37270771407344,297.72019960215806
213.91853159342963,109.96944956759381,251.65787821078436,297.1240292738423
214.24627736552787,110.31176407194855,251.0023866665879,296.43940026513286
214.56471605788403,110.59340198797489,250.36550928187557,295.8761244330802
214.86120935701496,110.89202729856186,249.77252268361374,295.27887381190624
215.09811542195547,106.82950888803663,249.29871055373272,294.82790632349423
215.41519063133634,107.22227984685,248.66456013497094,294.0423644058675
215.6925728154286,107.5398253176451,248.10979576678645,293.4072734642773
215.89808343347195,107.80397457832461,247.69877453069972,292.87897494291826
216.07773635856353,107.9661593359809,247.33946868051657,292.5546054276057
216.2440903986336,108.09871256372358,247.0067606003764,292.2894989721203
216.38620316480421,108.21090414530161,246.72253506803517,292.06511580896426
216.4404007435636,108.27566359895405,246.61413991051643,291.9355969016594
216.42370096573845,108.27673308649062,246.64753946616673,291.93345792658624
220.58824269698658,108.1980824080139,246.79254750858252,292.0907592835397
220.4330065102415,108.08545833989675,247.1030198820727,292.316007419774
220.3632260400769,107.92033443094101,247.24258082240186,292.64625523768547
220.28535439464096,107.72738197323301,247.39832411327376,293.0321601531015
224.36585702647062,107.5655678796868,247.7404464952118,293.3557883401939
224.1506071876948,107.41537921902929,248.17094617276345,293.6561656615089
223.94589402572578,107.28520159350077,248.5803724967015,293.91652091256594
223.74523733698237,107.16362489516692,248.98168587418832,294.15967430923365
223.60018548967383,107.05226403722429,249.27178956880542,294.3823960251189
223.45613848832159,106.92637607965676,249.5598835715099,294.63417194025396
223.3559022754555,106.7785107865204,249.76035599724204,294.9299025265267
223.13504702985531,106.61001884058638,250.20206648844243,295.26688641839473
222.91955521661936,106.43410761841679,250.63305011491437,295.6187088627339
222.7446257366406,101.99708084096349,250.98290907487188,295.89766836109345
222.64723939993993,101.7840527714269,251.1776817482732,296.32372450016663
222.44519822287168,101.5983659885608,251.5817641024097,296.69509806589883
217.86360221812177,97.17274791745695,252.11798503212248,296.91936312831945
217.64833519638327,97.01261915759457,252.54851907559947,297.2396206480442
217.48168636024155,96.88097223034134,252.88181674788288,297.50291450255065
212.922767691237,96.75536264413549,253.33930208551755,297.75413367496236
212.79387388295584,96.63414703938025,253.5970897020799,297.99656488447283
212.71086261715004,96.58874278184064,253.76311223369143,298.08737339955206
208.24168816252612,92.27838786281865,254.0179132029263,298.02453529758304
208.2763120962989,92.34603665844614,253.94866533538075,297.88923770632806
208.28462792704653,92.39404466313889,253.9320336738855,297.79322169694257
208.329488223219,92.46079495688127,253.84231308154057,297.6597211094578
208.33128586266923,92.5564032684187,253.83871780264008,297.4685044863829
208.32176188558785,92.6051499128925,253.85776575680285,297.37101119743534
208.30075937030568,92.64581856747057,253.89977078736715,297.2896738882792
203.85968318022594,92.69468504593908,254.1085008072192,297.1919409313422
203.86793593343475,92.63061379218425,254.09199530080159,297.32008343885184
203.81503750800607,92.53424438131324,254.197792151659,297.51282226059385
203.77872983721673,92.47747598786478,254.27040749323766,297.6263590474908
203.76811960700275,88.04320354373854,254.29162795366562,297.8103235082047
203.76365526274932,87.91076029633157,254.30055664217247,298.07521000301864
203.6620842301214,87.80713093835419,254.50369870742833,298.2824687189734
199.12238529514056,87.68179434533565,254.88463033593706,298.5331419050105
199.00120386773915,87.44177527902087,255.1269931907399,299.01318003764004
198.8940516144557,87.18042066273804,255.3412976973068,299.5358892702057
198.7697398492387,86.93623200297603,255.5899212277408,300.02426658972973
198.70182807184088,86.74432689136876,255.72574478253642,300.4080768129443
198.684237724742,86.54612534199941,255.76092547673417,300.80447991168296
198.6844224785398,86.38467949156018,255.76055596913858,301.12737161256143
198.6210556030503,86.18073186641172,255.88728972011754,301.53526686285835
198.4417602559944,86.03207169842707,256.24588041422936,301.83258719882764
198.312980695004,85.90904032086428,256.5034395362102,302.07864995395323
198.23460433106757,85.79743135790534,256.66019226408304,302.3018678798711
198.19636366222787,85.72904661625421,256.73667360176245,302.43863736317337
198.20284898473906,85.7153366046507,256.72370295674006,302.4660573863804
198.22158584356458,85.71289266805846,256.686229239089,302.47094525956487
202.64831771907512,90.10521108899434,256.631007407972,302.4845503375972
202.6948503967184,90.05199922985366,256.5379420526854,302.5909740558786
202.79998246239427,94.50375956394447,256.3276779213337,302.4851630923874
202.8226513694845,94.5253249172008,256.28234010715323,302.4420323858747
207.19717633199033,94.53310579625958,256.32458902609,302.42647062775717
207.23738060764592,98.97012534990819,256.24418047477883,302.3441698005649
207.29654871604612,98.90519227795957,256.12584425797843,302.4740359444621
211.72011943404107,103.27766260414654,256.0679779791807,302.5183704492803
211.69452471007313,103.21079622014958,256.11916742711657,302.65210321727426
211.62424965766562,103.13504270728251,256.2597175319316,302.8036102430084
211.6345311931335,103.0879005161556,256.2391544609958,302.8978946252622
211.69453651810613,103.05253784713108,256.11914381105055,302.96861996331126
211.60460192744114,107.35798060189046,256.29901299238054,303.1545347960173
211.40157089348952,107.22549582726438,256.7050750602838,303.41950434526944
206.7073803865993,106.9771466145522,257.2802691579045,303.9162027706938
202.03689058144292,106.8179193078555,257.7911412621435,304.2346573840872
201.96908413197323,106.59180785518674,257.9267541610829,304.6868802894247
197.3692899263284,106.31703473648705,258.2739389235526,305.2364265268241
197.30446634699928,105.99065872414297,258.40358608221084,305.88917855151226
197.24904482340386,105.7193789883139,258.51442912940166,306.4317380231704
197.19925579516354,105.52181682779627,258.6140071858823,306.82686234420567
197.1554658544194,105.34331253146945,258.7015870673706,307.1838709368593
197.1665706571366,105.16605364532515,258.6793774619362,307.5383887091479
197.18751446784262,105.03560867597025,258.63748984052415,307.7992786478577
197.19119685126083,104.9124932536786,258.63012507368774,308.045509492441
197.2444678785473,104.83343093522768,258.52358301911477,308.20363412934284
197.30627432734616,104.8157503280159,258.3999701215171,308.2389953437664
197.37686356538094,104.7500922671133,258.2587916454475,308.3703114655716
197.44992733234983,104.58762051072028,258.11266411150973,308.69525497835764
197.59640225140225,104.52982979651898,257.8197142734049,308.81083640676025
197.74668416010624,104.57773553657742,257.5191504559969,308.71502492664337
197.87767133933482,104.64543078923325,257.25717609753974,308.5796344213317
198.01503034709773,104.72555046650453,256.9824580820139,308.41939506678915
198.14698967333237,104.83971059146575,256.71853942954465,308.1910748168667
198.27116042088198,104.89624212924898,256.4701979344454,308.07801174130026
198.3263672575109,104.96623108575591,256.3597842611876,307.9380338282864
202.81966060707813,104.99058789432769,256.2504922429509,307.88932021114283
202.95390770996954,105.00543683797571,255.98199803716807,307.8596223238468
203.04442929625304,104.93925352624314,255.80095486460104,307.99198894731194
203.0665931819456,104.85135047877506,255.75662709321597,308.1677950422481
203.053499027827,104.71980223722852,255.78281540145318,308.43089152534117
203.01676376268037,104.65456939978404,255.8562859317464,308.56135720023013
207.44306359083157,108.99490629354207,255.88245966830758,308.7594568055776
207.41793038378492,108.83847816546009,255.93272608240085,309.07231306174157
207.31350127175136,108.66140357819333,256.14158430646796,309.4264622362751
207.18059982353319,108.4545241883319,256.4073872029043,309.84022101599794
207.1246797246658,108.24584712038671,256.51922740063907,310.2575751518883
206.999585320179,108.0077706335882,256.7694162096127,310.73372812548536
211.29759237786976,107.67600397645799,257.10035237633895,311.39726143974576
211.17032806046151,107.38763787015876,257.35488101115544,311.97399365234423
215.45045600241127,107.13753407575228,257.75011340009826,312.4742012411572
215.34415458573807,106.83432009172031,257.96271623344467,313.0806292092211
215.27890564332418,106.6993651321873,258.09321411827244,313.35053912828715
219.6916713453662,106.56327192281671,258.2562725581186,313.6227255470283
219.6469303687087,106.36506463579852,258.3457545114336,314.0191401210647
224.07423137698981,106.17410024870298,258.494106538374,314.4010688952558
224.09101508098826,105.96654057273213,258.46053913037713,314.8161882471975
224.03375009581626,105.7691448125891,258.5750691007211,315.21097976748354
223.93840464388305,105.61175741944228,258.76576000458755,315.5257545537772
228.397474355221,105.35378300551682,258.88053165255644,316.0417033816281
228.29872134536362,105.11747737393907,259.0780376722712,316.5143146447836
228.2148315076768,104.90197744126309,259.24581734764485,316.9453145101356
228.18858235850868,104.71123631826481,259.29831564598106,317.3267967561321
232.67931764921437,104.45834814214106,259.3860527828493,317.8325731083796
232.6191036211792,104.24402363674938,259.50648083891963,318.261222119163
237.19661873303497,104.01675098460021,259.43838532039587,318.71576742346133
237.18556653471998,103.86836559424242,259.46048971702584,319.0125382041769
237.19493563151067,103.77508281739267,259.44175152344445,319.1991037578764
237.20414607423717,103.64651621176361,259.42333063799146,319.4562369691345
241.79085779383382,103.51308483892839,259.35385723239574,319.72309971480496
241.75774333084007,103.41333684322825,259.42008615838324,319.92259570620524
241.72411906495992,103.3224916079586,259.48733469014354,320.10428617674455
241.71837790265215,103.20124180939362,259.4988170147591,320.3467857738745
246.30850314176712,103.086625334476,259.4374152445764,320.57601872370975
246.28705708212976,102.91887541120514,259.4803073638511,320.9115185702515
246.24707596772004,102.78025922303846,259.5602695926706,321.18875094658483
250.8824755940526,102.6653967148373,259.4222412151206,321.41847596298715
250.79328490715852,102.54595577723063,259.6006225889088,321.6573578382005
255.36927388336028,102.43130431686967,259.5892622849218,321.8866607589224
255.3488889153007,102.33396716939879,259.63003222104095,322.08133505386417
255.25875416875675,102.27905189635291,259.81030171412885,322.1911655999559
259.8622400725068,106.79796784430255,259.7555360900402,322.30553988746806
259.77946399313953,106.74604294833367,259.92108824877465,322.4093896794058
264.39622160619746,106.67430875271526,259.84492251252186,322.5528580706426
264.398001654342,106.58886015389942,259.8413624162327,322.7237552682743
264.3538877313538,106.55489798075223,259.9295902622093,322.7916796145687
264.2925652077914,106.54596446657666,260.052235309334,322.8095466429198
264.2576079757738,106.53620696209595,260.1221497733692,322.82906165188126
268.8271736896139,106.48272180821223,260.1500646990014,322.9360319596487
268.80109054894547,106.33489039517414,260.20223098033824,323.23169478572487
268.7340372579562,106.2170932726566,260.3363375623168,323.46728903075996
268.6693376311488,106.06622361917795,260.4657368159317,323.76902833771726
268.5966735349534,105.90893958920998,260.61106500832244,324.0835963976532
268.4986606048893,105.7427580362019,260.80709086845053,324.41595950366934
268.4226582015534,105.57801330747151,260.9590956751224,324.74544896113014
273.0441048246483,105.43791365157378,260.9262113373725,325.0256482729256
272.98029929888855,105.33996713016876,261.053822388892,325.22154131573564
272.94645524564066,105.213858822416,261.1215104953877,325.47375793124115
272.92002727010964,105.1296314310546,261.17436644644977,325.64221271396394
272.9117072603925,105.03838804084867,261.1910064658841,325.8246994943758
272.9464933540503,104.94615964397141,261.1214342785685,326.0091562881303
272.9918557144801,104.8594281093923,261.03070955770886,326.18261935728856
273.0831414360936,104.78793415637122,260.8481381144818,326.3256072633307
273.21267586948943,104.72818402776988,260.58906924769025,326.4451075205334
277.92082337392907,104.686071826295,260.40285214804885,326.52933192348314
277.94638878967726,104.62380832559433,260.35172131655247,326.6538589248845
277.9397094890961,104.52077808396666,260.36507991771475,326.85991940813983
277.9125779536391,104.44090051998487,260.41934298862884,327.0196745361034
277.89567274483124,104.38659956280176,260.4531534062445,327.1282764504696
277.871826028794,104.35730232475049,260.50084683831903,327.18687092657217
277.8519033474462,104.35137499118716,260.5406922010147,327.19872559369884
277.8702382246522,104.36647802020582,260.50402244660256,327.1685195356615
277.84521490014276,104.30523085904409,260.5540690956214,327.291013857985
277.79833802970575,104.20813895233073,260.64782283649544,327.4851976714117
