174.0,145.0,266.0,240.0
173.4996642981675,144.97765463410556,266.000671403665,239.04469073178888
173.4665557018655,145.3834870860203,266.066888596269,238.23302582795944
173.4060566899322,145.7028935477275,266.1878866201356,237.594212904545
173.40219597263658,145.93649594522816,266.19560805472685,237.12700810954365
173.3563120392263,146.1362947320079,266.2873759215474,236.72741053598418
173.34641737325768,146.32242294867947,266.30716525348464,236.35515410264105
173.4212549741177,146.4687772508598,266.1574900517646,236.0624454982804
173.41110646198712,146.5847480141681,266.17778707602577,235.83050397166377
173.44257226804575,146.69471320670442,266.1148554639085,235.61057358659116
173.4792685953502,146.78265013747006,266.0414628092996,235.43469972505991
173.45917575676503,146.8586472491541,266.08164848646993,235.2827055016918
173.42850639891122,146.9245133795128,266.14298720217755,235.1509732409744
173.3900295338199,146.92525024400334,266.2199409323602,235.14949951199335
173.32152444870957,146.88471466745676,266.35695110258087,235.23057066508647
173.26854454537778,146.85228196326887,266.46291090924444,235.29543607346227
173.17803996987226,146.83711431213445,266.6439200602555,235.3257713757311
173.07298435260327,142.90401687755053,266.85403129479346,235.29077903940458
173.0067199945757,142.9580639311352,266.9865600108486,235.18268493223525
172.93358803431582,143.03184034618383,267.13282393136836,235.035132102138
172.87398397995486,143.10474544262024,267.2520320400903,234.88932190926513
172.81776661262742,143.15157921962344,267.36446677474515,234.7956543552588
172.76695038347765,143.16928032535984,267.4660992330447,234.76025214378598
172.71919166859146,143.18678640873287,267.5616166628171,234.7252399770399
172.67284935401491,143.19255125595478,267.65430129197017,234.71371028259608
172.64167441315794,143.18373081056106,267.7166511736841,234.73135117338353
172.58978060627746,143.1585634499476,267.8204387874451,234.78168589461046
172.57708961697102,143.11114137930582,267.84582076605795,234.87653003589404
172.55592041521487,143.03668472223836,267.88815916957026,235.02544335002892
172.5339561467249,142.92110972338511,267.9320877065502,235.25659334773542
172.5048670568492,142.82849289890254,267.9902658863016,235.44182699670054
172.47096533369645,142.73153118742206,268.0580693326071,235.63575041966152
172.42319657803395,142.65001026664453,268.1536068439321,235.79879226121662
172.35516080329296,142.53578624604592,268.2896783934141,236.0272403024138
172.3002182862902,142.44991810483327,268.3995634274196,236.19897658483907
172.2500823807589,142.34505819598684,268.4998352384822,236.40869640253194
172.16794893803225,142.23124640739564,268.6641021239355,236.63631997971433
172.09929383600937,142.11271352733598,268.80141232798127,236.87338573983368
168.04486369375533,142.01589003492958,268.9508592973462,237.06703272464648
167.96171053735318,141.94250768466628,269.1171656101505,237.21379742517308
167.82705723456056,141.86456343069094,269.38647221573575,237.36968593312378
167.7062948171856,141.74967439306457,269.62799705048565,237.59946400837651
167.59960802426363,141.63835153886282,269.8413706363296,237.82210971678003
167.4837168514194,141.46541585076722,270.0731529820181,238.16798109297122
167.36184373296467,141.27788006613048,270.3168992189275,238.54305266224466
167.22765049176348,141.06599267306686,270.5852857013299,238.96682744837193
167.07349342369298,140.89403863893986,270.8935998374709,239.31073551662593
166.91161104010277,136.71018162908,271.2173646046513,239.64758504852685
166.76384432719507,136.62376549182457,271.5128980304667,239.8204173230377
166.64813505215005,136.48703940053076,271.74431658055676,240.09386950562532
166.56114025188373,136.3335280837781,271.9183061810894,240.40089213913066
166.45519106227184,136.20370751240986,272.1302045603132,240.66053328186712
166.3334850562436,132.02070556791188,272.37361657236966,240.95489509924488
166.16786222782522,132.00870337267628,272.7048622292064,240.97889948971604
165.99330475756278,131.96522147734248,273.0539771697313,241.0658632803837
165.84820291754085,131.90015956946345,273.34418084977517,241.19598709614172
165.70472820327305,131.77335724451564,273.63113027831076,241.44959174603738
165.59668631411466,131.66262672319394,273.84721405662754,241.67105278868075
165.47759108517087,131.51050104558485,274.0854045145151,241.97530414389894
165.38950826640547,131.43009697580578,274.2615701520459,242.1361122834571
165.32901247386297,131.3103895899747,274.3825617371309,242.37552705511922
165.27167150484496,131.16796714615856,274.49724367516694,242.66037194275154
169.23658480928546,131.1475354739129,274.7077724653447,242.7012352872428
169.1660265694666,131.13818996177304,274.84888894498243,242.71992631152258
169.13616359086652,131.08169179204458,274.9086149021826,242.83292265097947
169.1433935909089,131.01981769659182,274.89415490209785,242.95667084188503
169.20238801399145,130.93475563910494,274.7761660559327,243.12679495685876
169.2933913640772,130.82366740574284,274.59415935576124,243.34897142358295
169.36297746813068,130.65057742813482,274.45498714765426,243.69515137879898
173.4875346951586,130.48758485727194,274.36212201823645,244.02113652052472
173.4948722446045,130.32731678872085,274.34744691934463,244.34167265762696
173.57182245413568,130.27807886815356,274.19354650028225,244.44014849876152
173.62677922588185,130.17481399942807,274.0836329567899,244.64667823621247
173.6623604800266,130.03650753179485,274.01247044850044,244.92329117147892
173.68136466135314,129.869517292793,273.97446208584734,245.25727164948262
173.696202654385,129.68713941692613,273.94478609978364,245.62202740121637
173.734530682805,129.52996851500285,273.8681300429436,245.9363692050629
173.75072550536814,129.40131582927336,273.83574039781735,246.19367457652194
173.84187053998366,129.28420282702587,273.6534503285863,246.42790058101693
173.8965820749819,129.18844491536106,273.54402725858984,246.61941640434648
173.9465695682856,129.07154074417178,273.4440522719824,246.85322474672506
173.96379919899766,128.91820544862674,273.4095930105583,247.1598953378152
173.9855812584981,128.72930816899742,273.36602889155745,247.53768989707376
174.05412631347485,128.61014668609306,273.2289387816039,247.7760128628825
174.0842574612213,128.5088588578838,273.168676486111,247.978588519301
174.08611866273336,128.40629694828294,273.1649540830869,248.18371233850272
174.15045195854344,128.25081030007988,273.03628749146674,248.49468563490888
174.25958408006397,128.11530130959642,272.8180232484257,248.76570361587582
174.36158527414912,127.95606992684509,272.6140208602554,249.08416638137845
174.39857186024278,127.78581115183962,272.54004768806806,249.42468393138938
174.37665754518994,127.62080933132691,272.58387631817374,249.7546875724148
174.3150634538078,127.48835804991813,272.70706450093803,250.01959013523236
174.2710907360241,127.36758092124582,272.79500993650544,250.261144392577
174.24514388479713,127.27007770535121,272.84690363895936,250.4561508243662
174.2321023484406,127.19046984304136,272.8729867116724,250.61536654898592
174.31299710429488,127.15184416877037,272.71119719996386,250.6926178975279
174.42062810170495,127.12502923000827,272.4959352051437,250.7462477750521
174.49401064687382,127.14583388507941,272.349170114806,250.7046384649098
174.59972800974833,127.17250568292042,272.13773538905696,250.6512948692278
174.65613245976127,127.1542487934185,272.0249264890311,250.68780864823162
174.7353308527631,127.1279133781581,271.8665297030274,250.74047947875243
170.75667665168018,127.12672589535524,271.59548775223624,250.74285444435816
170.96645247072317,127.18618469251705,271.17593611415026,250.62393685003454
171.18346186366313,127.39606891188822,270.74191732827035,250.2041684112922
171.39640648163393,127.62408308458032,270.31602809232874,249.748140065908
171.58609252901104,127.84873855610435,269.9366559975745,249.29882912285993
171.75889725419668,128.0894190615852,269.59104654720323,248.8174681118982
171.9522943491391,128.3247134142506,269.2042523573184,248.34687940656744
172.1944669095676,128.56065614912217,268.7199072364614,247.8749939368243
172.5052253246152,128.8290958418578,268.0983904063662,247.33811455135302
172.85025582197972,129.0840783110878,267.40832941163717,246.828149612893
173.20148520405706,129.30121197010385,266.70587064748247,246.39388229486093
173.57320411964184,129.5846570578082,265.9624328163129,245.82699211945226
173.92065076817755,129.83615242263232,265.2675395192415,245.324001389804
174.28133092070397,130.18132611532258,264.54617921418867,244.63365400442348
174.62891225869134,130.5014137647226,263.8510165382139,243.99347870562346
174.82753226247175,130.75994751275266,263.4537765306531,243.47641120956334
175.06967478606745,131.1223091020838,262.9694914834617,242.75168803090105
171.40478210634603,131.47521921327674,262.3367550225703,242.04586780851514
171.76978528757857,131.80697471946667,261.6067486601052,241.38235679613533
172.1345038279496,132.02016324781783,260.87731157936315,240.955979739433
172.53172378774303,132.24059706859308,260.0828716597763,240.51511209788248
172.92800357368404,128.5508611813537,259.2903120878943,240.01265686970916
173.25640666635795,128.85671791514028,258.63350590254646,239.400943402136
173.69622009234328,129.1706494309757,257.7538790505758,238.77308037046518
174.1769535053038,129.54842350526064,256.79241222465475,238.0175322218953
174.66353303943205,129.9701888229572,255.81925315639825,237.17400158650216
175.11018465327317,130.40966699318437,254.92594992871602,236.29504524604783
175.57777928556837,130.83440951208627,253.99076066412562,235.44556020824407
176.09170101445625,131.2827728675748,252.96291720634983,234.54883349726697
176.69731789652593,131.68144493227229,251.7516834422105,233.751489367872
177.26040617185777,132.02262264306185,250.62550689154682,233.06913394629288
177.74413436744294,132.35452360539574,249.65805050037645,232.40533202162513
182.06982857448125,128.84582861739884,248.59699584171864,231.83238824220012
182.59698751643967,129.1356079948547,247.5426779578018,231.25282948728838
183.04732051417673,129.552940850085,246.64201196232767,230.41816377682775
187.31480509919686,129.92282200902517,245.6187152841807,229.67840145894746
187.84844083798126,130.2773531968536,244.55144380661187,228.96933908329058
188.25574196145632,126.81979693590083,243.73684155966174,228.42844083840737
188.69868508466323,127.13970986937325,242.8509553132479,227.78861497146252
192.9641146532045,127.54613044640642,241.73079396464016,226.97577381739617
193.4207512208618,128.00051999392906,240.81752082932556,226.06699472235087
193.814944670912,128.38451400272672,240.0291339292251,225.29900670475558
194.18685935972894,128.76269942215526,239.28530455159122,224.54263586589846
194.55474913337667,129.00020286642933,238.54952500429582,224.06762897735035
194.91103368877688,129.21400701558682,237.83695589349537,223.6400206790354
198.8228854554721,129.3327117619731,237.27974651455006,223.40261118626285
199.00006293412093,129.25264503120948,236.9253915572524,223.56274464779005
199.13888887427788,128.808718993296,236.64773967693853,224.45059672361705
199.30203497374035,128.87299179916485,236.32144747801357,224.32205111187932
199.4723746600456,129.04960137376372,235.98076810540306,223.96883196268158
199.63468124794707,129.09356003500042,235.65615492960012,223.88091464020818
199.74633664952387,129.29528733865723,235.43284412644653,223.47746003289456
199.8121777698343,129.44163166951986,235.30116188582562,223.1847713711693
199.95993979524144,129.5885486849345,235.0056378350114,222.89093734034003
200.0807498606593,133.39557679478565,234.76401770417567,222.48721983183307
196.65258838117302,133.67681202717864,234.42018266296137,221.92474936704707
196.76657199599683,133.99129849558847,234.19221543331372,221.2957764302274
196.80696922457548,134.32457647545442,234.1114209761564,220.62922047049548
196.91456902047946,134.59208850616147,233.89622138434842,220.09419640908143
197.1025574381095,134.8872191641191,233.52024454908835,219.50393509316615
197.31985077074296,135.2812735754123,233.08565788382143,218.71582627057973
197.57488156518548,135.69255546698923,232.57559629493645,217.8932624874259
197.8628751411432,136.09960239900005,231.99960914302096,217.07916862340426
198.21735235516982,136.54899634650567,231.29065471496773,216.180380728393
198.61014917150536,133.51491624783708,230.50506108229666,215.20275745917098
199.09498042665598,130.58417464413125,229.53539857199542,214.04625416675685
199.74127100868873,131.25532908280647,228.24281740792992,212.70394528940642
200.33798512149895,128.54413435243305,227.04938918230948,211.18336925319934
204.47945164814385,125.89410885061777,225.6666285666219,209.5832478192277
205.16581242227792,123.26265083830569,224.29390701835376,207.9930050913635
205.84294761532715,120.72665987035785,222.93963663225531,206.25852923342205
206.51536917097138,118.2362580205048,221.59479352096682,204.48158304729435
207.13994107679486,119.06711681482011,220.34564970931993,202.81986545866374
207.67802738559627,116.65190724519903,219.26947709171708,200.98768972145655
208.25873862483016,114.29294484069437,218.1080546132493,199.08895713569413
208.82487225995123,111.94160097351818,216.97578734300714,197.22332018034467
