170.0,235.0,315.0,75.0
169.4392447914638,233.74482166116024,315.1215104170724,76.51035667767948
172.11390371716723,233.23076091949585,315.6464763756372,77.53847816100829
171.78459176408143,229.93106578641508,316.3051002818088,78.2366510117692
171.84020000194454,229.52528538833744,316.19388380608257,79.04821180792447
174.84361679602716,229.19610719225003,316.12463862514267,79.7065682000993
175.03435667501773,228.8781835736272,315.7431588671615,80.34241543734495
178.15574415368948,228.5751935792823,315.45618875059796,80.94839542603475
178.0316848922352,225.3557039122807,315.7043072735065,81.4241269534362
178.1984403760802,225.0031136259435,315.3707963058165,82.12930752611058
178.4553262862495,224.57780424843668,314.85702448547795,82.97992628112425
181.654584911131,224.2063823944411,314.4517142160755,83.72276998911539
181.82496688085692,223.84220811666103,314.11095027662367,84.45111854467555
181.9196785708442,223.46371543223933,313.9215268966491,85.2081039135189
185.16940183847396,223.05813702838427,313.4440708712757,86.01926072122906
185.30851940644305,222.66274385089199,313.1658357353375,86.8100470762136
185.244599705689,219.31381217075622,313.2936751368456,87.46650349591535
185.37810229516532,218.85251511986945,313.026669957893,88.38909759768885
185.57668309820656,218.37704680872938,312.6295083518105,89.34003421996901
185.66825923090596,217.75730679192014,312.4463560864117,90.57951425358749
185.88010318392398,217.19164800647326,312.02266818037566,91.71083182448129
186.1097683129447,216.61181672027942,311.5633379223342,92.87049439686893
186.3551954313757,216.05023583124319,311.0724836854722,93.99365617494142
186.66917783286186,215.53463096620138,310.4445188824999,95.02486590502501
186.90315178239422,214.96693075670464,309.9765709834352,96.1602663240185
187.18476463184487,214.44626533310054,309.4133452845339,97.20159717122668
187.47431158880545,214.01383600578458,308.8342513706127,98.06645582585863
187.73560699035687,213.50034051347797,308.3116605675099,99.09344681047186
188.08649856449384,212.99403228436654,307.60987741923594,100.1060632686947
188.47761936770567,212.40504021489915,306.8276358128123,101.28404740762947
188.84672045383465,211.84653891609923,306.0894336405543,102.40105000522932
192.3659316145119,211.30825801092922,305.2807907779129,103.47761181556935
192.81977666756467,210.75039471422684,304.3731006718074,104.59333840897412
196.49856705584858,210.2698760531013,303.2608715166009,105.55437573122518
196.99355039531014,209.79424227092468,302.2709048376778,106.50564329557842
200.6111666568377,209.24300804180265,301.28582093999086,107.60811175382247
201.14008103149712,208.7853866093099,300.227992190672,108.52335461880793
201.70412066850133,208.2243799862318,299.0999129166636,109.64536786496417
205.45554244181412,210.76974630732002,297.8587577702179,110.81632362296759
206.01286660417972,210.17482592927973,296.7441094454867,112.00616437904816
206.4809632549903,212.74188385311447,295.80791614386555,113.14254922398891
206.99040291591245,212.18436475267364,294.7890368220212,114.25758742487056
207.39801768415956,211.59660993067243,293.973807285527,115.43309706887301
207.74058465473524,210.9410289570314,293.28867334437564,116.74425901615507
208.04679656231377,213.39048141600622,292.6762495292186,118.15115819013879
208.26596183362963,212.7173459965323,292.23791898658686,119.49742902908665
208.56069787494556,215.17444820551634,291.648446903955,120.92297952962949
208.81087056262834,214.52232998404514,291.14810152858945,122.22721597257188
209.09711654535738,217.08668447988939,290.57560956313137,123.4710250644793
209.45637767795523,216.52362462255934,289.85708729793566,124.59714477913943
209.855135979308,219.13249289850717,289.05957069523015,125.77521483783471
210.21605019447466,218.6114781245549,288.3377422648968,126.81724438573923
210.59741053790353,218.07334061016294,287.57502157803907,127.89351941452315
211.00514871290127,220.75364429904317,286.7595452280436,128.95377600388136
211.33561294297613,220.29486863813224,286.0986167678939,129.87132732570322
211.50588915689403,219.8406548763237,285.75806434005807,130.7797548493203
211.85906823913777,219.44339264895342,285.0517061755706,131.57427930406084
212.21988349057332,218.96681482991738,284.3300756726995,132.52743494213288
212.61227362447113,218.5231139001,283.54529540490387,133.41483680176773
213.06488740871956,218.09611688835426,282.640067836407,134.26883082525916
213.43706676361927,217.72022606616233,281.8957091266076,135.02061246964303
213.87996094215168,214.1511583625649,281.00992076954276,135.69579439755844
214.2507945850657,213.76137470848045,280.2682534837147,136.47536170572732
214.61267141695748,213.44033008378568,279.54449981993116,137.11745095511688
215.13519437419652,209.85871518546045,278.4994539054531,137.8156234624617
215.6716532943631,206.3694689855837,277.42653606511993,138.33223473932946
216.26048457122803,202.84300064873457,276.24887351139006,138.93004294237974
216.93659675512686,202.54428054980878,274.8966491435924,139.52748314023134
217.43625954897965,202.29135865202215,273.8973235558868,140.03332693580452
218.02466971437764,198.95116652548228,272.72050322509085,140.28090168333276
218.65790228783823,195.5861229292024,271.4540380781697,140.59117681932588
219.2553212141457,195.35991085022528,270.2592002255547,141.04360097728014
220.00727710161976,195.2349339665003,268.7552884506066,141.29355474473007
220.67405251713157,191.94388714400287,267.421737619583,141.49665692349507
221.27628835989847,191.71093924344808,266.2172659340492,141.96255272460462
221.91610308239993,191.51520796080104,264.93763648904627,142.35401528989874
222.51402012026267,188.03594732916682,263.7418024133208,142.97153728649158
223.2107357336772,187.8031586277716,262.3483711864917,143.43711468928197
223.9830835607314,184.39551019713696,260.80367553238335,143.93105502321373
224.7730593437707,184.2432809947903,259.2237239663047,144.23551342790705
225.54886570515117,180.8009966817014,257.6721112435438,144.8312365673947
226.242195455781,177.26668598566087,256.2854517422841,145.6238044836366
226.78060984172032,176.8577924391326,255.2086229704055,146.44159157669313
227.35576996739834,173.3665841583823,254.05830271904944,147.1570567334219
231.19521357716877,172.9707927269592,252.6414474161892,147.9486395962681
232.10714121154092,169.49456804899347,250.81759214744488,148.6466759786001
232.91095813048233,169.21847299551175,249.20995830956207,149.19886608556357
236.81192530590772,165.79361666744876,247.63256238294935,149.82404031745148
237.60059394394693,165.37280279209693,246.0552251068709,150.66566806815513
241.59945417083122,161.9122638419873,244.25976394964655,151.3844866718302
242.51730064937067,161.5410245488198,242.42407099256764,152.12696525816523
243.3605425351601,161.17455598302269,240.73758722098876,152.85990238975944
244.35253282840534,157.73200391787418,238.75360663449828,153.58536451363804
248.34423905324158,157.51118494343945,236.91225880161852,154.0270024625075
249.3114435817953,157.2694453836199,234.97784974451108,154.5104815821466
250.3053210693508,156.92375893787892,232.99009476940006,155.2018544736286
251.13951609299693,156.54803353428085,231.32170472210782,155.95330528082474
251.92741989962883,156.06651178364518,229.745897108844,156.91634878209607
252.68302456273966,155.5042565393378,228.23468778262233,158.04085927071083
253.4265842491963,155.0347411372599,226.74756840970906,158.97989007486663
254.1330565725514,154.49918731083224,225.3346237629989,160.05099772772195
254.81761097646586,153.96011753132916,223.96551495516997,161.12913728672814
255.47584822051203,153.2906236860674,222.6490404670776,162.46812497725165
256.06597532011324,152.67871624036866,221.46878626787517,163.69193986864914
256.6335452222252,151.98875820090714,220.3336464636512,165.07185594757215
257.1749678051634,154.30797067314109,219.25080129777487,166.48719092196524
257.66399463382425,153.61171418085743,218.27274764045322,167.87970390653254
258.2362502789865,152.97452590569645,217.1282363501287,169.15408045685447
258.8130729122439,152.30123155015926,215.9745910836138,170.5006691679289
259.2956348945206,151.6283358628646,215.00946711906045,171.84646054251823
259.74152220665576,153.93129915905018,214.11769249479022,173.32326585077928
260.1676350735549,153.1874747342487,213.2654667609919,174.81091470038223
260.54775295455175,152.43282131712567,212.50523099899817,176.32022153462827
263.91217282532716,151.77051578489602,211.89299427633523,177.64483259908758
264.2291508142288,154.1535808292459,211.259038298532,179.00722625223028
264.52347337657955,153.47426750721814,210.67039317383052,180.3658528962858
264.8662813484398,155.90581808478058,209.98477723010993,181.65617800893824
265.1347776205556,158.28969973901337,209.44778468587833,183.0519538272105
265.4389493749952,157.60500545016117,208.83944117699917,184.42134240491492
265.6750332855347,159.96577784229922,208.36727335592013,185.8898955538487
265.94540794171866,159.2122456210176,207.82652404355224,187.39695999641197
266.09904970854006,161.70508985460592,207.51924050990942,188.6331842612247
266.2392384619801,164.21130472604756,207.2388630030294,189.8576027503237
266.375170684221,163.64599087853776,206.96699855854752,190.9882304453433
266.37460046714955,166.198650675202,206.9681389926905,192.14865924782697
266.40562002634294,165.69009076870543,206.9060998743036,193.16577906082014
266.4663778366429,165.18320682821556,206.78458425370383,194.17954694179986
266.498618485073,167.93386310298723,206.7201029568436,194.99185006704587
266.4437002892651,167.65947766884534,206.8299393484593,195.54062093532966
266.3326896510613,167.34774675410333,207.05196062486704,196.1640827648137
266.2320208657809,167.27033471370552,207.25329819542782,196.31890684560932
266.0210011202045,167.24898919920219,207.67533768658055,196.361597874616
265.82572782229647,167.31431261290868,208.06588428239655,196.230951047203
265.7156504475609,167.40013408512164,208.28603903186774,196.0593081027771
265.6183802249762,167.4473337919951,208.48057947703714,195.96490868903018
265.42854268161204,167.37107899065853,208.86025456376544,196.1174182917033
265.18501045888604,170.47454289933225,209.34731900921741,196.2873022813614
264.8335095977502,170.42603878558646,210.05032073148917,196.384310508853
264.5176591412294,173.62599911639487,210.68202164453075,196.38403061449293
260.9296203241503,176.79769978962167,211.44859894488164,196.45012960184667
257.33354071727695,176.74372601222333,212.2182418459735,196.55807715664338
256.8453417717335,179.99189697637232,213.1946397370604,196.49797648468274
253.18127106787978,183.17043590584163,214.0722685438691,196.59141122664283
252.5569199197065,183.11918323596672,215.32097084021567,196.69391656639266
248.6166470219004,186.43322692141692,216.71475114606508,196.55259468525503
248.09667771662026,186.66317906134339,217.7546897566253,196.09269040540212
244.32831740449416,186.93414945882006,218.77636118052942,195.55074961044875
243.88158515567267,187.38198987356066,219.6698256781724,194.65506878096755
240.24029473808562,187.87263100967613,220.43057865496183,193.67378650873664
240.00315845709798,188.41838968625973,220.90485121693712,192.5822691555694
239.71315589299377,189.02032184520183,221.48485634514552,191.3784048376852
239.44579445273456,189.62204021311803,222.01957922566396,190.1749681018528
239.23271952770554,190.2511163186636,222.445729075722,188.91681589076163
239.01871448679185,190.93013446194902,222.8737391575494,187.55877960419082
238.74727608131508,191.59416080905035,223.4166159685029,186.23072690998816
235.3519091536694,195.56438745414528,223.7628588002664,184.73476464332626
235.04481247097348,196.19334007491858,224.3770521656582,183.47685940177962
234.69273524849658,196.85030006995112,225.081206610612,182.16293941171455
231.13995386534882,197.4748049386787,225.78238553099317,180.91392967425944
227.4011975677273,198.1314272661409,226.86498341623982,179.600685019335
226.8370223601769,198.7566053104152,227.99333383134072,178.35032893078636
222.9812614223397,199.40032097770916,229.31769281713224,177.0628975961985
219.15598832508647,200.11861683184478,230.58178519699592,175.62630588792723
215.32932485067676,200.84017442725627,231.8527866867396,174.18319069710424
214.6306031663165,201.573339222487,233.25023005546012,172.71686110664282
213.92131765089147,202.32368608121698,234.66880108631014,171.2161673891828
209.97694878849563,202.96850498737479,236.1852063315674,169.92652957686718
209.37885047972608,203.69273475582915,237.38140294910653,168.47807003995848
208.8069887782018,207.5727761956506,238.5251263521551,167.08640609659003
208.2550328756248,208.3144083278562,239.62903815730908,165.60314183217884
204.47504209125523,209.0223210599003,240.83408583264924,164.18731636809065
203.9823878261586,213.0225948871001,241.8193943628425,162.53644169217392
203.4158963775007,213.90830820952402,242.95237726015833,160.76501504732605
199.7114970399946,218.04394219233882,244.0364433340082,158.81847968285877
199.20375680430533,218.92903206959377,245.05192380538674,157.04829992834885
198.82360689792694,219.84811740871965,245.81222361814358,155.21012925009708
198.43162986165788,220.89937248570283,246.59617769068169,153.10761909613075
194.88323531957943,225.0782176018205,247.44161121435826,151.00128442437568
194.56142332026565,226.12942960763465,248.08523521298585,148.8988604127474
194.27246437372543,227.2667063876234,248.6631531060663,146.62430685276988
193.98493322872136,228.49622747937042,249.2382153960744,144.16526466927584
193.77097611853645,229.85195581923898,249.6661296164442,141.45380798953877
193.62795722758182,231.2783227757956,249.9521673983535,138.6010740764255
193.50795985794784,232.67082706649776,250.19216213762144,135.81606549502118
193.44649864646382,233.9822410570403,250.31508456058947,133.19323751393605
193.42684482033303,232.5191521845644,250.35439221285102,130.15073989649576
193.5295856885005,233.93157534151175,250.14891047651614,127.32589358260111
196.6223467694394,235.3214884076753,249.82867608907665,124.54606745027398
196.8474088852489,233.9214733210277,249.37855185745767,121.53354814519
197.16496515800208,235.2720489904361,248.74343931195133,118.8323968063732
200.3102308913889,236.58640028815165,248.1504049501395,116.20369421094207
200.55656651131454,237.86742787927665,247.65773371028823,113.64163902869208
203.7068077608929,239.19483889657872,246.94829384968625,110.98681699408797
204.12463994187357,240.54102590446962,246.1126294877249,108.2944429783062
207.18234687767094,241.8501106127897,245.47191429232038,105.67627356166597
207.469786889707,243.08966056895656,244.89703426824826,103.19717364933226
210.35832974945626,244.27235767328253,244.48699840139267,100.83177944068035
213.19418121870564,245.36133295755633,244.13444465169027,98.65382887213275
216.06794764086987,246.33843901531728,243.6622120243943,96.69961675661085
216.25885678904388,247.23716650179003,243.2803937280463,94.90216178366535
218.98583031601282,248.2258322670198,243.02242407450566,92.92483025320583
219.13100352910698,249.0026249541057,242.73207764831741,91.37124487903402
219.1853775660343,249.55570616522402,242.62332957446273,90.26508245679734
219.2313607414763,252.50975796086655,242.53136322357878,89.46020218155529
219.0990902905964,252.73352310331714,242.79590412533855,89.01267189665411
218.9377866970516,252.95199237262008,243.11851131242815,88.57573335804824
218.82298166157995,253.0183151757148,243.34812138337148,88.44308775185878
221.34285754558132,252.53934608451237,243.3890690872326,89.40102593426364
221.19087425725658,252.33250878492575,243.69303566388209,89.8147005334369
220.84484367259228,252.3896907572839,244.3850968332107,89.70033658872063
220.51889457677908,251.92432607613094,245.0369950248371,90.63106595102651
220.23246690451293,251.53447111880453,245.60985036936935,91.41077586567934
222.62411038499573,251.31097010801875,245.99322744111987,91.85777788725089
222.37704864974785,253.73804135066248,246.4873509116156,92.1838489915562
222.01121431704485,256.1560063185145,247.21901957702167,92.54108856993483
221.6633730395642,256.1625572831623,247.91470213198298,92.5279866406393
221.34097845383837,258.77275464727893,248.5594913034346,92.52741625670767
221.03851153761548,258.77034316125827,249.16442513588038,92.53223922874898
220.73097713301723,261.34283345769063,249.77949394507687,92.62506432861204
220.57917575052943,261.2566785010326,250.08309671005247,92.79737424192821
223.14087671763772,263.9036686538565,250.21544115903959,92.75914031948403
223.0744112026653,266.6696818508998,250.34837218898446,92.48406635578114
222.93800872517042,269.5271022786511,250.6211771439742,92.02311897589341
222.5856064620581,269.780611360968,251.32598167019881,91.51610081125966
224.89207399729904,272.5904523372007,251.96344818904328,91.14682044812061
227.44559001481102,275.3808219201074,252.10925602801495,90.81892115630286
227.31926585812587,275.6804494791391,252.36190434138524,90.21966603823947
