1
180.7268,185.9555,54.5464,92.0891
180.8268,186.2216,54.3465,91.5568
180.8870,186.3674,54.2260,91.2652
180.8923,186.4876,54.2154,91.0248
180.8459,187.6174,54.3082,91.0341
181.9344,187.6400,54.4018,90.9889
181.8731,187.6997,54.5243,90.8693
181.7583,188.8808,54.7538,90.7790
181.6146,188.8799,55.0413,90.7808
182.5544,189.9177,55.4409,90.9842
182.3536,189.8007,55.8425,91.2183
183.2370,190.7789,56.3747,91.5610
182.9417,190.6425,56.9654,91.8337
183.8003,191.6819,57.5753,92.0820
183.3765,192.7417,58.4229,92.3035
182.9689,193.8831,59.2381,92.3793
183.7594,195.0378,60.0305,92.4433
184.4549,196.1723,61.0269,92.5618
183.9197,197.2938,62.0974,92.7249
184.5826,197.2192,63.1979,92.8741
185.2448,199.6107,64.3200,92.9845
185.8917,199.6227,65.4931,92.9604
185.2682,200.8369,66.7402,93.0180
185.8405,202.0663,68.1030,93.0665
186.3714,203.3302,69.5716,93.0692
186.8457,204.5203,71.1777,93.2435
187.2860,205.7249,72.8805,93.4179
186.4706,206.9047,74.5113,93.6721
186.8775,208.2621,76.3418,93.6016
187.3436,209.6471,78.0824,93.5045
187.8129,210.9903,79.8433,93.5174
188.2831,212.3768,81.6307,93.4725
188.7339,213.7424,83.4852,93.4972
190.6060,215.1208,85.3129,93.5263
191.0036,216.5262,87.3333,93.5312
191.3742,217.9711,89.4401,93.4891
191.7378,219.3996,91.5935,93.5129
192.1652,219.4084,93.6536,93.4951
192.5562,220.9761,95.8190,93.3071
192.9766,222.5982,97.9564,93.0411
193.2969,224.2193,100.3233,92.8064
195.2404,224.4200,102.5180,92.4052
195.6486,224.5946,104.7702,92.0559
196.0748,226.3366,107.0158,91.6699
196.5702,228.1236,109.1517,91.2226
198.6888,228.3555,111.2191,90.7587
199.2290,228.6457,113.3154,90.1783
201.3759,230.5458,115.4205,89.5776
201.9983,230.9048,117.3976,88.8595
202.6008,232.9010,119.4329,88.1075
203.2746,233.2870,121.3443,87.3356
205.5259,235.3418,123.3925,86.5013
206.2517,235.7276,125.2335,85.7296
206.9449,236.1847,127.1547,84.8155
207.6687,236.6758,129.0287,83.8334
210.1051,237.1642,130.8221,82.8566
210.8742,237.6707,132.6277,81.8435
211.6671,238.2247,134.3957,80.7355
212.5052,238.8020,136.0811,79.5810
213.3790,239.3809,137.7003,78.4232
214.3547,239.9512,139.1203,77.2826
217.0101,240.5269,140.5554,76.1311
218.0995,241.1606,141.7510,74.8637
219.1812,241.8372,142.9581,73.5105
218.6205,242.5451,144.0794,72.0947
221.3516,243.2750,145.3309,70.6349
222.3319,242.4044,146.7200,69.0262
221.7912,243.1382,147.8015,67.5588
222.9367,243.8576,148.8425,66.1198
224.0734,244.6080,149.8911,64.6191
223.6469,245.3830,150.7442,63.0690
224.9142,244.6319,151.5052,61.2756
226.2638,245.4019,152.0807,59.7358
227.5951,246.1485,152.6735,58.2425
227.3041,245.4274,153.2556,56.4475
228.5903,246.1283,153.8963,55.0457
228.2513,245.3852,154.5744,53.3348
227.9768,246.0811,155.1233,51.9429
227.7892,246.7777,155.4986,50.5498
229.1389,246.0415,155.9369,48.8844
230.5082,246.6431,156.3119,47.6812
230.4856,245.7979,156.3570,46.2750
230.3654,246.2776,156.5975,45.3157
230.3075,245.2287,156.7133,44.3568
230.2305,244.0275,156.8674,43.7189
230.1216,244.1927,157.0851,43.3885
231.5641,243.0814,157.2275,42.5837
231.4133,242.0169,157.5292,41.6982
231.2636,242.2676,157.8286,41.1967
231.0193,241.0997,158.3171,40.5359
232.3093,239.9485,158.7283,39.8473
232.3473,239.9973,158.6521,39.7496
232.4745,238.6126,158.3979,39.5382
232.4930,238.5484,158.3608,39.6665
232.3369,238.4603,158.6729,39.8428
232.2889,238.3597,158.7691,40.0440
232.2731,236.8819,158.8007,40.0114
232.2784,236.8028,158.7900,40.1698
232.3886,235.2735,158.5695,40.2376
232.3892,235.1035,158.5684,40.5776
230.7460,234.9768,158.8595,40.8310
228.5654,234.8030,160.2164,41.1786
227.8496,233.2028,161.6480,41.3491
227.7894,233.1286,161.7684,41.4975
229.5070,233.0937,161.3908,41.5673
230.7153,233.0460,162.0282,41.6627
230.8613,233.0188,161.7361,41.7169
232.4252,232.9852,161.6696,41.7843
233.9383,231.4400,161.7052,41.8129
234.0081,231.2273,161.5657,42.2383
235.4468,229.5430,161.7572,42.5379
235.4171,229.2980,161.8165,43.0279
236.9890,227.6756,161.7601,43.1854
238.3574,226.0715,162.1128,43.3041
239.9050,224.4453,162.1144,43.4599
239.9312,224.2659,162.0618,43.8185
241.4481,222.7351,162.1338,43.7747
243.0686,221.1954,161.9987,43.7481
242.9645,219.5941,162.2067,43.8474
244.3922,219.4796,162.4597,44.0762
245.9238,217.9724,162.5126,43.9745
247.5830,216.5643,162.3090,43.6760
249.3798,215.1130,161.8219,43.4721
251.0627,213.6518,161.5518,43.2986
252.7581,212.2806,161.2496,42.9525
252.7723,210.8107,161.2213,42.8142
254.0517,208.1032,161.7374,42.0794
253.9051,206.8221,162.0306,41.5733
253.3084,204.2090,163.2241,40.6738
255.6017,202.8384,161.6999,40.3524
257.5288,202.9642,160.8810,40.1007
259.4012,201.5961,160.1548,39.8181
261.2741,200.2727,159.4124,39.4618
263.3256,198.8571,158.2954,39.3069
267.0820,196.0373,156.7174,39.0117
269.0352,194.7753,155.7508,38.5959
270.9014,192.2492,154.9367,37.8116
271.2927,190.8232,154.1540,37.7717
274.6082,185.1490,153.2834,37.5994
275.2425,184.7701,152.0148,38.3573
278.7615,183.4322,150.6995,38.1717
280.5635,180.9462,149.9348,37.4650
280.8194,179.7213,149.4230,37.0997
282.3577,177.7631,149.1474,38.2149
280.9529,175.1768,149.1387,40.5693
282.7585,171.3269,148.3901,42.5439
286.8124,166.9069,146.0604,42.7168
289.3228,165.6341,143.8990,42.4030
291.2238,163.9014,142.9197,43.0455
292.9387,160.3519,142.3111,44.5025
293.2403,160.4451,141.7078,44.3160
295.2991,158.9142,140.4176,44.5504
297.1821,157.2197,139.4650,45.1263
299.0168,153.8260,138.6061,46.2927
300.7517,151.8503,137.9558,47.4244
302.3968,149.8217,137.4966,48.6506
303.2037,147.9698,135.8828,49.5076
305.6169,147.5407,133.8957,50.3659
306.3484,145.7428,132.4325,51.1355
307.1346,145.2463,130.8602,52.1285
310.4029,143.9223,129.9521,51.9623
312.7194,142.3659,125.3191,52.2768
314.6266,140.4436,126.9786,53.3843
316.3029,140.1468,126.4067,53.9781
316.7516,138.3282,125.5093,54.8323
317.4027,136.3179,124.2072,56.0680
319.6509,135.7043,122.4986,57.2951
320.7005,135.1477,120.3993,58.4085
321.5899,133.3162,118.6205,59.2981
323.4218,132.9713,117.7193,59.9880
324.1949,132.7620,116.1731,60.4065
324.8559,132.4808,114.8512,60.9689
327.0981,130.8629,113.1030,61.4687
328.0213,130.5479,111.2565,62.0987
328.7919,130.3814,109.7153,62.4316
330.5950,130.2545,108.7943,62.6854
332.3303,129.9591,107.9998,63.2763
332.9519,129.6760,106.7566,63.8425
333.5181,129.3323,105.6242,64.5299
335.3313,128.9128,104.6577,65.3689
335.9410,127.1902,103.4384,66.1543
336.4169,126.8166,102.4866,66.9015
338.3150,126.4634,101.3432,67.6080
338.9306,126.1778,100.1119,68.1792
340.8019,125.8869,99.0075,68.7610
341.3781,125.6345,97.8552,69.2657
341.8365,125.5115,96.9383,69.5118
342.5911,125.4208,95.4292,69.6932
343.5899,125.3185,93.4316,69.8978
345.6048,125.1514,91.9673,70.2319
345.8786,124.9248,91.4196,70.6852
346.1317,124.7284,90.9134,71.0779
346.4986,124.4665,90.1797,71.6018
348.4249,124.2203,88.8706,72.0942
350.3676,123.9407,87.5167,72.6534
350.8618,123.6807,86.5283,73.1734
351.2126,123.4545,85.8266,73.6257
351.8084,123.3674,84.6350,73.7999
352.3438,121.9811,83.5643,74.0790
352.8381,121.8728,82.5756,74.2957
354.2913,121.9208,82.1388,74.1996
355.2000,121.0401,80.3213,73.4998
356.1277,120.1805,78.4659,72.7971
357.0103,120.4969,76.7008,72.1644
358.6692,120.1454,75.7271,72.8675
359.3867,119.7658,74.2920,73.6267
359.8608,119.2996,73.3438,74.5590
361.2708,118.8913,72.8529,75.3757
363.8436,119.0023,72.3758,75.1536
365.2168,117.1407,71.9527,76.5537
366.9281,116.1030,70.8685,78.6290
368.6806,115.0578,69.7169,80.7194
371.6354,114.3397,68.5423,82.1555
374.8712,113.9179,66.8123,82.9991
377.2339,112.2869,64.4427,83.9053
378.9248,111.8028,63.3920,84.8735
381.3066,110.6694,60.9572,84.8116
385.4156,109.4095,59.6029,85.0435
388.3499,108.6259,58.2723,84.3417
391.1804,107.9105,57.0843,83.5359
392.9839,106.5522,55.6819,84.0479
396.6852,106.1646,54.8466,82.6340
399.9860,106.3193,52.5530,82.3246
406.7053,106.4539,51.7810,84.1665
407.1922,106.2988,50.8072,86.6024
410.9857,105.7981,49.6566,87.6039
414.7149,105.3107,48.6207,88.5787
416.3183,104.8111,47.5515,89.5777
419.9945,104.0464,46.6012,91.1072
424.2278,104.0056,44.5548,91.1888
426.0909,104.4241,42.9347,90.3517
431.7814,103.9177,41.8812,89.2990
433.8167,103.3377,41.8743,88.4273
440.6745,105.8949,40.2726,89.3697
440.3445,105.6881,40.9326,89.7833
442.7300,107.7087,42.2284,89.7867
442.7812,107.8236,44.1710,89.5569
444.4196,108.7748,45.0451,87.6546
446.5420,108.3440,46.9881,88.5161
448.6120,107.5995,49.1744,90.0052
451.1717,106.8180,50.5593,91.5681
451.4362,107.0084,52.2451,91.1873
454.0811,105.9395,53.6688,91.0872
455.8221,106.7265,56.9684,91.7738
455.6104,107.9837,59.7181,91.5857
456.8122,109.5840,62.0534,90.7545
458.1514,111.1774,64.1666,89.9636
459.8609,111.6921,65.5850,88.9342
460.2352,113.1698,67.2629,88.4052
463.0650,114.6278,68.9407,87.9351
462.8962,117.2660,71.7442,87.5904
463.0355,117.5877,73.9718,86.9472
463.2169,119.2282,76.1409,86.1981
464.5648,120.9902,78.5559,85.2295
464.6761,122.7895,80.9120,84.2097
465.1260,124.7303,82.6125,82.9283
465.5185,126.5234,84.4343,81.9489
466.1975,128.4885,85.6965,80.6388
465.6155,130.3280,86.8605,79.5790
467.5149,131.9392,88.3025,78.9772
468.2635,133.5732,89.4387,78.3424
469.1115,135.2732,90.3835,77.5832
468.8441,138.2534,90.9182,76.9093
469.7322,139.8010,91.7827,76.4547
469.2831,141.3017,92.6810,76.1001
469.1604,144.3052,92.9263,75.4026
469.9557,146.1321,93.9829,74.3960
471.1180,148.2916,94.3056,72.7240
471.1004,150.5087,94.3407,70.9148
471.0139,152.1613,94.5137,70.2054
471.0954,152.5635,94.3508,69.4012
471.1943,154.2750,94.1529,68.5493
472.0961,154.4443,94.9037,68.2108
471.7698,156.0146,95.5563,67.6304
471.3942,157.5836,96.3075,67.0528
471.1355,159.1994,96.8249,66.3834
471.1397,161.0115,96.8164,65.3183
471.2562,161.4915,96.5835,64.3582
471.2231,163.1784,96.6497,63.5062
471.1312,164.8857,96.8334,62.6002
471.0349,166.5690,97.0261,61.7298
471.1510,168.1218,96.7939,61.1087
470.5259,168.2269,98.0440,60.8986
471.5442,169.6330,98.4933,60.5723
471.3753,169.7363,98.8311,60.3658
472.3031,171.1348,99.4642,60.0575
471.7509,171.3881,100.5685,59.5508
472.7387,172.7615,101.0937,59.3048
472.8738,174.1464,100.8236,59.0394
473.1472,174.3701,100.2769,58.5920
473.1714,174.4864,100.2284,58.3594
473.1355,174.6231,100.3002,58.0860
473.1486,174.6957,100.2739,57.9408
473.2893,174.7881,99.9926,57.7561
473.3887,175.9736,99.7938,57.8469
473.5452,176.0013,99.4808,57.7915
473.6937,176.0121,99.1838,57.7700
473.8127,177.2629,98.9457,57.7183
473.7913,177.3337,98.9886,57.5769
473.8006,177.4076,98.9700,57.4290
473.7630,177.3253,99.0451,57.5937
473.5907,176.1586,99.3897,57.4820
473.4091,176.1032,99.7531,57.5928
473.4557,176.1271,99.6599,57.5449
473.4022,176.1270,99.7668,57.5452
473.1888,174.9937,100.1935,57.3567
471.9219,174.9401,100.2693,57.4641
470.7128,175.0123,100.2265,57.3197
470.4263,173.8786,100.7995,57.1291
469.2791,173.8349,100.6307,57.2165
468.1840,172.7495,100.3587,56.9251
467.4915,172.8634,99.2905,56.6972
464.0525,170.5186,98.8681,56.5200
464.2210,170.3248,98.5311,56.9075
462.1322,168.9501,97.8571,57.2310
461.3385,167.6362,97.0232,57.4376
460.1503,166.2066,96.9873,57.8844
458.8790,164.6959,97.1104,58.4865
457.8514,164.4638,96.7341,58.9506
456.6629,162.7553,96.6775,59.9340
452.9973,161.1387,96.6608,60.7179
452.1327,159.3342,95.9279,61.8647
450.9923,157.5820,95.7382,62.8987
448.6483,156.1433,95.4567,63.2913
447.7955,154.7258,94.6751,63.6392
444.8427,153.3011,93.1373,64.0075
444.1377,153.0732,92.0833,64.4633
443.5014,152.7943,90.9002,65.0211
439.1043,150.2655,89.9065,65.1847
437.3553,149.9190,88.5352,65.8777
433.9882,145.8897,87.9939,66.6608
433.4950,144.2029,86.5507,67.6048
429.0480,142.7025,85.7525,68.1824
428.2825,141.2920,84.8632,68.5832
426.2216,139.8913,84.1589,68.9715
424.3763,138.6212,83.0324,69.1033
419.9633,137.4259,82.2851,69.1005
417.0495,136.0597,80.9675,69.4511
415.2657,134.6801,79.8010,69.8433
409.2455,134.3228,77.7096,70.5580
409.0894,132.8485,75.6875,71.1722
404.2866,131.6360,73.7306,71.2847
404.2814,130.4428,71.4575,71.3876
400.6849,129.8472,69.6524,72.5787
398.5276,128.4833,67.2478,73.0668
394.3483,127.2478,64.5603,73.3286
391.8885,126.3702,62.9688,72.9135
388.7576,126.2101,60.6768,73.2336
385.8896,125.5333,57.9867,74.5872
382.9649,125.6985,55.5013,76.3406
383.3137,125.0282,54.8039,77.6810
376.9119,124.0298,53.0574,77.5993
377.1938,124.7591,50.4451,78.1891
376.2179,124.6701,48.3690,78.3672
373.9532,120.6155,48.9347,76.5672
367.2507,123.9408,46.6245,75.8099
364.8300,124.4675,43.8086,74.7566
362.4868,125.0641,42.9413,73.5632
358.6329,125.3319,41.5551,73.0278
352.4916,125.8353,41.3263,72.0209
352.2864,126.1721,41.7366,71.3472
349.5426,126.2574,40.1622,71.1768
346.0715,126.3021,40.1592,71.0873
344.6470,126.3719,41.2733,70.9478
339.5587,126.5822,42.6911,70.5272
338.1352,128.6352,43.7688,69.9599
333.1044,128.7508,44.9350,69.7288
331.7195,128.9181,45.9096,69.3941
329.3819,130.0167,46.9720,69.0033
327.6672,131.2390,48.5832,68.3769
327.2223,131.5766,49.4731,67.7017
323.9080,132.9201,50.5828,66.8543
323.3857,134.2387,51.6274,66.0621
322.4151,134.7115,51.7185,65.1165
321.0577,136.2837,52.5964,63.8090
320.3193,136.9984,54.0732,62.3795
318.7718,138.4131,55.3355,61.3829
318.2481,138.6587,56.3829,60.8918
317.9844,139.9463,56.9103,60.1631
318.4245,140.3097,57.8737,59.4362
319.0481,140.8030,58.4739,58.4496
319.8433,142.2812,58.7248,57.3345
320.8033,142.7365,58.6324,56.4240
321.4717,144.1114,59.1075,55.4861
322.8608,144.5782,59.9381,54.5524
327.8160,145.8930,60.8427,53.7252
328.1561,146.4028,61.9658,52.7057
331.5040,146.9950,62.4874,51.5214
334.6601,147.4100,63.3486,50.6912
338.6644,147.5563,64.3057,50.3987
341.0253,147.6124,64.9930,50.2866
342.7093,147.8378,65.2485,49.8357
348.8481,147.9871,65.6289,49.5370
352.2946,148.1840,65.9726,49.1433
357.3177,148.4352,66.7744,48.6409
359.6825,147.8361,67.4807,48.0272
365.5190,148.0642,68.4956,47.5709
371.7655,148.2725,68.7453,47.1544
374.0934,147.6302,69.5414,46.6217
381.1144,146.9717,70.0626,46.1182
387.4025,145.4272,70.2255,45.5675
393.4058,145.5585,70.9109,45.3050
399.3916,143.9796,71.6725,44.8246
405.5213,143.1749,72.1698,44.6117
410.5606,142.3805,73.0486,44.3742
416.6273,140.6088,73.7625,44.2470
421.6491,139.7319,74.7820,44.1569
427.5841,138.8005,75.9143,44.1622
429.5742,136.9798,77.5573,44.0549
435.4636,136.0226,79.0567,44.0724
439.6899,135.0984,80.2009,44.0014
443.7325,134.1722,81.7911,43.9188
447.7531,132.1968,83.5353,43.9555
448.8381,131.1757,85.3320,44.0142
453.5831,130.1308,87.9068,44.0932
453.4055,129.2117,90.3119,43.8816
457.2633,129.2308,93.0035,43.8433
458.0861,127.2329,95.5980,43.5990
461.1638,127.2386,98.0566,43.5877
461.1121,125.6944,100.3489,44.4872
463.9896,124.3513,103.5463,44.9352
463.3988,124.6229,107.0200,44.3920
462.7718,124.8286,110.6071,43.9806
462.2135,125.0779,114.1009,43.4819
461.7047,126.4323,117.5370,43.1918
460.4917,126.5284,119.9629,42.9994
459.1909,126.7766,122.5647,42.5031
457.6005,128.1428,125.7454,42.2926
457.0132,129.1180,129.4833,42.9055
453.5255,130.3724,136.4587,43.0245
445.5038,133.4339,138.8568,42.3598
440.9695,136.1990,142.4238,42.3311
437.6269,137.5603,146.3082,42.4093
434.2061,140.6641,150.2928,41.9160
429.2699,143.4657,154.3568,42.1210
415.7726,148.0869,160.5947,41.7743
410.4980,151.1828,165.0509,41.6755
399.5475,152.6150,168.3088,41.9183
390.4770,158.7624,170.6619,42.2537
384.2569,161.9326,173.5114,42.3071
372.7719,166.6058,177.0540,42.6743
361.1403,171.4490,180.5500,42.8716
354.5782,176.4904,183.6323,42.8306
341.4386,181.3035,186.1840,43.3733
331.3091,188.1971,189.2645,43.3291
317.7870,191.7024,191.9626,43.2745
305.7609,195.3664,194.9270,42.9758
292.2411,200.9213,197.1145,42.5170
280.7761,206.1591,198.6125,42.7573
269.8636,210.7564,202.4497,44.3553
262.3241,213.9004,206.4828,45.4313
248.6126,219.2213,207.5928,46.0665
233.3727,223.2420,207.7786,45.5986
219.7210,227.0409,208.6197,45.5614
210.2903,236.5428,208.5243,45.5145
194.8542,238.0982,209.0835,46.1926
185.9958,239.6874,207.7504,46.8242
172.7888,249.1205,207.5397,46.9757
163.7131,248.8840,206.6736,47.4488
156.7231,258.8795,205.4516,46.4601
146.1316,258.8901,204.0482,46.4390
143.0024,262.9193,202.8179,45.8693
132.6085,265.2506,201.3083,44.9229
129.7227,271.1184,199.7261,44.2181
119.7569,274.5733,197.8100,44.5910
113.9382,276.0956,194.9606,45.1680
110.0181,277.5594,192.0221,45.8332
102.4945,279.0858,189.2468,46.3450
102.0733,280.7918,186.5538,46.4684
98.2045,280.7890,183.7917,46.4739
96.4488,284.5935,180.3805,45.7875
94.5854,284.7169,177.3065,45.5407
91.4551,286.6360,173.5095,45.0550
91.5136,286.7282,170.1026,44.8707
88.6032,288.5601,166.2075,44.4455
88.6989,288.6570,162.8404,44.2516
88.8336,288.7454,159.4461,44.0748
88.9714,288.8471,156.0969,43.8715
90.6776,288.9486,152.6845,43.6684
90.8896,289.0527,149.2899,43.4603
92.5531,289.0990,145.9628,43.3676
94.1506,289.0737,142.7679,43.4183
95.6273,289.0465,139.8145,43.4726
97.0011,288.9956,137.0669,43.5745
98.3631,288.8961,134.3430,43.7734
99.9448,287.5583,131.1796,43.7362
101.4184,286.1797,128.2322,43.8264
102.6498,286.0249,125.7695,44.1359
105.1698,284.6890,123.3268,44.2104
108.8465,283.3427,121.1009,44.3393
112.3526,281.9986,119.1573,44.4932
115.8187,280.5955,117.2435,44.7901
119.1171,280.4190,115.6210,45.1430
122.4538,279.0609,113.8879,45.3892
125.6543,278.8920,112.3862,45.7269
131.3124,278.7421,110.8061,46.0267
133.2740,277.3743,109.2993,46.3458
139.9403,277.1997,107.9691,46.6949
141.7318,277.0176,106.7734,47.0591
147.0878,275.6454,105.5675,47.4272
148.9140,275.4436,104.2805,47.8307
151.8056,275.2255,103.2050,48.2669
157.0631,274.9897,102.0734,48.7384
157.5626,274.7746,101.0743,49.1687
162.6967,274.5224,100.1280,49.6731
163.0884,274.3159,99.3446,50.0862
167.0577,274.0432,98.3692,50.6316
168.5921,273.7923,97.6164,51.1333
170.1540,273.5645,96.8064,51.5889
171.6522,273.2938,96.1197,52.1303
173.1790,274.1994,95.3750,52.6279
174.7209,273.8617,94.5975,53.3033
176.2937,274.6990,93.7581,53.9351
177.8663,274.3582,92.9177,54.6166
179.3602,275.2198,92.2336,55.1972
179.7199,276.0970,91.5141,55.7462
181.1358,275.8118,90.9842,56.3165
181.5003,276.7227,90.2552,56.7983
181.8391,276.4651,89.5777,57.3135
182.1315,277.3707,88.9929,57.8015
182.3964,278.2394,88.4631,58.3629
182.6844,279.1360,87.8869,58.8696
182.9721,278.8281,87.3117,59.4854
183.2214,278.4884,86.8131,60.1649
183.5277,279.3418,86.2005,60.7632
183.8363,280.1697,85.5832,61.4131
184.1059,280.9910,85.0440,62.0775
184.3448,281.9090,84.5663,62.5513
184.6031,282.8035,84.0496,63.0727
184.8887,283.6911,83.4785,63.6084
184.0243,284.5595,82.8962,64.1827
184.2686,284.2438,82.4077,64.8140
183.4276,283.9237,81.7752,65.4543
182.6334,284.7531,81.0487,66.1105
181.8143,285.5624,80.3724,66.8063
180.9740,286.4310,79.7376,67.3846
180.1045,287.2742,79.1618,68.0128
179.2189,288.1943,78.6171,68.4888
178.3452,289.1230,78.0491,68.9466
177.4985,288.8439,77.4288,69.5048
176.6650,288.5883,76.7828,70.0160
175.8604,289.5354,76.0807,70.4330
173.9740,290.4604,75.2397,70.8898
173.1612,290.2116,74.5643,71.3874
172.4046,291.1701,73.7792,71.7687
170.4025,290.8357,73.1994,72.4376
168.4319,290.5473,72.5535,73.0144
168.7988,290.2895,71.8198,73.5299
166.8345,291.2225,71.1705,73.9530
166.0565,292.1204,70.4413,74.4424
164.1042,291.9062,69.7830,74.8708
163.2643,291.6583,69.1852,75.3667
162.4399,291.4435,68.5580,75.7962
160.4909,291.2536,67.9108,76.1760
159.6894,291.1412,67.2458,76.4008
156.6075,291.0000,66.6266,76.6832
156.9667,290.8488,65.9081,76.9856
155.0714,290.7940,65.2015,77.0951
153.1537,290.7054,64.5591,77.2725
153.4575,290.5876,63.9514,77.5080
150.5300,290.5256,63.1310,77.6320
149.7059,290.4567,62.5654,77.7699
148.8954,290.3427,61.9796,77.9978
148.1862,289.1596,61.1973,78.1633
146.3667,287.9619,60.4552,78.3681
145.6078,286.7602,59.7914,78.5899
143.8411,285.5816,58.9763,78.7729
143.0846,285.5896,58.3256,78.7569
142.3055,284.4123,57.7311,78.9586
141.5877,283.2982,57.0206,79.0407
139.7966,282.1417,56.3313,79.2181
139.0557,279.9465,55.6862,79.3544
139.3878,278.8417,55.0220,79.4457
137.6343,276.7188,54.3113,79.4737
136.8380,275.5740,53.8065,79.6658
136.1087,274.5530,53.1730,79.6158
135.3662,272.4567,52.5772,79.6468
135.6889,269.3185,51.9317,79.7093
133.9879,268.2367,51.2107,79.8113
134.2874,265.1717,50.6118,79.7883
134.5533,264.1043,50.0799,79.8824
132.8807,261.0306,49.3588,79.9303
133.1458,260.0137,48.8287,79.9423
132.4548,256.0179,48.1976,79.8819
132.7074,254.9626,47.6924,79.9909
133.0052,251.9694,47.0967,79.9935
132.3180,248.9809,46.4865,80.0168
132.5953,246.9558,45.9321,80.1177
131.9106,242.9502,45.3348,80.2622
132.1376,238.9493,44.8807,80.4292
132.4055,237.9324,44.3449,80.5096
132.6060,231.9377,43.9440,80.8261
132.8346,230.9105,43.4867,80.9371
133.0905,226.9169,42.9750,81.1759
133.3177,223.9112,42.5205,81.3917
133.5226,219.9821,42.1107,81.5411
133.7516,216.0519,41.6526,81.7121
134.9753,214.0245,41.1224,81.9328
136.1831,210.1538,40.6178,82.0301
137.4006,206.2449,40.0865,82.2328
138.5540,201.3546,39.6772,82.5261
139.7218,199.3397,39.2362,82.7666
140.8786,193.4986,38.8130,83.1058
142.0383,191.4707,38.3818,83.3856
143.2074,185.5683,37.9282,83.8830
144.3442,183.5420,37.5383,84.1678
145.4852,178.6487,37.1374,84.5488
146.5870,175.6813,36.8136,84.8448
148.6476,169.7643,36.4488,85.4096
150.7101,167.7193,36.0834,85.7400
151.6975,160.8528,35.9870,86.3255
152.6970,158.6922,35.8729,86.8766
153.7127,153.7746,35.7323,87.2574
155.6448,151.5427,35.6559,87.9334
158.6494,144.6271,35.3535,88.4488
159.6068,142.3886,35.3429,89.1174
160.5544,137.2079,35.3615,89.9102
162.4375,133.9190,35.4462,90.7116
163.3501,128.7037,35.5595,91.4497
165.2669,126.3853,35.6281,92.1843
166.1436,120.0023,35.8376,93.1727
169.0719,117.5776,35.9236,94.0603
169.9700,113.0708,36.1225,95.0935
171.8546,109.5548,36.3804,96.0847
173.7771,104.9972,36.6002,97.0704
175.7269,101.4637,36.8017,97.9858
176.6180,98.9317,37.0867,98.9153
178.6163,94.3591,37.2616,99.7178
180.5752,91.6949,37.5445,100.8455
182.5253,88.0242,37.8875,101.8220
184.4755,85.3823,38.2707,102.8223
185.2814,81.6715,38.8219,103.7548
187.2057,77.9600,39.3459,104.6190
190.2764,75.2794,39.8289,105.5639
190.9684,72.5093,40.6753,106.6433
191.7530,70.8792,41.3671,107.6423
194.9463,66.9776,41.8441,108.5821
195.6765,65.3828,42.6936,109.4617
196.4432,62.5675,43.4979,110.4169
198.4677,61.0012,44.1806,111.1835
199.2840,58.2449,44.9373,111.9179
202.6002,56.6953,45.5444,112.6038
203.3716,56.4280,46.4354,113.1385
204.1159,54.7555,47.4044,114.0261
204.9126,53.1884,48.2985,114.6726
207.0098,51.6605,49.1295,115.2159
207.8831,50.2562,49.9180,115.4892
210.0698,48.9519,50.6511,115.5446
210.9370,48.9139,51.4836,115.6205
210.5115,48.7988,52.3346,115.8508
212.6908,47.5076,53.1779,115.8323
212.2239,47.4590,54.1116,115.9295
213.0872,47.4590,55.0182,115.9295
213.9724,47.4593,55.8969,115.9289
214.8362,47.4778,56.8336,115.8919
214.3407,47.5301,57.8247,115.7872
213.8633,47.5833,58.7793,115.6808
214.7606,47.6345,59.6954,115.5785
214.2439,47.6766,60.7287,115.4943
215.1044,47.8807,61.7492,115.0861
214.5475,49.5652,62.8631,114.4699
213.9923,49.8453,63.9734,113.9098
213.4532,51.6199,65.0517,113.1342
212.9283,53.4544,66.1015,112.2455
212.4351,53.8307,67.0879,111.4930
211.9665,55.6280,68.0250,110.6890
211.5298,57.4030,68.8985,109.9331
211.0926,59.2002,69.7728,109.1364
210.6699,59.6207,70.6183,108.2953
210.2763,61.4365,71.4055,107.4657
209.8976,63.2758,72.1628,106.5896
209.5223,63.6743,72.9135,105.7927
209.1865,65.5268,73.5850,104.8899
208.8732,67.3985,74.2117,103.9464
208.5855,69.2368,74.7871,103.0655
206.8983,71.1042,75.3695,102.1228
205.2226,72.9171,75.9336,101.2843
204.9150,74.7635,76.5488,100.3751
203.2136,76.6163,77.1719,99.4493
202.9802,77.1128,77.6385,98.4563
201.3316,79.0073,78.1676,97.4356
201.0455,80.8917,78.7397,96.4280
199.4287,82.7508,79.2182,95.4649
197.8342,84.5403,79.6593,94.6338
197.7160,86.3715,79.8957,93.7138
197.5996,86.7654,80.1285,92.9258
196.0453,88.5973,80.5136,91.9855
194.5584,90.3302,80.7726,91.2347
194.5003,90.6490,80.8886,90.5971
194.3937,92.3505,81.1019,89.8936
192.8818,94.0549,81.4337,89.1767
192.7820,94.3291,81.6333,88.6283
191.3375,96.0181,81.8416,87.9311
191.2887,96.2682,81.9392,87.4308
189.8785,97.9273,82.0928,86.7796
189.8017,98.1251,82.2463,86.3839
189.7488,98.3439,82.3521,85.9464
189.7027,98.5398,82.4444,85.5545
189.6371,100.0497,82.5756,85.1802
189.6502,100.1679,82.5494,84.9439
