1
293.3403,148.7493,44.9225,153.3133
294.0034,147.0444,46.5990,156.7232
294.8791,145.6809,47.9300,159.4501
294.4083,144.7875,48.8715,161.2370
293.9464,144.1839,49.7952,162.4442
295.2802,143.5110,50.3502,163.7900
295.1501,143.1329,50.6104,164.5462
295.1037,142.9281,50.7033,164.9557
295.0919,143.1743,50.7267,164.4634
295.1062,143.4366,50.6982,163.9388
295.1263,143.6487,50.6581,163.5146
293.8022,145.3563,50.0527,163.3530
291.0102,145.2961,49.1564,163.4735
289.5946,145.3800,48.7623,163.3056
288.0807,145.5336,48.5746,162.9984
286.5684,145.6861,48.3915,162.6934
283.4905,145.8502,48.1471,162.3651
281.7766,146.0970,48.3841,161.8717
279.9434,146.4337,48.8623,161.1983
278.0290,146.7000,49.5035,160.6656
272.4295,148.6040,51.1267,160.0495
271.6884,148.8969,52.6089,159.4637
271.1280,149.0029,53.7298,159.2517
270.6184,149.2034,54.7490,158.8508
270.3231,151.0292,55.3397,158.4615
270.1757,151.1122,55.6345,158.2954
268.4981,152.8647,55.7190,158.0611
268.4692,152.8055,55.7769,158.1795
268.5243,152.8866,55.6666,158.0172
267.2939,154.9861,54.8601,157.0855
266.1949,156.6443,53.8190,157.0082
266.3739,156.5271,53.4611,157.2425
265.0365,158.2103,52.9199,157.0921
265.0327,160.1815,52.9274,156.3538
263.1394,162.0828,53.5205,155.7448
259.1152,162.1758,55.1775,155.5587
256.5103,162.2390,57.1642,155.4322
253.8010,162.4497,59.3253,155.0109
251.1291,164.6596,61.3789,153.8813
250.1618,165.6602,63.3135,151.8802
247.4894,168.0031,65.3421,150.5107
245.3172,168.3381,66.3539,149.8406
245.3018,168.0583,66.3847,150.4003
245.2573,168.0144,66.4737,150.4881
245.3018,167.8075,66.3847,150.9018
245.0281,168.4054,66.9322,149.7061
244.6444,169.3509,67.6996,147.8151
244.4663,167.7641,68.0558,147.6538
244.2094,166.7619,68.5695,146.3196
243.8795,165.7730,69.2293,144.9692
243.4888,166.3448,70.0107,143.8256
243.4666,164.4737,70.0552,144.2509
243.0981,162.6034,70.7922,144.6674
241.5934,159.5122,70.4587,147.5069
240.0452,156.8170,70.1767,149.5190
238.0838,156.7484,70.6964,149.6560
228.0761,154.0581,73.6420,151.6228
228.6226,151.2300,76.0430,153.7850
227.7306,148.0809,77.8270,156.5160
231.1731,146.7594,78.2181,159.1590
233.3029,143.7992,77.6421,161.3960
235.1030,143.6288,77.7479,161.7367
234.7646,143.6203,78.4249,161.7537
234.5141,143.7048,78.9258,161.5846
235.7235,141.8059,80.2382,161.6513
234.7418,139.8794,82.2017,161.7494
233.7256,139.7008,84.2341,162.1066
232.6527,137.6093,86.3797,162.4590
231.6704,137.4090,88.3444,162.8596
229.4712,135.5125,88.8306,162.7403
229.8736,135.2238,88.0258,163.3177
232.0236,135.0487,87.6393,163.6679
232.1808,134.9726,87.3248,163.8201
232.8025,134.8770,86.0816,164.0114
233.7811,134.7810,84.1243,164.2034
232.8620,134.8740,82.1030,164.0174
233.7770,135.0475,80.2730,163.6704
234.3625,135.6431,79.1019,162.4791
234.5037,136.3127,78.8197,161.1400
234.1098,138.7563,79.6075,159.9756
233.4270,139.3977,80.9731,158.6928
232.8441,139.7918,82.1389,157.9045
232.4765,142.0722,82.8741,157.0766
232.2398,142.5413,83.3473,156.1385
230.2853,142.9850,83.5287,155.2510
228.6139,143.3939,83.1539,154.4332
228.8730,143.7538,82.6358,153.7134
229.2765,143.8350,81.8287,153.5510
229.5689,143.9006,81.2439,153.4199
229.8481,143.8437,80.6855,153.5336
230.0951,141.7825,80.1916,154.0125
230.4616,141.6660,79.4585,154.2454
232.6607,141.6410,78.6933,154.2953
232.9155,141.6895,78.1836,154.1984
235.1555,141.7897,77.3139,153.9980
237.3778,141.8345,76.4617,153.9083
241.6688,141.7156,75.0321,154.1462
242.4503,141.7198,73.4691,154.1378
247.4740,141.4649,70.4771,154.6477
252.8733,141.5615,66.6441,154.4545
254.1926,140.0988,64.0055,153.9674
257.0439,140.5906,61.6617,152.9838
259.5605,142.7329,59.9312,152.0019
266.1048,141.6210,56.6161,154.2257
266.2921,139.5526,56.2416,158.3625
254.7731,192.0669,59.5843,151.8101
264.8148,201.5255,62.2429,145.8884
263.2861,207.1525,65.3005,141.0561
272.9427,208.7550,68.3487,137.8510
278.2142,210.1640,70.6089,135.0331
283.6402,211.4598,72.5507,132.4414
292.6394,213.8552,73.7140,130.8443
301.0323,216.0925,72.8774,129.5594
311.9997,219.9928,73.0386,128.0719
322.6711,220.3039,73.6570,127.4498
326.9874,220.3864,74.4401,127.2848
2
0
0
0
0
1
279.8950,152.4012,45.5501,102.2108
277.6417,150.5878,47.7729,103.5537
276.7080,150.1180,49.6403,104.4933
275.8187,149.8924,51.4189,104.9446
275.1293,149.4552,52.7977,105.8189
274.6502,151.6548,53.7558,106.3453
274.5876,152.1985,53.8810,107.7449
274.9269,152.2123,53.2024,110.2271
275.1874,153.6190,52.6815,112.4822
275.1590,152.9967,52.7383,113.7266
275.0486,152.2866,52.9589,115.1469
273.8711,152.3165,52.7124,117.6888
272.7383,151.9652,52.3436,121.0256
272.8902,152.7826,52.0398,124.7431
272.9319,149.8356,51.9565,127.9125
273.0488,149.6258,51.7227,131.1010
273.5249,149.8970,50.7704,136.1794
273.8359,146.5219,50.1485,140.0633
274.2966,146.8970,49.2272,145.1343
273.2031,145.8766,48.4479,150.1414
273.4232,146.3789,48.0078,155.1830
273.5278,145.7106,47.7986,159.6061
273.5036,143.6583,47.8470,163.7107
273.2299,142.1378,48.3943,166.7517
272.7911,141.0314,49.2719,168.9645
272.2220,140.2557,50.4100,170.5159
271.5929,139.7754,51.6683,171.4766
272.6165,141.2961,53.0062,171.8203
273.6565,142.7896,54.3410,172.2480
273.0322,142.6043,55.5895,172.6185
274.3710,142.1344,56.3857,173.5583
275.7934,141.9056,57.0424,174.0159
277.1665,141.7346,57.8165,174.3580
276.7794,143.3088,58.5907,174.7488
276.3876,143.2591,59.3742,174.8483
276.0033,143.1010,60.1429,175.1644
273.8169,142.7121,60.9225,175.9422
273.2235,142.3464,62.1093,176.6736
272.4712,142.1638,63.6138,177.0389
269.7784,143.9765,65.3164,177.0965
268.5887,146.2729,67.6958,176.2184
272.9416,150.4732,70.2247,175.3076
271.6300,152.8394,72.8480,174.3522
272.0177,157.2373,75.8825,173.1765
270.2139,160.5552,79.4902,170.3874
268.4435,162.1932,83.0310,167.1114
268.6779,165.8652,86.4452,163.6506
267.1901,166.8117,89.4210,161.7576
265.9702,165.0114,91.8607,161.4438
265.2296,165.2793,93.3419,160.9080
264.8565,163.1314,94.0882,161.2353
264.8144,162.8396,94.1724,161.8190
267.2256,162.1012,93.3461,163.2958
269.8795,159.1267,92.0422,165.2408
270.6695,156.1177,90.4620,167.2485
270.6719,158.6658,90.4573,166.1653
270.8883,158.1472,90.0244,167.2026
270.9128,157.4343,89.9754,168.6284
268.5494,157.8673,90.6770,167.7623
267.4786,161.6123,92.8188,164.2968
267.1339,160.8575,93.5082,165.8063
271.5007,158.8755,92.8622,169.7704
273.5865,155.9236,92.7820,171.5827
275.1975,155.8116,93.6767,171.8069
274.8907,155.9612,94.2902,171.5075
274.7181,156.2019,94.6355,171.0262
275.0677,155.9149,93.9364,171.6002
275.7259,155.6459,92.6198,172.1381
276.3614,155.5968,91.3489,172.2363
276.6016,155.7861,90.8684,171.8577
276.9394,155.7936,90.1928,171.8428
277.0728,158.0749,89.9261,171.3563
279.1742,160.6575,89.7877,170.2556
278.7717,161.2826,90.5927,169.0053
278.7200,155.2885,90.6961,168.8698
280.2545,148.9594,91.6680,169.4049
309.6241,129.7444,89.8467,175.3103
299.9122,129.7397,92.7861,179.4409
281.4353,138.4290,95.8809,178.9918
280.1754,136.8250,98.4006,182.1999
279.0668,133.2795,100.6177,184.9214
278.7273,131.6578,101.2968,188.1649
285.5504,129.9447,101.1710,191.5910
292.5119,124.0970,100.9135,194.1762
299.3958,125.1268,100.9118,196.7052
298.2401,124.6150,103.2233,197.7289
297.5524,124.2864,104.5987,198.3861
297.4073,123.8149,104.8887,199.3291
295.2592,123.3057,104.4522,200.3475
293.0820,123.2693,104.0664,200.4204
288.7073,123.5096,103.3464,199.9398
289.0078,124.0000,102.7455,198.9590
286.6127,127.3071,102.8452,197.0352
283.7160,128.2824,103.9747,195.0846
282.5927,134.1363,106.2213,192.6860
278.7998,135.6559,109.1493,189.6468
274.7240,136.6773,112.6384,187.6041
265.4729,131.9666,117.0668,187.6429
256.1979,126.9832,121.3179,188.0771
245.0731,121.7201,124.1919,188.9156
258.9453,132.1321,125.8741,187.7093
255.7745,130.2323,127.3014,186.5945
252.7974,133.4111,128.3344,185.1581
210.8844,111.9626,123.6622,188.7225
201.7097,108.1276,117.5480,191.4999
194.9973,104.7143,111.6450,193.4945
197.3475,104.6536,106.9447,193.6158
2
0
0
0
0
1
324.6465,166.7322,55.0096,155.2656
326.8549,166.9451,57.0246,154.8399
327.5138,167.0251,58.9531,154.6799
329.8031,166.9200,60.9322,154.8901
330.3697,168.6103,63.1162,154.8267
331.3299,168.3160,64.5512,155.4154
332.5224,169.7406,65.5554,155.9555
333.8455,171.0489,66.3242,156.7539
335.3333,170.8067,66.7888,157.2382
336.8215,172.0728,67.2677,158.1614
338.5721,171.7866,67.2437,158.7338
338.6603,171.3978,67.0672,159.5114
340.3040,171.2830,67.2731,159.7410
341.8633,171.0538,67.6544,160.1994
343.5170,170.6165,67.8607,161.0741
343.2358,170.2423,68.4229,161.8224
344.6019,170.0143,69.2413,162.2784
346.0915,169.5220,69.8337,163.2630
349.5919,169.1262,70.0257,164.0545
353.1202,168.5765,70.1913,165.1540
356.7464,168.1949,70.1990,165.9173
358.5051,167.6980,70.3228,166.9110
360.1196,167.4041,70.7516,167.4989
365.3201,167.4468,71.3721,167.4135
367.2272,167.5107,71.2414,167.2856
371.0069,167.6133,71.0408,167.0804
375.0808,167.6537,70.2387,166.9996
377.2916,167.4019,69.4747,167.5032
379.6177,167.2737,68.4738,167.7596
381.8115,167.4704,67.7234,167.3663
384.0734,167.5961,66.8176,167.1148
386.0589,167.6357,66.4450,167.0356
389.7160,167.3061,66.3118,167.6948
390.8597,166.6474,67.6221,169.0122
389.4788,167.8372,70.3839,170.2726
387.7417,169.4043,73.8581,170.8458
387.9784,171.6520,77.1618,170.1275
388.6848,172.3277,79.5740,168.7761
389.4836,173.0897,81.8237,167.2522
390.1221,174.0391,84.4112,165.3534
390.3788,174.9517,87.7792,163.5281
390.4498,175.6422,91.5495,162.1471
390.6501,176.1170,95.1052,161.1976
391.2366,176.3359,97.9348,160.7598
392.2612,176.2649,99.9293,160.9018
395.7247,175.7968,101.1612,161.8378
402.5092,172.8291,99.9345,163.6593
405.8004,169.7337,97.4726,165.7294
409.2777,168.7113,94.6280,167.7742
412.3264,167.5708,92.6227,170.0553
415.5155,164.6009,90.3359,171.9036
416.6060,163.7964,88.1550,173.5126
419.6334,163.0584,86.1657,174.9886
420.7792,162.2152,83.8741,176.6749
422.0625,161.4866,81.3074,178.1322
423.4005,161.0862,78.6314,178.9329
424.7561,160.7753,75.9201,179.5548
425.8178,162.2045,73.7968,180.6360
424.4836,161.5367,72.5478,181.9716
422.8897,161.3100,71.8210,182.4249
419.2423,161.1643,71.2998,182.7163
417.5635,162.7940,70.7545,183.3598
415.7545,162.3049,70.4701,184.3380
411.8615,162.1259,70.4336,184.6960
410.0660,161.7520,70.1090,185.4437
406.5070,161.1454,69.3855,186.6569
404.7277,158.9147,69.0193,187.1933
401.0584,158.5340,68.5056,187.9548
398.9783,158.3036,68.7382,188.4157
394.8133,158.2385,69.1911,188.5459
392.6632,156.3107,69.5427,188.4529
390.6618,156.1589,69.5920,188.7564
390.8236,154.4436,69.2683,188.2283
391.2470,154.4252,68.4216,188.2650
391.6834,154.3774,67.5488,188.3606
391.9687,154.0154,66.9783,189.0846
391.8732,153.7950,67.1692,189.5254
391.2613,153.7216,68.3931,189.6723
390.7902,153.3891,69.3353,190.3372
390.5977,152.9840,69.7202,191.1474
390.7890,152.4134,69.3375,192.2887
390.9743,151.8188,68.9671,193.4779
391.3377,153.2695,68.2403,194.5915
391.8627,150.5539,67.1903,196.0049
392.3132,149.7269,66.2892,197.6590
394.5343,147.2771,65.8730,198.5326
394.5828,147.0876,65.7759,198.9117
394.6378,146.8536,65.6659,199.3797
394.6424,145.0139,65.6567,199.0201
394.5633,144.7168,65.8149,199.6142
394.2106,144.6127,66.5204,199.8224
393.6322,144.8373,67.6771,199.3733
393.1719,144.9510,68.5976,199.1459
392.8668,143.1242,69.2079,198.7103
392.5976,142.9575,69.7463,199.0437
392.3185,145.4229,70.3046,198.2216
391.7964,145.5849,71.3488,197.8974
393.1760,145.8670,72.7109,197.3333
395.0108,144.4521,73.1792,196.0253
396.4542,145.1934,74.4200,194.5427
395.2020,143.6805,76.9243,193.4397
393.8954,143.7368,79.5376,193.3271
392.7475,144.0082,81.8333,192.7844
392.3357,142.0686,82.6570,192.4280
392.6345,140.1359,82.0594,192.0484
395.1604,140.1298,81.2365,192.0607
397.9024,139.8898,79.9670,192.5407
400.4885,139.4932,78.9937,193.3339
403.1245,139.0420,77.9148,194.2363
403.5927,137.0083,76.9784,194.1168
404.1682,136.7528,75.8273,194.6278
404.4374,136.6851,75.2890,194.7632
402.3293,136.4314,75.3577,195.2707
402.1662,134.5099,75.6840,194.9577
397.6606,133.9871,76.3804,196.0033
395.3080,133.8298,76.9010,196.3178
394.7920,131.7391,77.9328,196.3006
388.0462,131.4002,78.7738,196.9784
383.3408,131.2812,79.7015,197.2164
383.0496,129.1540,80.2839,197.2091
378.3835,129.2789,81.0723,196.9593
376.1263,129.2310,81.3044,197.0552
371.8459,129.0398,81.2895,197.4375
371.7369,126.7513,81.5075,197.7215
367.3876,126.6501,81.6039,197.9239
365.1171,124.3397,81.8393,198.2391
362.7736,124.3454,82.2119,198.2276
362.6573,124.2347,82.4446,198.4490
360.5268,122.1348,82.3773,198.3208
358.3871,122.1901,82.3316,198.2100
358.4345,122.1494,82.2368,198.2914
356.6508,120.1124,81.4821,198.0432
357.2245,120.0739,80.3346,198.1202
357.9349,118.2177,78.9137,197.5467
356.5631,118.2776,77.4050,197.4269
357.3611,114.5584,75.8090,196.4182
358.0576,112.7550,74.4160,195.8443
356.7313,113.1610,72.9214,195.0324
357.2314,113.4735,71.9212,194.4073
355.6331,113.6940,71.0361,193.9663
355.9037,113.9774,70.4947,193.3995
355.9286,114.2582,70.4451,192.8380
355.7073,114.6905,70.8875,191.9733
353.1269,115.2013,72.0201,190.9518
352.6968,115.5335,72.8804,190.2874
350.3366,115.8242,73.5608,189.7060
350.0514,116.0508,74.1313,189.2527
347.6526,116.4476,74.8813,188.4592
347.6393,116.8573,74.9080,187.6397
345.9826,117.2881,74.1832,186.7781
344.4796,119.5294,73.1761,186.3085
345.0963,121.5326,71.9429,186.2901
344.0000,121.5619,70.1698,186.2314
344.9158,121.4865,68.3381,186.3822
343.9214,123.5151,66.4248,186.2272
342.9604,125.3875,64.4815,186.3478
341.8415,127.3507,62.8875,186.2532
340.5188,127.1306,61.7316,186.6933
338.9755,126.6647,61.0318,187.6252
333.8728,127.8819,59.8766,188.9775
332.0760,125.3841,59.6853,190.1884
328.5557,124.6548,59.1288,191.6471
326.7498,122.5894,58.9319,191.9690
322.9634,122.5702,58.8850,192.0073
320.8968,122.7184,59.2087,191.7108
318.8488,122.7689,59.4934,191.6098
314.9672,124.5886,59.6265,191.7855
312.8489,126.6658,60.0431,191.4513
308.3559,127.0676,61.3830,190.6477
304.1886,127.3839,62.0452,190.0150
299.7979,127.5629,63.1476,189.6570
297.1746,127.6525,64.5398,189.4779
292.4997,127.7524,66.1347,189.2780
289.5770,127.9924,68.0765,188.7981
286.7992,128.2226,69.7002,188.3376
285.8216,126.6703,71.6553,187.4875
283.3978,127.2795,72.5252,186.2690
282.5104,126.1565,74.2999,184.5392
281.6992,127.1693,75.9223,182.5136
280.9798,125.8719,77.3611,181.1261
280.2327,128.6379,78.8553,179.5818
275.6266,129.3871,80.0838,178.0834
275.0590,131.4556,81.2191,177.9382
274.6805,133.5812,81.9761,177.6966
273.9961,134.3197,83.3447,176.2194
273.5542,135.2099,84.2286,174.4392
273.0543,135.9461,85.2285,172.9668
272.4145,136.4482,86.5080,171.9624
271.8206,136.6806,87.6958,171.4978
271.0157,137.1131,89.3056,170.6327
266.0998,138.9593,91.0512,170.9834
265.5107,140.7932,92.2295,171.3938
263.0755,139.8625,92.9953,173.2552
260.6700,141.0003,93.6613,175.1246
260.4914,140.5340,94.0184,176.0572
258.4907,140.5709,93.8160,175.9836
256.6078,140.8707,93.3826,175.3840
254.8682,141.2132,92.6789,174.6989
253.1071,141.7272,92.0401,173.6710
251.4187,141.9843,91.2822,173.1567
249.6970,142.4565,90.6115,172.2124
247.8323,144.8340,90.2519,171.5461
245.6992,145.8141,90.4455,169.5860
246.1855,147.8932,89.4729,169.4749
246.9721,147.9747,87.8996,169.3121
247.7021,149.5771,86.4395,170.1068
248.4452,150.9025,84.9533,171.4419
249.0867,150.2869,83.6703,172.6732
249.6676,151.5482,82.5086,174.1262
250.2761,151.0154,81.2916,175.1918
250.8607,150.2000,80.1223,176.8224
253.7014,149.5058,78.4150,178.2110
256.4257,148.6306,76.9307,179.9614
259.0781,147.7674,75.5893,181.6878
264.0771,146.9770,73.5203,183.2685
266.5577,145.0597,72.5096,183.1526
266.8179,144.0490,71.9893,181.2433
266.3686,142.7559,72.8879,179.9355
265.4491,141.1071,74.7268,179.3417
263.4796,139.5206,78.6659,178.5995
262.2255,141.0927,81.1742,179.4295
260.7609,144.4496,84.1033,180.7764
259.4997,143.2377,86.6257,183.2004
255.8971,142.4218,89.6501,184.8321
254.6916,143.6259,92.0613,186.6810
253.6017,142.8533,94.2411,188.2262
250.5408,141.7841,95.9766,190.3645
250.2095,140.3315,96.6392,193.2699
250.0803,136.8048,96.8976,195.8215
250.1464,133.3269,96.7653,198.2340
247.4906,132.3918,97.5006,200.1042
247.3289,131.8394,97.8238,201.2088
247.2879,129.6618,97.9059,200.9259
245.3064,130.4225,97.2333,199.4043
245.6384,131.0484,96.5693,198.1527
245.6992,133.7914,96.4476,197.2384
243.6402,136.0205,96.0094,197.3367
243.7661,137.8063,95.7575,198.3153
241.5999,139.3648,95.5298,199.7583
241.4765,138.7601,95.7767,200.9679
241.1995,139.2445,96.3307,199.9990
241.0035,142.4170,96.7226,198.2487
240.9571,145.1520,96.8154,197.3546
240.9840,145.2037,96.7616,197.2512
240.9396,145.1820,96.8504,197.2946
240.5245,147.2390,97.6806,197.7448
240.3066,146.5585,98.1164,199.1058
239.5942,146.1885,99.5413,199.8458
238.9749,146.5995,100.7797,199.0237
236.2443,145.0442,101.5834,197.4769
235.6658,146.2668,102.7406,195.0317
233.2857,147.2463,102.8680,193.0727
231.2780,144.9899,102.2774,192.9794
231.2626,142.8060,102.3082,192.7527
229.2737,140.7480,101.6943,192.2770
229.2347,136.8124,101.7723,190.9996
227.5225,135.4943,100.6400,189.0792
225.5639,132.3703,100.0481,186.3092
225.3472,131.9136,100.4815,182.7643
225.2808,133.2700,100.6142,180.0516
225.6021,131.9307,99.9717,178.3548
225.7810,132.7633,99.6140,176.6896
226.2171,131.0545,98.7418,175.7984
226.7377,131.4296,97.7004,175.0482
226.9947,131.6666,97.1864,174.5743
227.2791,131.8604,96.6177,174.1867
227.7495,132.1112,95.6768,173.6850
228.4699,131.7087,94.2361,174.4901
229.2615,131.2017,92.6530,175.5041
232.2612,130.4137,90.8256,177.0801
232.9445,129.6286,89.4591,178.6502
235.9331,128.1717,87.6452,181.5641
238.9393,124.5699,85.8075,184.5930
239.6115,121.0788,84.4630,187.3886
242.4369,117.7175,83.0160,189.9075
243.3505,114.7263,81.1887,191.6751
246.0528,111.8974,79.9922,193.1249
246.9185,109.4160,78.2607,193.8799
249.5817,107.3328,77.1222,193.8585
250.0913,103.9076,76.1030,192.3743
250.3066,102.8410,75.6725,190.3797
250.5011,100.1021,75.2834,187.6750
250.8757,101.1424,74.5344,185.5945
251.3655,101.6781,73.5547,184.5230
251.7674,100.0209,72.7508,183.8683
251.9592,100.6615,72.3672,182.5870
251.9489,99.1524,72.3879,181.6851
251.7264,99.7092,72.8328,180.5715
251.5073,100.1898,73.2711,179.6103
251.3245,100.1179,73.6366,179.7542
250.9997,100.3793,74.2863,179.2314
250.5604,101.0745,75.1648,177.8410
250.2233,101.7069,75.8391,176.5762
250.0104,102.3116,76.2649,175.3669
249.8525,102.5451,76.5806,174.8998
249.6032,102.3985,77.0794,175.1931
247.7402,99.4540,76.9083,177.1850
247.7471,94.3360,76.8946,179.5755
247.7050,88.9519,76.9787,182.4294
245.5285,83.7329,77.3317,184.8675
245.1845,81.1327,78.0198,186.0267
244.4864,77.7597,79.4161,184.6320
243.9457,76.3254,80.4975,183.4257
243.4297,75.3449,81.5295,181.3101
240.7142,74.7190,82.8964,178.4981
238.2642,73.8602,83.7494,176.1686
237.8870,72.8439,84.5038,174.1733
235.3380,73.9260,85.5899,172.0090
232.8054,74.6315,86.6558,170.5980
232.3613,74.8315,87.5440,170.1981
230.1801,74.9189,87.9000,170.0232
230.0121,74.9986,88.2361,169.8639
229.8673,75.2391,88.5256,169.3828
230.2944,73.1492,87.6714,169.5513
228.5639,72.9350,87.1333,169.9797
227.1512,72.2031,85.9626,171.4435
227.8309,69.5533,84.6032,172.7456
228.2774,66.9773,83.7102,173.9049
228.8826,64.3946,82.4997,175.0760
227.2935,61.9834,81.6878,175.9080
225.3472,58.4054,81.5920,175.0876
225.5837,55.2796,81.1191,173.3901
225.6152,54.2050,81.0562,171.5977
225.5055,50.9740,81.2755,170.2308
225.1029,49.8342,82.0808,168.6121
222.9332,48.4796,82.5315,167.4326
222.7578,48.8393,82.8823,166.7133
222.5596,46.9416,83.2787,166.6338
222.3594,47.1415,83.6791,166.2340
220.3311,45.6080,83.8540,165.4194
218.1841,45.9299,84.2755,164.7756
217.7791,46.3222,85.0855,163.9910
213.5373,46.5746,85.8231,163.4863
213.4052,46.7183,86.0872,163.1989
213.3522,46.4998,86.1933,163.6358
213.2321,45.8375,86.4334,164.9605
212.9363,43.3961,87.0250,165.9328
202.5853,43.2760,88.0530,166.1732
203.9828,41.5536,89.2138,165.6619
203.9985,41.2149,89.1826,166.3393
202.0682,40.9827,89.0653,166.8036
201.9267,39.0381,89.3484,166.7102
201.1819,35.7269,90.8379,165.3603
200.1546,34.7910,92.8925,163.2404
197.2591,29.9881,94.6880,160.8601
195.9014,28.9855,97.4035,158.8748
196.9164,27.3744,99.3803,158.0901
200.0842,27.3448,101.1011,158.1493
200.1273,26.9000,101.0148,159.0391
198.8900,26.1079,99.4197,160.6233
200.1630,24.9895,96.8738,162.8601
201.4747,23.8812,94.2503,165.0766
202.8845,22.8899,91.4307,167.0591
204.2798,21.9263,88.6402,168.9864
207.4837,21.2875,86.2397,170.2639
210.9253,22.6733,83.3414,171.4772
212.1754,24.3045,80.8412,172.1674
213.1518,24.0788,78.8884,172.6188
211.8379,23.6374,77.6249,173.5014
212.2933,23.2081,76.7142,174.3600
212.2586,23.1203,76.7835,174.5356
210.0380,20.7364,77.3424,175.4214
207.4944,18.5210,78.5248,175.9472
204.6634,16.6941,80.2535,175.6677
203.7910,17.2156,81.9982,174.6247
203.0196,17.6295,83.5411,173.7969
200.4706,17.9900,84.6494,173.0759
199.9682,18.5839,85.6542,171.8880
199.6029,18.8701,86.3847,171.3156
199.2393,19.2085,87.1119,170.6389
197.3025,19.4985,86.9801,170.0588
197.5618,21.7574,86.4616,169.5357
198.1026,24.0848,85.3798,168.8589
198.9149,26.0268,83.7552,168.9243
201.7088,28.2094,82.0897,168.4815
204.5148,32.3682,80.3648,167.9377
205.4474,36.4789,78.4995,167.4144
208.0660,39.1327,77.0711,165.9155
210.3935,43.2481,76.1782,165.2089
212.5926,47.0159,75.5162,165.1456
214.9180,50.3047,74.5890,166.0154
215.3379,51.3689,73.7492,167.6070
217.5430,52.2976,73.0674,169.4779
221.5877,51.6900,72.4647,170.6931
223.2186,51.5253,72.9534,171.0226
224.5956,52.6350,73.9630,168.8031
224.1592,52.0632,74.8359,166.1972
223.6956,50.0753,75.7630,162.7190
225.5340,50.9061,75.7789,161.0574
229.2910,49.4352,75.6026,160.3305
231.1607,49.7642,75.5182,159.6725
233.5080,49.6922,74.4675,159.8166
237.6811,49.6327,73.3770,159.9355
239.6907,51.3190,72.9682,160.1733
241.2980,51.3327,73.3603,160.1460
242.5191,51.8970,74.5313,159.0173
243.5513,52.6369,76.0842,157.5376
243.1622,54.8600,76.8624,156.7141
243.2137,54.7855,76.7594,156.8631
243.5669,54.1969,76.0530,158.0404
243.6700,53.6971,75.8468,159.0399
243.5213,51.2615,76.1442,160.2706
242.8779,49.7121,77.4311,159.7057
244.3440,47.4917,78.1767,160.4687
246.2065,45.4944,78.1536,160.7613
247.7045,43.7612,78.8634,160.5219
249.1817,42.0636,79.6236,160.2025
250.8261,39.5029,80.0579,161.6008
252.6967,34.0705,80.0679,164.9634
252.1435,29.0174,81.1742,167.4689
253.0793,26.0382,83.1589,169.5711
259.4493,23.3793,86.1044,170.9674
260.5003,19.9105,87.9953,173.9121
263.4503,16.9907,90.2325,175.6830
262.2007,16.0948,92.7318,177.4749
265.2004,15.1806,95.1376,179.3033
265.9789,14.4419,97.8513,180.7807
268.8175,13.5459,100.8523,182.5728
269.6910,12.7804,103.5220,184.1037
270.3606,12.0799,106.6677,185.5046
271.2816,11.5649,109.3847,186.5347
272.6421,13.3121,111.2841,187.6606
273.6896,13.2148,113.8585,187.8553
274.6905,13.1859,116.5722,187.9130
275.2828,16.2283,120.1496,186.5903
280.5169,16.5811,124.0878,185.8847
278.2950,17.1854,128.5316,184.6761
283.5585,17.6719,132.7422,183.7032
284.2428,17.7515,136.3409,183.5438
285.0601,17.9248,139.7300,183.1974
283.7698,18.1173,142.3106,182.8123
283.0039,18.2521,143.8424,182.5426
282.7600,18.0436,144.3303,182.9597
282.8549,17.5155,144.1404,184.0158
282.5881,17.1689,144.6741,184.7090
284.6858,16.9857,145.6562,185.0754
284.1709,17.1474,146.6860,184.7522
283.5998,17.5390,147.8283,183.9688
283.1897,17.9188,148.6483,183.2093
282.6535,18.5209,149.7209,182.0052
282.1576,19.3204,150.7126,180.4062
281.8639,20.2122,151.3000,178.6225
281.7508,20.9281,151.5262,177.1906
281.7015,21.5170,151.6247,176.0129
279.4691,21.8219,150.9335,175.4032
280.2656,21.8437,149.3406,175.3594
280.7236,22.1621,148.4245,174.7226
281.0440,22.6628,147.7836,173.7212
278.8662,23.2869,147.0804,172.4731
279.2976,26.3387,146.2175,171.3979
282.3327,27.0229,145.1452,170.0294
282.9114,27.6066,143.9879,168.8621
283.9394,27.8904,141.9319,168.2944
285.2718,27.9346,139.2670,168.2061
289.2473,27.7672,136.1529,168.5409
290.9182,29.6541,132.8111,169.5585
291.8033,29.3424,131.0408,170.1820
295.1947,28.7642,128.9916,171.3383
295.3104,28.8535,128.7603,171.1598
297.6085,28.8086,128.8754,171.2496
299.7010,28.5838,129.4049,171.6991
301.6679,30.6709,130.2013,172.2551
303.5378,30.7628,131.2130,172.0713
305.0781,31.4499,132.8978,170.6971
309.3340,32.0699,133.9294,169.4571
309.1144,32.6193,134.3685,168.3582
309.2990,32.9663,133.9994,167.6643
309.6753,33.2815,133.2469,167.0338
310.0940,33.4820,132.4094,166.6328
310.7651,33.4369,131.0673,166.7232
311.5272,33.4176,129.5430,166.7617
312.4151,33.4275,127.7671,166.7419
313.6788,30.7027,125.2398,167.5636
315.5967,29.4491,121.4040,170.0709
317.6746,28.0975,117.2483,172.7742
319.0305,24.5620,114.5363,175.2988
320.4720,23.2667,111.6535,177.8895
323.6022,20.2196,109.9228,179.4538
323.7334,17.8633,109.6604,179.6423
323.7551,18.1279,109.6171,179.1131
323.6001,16.2225,109.9270,178.4101
323.5523,16.8547,110.0226,177.1455
323.4830,15.5069,110.1613,175.3500
323.6560,16.4125,109.8152,173.5387
323.7360,17.4393,109.6552,171.4851
324.0774,16.2613,108.9724,169.4406
324.4418,17.2036,108.2436,167.5559
325.0304,15.6591,107.0664,166.3268
325.9987,16.2188,105.1299,165.2075
327.0667,14.4633,102.9939,164.4874
330.0961,12.8130,101.1194,163.6037
331.0798,13.0339,99.1521,163.1618
331.7612,11.1180,97.7891,162.8935
332.3538,11.4253,96.6041,162.2790
334.6109,12.0234,96.1338,161.0827
334.7779,12.5532,95.7997,160.0232
335.2495,12.8555,94.8565,159.4186
336.0856,12.9620,93.1844,159.2056
336.9365,12.9255,91.4827,159.2785
337.8082,12.8155,89.7391,159.4987
338.9228,12.6247,87.5099,159.8802
340.0972,12.4112,85.1612,160.3072
339.4895,12.1673,82.5564,160.7951
340.6981,13.5825,80.1393,161.7471
341.6209,15.1733,78.2937,162.3202
342.4332,15.3290,76.6691,162.0087
343.1574,17.1642,75.2207,162.0364
344.0330,17.0445,73.4695,162.2759
344.6704,18.6156,72.1947,162.7798
345.6841,17.5888,70.1674,164.8334
346.1425,16.8130,69.2506,166.3849
348.4297,16.1903,68.3072,167.6304
348.7223,15.6514,67.7220,168.7081
348.9294,13.0249,67.3078,170.3237
348.5906,13.0298,67.9854,170.3140
348.3292,12.9333,68.5083,170.5069
347.7411,13.0606,69.6844,170.2523
347.2392,13.2769,70.6881,169.8198
346.8316,15.4114,71.5035,169.2570
346.2897,15.7445,72.5872,168.5907
347.8665,15.9334,73.1556,168.2130
349.6508,16.2220,73.3138,167.6358
349.2786,17.1255,74.0582,165.8287
349.0787,17.8325,74.4579,164.4148
349.1013,18.3811,74.4127,163.3177
349.2300,18.7595,74.1553,162.5608
349.3741,18.9683,73.8672,162.1431
349.4802,18.9171,73.6550,162.2455
351.5313,18.9792,73.2016,162.1213
351.3481,19.1283,73.5681,161.8231
351.1800,21.0346,73.9043,161.6519
350.8819,21.1248,74.5004,161.4714
350.4315,21.1965,75.4013,161.3280
349.9068,20.7333,76.4506,162.2545
349.1997,20.2822,77.8648,163.1566
348.1858,18.4270,79.8927,163.1314
347.0248,18.5422,82.2147,162.9009
343.8388,18.7000,84.7792,162.5853
338.6606,20.9327,87.4416,161.9670
341.1513,21.2000,90.2274,161.4324
330.5930,23.7265,91.7275,160.3027
333.3700,24.3838,94.0378,158.9879
344.4837,21.9986,95.5205,159.8066
335.8480,21.8594,96.8363,160.0851
344.5034,19.9198,99.6017,159.9490
353.6585,19.5371,101.5900,160.7145
363.2118,15.1119,103.0056,161.3560
362.7200,14.5971,103.9892,162.3855
368.8961,12.1387,104.1459,163.1327
371.3250,9.6028,103.4714,164.0212
2
0
0
0
0
1
332.6979,35.7492,29.9543,130.2542
330.1276,35.9311,32.6988,129.8902
327.6480,37.2728,35.2146,129.6503
325.3616,37.4849,37.2999,129.2261
323.3305,37.3783,38.8415,129.4394
321.4951,37.1971,39.9599,129.8017
319.8908,38.0944,40.5905,130.5853
318.3011,38.3277,41.1689,130.1186
316.7183,38.5091,41.7297,129.7559
315.0533,38.8357,42.4495,129.1025
311.6453,39.2977,44.0375,128.1787
308.4785,39.7445,45.1113,127.2851
306.9355,40.4267,45.5606,125.9207
305.4825,40.8632,45.8414,125.0476
304.0837,41.2434,46.0210,124.2871
304.0783,41.8589,46.0318,123.0562
301.6862,43.7496,45.6303,121.8677
300.6654,44.0773,45.1034,121.2123
299.9199,44.5663,44.0447,120.2343
299.1334,44.8856,43.1013,119.5956
298.3083,46.1537,42.2611,119.5497
296.4664,45.7594,40.9959,120.3384
295.6172,45.6109,40.2316,120.6355
293.3210,46.6363,39.9182,121.0375
291.9674,46.9099,40.1723,120.4903
290.5838,47.0951,40.4898,120.1199
289.3856,48.2863,40.4358,120.1878
288.1228,48.1874,40.5112,120.3857
285.4008,49.0116,41.0460,121.1918
283.7274,48.8657,41.9172,121.4836
280.5004,49.7399,43.3795,122.2310
279.9594,49.3184,44.4615,123.0740
279.6040,48.9211,45.1724,123.8686
279.3845,49.6066,45.6114,125.0865
279.2862,49.4408,45.8079,125.4181
279.1955,49.0843,45.9894,126.1311
279.1660,49.7163,46.0483,127.5032
279.0575,49.6386,46.2654,127.6587
278.9279,49.1357,46.5245,128.6644
279.9449,48.7694,47.1726,129.3969
279.5306,49.9354,48.0011,129.7691
280.0649,49.4587,49.6570,130.7227
280.3587,47.4983,51.8373,131.8755
279.1369,47.3004,54.2811,132.2713
279.4285,47.3349,56.5707,132.2022
279.6931,45.7194,58.9542,132.5207
279.9043,44.1242,61.4909,132.7518
280.2502,42.4502,63.8060,133.0930
282.2167,40.8172,65.9780,133.3065
279.7960,38.8234,67.7261,134.2009
283.8617,38.3725,69.0044,135.1027
293.6823,37.9538,68.3944,135.9400
290.4011,36.2165,68.6096,136.2411
287.3639,36.0300,68.3206,136.6140
297.8624,35.8225,66.4168,137.0290
296.3163,35.6460,66.3537,137.3820
296.8346,35.4596,65.3172,137.7547
275.2441,38.8886,64.4442,137.1902
275.1017,39.9816,64.7289,135.0042
275.1774,42.7733,64.5776,132.5172
275.2828,42.5038,64.3669,129.9987
275.7962,45.4790,63.3400,127.0653
278.1496,48.2199,61.5894,124.5398
282.1573,49.3122,59.3519,122.3552
284.9746,55.8223,56.5355,120.6078
289.2787,55.3416,53.4147,118.8255
293.5174,56.2829,50.2634,116.9429
296.1918,56.9375,47.4949,115.6337
302.6325,57.8922,44.6627,113.7244
303.5417,58.5140,42.8442,112.4806
305.6036,58.8591,41.1044,111.7904
307.4586,59.0486,39.7369,111.4114
309.1768,59.0417,38.6129,111.4253
312.0140,60.0645,37.5229,111.6718
314.6911,59.8409,36.7204,112.1190
316.1486,59.3695,36.0729,113.0618
318.6055,59.0939,35.6971,113.6132
319.7013,59.1080,35.7755,113.5849
321.9541,58.8411,35.8116,114.1187
323.9005,58.5023,36.4773,114.7963
325.8653,57.4289,37.1497,116.9432
327.9543,57.1875,37.6595,117.4259
329.0270,56.8167,37.8743,118.1675
330.1088,56.0454,38.0852,119.7101
331.1222,55.5522,38.4588,120.6964
332.1508,55.2575,38.8229,121.2858
331.6971,55.3201,39.7304,121.1607
332.4247,54.2696,40.7263,120.8104
333.2604,54.2471,41.5195,120.8555
332.6528,54.4754,42.7348,120.3989
332.1811,55.9276,43.6782,119.9897
331.9529,56.3162,44.1346,119.2125
332.2213,56.6091,43.5977,118.6266
333.7557,56.7957,43.0144,118.2535
333.3481,57.0368,43.8297,117.7713
335.2006,58.7607,45.0795,116.8009
338.2266,60.5320,46.4853,115.7442
339.2016,60.7846,47.0312,115.2391
340.2264,62.4104,47.4799,114.4858
342.0135,62.8017,46.4013,113.7032
344.3328,62.8581,44.2276,113.5903
347.6640,63.1465,42.4144,113.0135
349.2680,63.8079,41.5901,111.6908
350.6896,64.7606,41.0969,109.7853
353.2142,64.3541,40.6751,108.2846
355.0442,65.9053,41.5843,107.4669
357.8972,67.0571,42.7460,107.4526
363.7951,66.7717,42.4993,108.0232
364.2159,66.0239,41.6575,109.5188
365.5505,66.5455,41.3084,110.7957
371.4321,65.9393,41.2053,112.0080
371.3826,66.8946,41.3042,112.4450
371.5419,66.7890,40.9857,112.6561
375.4911,65.5552,40.1456,112.7710
376.9001,65.8118,39.6671,112.2578
381.8260,66.0126,39.1081,111.8562
381.5807,66.5500,39.5987,110.7813
384.1294,66.9250,39.1032,110.0313
387.6482,67.7199,38.9091,108.4416
389.0664,68.2901,38.3277,107.3011
394.0602,68.4818,37.2526,106.9178
394.2856,67.4046,36.8019,106.8689
394.5565,66.4077,36.2600,106.6685
394.7484,66.2624,35.8763,106.9592
394.8427,66.2821,35.6875,106.9198
394.5461,66.6619,36.2810,106.1602
394.2944,66.5600,36.7842,106.3639
394.2383,66.0911,36.8964,107.3019
394.1041,66.7582,37.1649,108.1697
394.1614,67.2667,37.0503,109.3721
394.2799,67.8325,36.8132,110.4750
394.2126,67.6473,36.9479,110.8453
392.1000,68.5492,36.6660,111.2951
390.8496,69.6146,36.9119,111.4192
389.9368,69.8904,36.4766,110.8674
390.0860,71.0287,36.1781,110.8361
389.0450,72.3916,36.0209,110.3497
388.1469,73.6634,35.5876,110.0355
388.1761,75.9673,35.5292,109.8618
388.0885,78.1624,35.7043,109.8987
388.0541,79.1723,35.7730,110.0962
389.2036,80.0095,35.6955,110.6432
389.2477,82.1872,35.6072,110.7432
389.2476,83.2188,35.6074,110.9075
389.2373,85.8122,35.6280,110.1805
389.2618,86.8642,35.5790,110.2964
389.0446,89.4109,36.0135,109.6441
387.7091,90.8471,36.4650,108.9911
387.4515,92.2425,36.9803,108.4187
386.3106,95.0032,37.0425,107.3364
386.2677,96.3961,37.1283,106.7558
386.3139,97.5539,37.0359,106.6389
386.3850,98.8599,36.8938,106.2221
386.4758,100.0461,36.7122,106.0364
386.5262,100.0268,36.6114,106.0749
386.6460,100.9907,36.3717,106.3265
386.8864,101.8406,35.8908,106.8054
386.0189,101.8450,35.4493,106.7966
385.1083,102.9433,35.1019,106.7686
385.1681,104.0948,34.9824,106.6272
385.1540,105.4117,35.0105,106.1510
387.2992,106.8036,35.0227,105.5186
387.1964,107.1775,35.2283,104.7708
388.2221,108.3130,35.3125,104.6354
389.1404,108.6382,35.6112,103.9850
390.0501,110.0798,35.9231,103.2333
391.0470,110.4697,36.0558,102.4533
390.9333,111.0556,36.2831,101.2815
390.9600,112.4768,36.2297,100.5443
391.0649,112.7449,36.0199,100.0080
391.0658,112.7618,36.0181,99.9742
391.2338,113.8841,35.6821,99.8113
390.3459,115.9016,35.3848,99.9225
389.4807,118.0932,35.0459,99.6780
389.3144,119.3248,35.3785,99.2745
386.9740,121.5138,35.9394,99.0164
386.8220,123.4272,36.2433,99.3225
385.7032,125.3308,36.4046,99.6678
385.7704,128.7464,36.2701,99.0891
383.7408,129.8912,36.1826,98.8731
383.7390,134.3541,36.1862,98.2223
382.8333,136.3753,35.9380,98.2990
383.0731,138.4389,35.4583,98.2842
382.3408,140.8548,34.8757,97.5469
382.5060,145.6584,34.5453,96.0445
380.6364,146.4450,34.2870,94.4711
379.7802,148.1991,34.0280,92.9346
378.7787,148.4907,34.0862,92.3513
373.0401,149.5086,33.9380,92.2532
373.0222,149.6633,33.9737,91.9438
373.1479,149.6140,33.7222,92.0423
371.0690,149.5366,34.0270,92.1971
369.8194,149.5853,34.5919,92.0996
368.6842,149.4436,34.9193,92.3831
368.9394,149.1858,34.4087,92.8988
369.0750,149.4554,34.1375,94.3106
369.1677,149.1215,33.9523,94.9786
368.1229,147.9401,34.0690,95.3686
366.9782,145.8728,34.3781,95.5424
365.6767,144.3731,34.9925,96.5532
364.5470,142.6715,35.2378,97.9425
364.2875,139.3246,35.7568,98.5211
364.1567,137.4010,36.0185,100.3123
364.0560,134.5549,36.2199,101.8316
363.8323,133.6404,36.6673,103.6605
363.2739,132.8070,37.7841,105.3273
362.7505,131.9374,38.8308,107.0666
362.3728,131.3198,39.5863,108.3018
362.0388,130.5855,40.2542,109.7704
361.8382,131.1283,40.6555,110.9832
362.9984,131.5482,40.6580,112.4662
364.2975,132.2116,40.4039,113.4835
365.5173,132.8291,40.3184,114.6027
366.5288,132.5622,40.6641,115.1365
368.8229,132.2354,40.8407,115.7902
368.6103,134.3234,41.2659,116.4041
370.8156,136.1669,41.6783,117.5399
370.6607,136.8340,41.9881,118.6410
370.4099,137.6096,42.4897,119.5463
371.5712,138.2537,42.6456,120.7367
372.6696,137.8372,42.9472,121.5696
372.3909,138.5116,43.5046,122.7366
373.1192,137.9628,44.5906,123.8343
373.8666,137.5102,45.6737,124.7395
373.3035,137.1263,46.7999,125.5072
374.1604,136.8267,47.7280,126.1065
373.6889,137.9643,48.6709,126.4984
374.6290,137.9006,49.4803,126.6258
375.7346,138.0685,49.9752,126.2899
375.9119,136.7609,49.6205,126.1951
376.1111,135.2669,49.2221,126.4809
377.6686,135.9525,48.8064,127.8089
380.7647,136.3643,48.0360,129.6963
383.6122,136.8447,47.7891,131.4594
386.2059,136.7062,48.0914,131.7365
387.6086,136.5037,48.0404,132.1415
388.7959,134.5213,48.4249,133.3472
390.0006,133.7935,48.7988,134.8026
391.3589,132.9849,48.8931,136.4199
394.1238,130.6771,49.0348,138.1997
395.6342,129.7162,48.8778,140.1216
395.4803,128.7846,49.1857,141.9848
396.9107,129.1970,49.2454,144.0805
398.3526,129.7318,49.3132,145.9625
398.3623,130.2762,49.2938,147.8531
398.3725,129.3891,49.2733,149.6274
398.3291,127.3297,49.3601,150.7152
398.2318,125.1253,49.5546,152.0759
396.5331,122.9934,49.8811,153.2687
396.2849,122.1802,50.3775,154.8952
395.9481,121.4374,51.0512,156.3807
395.5015,119.2768,51.9443,157.5423
395.1336,118.7281,52.6802,158.6398
394.7821,118.0323,53.3832,160.0314
394.4005,117.3812,54.1463,161.3336
394.1042,116.6949,54.7389,162.7061
393.7124,115.7334,55.5225,164.6292
393.4239,114.6816,56.0995,166.7327
392.9276,112.1751,57.0921,168.3463
396.0061,111.3757,57.8160,169.9452
395.5937,110.7579,58.6409,171.1809
395.1353,112.1416,59.5576,171.9226
396.3033,113.7480,60.7580,172.2460
397.4752,115.2746,61.9769,172.7556
398.7592,115.1192,63.0011,173.0665
398.2988,114.9872,63.9220,173.3305
397.8419,113.2897,64.8358,173.0899
397.4604,113.1778,65.5987,173.3137
398.8859,113.1823,66.4133,173.3048
398.6085,111.1577,66.9682,173.6738
398.1617,110.6586,67.8617,174.6721
397.7253,112.3842,68.7344,174.9466
397.5604,114.0145,69.0644,175.4312
399.2898,115.4665,69.3637,176.2853
401.0212,115.0174,69.6766,177.1835
404.9671,118.4637,69.3733,177.8794
404.3680,118.7272,70.5716,177.3524
405.5618,120.9400,71.9967,176.7396
409.0589,121.2622,72.6610,176.0952
408.6231,123.3641,73.5326,175.7231
410.1559,123.3296,74.3090,175.7921
411.8615,123.3357,74.7545,175.7800
411.7227,123.2024,75.0320,176.0466
413.6146,123.1330,75.1214,176.1854
415.4166,121.1743,75.3943,176.2261
417.3677,119.2672,75.3742,176.1581
417.5029,113.4037,75.1038,176.2426
417.5124,111.6831,75.0848,175.8066
419.6079,108.0429,74.7644,175.3455
419.8670,108.2991,74.2463,174.8333
418.4402,108.3898,73.2580,174.6518
418.5676,108.6051,73.0033,174.2213
418.7950,110.5773,72.5484,174.0877
419.0274,112.1661,72.0837,174.7108
417.2837,113.6402,71.7696,175.5642
417.1932,115.2550,71.9505,176.1431
417.0592,118.6982,72.2185,176.8964
416.8782,120.6228,72.5804,176.8826
417.1064,122.6267,72.1240,176.7166
417.3542,124.6199,71.6286,176.5614
417.4604,124.6682,71.4162,176.4650
417.7096,126.6309,70.9177,176.3544
417.8256,128.4701,70.6858,176.4807
417.7956,128.5046,70.7457,176.4116
417.6739,128.6371,70.9892,176.1465
417.3780,130.8743,71.5808,175.4751
417.2011,131.0617,71.9347,175.1002
417.3500,130.9556,71.6369,175.3125
417.5757,130.8000,71.1855,175.6237
417.6665,130.6706,71.0038,175.8824
419.3758,130.8693,71.3845,175.4850
421.1233,131.2453,71.6899,174.7331
422.9478,131.5979,71.8357,174.0278
423.0009,131.8389,71.7295,173.5459
423.1360,132.2468,71.4594,172.7300
423.4450,132.3967,70.8413,172.4302
425.6882,134.2968,70.1016,172.3766
425.9635,134.0527,69.5510,172.8647
428.0718,133.7436,69.0642,173.4830
428.2296,135.2389,68.7486,174.2226
428.3160,134.7600,68.5758,175.1803
428.5197,134.4747,68.1684,175.7509
428.8541,134.3857,67.4997,175.9290
429.1831,134.4307,66.8417,175.8388
429.4681,136.3624,66.2717,175.6997
429.5755,136.2362,66.0568,175.9520
429.6033,136.3501,66.0013,175.7243
429.6379,136.8169,65.9320,174.7906
427.7788,139.0808,65.9575,173.9556
425.6705,139.6109,66.4929,172.8954
421.6868,140.1008,67.1091,171.9156
420.6125,140.3602,65.5851,171.3967
420.8640,138.4060,65.0822,171.6673
421.3404,136.4970,64.1293,171.8526
422.2579,136.0526,62.2942,172.7414
418.9263,136.0633,61.7619,172.7200
419.1302,134.1826,61.3543,172.8938
417.1746,132.7647,61.6827,172.1466
411.7296,130.9778,61.8382,172.1423
411.8922,127.4074,61.5130,172.1212
408.5434,125.6002,61.0612,172.1611
406.6443,122.2640,61.2921,171.6991
404.7639,120.4730,61.4882,171.7165
403.0403,118.5495,61.3670,171.9951
401.2058,116.8421,61.4658,171.8396
400.8421,113.5578,62.1931,171.2685
400.4800,112.2377,62.9173,170.3338
400.3207,112.1881,63.2360,170.4331
401.7224,110.1595,64.0142,170.9086
405.4700,100.5975,63.7242,172.0199
409.3343,95.4088,63.2220,175.1706
403.6928,96.0109,67.2066,173.9666
403.2387,95.8650,68.1147,174.2583
402.5447,95.4930,69.5027,175.0022
403.9193,95.3773,70.5133,175.2338
403.6929,93.3078,70.9662,175.5915
403.6830,91.1894,70.9860,176.0339
403.7950,91.2222,70.7619,175.9684
403.6365,89.5498,71.0789,175.5170
403.4797,89.8100,71.3925,174.9966
403.3615,88.2873,71.6291,174.2485
403.4630,88.4062,71.4259,174.0107
403.2993,88.4840,71.7533,173.8550
403.1706,88.6046,72.0108,173.6139
403.2057,88.4784,71.9407,173.8664
403.2466,86.2999,71.8587,174.4366
403.3433,84.1995,71.6654,174.8436
403.4020,84.0684,71.5480,175.1058
405.3880,83.9663,71.3737,175.3101
405.4752,83.8357,71.1994,175.5712
407.3972,83.7347,71.1535,175.7732
407.3958,81.7935,71.1563,175.8552
409.4087,81.6796,70.9322,176.0831
409.4890,81.6788,70.7717,176.0847
411.6222,81.7294,70.3032,175.9834
411.8026,81.7007,69.9424,176.0408
412.0159,83.2205,69.5159,176.7839
412.0685,83.3955,69.4105,176.4338
412.2473,85.1680,69.0530,176.6677
412.4817,87.1045,68.5842,176.5704
412.7799,87.2579,67.9877,176.2635
413.0113,89.1380,67.5250,176.2542
413.2216,91.1612,67.1044,175.9500
413.4641,91.5864,66.6195,175.0996
413.7179,93.5388,66.1119,174.9043
414.0841,95.4083,65.3794,174.8629
414.3751,97.3012,64.7975,174.7610
414.6028,99.0754,64.3419,174.8844
416.5245,100.8540,64.1641,174.9927
416.4541,104.5762,64.3047,174.8757
416.4149,106.6300,64.3833,174.4329
416.4371,108.6335,64.3388,174.0856
416.3095,112.4821,64.5939,173.6962
416.3273,114.5383,64.5585,173.2366
414.3397,116.5111,64.8879,172.9368
414.1494,120.2621,65.2685,172.7296
414.0572,122.3877,65.4529,172.1296
412.0594,126.2864,65.8024,171.6241
411.9795,126.6093,65.9623,170.9783
410.0635,130.1392,66.1558,171.1956
410.0859,131.9819,66.1109,171.1554
410.0659,135.5273,66.1508,171.3521
408.2589,137.4018,66.1178,171.2505
408.3678,137.5579,65.8998,170.9382
408.4325,137.7136,65.7704,170.6268
408.8301,139.6405,64.9752,170.4030
408.8185,139.7357,64.9983,170.2126
408.8171,139.6865,65.0013,170.3112
408.8931,141.3057,64.8492,170.6845
408.6469,141.4016,65.3417,170.4926
408.4640,141.4176,65.7074,170.4607
408.3540,141.4041,65.9274,170.4877
408.2584,141.3899,66.1187,170.5160
410.0001,139.3529,66.2699,170.9554
409.8410,139.2211,66.5882,171.2190
409.7929,139.2148,66.6844,171.2315
410.1816,139.3174,65.9070,171.0264
410.5992,139.3148,65.0719,171.0314
413.2187,139.1899,63.4562,171.2812
415.8712,139.3495,61.7488,170.9621
416.4164,141.2097,60.6586,170.8041
415.9721,141.1376,61.5472,170.9484
417.6505,138.7850,61.7490,172.0951
417.8771,138.5067,61.2958,172.6516
419.8244,137.1598,60.9795,171.7670
419.7083,137.2413,61.2117,171.6041
419.4943,137.0471,61.6397,171.9924
417.7112,136.9983,61.6308,172.0901
417.9830,136.4665,61.0870,173.1536
417.6551,136.1899,61.7429,173.7068
417.4485,135.9728,62.1561,174.1411
417.3310,135.8431,62.3912,174.4004
417.2248,135.8436,62.6035,174.3994
417.2892,135.8253,62.4748,174.4361
417.2145,134.2234,62.6241,174.0146
417.5479,134.0858,61.9573,174.2898
417.6751,134.3851,61.7028,173.6913
418.2668,134.8010,60.5196,172.8593
416.8888,134.4979,59.7083,173.4656
415.1385,136.0691,59.6479,173.8844
414.9816,136.3386,59.9616,173.3454
416.8503,134.7050,59.7881,173.0485
414.4942,134.5858,60.9437,173.2869
410.6683,134.7746,65.0146,169.3283
404.2202,135.0546,67.1171,168.7682
404.1762,134.7583,67.2051,169.3609
404.0540,134.5502,67.4496,169.7771
403.8771,134.4320,67.8033,170.0134
403.6916,134.6349,68.1743,169.6076
403.4871,134.8938,68.5833,169.0898
403.3454,135.1927,68.8667,168.4921
403.3145,133.4118,68.9286,168.3992
403.2257,133.4860,69.1061,168.2508
401.2250,133.2341,69.4520,168.7546
401.0984,132.0663,69.7052,171.0902
400.9545,130.5606,69.9930,174.1015
400.6073,129.2090,70.6875,176.8047
400.2514,128.0964,71.3992,179.0299
399.6854,126.9340,72.5313,181.3549
398.9858,124.8946,73.9304,185.4336
397.9654,120.5741,75.9713,190.0857
396.7937,118.7531,78.3146,193.7275
397.8217,114.3795,80.4454,198.2881
396.8633,109.7650,82.3620,203.2268
396.0170,104.5910,84.0548,209.1793
395.0009,95.4759,86.0868,213.8748
394.1544,93.0263,87.7798,218.7739
395.6486,88.8029,89.5076,222.5047
394.9808,87.5662,90.8433,224.9781
394.6311,86.4743,91.5426,227.1620
394.4201,85.5977,91.9646,228.9150
394.3208,87.1205,92.1633,230.8063
394.2433,88.7732,92.3181,232.4685
393.9670,88.3899,92.8708,233.2351
393.7170,90.7087,93.3708,233.6126
390.8054,90.6682,94.1645,233.6937
390.3759,90.8525,95.0236,233.3251
389.9009,91.1367,95.9734,232.7567
386.8604,91.8816,96.9908,231.2669
384.0077,94.6151,97.6361,230.8599
383.2566,95.1259,99.1385,229.8385
383.2083,95.2961,99.2349,229.4981
380.7630,95.2911,99.0513,229.5080
380.3691,94.9390,99.8391,230.2122
377.1981,95.1355,101.0859,229.8192
373.9524,95.5705,102.4657,228.9492
372.7149,97.2297,104.9406,225.6308
369.0978,98.4867,107.0565,223.1169
365.3513,99.2710,109.4307,221.5482
364.0279,102.5574,112.0777,220.1123
352.4018,97.4718,114.6829,219.9602
348.4920,94.9518,117.2983,219.7957
377.1220,108.0833,123.0005,214.5202
372.0714,107.3036,127.8356,210.8133
369.9474,109.0922,132.0835,207.2362
367.7734,107.7103,136.4314,204.6893
366.9493,109.1561,138.0797,201.7977
366.1194,110.8290,139.7395,198.4520
365.9891,112.5054,140.0000,195.0991
364.2878,113.5421,138.1434,193.0256
360.4008,114.5757,135.5229,190.9585
359.0216,115.3152,133.1582,189.4795
357.5325,116.2027,131.0750,187.7044
356.0374,117.2611,129.0648,185.5878
356.3034,120.7436,128.5328,183.5577
354.4572,121.2849,127.3297,182.4752
342.5685,121.9624,126.8098,181.1202
342.7733,120.2885,126.4001,179.6377
343.2971,120.6216,125.3525,178.9715
341.4159,120.7880,124.3410,178.6385
338.3155,121.4269,125.7897,177.3608
337.0880,122.6569,128.2448,174.9008
336.6226,123.6461,129.1756,172.9225
331.3387,124.7970,130.2533,170.6207
329.5962,124.9788,129.0109,170.2571
327.5900,125.4855,128.3216,169.2435
326.2575,125.2171,126.3116,169.7804
327.6611,124.8829,123.5045,170.4487
326.8462,124.3367,120.5199,171.5412
326.3958,123.6740,116.8389,172.8666
328.3387,120.7965,112.9530,174.0807
327.3405,120.4454,110.4550,174.7830
328.5080,120.3673,108.1198,174.9390
329.8103,120.1464,105.5152,175.3809
331.3723,119.8287,102.3912,176.0163
332.7283,121.7478,99.6792,176.5239
333.8194,123.8419,97.4971,176.6432
334.4276,126.0963,96.2806,176.4064
342.2007,128.1790,93.4774,176.4885
343.0291,130.7607,91.8207,175.5261
355.3492,131.1314,87.9719,174.7846
357.0544,133.7451,84.5616,173.6382
358.7574,134.1046,81.1555,172.9193
362.2782,136.8041,78.0493,171.4556
365.8420,139.2633,74.7815,170.3970
367.3424,141.6424,71.7806,169.4259
368.5244,142.1270,69.4167,168.4567
369.7971,144.2741,66.8713,167.8263
370.8796,144.3175,64.7064,167.7396
371.6436,146.3170,63.1784,167.3100
374.0866,148.5362,61.8282,166.4076
374.4707,150.6982,61.0600,165.5823
374.5404,150.9094,60.9206,165.1599
374.3840,151.1523,61.2334,164.6741
376.1011,153.0327,61.2622,164.3764
378.0630,154.6241,60.7978,164.6529
381.6784,156.4749,60.4769,164.4063
383.5131,156.9333,60.2532,163.4894
383.5616,159.4247,60.1561,161.9352
386.8835,162.1059,60.3212,159.9772
386.7012,164.9737,60.6859,157.6209
388.1135,165.9633,61.2134,155.6418
389.3900,167.0025,61.9934,153.5634
390.1070,171.7295,63.8767,150.7437
388.6896,175.0228,66.7114,147.4669
387.7274,179.6207,68.6358,144.8960
386.9586,180.9410,70.1734,142.2554
384.6855,181.6252,71.4227,140.8870
384.3920,182.0076,72.0099,140.1222
384.2049,182.0522,72.3841,140.0329
384.0151,182.0053,72.7636,140.1267
383.8245,181.8246,73.1449,140.4883
383.5458,181.6556,73.7022,140.8262
383.4710,181.4835,73.8518,141.1704
383.4209,181.4422,73.9520,141.2530
383.4327,182.9889,73.9283,141.5070
383.5030,182.7851,73.7878,141.9146
383.3211,182.8423,74.1516,141.8002
381.1864,182.8442,75.0622,141.7963
379.0824,182.6541,75.8957,142.1766
378.3119,182.7471,77.4368,141.9906
375.7578,183.0407,79.1270,141.4033
374.9928,183.3442,80.6569,140.7963
374.3613,181.9804,81.9200,140.0688
373.7671,180.5781,83.1084,139.4076
373.1778,179.0411,84.2870,139.0056
372.5671,177.4023,85.5083,138.7933
372.0974,173.8941,86.4477,138.7952
370.1397,170.2884,86.8400,138.9603
370.2193,166.5957,86.6809,139.2813
368.9695,164.7240,85.6461,139.4904
369.5422,162.7727,84.5008,139.8730
367.4443,158.8260,81.6837,140.7536
367.4953,154.8064,78.1097,141.8489
367.8467,152.7300,73.9796,142.5744
368.2191,150.7544,69.8676,143.1583
368.1471,148.7576,66.7068,143.8471
369.4171,145.4759,64.1668,143.8911
370.4746,142.2670,62.0519,143.8774
371.1845,141.0143,60.6320,143.2043
371.8177,140.5515,59.3655,140.9866
372.5031,140.2772,57.9949,138.4460
373.0574,141.4984,56.8863,136.0037
375.7075,142.2756,54.5591,134.4493
379.8181,141.4402,52.1565,133.2108
381.6053,140.9887,51.4307,131.2654
382.2582,140.8410,52.9324,128.7531
377.7088,134.2527,53.6366,130.7369
377.2823,126.2361,54.4896,132.5734
378.9354,121.2373,56.9454,133.9280
385.5882,121.9858,61.3046,132.4309
395.3700,121.4163,65.7339,133.5699
396.2211,122.1289,70.2174,135.2375
394.5657,121.4375,73.5280,136.6204
398.8392,119.7876,78.0687,136.6483
410.2534,157.1510,85.3882,128.9168
408.8264,158.8214,91.5998,122.2186
361.6751,131.1374,85.1451,127.2078
362.6947,129.2907,79.7781,130.9012
364.8012,131.7329,75.5652,132.6035
364.9037,133.1037,72.1128,133.1093
362.9336,133.3368,69.6610,132.6431
362.8021,133.7448,66.7771,131.8270
362.6805,134.1147,63.9349,131.0871
362.5993,134.2931,61.0719,130.7304
362.1698,134.4140,58.9606,130.4886
361.2546,134.5800,57.8611,130.1566
360.2135,134.8237,57.0378,129.6691
360.7557,134.7028,55.9533,129.9111
359.4654,136.2295,55.6654,129.7261
358.0687,136.0570,55.5982,130.0710
356.5984,137.1076,55.6742,130.8343
356.4674,136.7722,55.9361,131.5052
354.9886,137.8692,56.0024,132.2024
354.8918,139.0387,56.1962,132.7659
354.7604,140.2668,56.4589,133.2238
353.3517,141.5173,56.3509,133.6480
353.2886,144.1358,56.4773,134.2702
351.7758,145.4692,56.5620,134.5442
351.6747,146.8844,56.7642,134.6601
351.5069,148.4104,57.0999,134.5595
351.2375,150.0410,57.6386,134.2543
349.5004,150.1297,58.1517,134.0770
349.3137,151.5060,58.5252,134.2920
349.2615,152.9549,58.6294,134.3713
349.3198,155.7680,58.5130,134.7057
347.8648,157.2199,58.4398,134.7851
347.8952,160.4207,58.3791,134.3494
346.3541,160.6583,58.4856,133.8741
346.4589,162.2283,58.2760,133.7048
346.4356,163.9486,58.3226,133.2286
346.3487,164.1208,58.4965,132.8841
346.3340,165.6151,58.5259,132.8519
346.3621,165.8394,58.4697,132.4034
344.9849,166.1274,58.2751,131.8273
345.1725,167.6417,57.9000,131.7359
345.3825,169.2281,57.4799,131.4925
344.2094,170.8318,56.9078,131.2033
344.3251,170.9742,56.6763,130.9186
343.0669,172.7854,56.2969,130.1920
343.2905,172.8684,55.8498,130.0259
342.1341,173.0230,55.2942,129.7168
341.0514,173.0642,54.6056,129.6344
341.3937,173.2244,53.9209,129.3140
340.2930,173.2496,53.2985,129.2635
339.1872,174.4947,52.6980,129.5855
337.7793,175.9538,52.7078,129.4732
336.0727,177.4233,53.3165,129.3388
334.3140,178.9170,54.0204,129.1649
332.3025,179.0469,55.2199,128.9051
329.0198,179.1522,56.1032,128.6945
327.2154,180.6431,56.8587,128.5663
323.9792,180.7129,57.6010,128.4267
322.3231,180.8008,58.0374,128.2509
322.1908,182.3374,58.3020,128.0588
320.8925,183.7836,58.0155,128.0493
319.6336,185.1255,57.6555,128.2433
316.9720,186.4603,57.2300,128.4480
317.4710,187.7887,56.2321,128.6610
314.5607,188.0216,56.3421,128.1951
313.3042,188.2268,56.0046,127.7847
310.7416,188.3561,55.4526,127.5262
309.3856,189.8797,55.3396,127.3040
305.2401,190.2268,55.1709,126.6098
305.2206,190.6873,55.2098,125.6889
302.4853,192.5008,55.0920,124.8561
298.5146,195.6046,54.6930,124.2087
297.5889,195.5733,53.7809,124.2713
295.0697,195.7256,53.3224,123.9666
292.7220,194.5173,52.5456,123.6473
290.1346,194.5815,52.2852,123.5189
288.8760,194.7132,52.0913,123.2556
284.8790,194.6018,51.9736,123.4783
283.7527,194.6208,51.5212,123.4403
281.3398,194.3840,50.9540,123.9138
278.8322,194.3829,50.5828,123.9162
277.7188,194.5033,50.1227,123.6754
273.5000,194.7355,50.5355,123.2110
272.1285,195.0069,50.6028,122.6681
269.2327,195.5364,51.0563,121.6092
266.2495,197.3948,51.6991,120.5540
263.1572,197.7246,52.5680,119.8945
258.7812,198.0249,53.3287,119.2938
256.9315,199.5776,54.3598,118.8570
251.3822,199.6162,54.7380,118.7797
251.2183,199.6245,55.0658,118.7632
248.5675,201.0315,54.9851,118.6402
245.9241,202.4410,54.8959,118.5092
243.0204,202.5202,55.3346,118.3507
240.3862,202.4744,55.2232,118.4423
239.1832,202.4278,54.9401,118.5355
236.6412,202.4727,54.6529,118.4457
235.4656,204.0020,54.3247,118.0664
232.9703,204.0729,53.9793,117.9246
230.4263,204.1506,53.7474,117.7693
227.8512,204.1301,53.5906,117.8102
226.5094,204.0819,53.6227,117.9067
225.2974,204.0214,53.3932,118.0276
