1
284.9892,158.2568,133.0216,137.4863
286.2798,158.7906,130.4404,136.4188
287.3167,158.8777,128.3667,136.2445
288.3782,159.3067,126.2436,135.3866
289.0968,159.4905,124.8064,135.0190
289.3819,157.2972,124.2362,135.3147
290.0091,157.2170,122.9818,135.4751
290.3496,157.3029,122.3008,135.3032
290.5976,157.2137,121.8049,135.4816
290.7727,157.6217,121.4546,134.6656
288.8193,157.9175,121.3293,134.0741
288.8155,157.7654,121.3369,134.3782
288.5577,157.8555,121.8525,134.1980
286.3558,157.5396,122.2252,134.8299
286.1924,157.6035,122.5521,134.7021
285.8354,157.6812,123.2659,134.5466
283.3163,157.6424,124.2452,134.6243
282.9837,157.2166,124.9103,135.4759
282.6395,156.7935,125.5989,136.3220
280.0165,156.3960,126.7209,137.1171
279.5063,156.0457,127.7413,137.8176
277.1202,155.7722,128.3322,138.3647
276.8592,155.1609,128.8542,139.5871
276.4075,154.6921,129.7575,140.5248
271.9414,154.3416,130.1787,141.2259
271.7605,153.7072,130.5404,142.4946
269.2068,153.5284,131.3490,142.8523
269.0121,152.6607,131.7385,144.5877
266.4298,152.3525,132.5527,145.2040
266.2995,152.0055,132.8134,145.8981
266.0079,151.4322,133.3965,147.0446
263.3150,152.6390,134.3673,149.0461
263.0778,154.6926,134.8416,149.4007
260.5876,154.5668,135.3473,149.6522
260.2162,156.6373,136.0900,149.9981
257.3352,156.3251,137.3480,150.6225
257.0105,157.9123,137.9975,151.9818
256.4630,157.4192,139.0924,152.9679
253.5682,158.8057,140.2840,154.7930
253.0024,158.1259,141.4156,156.1527
252.3872,159.6218,142.6460,157.8456
249.3326,158.8028,144.0246,159.4836
248.9064,158.1422,144.8770,160.8047
248.3295,159.3868,146.0308,163.1278
247.7494,160.9801,147.1910,164.8079
244.8749,160.5423,148.0286,165.6836
244.3014,159.4311,149.1756,167.9060
243.9417,158.1273,149.8950,170.5135
243.2426,159.7259,151.2931,172.3596
243.0373,158.5062,151.7038,174.7990
242.7177,157.3721,152.3429,177.0671
242.1267,156.7680,153.5250,178.2754
241.3745,155.8458,155.0294,180.1197
243.3992,157.0550,156.2542,182.9756
242.6398,156.3236,157.7729,184.4383
241.8508,155.0139,159.3509,187.0579
243.8730,153.7190,160.7574,189.6476
245.9880,152.4197,162.0409,192.2461
245.0756,151.9158,163.8657,193.2540
244.6165,150.8209,164.7840,195.4438
246.4766,152.5616,166.7315,197.6301
248.4135,151.4799,168.5906,199.7935
247.3204,150.3938,170.7767,201.9657
249.1295,152.5770,173.0233,203.4641
248.4443,151.2112,174.3937,206.1957
250.9053,150.1056,175.4601,208.4069
253.2043,151.9995,176.9016,210.6586
252.4206,151.1006,178.4689,212.4564
254.7389,153.3336,179.9830,214.1411
257.0060,152.0697,181.6496,216.6689
259.1909,150.8265,183.5464,219.1552
261.5841,149.7652,185.0956,221.2778
263.7708,149.0053,187.1154,222.7976
266.2066,147.9692,188.6931,224.8698
268.8321,147.5802,189.9487,225.6479
271.2394,147.4862,191.6727,225.8357
273.9479,147.3703,192.8252,226.0677
280.1265,147.0436,193.6512,226.7211
283.1899,146.3599,194.1392,228.0884
286.4068,146.0667,194.3494,228.6748
289.8245,146.0857,194.1702,228.6369
293.3056,146.1664,193.8607,228.4755
296.4329,142.7939,194.2516,228.5751
299.9014,139.7472,193.9678,228.0153
300.5901,140.2013,192.5905,227.1070
301.2377,141.1128,191.2953,225.2840
302.1761,138.8341,189.4184,223.2867
303.1727,137.0478,187.4252,220.3653
303.6469,135.3466,186.4768,217.3511
304.9155,137.0263,183.9396,213.9917
306.6177,138.4287,180.5353,211.1870
305.3503,139.7221,176.9060,208.6001
306.8965,141.2320,173.8135,205.5804
302.8902,142.2142,169.8872,203.6160
301.8756,142.7899,166.0404,202.4646
297.8794,143.7807,162.4405,200.4830
296.7565,145.1734,158.9788,197.6975
295.6340,146.6515,155.6152,194.7413
294.7946,144.9172,151.7852,192.7010
296.5415,146.8630,148.2913,188.8095
295.6568,148.2780,144.7618,185.9796
297.0531,149.7264,141.9691,183.0827
298.7710,150.2660,138.5334,182.0035
300.2832,151.1498,135.5090,180.2358
299.6143,152.1012,131.8869,178.3332
300.8068,153.1900,129.5018,176.1555
302.1324,156.0076,126.8506,175.3197
303.0842,157.8297,124.9470,171.6756
304.4159,160.2523,122.2837,171.4871
307.0451,163.5405,121.6354,169.5207
309.8763,163.7845,120.5425,169.0327
310.0635,166.2529,120.1682,168.6402
312.4866,167.2874,119.8541,166.5712
314.8785,167.8314,119.5658,165.4832
314.8784,168.6220,119.5661,163.9020
317.6636,169.0719,118.4459,163.0022
320.7463,168.8217,116.6990,163.5025
321.6672,168.0134,114.8571,165.1192
322.2453,171.0347,113.7009,167.8591
322.2761,169.9536,113.6393,170.0213
322.2058,169.2373,113.7800,171.4540
317.4872,168.8401,114.2795,172.2483
314.8308,168.3247,115.1032,173.2791
309.7180,168.2021,116.2922,173.5244
306.6229,165.7720,117.9407,173.8428
303.6834,165.8055,119.2457,173.7757
300.7019,166.1571,120.6142,173.0726
297.7058,166.1214,122.0000,173.1439
294.7510,165.8848,123.2790,173.6171
294.2780,166.6087,124.2250,172.1694
291.0341,166.8060,126.0607,171.7748
290.1798,167.4166,127.7692,170.5536
289.9396,165.7947,128.2495,169.1114
290.1979,166.3954,127.7329,167.9100
287.3577,166.4804,128.7683,167.7401
287.6308,167.3432,128.2221,166.0146
287.4165,168.0804,128.6507,164.5400
287.9012,168.9492,127.6814,162.8024
286.9445,171.8164,129.5947,161.6342
286.4366,172.4434,130.6106,160.3803
285.9759,175.2355,131.5320,159.3726
282.2213,177.8139,134.4653,158.7918
284.0085,178.2936,135.5052,157.8323
283.2917,180.7507,136.9387,157.5343
283.4148,183.3754,136.6924,156.9194
283.0494,188.1156,137.4233,156.6812
282.6114,188.3045,138.2993,156.3034
281.6878,190.7673,140.1463,156.0150
283.8130,193.1321,140.5583,155.9476
284.1315,193.4410,139.9214,155.3299
285.1412,193.3970,137.9019,155.4178
285.5971,193.7691,136.9902,154.6737
288.1862,194.0339,136.4030,154.1440
288.5424,194.3089,135.6904,153.5941
291.4858,194.3739,134.3571,153.4641
293.4699,196.8702,134.9192,153.0016
293.2354,197.0485,135.3882,152.6449
295.6183,197.0997,135.1563,152.5425
295.2079,197.4162,135.9771,151.9097
294.4463,195.4262,137.5003,151.3577
293.2810,193.5715,139.8309,150.5195
292.0106,193.9457,142.3717,149.7711
290.8314,194.1474,144.7300,149.3676
287.0903,192.3705,147.5810,148.2901
286.6978,192.1693,148.3661,148.6924
285.6629,189.8550,150.4357,148.6431
284.9485,190.1501,151.8645,148.0528
284.1092,187.8320,153.5431,147.9659
281.0475,185.6103,154.9186,147.6614
280.3979,183.2431,156.2178,147.6312
277.1686,180.8690,157.8918,147.5948
276.3586,178.4958,159.5119,147.5311
275.8753,176.0288,160.4784,147.6307
275.5807,175.9077,161.0677,147.8728
272.7842,173.6295,161.7966,147.5652
272.1863,171.1867,162.9923,147.5802
271.4712,168.8614,164.4225,147.3413
268.5438,166.8321,165.3695,146.4921
268.5030,164.2639,165.4512,146.7196
268.1987,164.1239,166.0597,146.9995
268.6687,161.6090,165.1198,147.1017
268.8648,156.8748,164.7275,146.7404
266.3061,154.3392,164.9420,146.9085
266.5132,152.0331,164.5277,146.6118
266.8495,151.6377,163.8552,147.4027
264.3839,148.8300,163.8864,148.1181
262.2724,146.1134,163.1974,148.6394
262.9655,145.6545,161.8113,149.5573
261.5284,144.7033,159.7831,151.4596
259.8589,143.9673,158.2210,152.9317
