84.0,43.0,248.0,211.0
83.56424414041405,48.98603185339327,247.8715117191719,212.47288202910718
83.6962923944481,48.49483554367839,247.6074152111038,213.45527464853694
83.81301546631144,47.93171627352798,247.37396906737712,214.58151318883776
83.98312413057289,50.96528971239202,247.03375173885422,215.78467204581457
84.25007828896415,50.421597095276425,246.4998434220717,216.87205728004577
84.50852155768503,49.86955542943363,245.98295688462994,217.97614061173135
84.80888559188854,49.32943609960469,245.38222881622292,219.05637927138923
85.18150700729942,52.340147380585506,244.63698598540117,220.3460124820458
85.53242141774277,51.74565048788956,243.93515716451446,221.5350062674377
89.59520202443677,54.76180882050744,243.13771243346352,222.830806084539
90.09852159605684,57.866557953207774,242.13107329022338,223.9576524415134
94.40066929304972,61.03924707832991,240.86536280293015,224.95085909796165
94.95221812165654,60.62213406083282,239.7622651457165,225.78508513295583
95.56782504828763,60.21607313774993,238.53105129245432,226.5972069791216
96.14799430396782,59.74059394169322,237.37071278109394,227.54816537123503
100.3109043666559,62.90105950330128,236.3660412661738,228.54838285847492
100.8108732311103,62.39983115167655,235.366103537265,229.5508395617244
101.3586623742996,61.91984833680311,234.2705252508864,230.51080519147126
105.62028341565637,65.09523617167731,233.0666143299812,231.4793606835312
106.19566600900414,64.57706541639357,231.91584914328567,232.5157021940987
106.72960264114194,64.08482148733094,230.84797587901008,233.50019005222396
107.18398817039511,63.49131989608841,229.93920482050373,234.687193234709
107.62571936825597,62.87687811557386,229.055742424782,235.91607679573812
108.0024798235842,65.9376775834435,228.30222151412556,237.11666946028595
108.35459176929879,65.24417165099727,227.59799762269637,238.5036813251784
108.71110455984766,64.60986733162545,226.88497204159864,239.77228996392205
109.01572630154062,63.883839414993915,226.2757285582127,241.22434579718512
109.30250215717491,66.86005540292874,225.70217684694413,242.6331787279886
109.5712893421516,66.17236070857379,225.16460247699075,244.00856811669848
109.779643486085,65.41288035539819,224.74789418912394,245.5275288230497
109.94470215945434,68.40506722535561,224.41777684238528,246.94725961288768
110.10896237228178,67.64706105952237,224.0892564167304,248.46327194455415
110.30340566129534,66.94633750552877,223.70036983870327,249.86471905254135
110.44461325882551,69.90680178894527,223.41795464364293,251.3986622606626
110.56909320518565,69.16803278031385,223.16899475092265,252.87620027792545
110.60566167238059,68.48079036564323,223.09585781653277,254.2506851072667
106.82666680034052,71.61824387873592,223.14058293581792,255.4890427058763
106.84816328587311,70.95142586062809,223.09758996475273,256.82267874209197
106.89003708098626,74.1608660516581,223.01384237452643,257.9569311928308
106.91742772965497,73.58020192615388,222.959061077189,259.11825944383924
106.93481608538735,76.76926259387363,222.92428436572425,260.32656609060564
106.95432594410015,76.18280842141587,222.88526464829866,261.49947443552117
107.00065402382268,79.5935612437928,222.7926084888536,262.3000129626598
107.02989909509476,79.18030528064637,222.73411834630943,263.1265248889527
107.08119895298147,78.86240751095767,222.63151863053602,263.7623204283301
103.30800761944414,82.43164069429656,222.5250055834527,264.2767497758103
103.31049356063912,82.12576060855378,222.52003370106274,264.88850994729586
103.33876929892315,81.84786597345303,222.46348222449467,265.44429921749736
103.36461892813361,81.5896951803833,222.41178296607376,265.9606408036368
103.41953748943261,81.3338368550848,222.30194584347575,266.4723574542338
103.46245047037486,84.92909950370418,222.21611988159125,266.9712036487715
103.48188866112523,84.71312316560099,222.17724350009053,267.4031563249779
103.50510627779235,84.49290470848845,222.13080826675628,267.84359323920296
103.5578283880122,84.26479363699156,222.02536404631658,268.29981538219675
103.63112246021714,84.03567198664314,221.8787759019067,268.7580586828936
103.60553407142723,83.83966292091489,221.92995267948652,269.1500768143501
103.60468177622428,83.66801437737288,221.9316572698924,269.4933739014341
107.54559706719677,83.50665922707967,221.77973687169603,269.81608420202053
107.5800894724631,83.29081987976889,221.71075206116336,270.2477628966421
107.60897391077675,83.08223810259148,221.65298318453605,270.6649264509969
107.6349437136792,82.8438524739822,221.60104357873115,271.1416977082155
107.64350362213887,82.57844469952079,221.58392376181183,271.6725132571383
111.5561989964262,82.3069875795592,221.5163319900909,272.21542749706146
111.54606806195116,82.01408536709576,221.53659385904098,272.80123192198835
111.5279497722398,81.74351869827225,221.5728304384637,273.34236525963536
111.51173477136302,81.46742249383303,221.60526044021725,273.8945576685138
111.55557400548292,81.2394548402622,221.51758197197745,274.35049297565547
115.49749468762322,81.02565317131933,221.43159778987447,274.7780963135412
115.57271395652442,80.84769722506067,221.28115925207206,275.1340082060585
119.56871022889783,80.77047283638711,221.09521964293054,275.28845698340564
119.71985010001474,80.6492612421236,220.79293990069672,275.53088017193267
123.71387195146828,80.54280912853011,220.60912669961604,275.74378439911965
123.8347462346961,76.44862139883591,220.3673781331604,276.1276436662292
127.80730040352071,76.10142894398669,220.22875191550054,276.8220285759276
127.86195631088395,71.80634736453004,220.11944010077406,277.5973149444563
131.785444449393,71.44447715552633,220.09744566458977,278.3210553624637
131.7614220548261,67.10415099889536,220.14549045372354,279.1659976228422
131.75981291803785,66.6353507208035,220.14870872730006,280.10359817902594
131.7582837281018,66.22443953094418,220.15176710717216,280.9254205587446
135.6601441216056,65.82757702193226,220.22450245790702,281.7191455767684
135.6967562325034,65.39950841946293,220.15127823611144,282.5752827817071
139.71697154076708,65.03534457923578,220.01252824953312,283.3036104621614
139.83819979677372,64.76682038918491,219.7700717375198,283.8406588422631
139.99085378236958,64.5055907904817,219.4647637663281,284.36311803966953
140.1418190009016,64.29384577104801,219.16283332926406,284.7866080785369
140.32241938834136,64.10575604524016,218.80163255438453,285.1627875301526
140.50663271921192,63.9159547977998,218.4332058926434,285.54239002503334
140.67638250010668,63.70407712422616,218.09370633085388,285.9661453721806
140.82616544181292,67.51967537967406,217.79414044744144,286.2548884376049
140.97096557143988,67.34389369499488,217.50454018818746,286.60645180696326
141.11293298415904,71.14347726612039,217.22060536274918,286.9273722989445
141.24620807353404,74.92461763539569,216.9540551839992,287.28543441117245
141.36562523250484,78.7201686924447,216.71522086605754,287.61577743730004
141.48800124300837,78.58327287024795,216.4704688450505,287.88956908169354
141.6137861586324,82.47715258920917,216.21889901380246,288.0245545443691
141.685502724978,86.27434583013138,216.07546588111123,288.35085568630063
141.71901236587695,86.08600918469301,216.00844659931332,288.72752897717737
141.78999720699332,89.8540361803366,215.8664769170806,289.11942239543504
141.76960772747802,89.54893935897778,215.9072558761112,289.7296160381527
141.74175624537412,93.25331490667281,215.96295884031898,290.2624055030161
141.65625774416438,96.99674078068554,216.1339558427385,290.7261111428623
141.5494378867662,96.72490952888919,216.34759555753485,291.269773646455
141.43721330636734,100.4272496917302,216.57204471833256,291.8372698160496
141.34623860768903,100.12948091606793,216.7539941156892,292.43280736737415
137.303006184075,99.84174992299765,216.84394136711003,293.0082693535147
137.23589872146582,103.67865932568276,216.97815629232838,293.3411906185617
137.14756159229728,103.3924252206786,217.15483055066545,293.91365882857
137.03916195379034,107.14434227324347,217.37162982767933,294.43542115792815
136.950864960788,106.80364571415822,217.548223813684,295.11681427609864
136.90155821569402,106.48017371662769,217.646837303872,295.7637582711597
136.8716820935915,110.28732726913717,217.70658954807703,296.21122636209793
136.84779216880756,110.10631403692912,217.7543693976449,296.573252826514
136.8265254145256,109.87080871789163,217.7969029062088,297.044263464589
136.8176026634515,113.71872774884707,217.81474840835702,297.43211240482526
136.74638554429816,113.41458619843053,217.95718264666368,298.04039550565835
136.69256905399405,113.09645630762407,218.0648156272719,298.6766552872713
136.63659673463366,112.78289481207517,218.17676026599273,299.30377827836907
136.60381729727038,112.49214859280872,218.24231914071925,299.88527071690197
136.60600676669048,112.21997029111611,218.23794020187907,300.4296273202872
136.5766898331156,111.94699151899968,218.2965740690288,300.97558486452004
136.52710596851563,115.74725106011724,218.39574179822876,301.5266250649872
140.59672814039808,115.4545456063914,218.41804421136328,302.11203597243883
140.59402245633478,115.15169327640663,218.42345557948988,302.7177406324084
140.61639650602734,114.83518948773994,218.37870748010474,303.35074820974177
140.62114775507587,114.51987761748518,218.36920498200772,303.9813719502513
140.62061334630047,114.20603355194893,218.3702737995585,304.6090600813238
140.62704049352612,113.89563669949732,218.35741950510723,305.229853786227
140.64400610098465,113.56727042981086,218.32348829019014,305.8865863255999
140.63543228269526,113.22080616761565,218.34063592676895,306.57951484999035
144.79948227572308,112.8659192204556,218.24974459182675,307.28928874431045
144.8141823562073,112.47508999086935,218.22034443085832,308.07094720348294
144.80146664350474,112.08242092726351,218.24577585626346,308.8562853306946
144.74265081279643,111.69302698519067,218.36340751768006,309.6350732148403
144.6934600971959,111.29073381328436,218.4617889488811,310.4396595586529
144.6626879646772,110.90626236892044,218.52333321391853,311.20860244738077
148.84026243151274,110.49220885934554,218.47843533071847,312.03670946653057
148.83594546134736,110.03589556670084,218.48706927104922,312.94933605181996
148.8098084235428,109.55214497273181,218.53934334665837,313.916837239758
148.75360439926988,109.0804781379544,218.65175139520423,314.86017090931284
148.68578048407997,108.5934099931626,218.787399225584,315.83430719889645
148.58848339765345,108.094794806121,218.98199339843706,316.83153757297964
148.5150922470944,107.60554514547363,219.12877569955515,317.8100368942744
148.44533756270056,107.11578483526267,219.26828506834283,318.7895575146963
148.3797160103393,106.59693042001985,219.39952817306533,319.82726634518195
148.3170813405314,106.06848181927134,219.52479751268118,320.88416354667896
148.2655140218091,105.54799766168125,219.6279321501257,321.92513186185914
148.22769285608746,105.0375071657084,219.70357448156906,322.94611285380483
148.16468851411935,104.5125352791301,219.82958316550528,323.99605662696143
148.0591654551937,103.98175701230764,220.0406292833566,325.05761316060637
147.89878949793973,107.72662396019214,220.36138119786446,326.11218345847107
147.72176878316947,107.20456233495284,220.71542262740502,327.15630670894967
147.5461768829009,106.68881563869382,221.0666064279421,328.1878001014677
147.37775807404137,106.16218900005669,221.40344404566122,329.241053378742
147.22917876269108,105.61527074822095,221.7006026683618,330.33488988241345
147.07441124069115,105.07763907009019,222.01013771236165,331.410153238675
146.925969662152,104.5419618755127,222.30702086943998,332.48150762782996
146.74217301879514,104.02030921679278,222.6746141561537,333.5248129452698
146.5510276393337,103.52891033156504,223.05690491507653,334.50761071572526
146.32726050478516,103.05962335365211,223.5044391841736,335.4461846715511
146.12607405874445,102.61947109103687,223.90681207625502,336.3264891967816
145.9150234637052,102.17006933916568,224.32891326633353,337.225292700524
145.73439259105876,101.74668626910972,224.69017501162642,338.0720588406359
145.54786940766033,101.30906012387206,225.0632213784233,338.94731113111123
145.3596629965954,100.92961856295025,225.43963420055314,339.70619425295484
145.18218551021226,100.54555179287186,225.79458917331942,340.4743277931116
144.99218087935319,100.14404515134459,226.17459843503758,341.2773410761662
144.81994390857463,99.74088395022798,226.5190723765947,342.0836634783994
144.63551580402472,99.34813074388768,226.8879285856945,342.86916989108
144.43564643443636,98.99096721657361,227.2876673248712,343.58349694570813
144.20056695821827,103.12667362292393,227.7578262773074,344.25542305669455
143.95688316413012,102.84090904456966,228.2451938654837,344.8269522134031
143.6921007662364,102.53912328391479,228.77475866127116,345.43052373471284
143.40751650393412,102.24321416407079,229.3439271858757,346.02234197440083
143.09701565728577,106.47295868355292,229.96492887917242,346.57704157846285
142.78267231665785,106.19233661495358,230.59361556042825,347.13828571566154
142.47759171092343,105.90884075829578,231.20377677189705,347.7052774289771
142.1527149678222,105.62744762470675,231.85353025809957,348.2680636961552
141.83165892170445,105.36292805555192,232.49564235033506,348.79710283446485
141.4959391138087,105.09134339982188,233.16708196612655,349.3402721459249
141.15066809295146,104.86055703859995,233.85762400784103,349.8018448683688
140.7963372114874,104.65161371366531,234.5662857707691,350.21973151823806
140.4243050274435,104.43146691392144,235.31035013885693,350.6600251177258
140.05202228600493,104.25402219599582,236.0549156217341,351.01491455357706
139.6841879448578,104.08719558312069,236.79058430402836,351.3485677793273
139.30813596953232,103.99333123040503,237.5426882546793,351.5362964847586
138.9409200136713,103.94928726848343,238.27712016640132,351.6243844086018
138.5730593391259,103.92787455236578,239.01284151549214,351.66720984083713
138.2222633364044,103.93510965437301,239.71443352093516,351.6527396368227
137.88111473142328,103.94756394227943,240.39673073089736,351.62783106100983
137.6033464516094,103.97515317143547,240.95226729052516,351.57265260269776
142.03205374456567,104.11732607772774,241.38521116463227,351.2883067901132
141.75345410847063,104.22845313777867,241.94241043682237,351.06605267001135
141.48175941349768,104.36739587457498,242.48579982676824,350.7881671964187
141.22042225483892,104.52171028247704,243.00847414408577,350.4795383806146
140.99451096391195,104.70369371197864,243.4602967259397,350.1155715216114
140.82054937580278,104.8823071522331,243.80821990215804,349.7583446411025
145.40052775357026,105.11794147654055,243.9584656615408,349.2870759924876
145.28834839421563,105.391583517073,244.18282438025003,348.7397919114227
145.17350867462727,105.73208537931652,244.41250381942675,348.05878818693566
145.06166027081855,106.12289490303903,244.63620062704422,347.27716913949064
149.609599842427,106.53944867730465,244.82668936819783,346.4440615909594
149.48795004256448,106.93517437431441,245.06998896792288,345.65261019693986
149.38980713043216,107.35195958845159,245.26627479218752,344.8190397686655
149.29305400093824,107.74753710915289,245.45978105117536,344.0278847272629
153.83774253037052,108.07569901688802,245.6211734282889,343.37156091179264
153.71085402700834,108.35929892255652,245.8749504350133,342.80436110045565
153.51591852055097,108.4869255302473,246.264821447928,342.5491078850741
153.37586696805613,108.67765848322685,246.54492455291768,342.167641979115
157.94295906949546,108.866415560814,246.65117960605818,341.7901278239407
157.8454399692747,108.9753901130438,246.84621780649968,341.5721787194811
157.67367868166693,109.10844436091864,247.18974038171524,341.3060702237314
157.48137372989953,109.22778445920852,247.57435028525003,341.06739002715165
157.28178003805257,109.37536321543988,247.97353766894395,340.77223251468894
157.1014324612187,109.59245581793976,248.33423282261168,340.33804730968916
156.94818395435453,105.19774620983947,248.64072983634003,339.8853859940083
156.7951493853047,105.51072389825987,248.94679897443967,339.2594306171675
156.64539556713953,105.80608853373721,249.24630661077006,338.6687013462128
161.17154641351007,106.2812481271595,249.42569608867433,337.7183821593682
161.08571572374683,106.6892695840684,249.5973574682008,336.9023392455504
161.00903073236486,102.41502699979887,249.75072745096472,336.24022695611876
160.93170784548028,102.78202574614954,249.90537322473392,335.5062294634174
160.82690681372867,103.18215839903428,250.1149752882371,334.70596415764794
160.72902010702472,103.58640172752357,250.31074870164502,333.89747750066937
165.2978510099315,104.03260322067581,250.34964424864938,333.0050745143649
165.247622545584,104.40869948965471,250.45010117734438,332.2528819764071
165.2550813014717,104.81681152008863,250.43518366556893,331.43665791553923
165.2372356262849,105.23668134736303,250.47087501594257,330.59691826099044
165.2498512088635,105.70300636671911,250.44564385078536,329.6642682222783
169.81650333412438,106.10203471618465,250.42660874448214,328.8662115233472
