188.0,241.0,269.0,72.0
203.62235369565795,226.2213497850671,272.74345122085987,69.71030733371515
202.64571317938632,227.07073168661344,274.6967322534031,68.01154353062246
204.374638184589,228.06274798948465,276.38464088843386,66.02751092488003
206.37885287217844,229.17237406414054,277.50783633968575,63.80825877556829
211.12916439676246,230.38037345719206,278.21698162801283,61.39225998946524
210.62511023621306,231.53747386018432,279.22508994911163,59.078059183480704
212.7417224003439,232.63339513257637,280.02958291684996,56.886216638696595
214.40313232954867,231.26146814374243,281.71315157460106,54.623682100203816
211.2544121670573,232.38900394077433,283.02490194518714,52.368610506140044
210.70399268586237,233.4617653184788,284.125740907577,50.223087750731125
207.6747549424083,234.4042511433446,285.25149835878483,48.338116100999535
204.70997618099125,235.27905519370245,286.27004183661063,46.58850800028379
204.20686534402307,235.97538736226372,287.276263510547,45.19584366316129
198.8020875882571,236.3578872375717,288.33286746302554,44.43084391254532
195.8247694400527,236.49368599955002,289.4117230164492,44.159246388588635
187.95390004607214,236.2528832981618,290.49770729053284,44.64085179136511
185.24781707597313,235.80945874378122,290.99995987485016,45.52770090012626
182.79486593647152,235.21799178975917,290.97125451706813,46.71063480817036
180.82277939029547,234.39884087261476,289.9575919811484,48.34893664245921
181.2513083424118,233.45132568418302,289.1005340769158,50.24396701932265
179.33655651254432,232.38773020261854,287.92792210717033,52.371157982451635
179.88590642082931,231.23988881740502,286.82922229060034,54.66684075287869
178.2003841231857,230.00166454188053,285.1426052444366,57.14328930392767
179.20953970967588,228.7512609964792,283.12429407145623,59.644096394730276
177.73697534954607,227.467342700271,280.96637239061147,62.211932987146746
178.69372077014157,226.16425117798576,279.0528815494205,64.81811603171717
179.4447884117583,224.8280139598104,277.550746266187,67.49059046806792
180.08265763633887,223.5106932383191,276.2750078170259,70.12523191105052
180.68892374396611,222.21917611123715,275.0624756017714,72.70826616521441
181.35452499593785,220.91622075001158,273.7312730978279,75.31417688766557
181.91462804046327,219.6662101829106,272.61106700877707,77.81419802186751
182.34182924001936,218.3922855334539,271.7566646096649,80.36204732078093
182.73399141283133,214.32068480377285,270.97234026404095,83.1687892016187
183.07101964246098,212.9675534087555,270.29828380478165,85.87505199165344
183.30633413571877,208.75124967361626,269.82765481826607,88.88986825748894
183.53885924141846,207.3577030045018,269.3626046068667,91.6769615957179
183.66793489986506,203.18161545023423,269.1044532899735,94.51830391298046
183.81862374920271,201.83182171216617,268.8030755912982,97.21789138911657
183.79410472512228,200.44973120137251,268.85211363945905,99.98207241070389
183.7211168915007,199.06768981423718,268.9980893067022,102.74615518497455
183.66199934938004,197.6950041334743,269.11632439094353,105.49152654650034
183.56350388498893,196.35733183232642,269.31331531972575,108.16687114879608
183.42494104794676,195.06009273811546,269.5904409938101,110.761349337218
186.1011278866622,193.7604770666985,270.0958442477918,113.3605806800519
185.8236254587608,192.5269964752958,270.65084910359457,115.82754186285734
188.51645027067326,191.27968369147524,271.22813254915343,118.32216743049844
191.33241865532037,190.08899122446678,271.61153933042857,120.70355236451536
194.12382495945317,185.85864548633583,272.09157212460246,123.10139843833772
196.83464021323897,184.57548319464286,272.78188159417664,125.66772302172373
199.5669414370299,183.32923656773258,273.4842260453299,128.16021627554426
202.33487636394023,182.0649882415815,274.1690975610244,130.68871292784644
205.15858813531338,177.68873083671463,274.7964927601794,133.16640899567892
204.78899671978624,176.44677122444443,275.53567559123366,135.6503282202193
207.6117922556538,175.22258832083602,276.27108801128526,138.09869402743612
210.42407137544106,170.75903418332547,277.0807023978418,140.59162967632628
213.23784597620374,169.4843257728644,277.94227590714934,143.14104649724842
212.86461246137685,168.24622299956346,278.6887429368031,145.61725204385027
215.79148828467888,163.69494492080509,279.434310417709,148.12048907385716
215.4045610142323,162.42921554318016,280.20816495860214,150.65194782910697
218.3684201453538,157.81779001594353,280.9885209274771,153.16672465246234
217.93159898545588,156.54987549283328,281.862163247273,155.70255369868283
217.56589665987218,155.26023479162887,282.59356789844037,158.28183510109167
220.5796130653465,150.53486202295886,283.43970921338257,160.8590065125409
220.17088535450122,149.21210043605794,284.25716463507314,163.5045296863427
219.81075303715772,147.95248625197564,284.97742926976014,166.02375805450728
219.49207365837742,146.67553759844134,285.61478802732074,168.5776553615759
219.18240475495475,145.39040381330454,286.2341258341661,171.14792293184948
222.45363366949167,140.56322575452864,286.8373037614402,173.65664329305338
222.21063398710393,139.34334109348254,287.32330312621565,176.0964126151456
225.65564854019854,138.23757306906685,287.67848067283506,178.30794866397696
225.51153994962607,140.78013760266163,287.96669785398,180.51048170298068
225.4408830205084,139.72448758707975,288.10801171221533,182.62178173414446
229.1009192838519,138.75623333108007,288.15432735665104,184.5582902461438
229.00253207400874,137.8300052650585,288.3511017763374,186.41074637818693
232.7194119171218,136.983835832355,288.35069410415264,188.10308524359397
232.67299761883476,136.21736964035182,288.4435227007267,189.63601762760032
236.35660305488415,135.44813411162315,288.564816522633,191.17448868505767
236.26973355764417,134.71235281107033,288.73855551711296,192.64605128616327
240.0083630456386,133.99253540864692,288.80430275419565,194.08568609101013
240.02865055091513,133.30091897616245,288.76372774364256,195.46891895597903
240.05884325366372,132.55832457523692,288.7033423381454,196.95410775783012
243.8662105945462,131.90857060924398,288.7025598606199,198.253615689816
243.8793735467695,127.45520516542561,288.6762339561733,199.52488847199476
243.91221604209244,126.75848095941802,288.6105489655274,200.91833688400993
247.711056218529,126.11203604304286,288.69099977041674,202.21122671676025
247.64751768047148,125.47687534352966,288.81807684653177,203.48154811578667
251.46364825409188,121.01150183744409,288.90939178915175,204.68871903809708
255.194493091787,120.40549238165141,289.1925611816957,205.90073794968242
255.0878746892786,119.81276403206898,289.40579798671246,207.08619464884728
255.01959840577456,119.23895905574716,289.54235055372055,208.23380460149093
258.67951093341026,114.76565705531112,290.03533217088824,209.36760192992392
258.484311346681,114.29038399812829,290.4257313443468,210.3181480442896
262.34854218841406,113.8290310260062,290.5577324303758,211.24085398853376
262.11174783010483,109.38230400786719,291.03132114699434,212.25668633819663
265.93470735656047,109.02113483913206,291.28688894012026,212.9790246756669
265.69625957184167,108.65761151837918,291.76378450955787,213.70607131717264
269.5198314432988,108.37994603510666,292.05303187351166,214.2614022837177
269.26900687180716,108.01681371492204,292.55468101649495,214.98766692408694
268.994828378065,107.66746805742443,293.1030380039794,215.68635823908215
272.73633448282555,103.47320579602015,293.60923536517697,216.08567319117196
272.48731720332535,107.2614283659866,294.1072699241774,216.51267488968682
272.1195463915807,103.0006148203608,294.8428115476668,217.01628801123434
275.8211577956737,102.89133305731885,295.4770343644475,217.23485153731824
275.5130048982976,102.80693253585457,296.09334015919967,217.40365258024678
275.2713264626177,102.74525115471329,296.57669703055944,217.52701534252935
274.99707770701605,102.76240030466724,297.1251945417628,217.49271704262145
274.76270475552263,102.80711040698883,297.5939404447496,217.40329683797827
274.4901201338854,102.90200020877163,298.1391096880241,217.21351723441268
278.20849916658494,103.03873542515416,298.79308717540073,216.9400468016476
277.8723357473835,103.24202898456528,299.46541401380364,216.53345968282537
277.57890310425864,103.46187648420539,300.0522793000534,216.09376468354515
277.26086624231414,103.75520780896102,300.68835302394234,215.5071020340339
276.8819523031419,104.09030638891386,301.44618090228687,214.8369048741282
276.46928608335804,104.39220054815667,302.27151334185453,214.2331165556426
276.1161609468582,104.79205106428805,302.9777636148542,213.43341552337984
275.7688767015392,105.31784570383343,303.67233210549216,212.38182624428907
275.44054535137167,105.85550957088167,304.3289948058273,211.3064985101926
271.04806167582024,102.32272571732226,305.0268202691587,210.2849243295399
270.72143534867917,106.80612220554644,305.68007292344083,209.39891554002384
270.54398862566154,103.394775166029,306.0349663694761,208.1456350645796
270.28304591747167,107.95946874002757,306.5568517858557,207.0768115056248
269.917750180668,108.5768249142005,307.2874432594631,205.84209915727894
269.486802329223,109.14090021231654,308.14933896235306,204.71394856104686
269.1037336213774,109.73202012451748,308.91547637804433,203.531708736645
268.6943216614303,114.31425885087745,309.7343002979385,202.39449098047294
264.374325677275,114.90751315317777,310.3536814523792,201.2079823758723
264.06099717274765,115.53290304831474,310.98033846143386,199.95720258559837
263.70000601704186,116.17482266287456,311.7023207728455,198.67336335647872
259.27823430403544,120.86552274903666,312.55787872865153,197.27994865436128
254.97578984078396,121.56852719525527,313.18529985232857,195.87393976192405
254.6240504932748,122.32759690782633,313.8887785473469,194.35580033678193
250.29381811367008,123.0486693093187,314.6009243018646,192.9136555337972
249.9357554405949,127.87980371633805,315.317049648015,191.1860992503233
245.6859325516746,128.5822939555879,315.90037886694137,189.78111877182366
241.4231022575681,129.34462071320706,316.52471264443335,188.25646525658527
241.21172588797265,130.15993443120055,316.94746538362426,186.62583782059826
240.88463170078901,134.87552202395364,317.6016537579915,185.05828002181036
236.76671446389213,135.64187288637208,317.990683714252,183.52557829697352
236.61023758276087,136.43862120396346,318.3036374765145,181.93208166179076
232.57175386415125,141.1925100347052,318.57640300318616,180.22850591085492
232.33066600396447,141.92355367000852,319.0585787235597,178.76641864024825
228.35508246387062,146.65788276954015,319.2481985458814,177.05930769905103
228.22033990459923,147.3852856904967,319.51768366442417,175.60450185713793
228.13818920430165,151.99638338549414,319.6819850650193,174.09672410391445
224.2980484261245,156.62322864493075,319.67118460020146,172.53411560621342
220.422873692246,157.38020891600996,319.7573418669545,171.02015506405502
220.52183130311613,162.00609483838062,319.5594266452142,169.4079132408241
216.79695001641437,166.51280637291742,319.4002219450641,168.0034574453041
216.88994686586602,167.15836076261257,319.2142282461608,166.71234866591377
213.22572330949373,171.63300188119928,318.98508966953386,165.32065211811198
213.33030654426213,172.22645232079321,318.77592319999707,164.13375123892408
209.7408972798045,176.65573992377801,318.44798030146245,162.7819374604044
209.87279075878038,177.17292737430347,318.1841933435107,161.74756255935344
206.32789449904712,181.39438355757704,317.8170578892112,160.76157816657232
206.5057401989631,185.5318213589623,317.4613664893792,159.9212230577267
203.06590190587863,186.03066706706795,316.9262548598197,158.9235316415154
203.35758465937894,190.28820705591335,316.3428893528191,157.7981523784216
200.0223700249067,190.73201916446192,315.65162982686525,156.91052816132444
200.46856340263196,194.9891645535005,314.75924307141474,155.73244241227297
200.7903763063475,195.4639383745372,314.11561726398367,154.78289477019956
201.24221854195832,195.85963405941447,313.211932792762,153.99150340044503
201.65367598693553,196.24945547612526,312.3890179028076,153.21186056702345
198.56712375672373,196.64809793946077,311.3377425451881,152.41457564035244
198.95584835361217,200.63482367083222,310.56029335141125,151.6363042828538
199.2910415521215,200.97388071415537,309.8899069543926,150.95819019620748
199.64683265285683,201.34559078687212,309.1783247529219,150.214770050774
196.51629533770162,201.75574735831975,308.31396480883626,149.39445690787878
196.93495916894426,202.10775996230913,307.476637146351,148.6904316999
197.32943881849005,202.44382739290774,306.6876778472594,148.0182968387028
197.71648671617015,202.79032621062646,305.9135820518992,147.3252992032653
198.0531576969218,199.7293808170257,305.2402400903959,146.41965104844195
198.33052169731,200.01569058189557,304.6855120896195,145.8470315187022
198.6540214300166,200.38500621393723,304.0385126242063,145.1084002546189
198.9930045871537,197.31749678650755,303.3605463099321,144.2818227431417
199.31848417043034,197.6631983561985,302.7095871433788,143.59041960375976
199.58928069321232,194.61753595299356,302.16799409781487,142.76597403502905
199.87081738486503,194.8825084826155,301.60492071450943,142.23602897578516
200.08863930046735,191.77419208563674,301.1692768833048,141.5766092225396
200.35335446971408,191.90078418717906,300.63984654481135,141.32342501945496
200.50771418701657,188.67235654180834,300.33112711020635,140.93421229643667
200.71000254922225,188.79639184649125,299.926550385795,140.6861416870709
200.83596990034042,185.59324610582635,299.67461568355867,140.26787936006377
201.08365660411047,185.61180046119642,299.17924227601856,140.23077064932363
204.715594408204,185.7131874351325,298.72108587672193,140.02799670145146
204.7340425892535,182.50423236891197,298.6841895146229,139.65040071422382
204.9399937691079,182.60145190988487,298.2722871549141,139.45596163227808
205.00358671299065,179.37835452313817,298.1451012671486,139.12317550518534
205.13883555503566,179.45329712115142,297.8746035830586,138.97329030915878
205.24470761824514,179.55451357762433,297.66285945663964,138.770857396213
205.1761940857683,176.31466619712654,297.79988652159335,138.49241288428618
205.17594577262867,176.40976944423468,297.8003831478726,138.3022063900699
205.12747478550966,176.48231349574718,297.8973251221106,138.15711828704488
204.95551933716314,176.55706859631428,298.24123601880365,138.0076080859107
204.74608038027247,173.43113281226843,298.660113932585,137.5062663420141
204.66124060174718,173.47091507475338,298.82979348963556,137.4267018170442
204.54078061158893,170.2839782568944,299.07071346995207,137.04896640474402
204.4109626838521,170.40620728901314,299.33034932542574,136.80450834050652
204.33943896516368,170.54106434794076,299.47339676280257,136.53479422265127
204.21640214146274,167.34406771794053,299.71947041020445,136.18344589772101
204.03568869489396,167.33575391613778,300.080897303342,136.20007350132653
203.80338004823463,164.00151102989594,300.54551459666067,136.12025941634434
203.64065023326538,160.76306297501404,300.8709742265992,135.84350646991584
203.52437558998705,160.81299302747254,301.10352351315584,135.74364636499882
203.32685517357254,157.6849482291155,301.49856434598485,135.2445926097379
203.20384787838609,157.71313575278637,301.74457893635775,135.18821756239612
203.10564376889496,154.4884947568159,301.94098715534,134.88280529444228
202.91451381889087,154.5499864053234,302.3232470553482,134.75982199742725
202.88076877311582,151.36021002434532,302.3907371468983,134.38381369593424
202.77415503902776,151.47089431494157,302.6039646150744,134.16244511474173
202.76745983448234,148.29068029472938,302.61735502416525,133.77374820043096
202.6291799813111,148.37018313250104,302.89391473050773,133.61474252488762
202.49301253409084,148.4966704199123,303.16624962494825,133.3617679500651
202.51001003503723,145.3506701569894,303.1322546230555,132.91058864671473
202.37019720527428,145.4558460359654,303.41188028258136,132.70023688876265
202.23816519612248,145.5181991442201,303.67594430088496,132.57553067225334
202.16158645496523,142.24641271328707,303.82910178319946,132.3823962059094
201.9621272288975,145.6764878264599,304.22802023533495,132.25776535226677
201.78757442486085,142.55081487448848,304.5771258434082,131.77001356046125
201.67049243114883,142.65504759865672,304.81128983083227,131.56154811212483
201.61020753339918,139.4237860308715,304.9318596263316,131.28882052355243
201.37880906363748,139.44706372423602,305.394656565855,131.2422651368234
201.24448772300428,139.52327407392318,305.66329924712136,131.08984443744907
201.10151326976904,139.5683092563691,305.94924815359184,130.99977407255724
201.03154717825797,139.67192182089144,306.089180336614,130.79254894351254
200.98284974442,139.77997583886471,306.1865752042899,130.576440907566
200.92649537838653,136.60210763346677,306.29928393635686,130.19444498501923
200.781999678035,140.07042582090645,306.58827533705994,129.9904106528332
200.5977550001905,133.66951910595247,306.95676469274895,129.32588915777387
200.4559945732533,137.19231380796444,307.24028554662334,129.0070207060175
200.19857357353146,130.79708829581563,307.755127546067,128.3471430965188
200.04207132764688,134.2980359738341,308.06813203783616,128.06614125488767
199.84983127823958,127.9000396749704,308.45261213665077,127.42128629449844
199.7891938243919,131.3800498927054,308.5738870443461,127.1757834704564
199.60685824024512,125.01357527773365,308.9385582126397,126.48492526372041
199.56176257014016,131.96891826046925,309.0287495528496,125.98399199314292
196.11118511993595,125.63231442862171,309.23264343847814,125.26267762727835
196.06937088191344,129.1317175412584,309.31627191452316,124.95122336555742
195.85331441766417,122.76618799414254,309.7483848430217,124.31627064405443
195.86981251664065,122.96561044755887,309.71538864506874,123.91742573722179
195.8039071708832,123.20828870692847,309.8471993365836,123.4320692184826
192.27051759123228,120.2348832949557,310.25043432999786,122.7153358765405
192.0248043780168,117.27801087985178,310.7418607564288,121.97254212953831
191.8123576649656,117.6114048184079,311.16675418253124,121.30575425242606
188.14723232369843,114.71202414081986,311.8525173273336,120.46002806987025
187.8363144238445,115.09526319732636,312.47435312704147,119.69354995685725
184.13908128862383,112.17673122411473,313.2344672218796,118.89626172767734
180.48785290796513,109.17747087528166,313.9059903560775,118.26384879822402
180.18297550017834,109.4861140539463,314.5157451716511,117.64656244089475
176.35163040270425,103.2251051519961,315.5516215860131,116.91495268362269
176.17852345485116,103.469237278952,315.89783548171926,116.42668842971091
172.33269596367757,97.33764601856608,316.9648772308675,115.44064448408486
172.06181626997943,97.60959084424798,317.50663661826377,114.89675483272106
168.17806286433938,91.49318083097916,318.65416094340276,113.88960988697653
167.86177823411654,91.92299222342211,319.28673020384844,113.02998710209062
164.24123839645014,92.39426154491173,319.91621902515504,112.0874484591114
160.31144310913746,89.7105183972111,321.17235053762084,110.85147569235299
156.68246834518717,90.15035537646273,321.83140754018285,109.97180173384976
152.9649040692835,87.34921632304281,322.6742797834144,108.98182353211389
