170.0,235.0,315.0,75.0
190.08070221335097,234.27773106155325,314.74499784320557,75.44453787689346
198.64405338103228,231.38915653065996,315.16435380477435,75.3730008397029
193.0203284495053,231.13192791104234,314.7054135070838,75.88745807893815
207.31776332477807,228.2952492782921,315.39344485431513,75.7042351248833
147.40183071401435,227.81334214370503,317.97080755481386,76.66804939405746
206.8894530057571,224.820637660245,317.33992813949794,76.73624010256896
147.32623774892738,224.22155535987096,318.27279531113004,77.93440470331707
207.61806439260624,223.87971281200578,316.6006538985721,78.61808979904743
147.85195776065086,223.26490170024977,317.43033958596027,79.84771202255945
175.36418514400452,219.76203930273485,316.1369045467792,80.88332351453079
175.92309565998434,219.12898511839273,315.01908351481956,82.14943188321503
179.6184184929516,218.56666059676792,313.6082489022997,83.27408092646468
180.2070690231104,218.02968089370273,312.4309478419821,84.348040332595
183.6368174093146,214.54999351348312,311.5562855269762,85.32258063563177
184.2197319332577,213.9606931095268,310.39045647909,86.50118144354443
184.69560752318225,213.36711442110857,309.4387052992409,87.68833882038086
185.07809603712144,209.8738133827576,308.6737282713625,88.66966116262029
185.50140735097247,209.39234436227818,307.82710564366045,89.6325992035791
185.87298124507802,208.89168613896942,307.08395785544934,90.6339156501966
186.26941555328267,208.37306282245447,306.29108923904005,91.6711622832265
186.61609141931373,207.88051534125103,305.5977375069779,92.6562572456334
186.95000270379487,207.37906730435236,304.92991493801566,93.65915331943071
187.2829223378641,206.8550150070285,304.2640756698772,94.70725791407845
187.59864977120947,206.31179321256607,303.63262080318646,95.79370150300332
187.8701982164447,205.75504092322603,303.089523912716,96.90720608168343
191.2610926764123,205.19667274231773,302.3940913850294,98.02394244350003
191.55750394585223,204.6744376772534,301.8012688461495,99.06841257362869
191.85740793236116,204.156152592586,301.2014608731317,100.10498274296346
192.14044645371362,203.61762380250275,300.63538383042675,101.18204032312997
195.59640534763992,203.0946799658671,299.8533118650248,102.22792799640129
195.9685268867147,202.60050416918494,299.10906878687524,103.21627958976558
199.5455727065994,202.1270044972556,298.1001849206947,104.1632789336243
199.96144330945543,204.77769750801627,297.2684437149826,105.009941621985
203.55686148977662,204.30229140691108,296.22916554321966,105.96075382419545
204.10698884493246,203.8839766617159,295.128910832908,106.7973833145858
204.58590778363245,206.57841583421262,294.171072955508,107.56188691240976
205.103971283519,206.08502696335745,293.1349459557349,108.54866465412013
208.65567138944334,208.730752380868,292.18803315243156,109.4137012276443
209.0771296396504,205.10334893972353,291.34511665201745,110.50999401030701
212.4349928956777,210.89114773117043,290.79554780064706,111.26671174878169
212.7627164866641,204.10500770361966,290.1401006186743,112.49525074746677
213.01591420877486,209.92721944603224,289.63370517445276,113.2198329849669
213.3446569757265,209.38190628486876,288.97621964054946,114.31045930729383
213.55075378816656,211.97103931411382,288.56402601566936,115.33246171269998
213.74786445678163,211.3506556348275,288.1698046784392,116.57322907127265
213.88318195788003,213.88576794139942,287.8991696762424,117.73205420447756
214.13421385727506,213.27466600757495,287.39710587745236,118.95425807212649
214.4009199738568,215.8353747796849,286.8636936442889,120.09311749474509
214.73365222910533,218.4025119361329,286.1982291337918,121.23163699182238
215.10792174449617,217.8400817884866,285.44969010301014,122.35649728711495
215.47360983725295,217.26743744981616,284.7183139174966,123.50178596445586
215.8999858390877,216.70405036599487,283.8655619138271,124.62856013209841
216.21780904139155,219.32908083531714,283.2299155092194,125.68810365439938
216.63563631365048,218.80744052678543,282.3942609647015,126.73138427146277
216.916688714822,218.25368572741695,281.8321561623585,127.83889387019973
217.22525546692532,217.7569571682946,281.21502265815184,128.83235098844443
217.5350389709319,217.2749585262643,280.59545565013866,129.79634827250507
217.8477783440622,216.8212634529955,279.9699769038781,130.70373841904262
218.2649173360575,216.4056668095692,279.1356989198875,131.53493170589525
218.71168560296564,216.05774002646393,278.2421623860712,132.23078527210578
219.27606913597094,212.54841135928052,277.1133953200606,132.88836431300558
219.72764887381928,209.01260940980274,276.2102358443639,133.60390139783456
220.1430747208482,208.65431420049947,275.37938415030607,134.32049181644106
220.61759513103095,205.14374684360794,274.43034332994057,134.98598195119888
221.08625652159256,201.61066401301377,273.49302054881736,135.69882597160782
221.59453689705057,201.2554905352836,272.4764597979013,136.40917292706814
222.17557093287067,197.77228677403048,271.31439172626114,137.0261959231972
222.69895436037078,197.43533387761806,270.2676248712609,137.700101716022
223.30295771466004,190.74909496111346,269.0596181626824,138.3939322492201
223.82532505369286,193.70756894846198,268.01488348461675,138.8105523085014
224.5199157587028,187.0488498617475,266.62570207459686,139.4771744002458
225.16471750524792,190.00824748220515,265.33609858150663,139.87484881347555
225.76585997105565,186.50863088533575,264.1338136498912,140.5697380226331
226.3432100769745,186.19995878028487,262.9791134380535,141.18708223273487
226.94232061373424,185.94080810869372,261.780892364534,141.70538357591715
227.5282416897685,182.53095984816716,260.6090502124655,142.24170151488966
228.15954006614413,182.27305011760632,259.3464534597142,142.75752097601134
228.86360101212082,178.90383007836533,257.9383315677608,143.23051293369608
229.6122178691648,178.69274167632375,256.4410978536729,143.65268973777924
227.20693560655107,175.29360686186004,255.01387659312724,144.21317358093353
227.8023676516185,174.9822025704292,253.82301250299238,144.8359821637952
228.31234799487646,171.51071739671556,252.80305181647645,145.5597868788668
228.87357347105245,171.26409630478582,251.6806008641245,146.0530290627262
232.59826604445067,167.84359610498066,250.43927158768983,146.68597359197474
236.37298027717736,164.3805474570904,249.09019478592188,147.41171922406988
237.05931492819815,164.09872807447704,247.71752548388034,147.97535798929655
240.90497252172239,160.71309077299486,246.20790409545197,148.56493879364078
241.6786421814437,160.39723046970104,244.66056477600935,149.19665940022838
242.49726598942374,160.12937335827553,243.02331716004926,149.73237362307938
246.464076885208,156.73205828376064,241.2310487306264,150.3856504099636
247.3522286709151,156.35586404605374,239.45474515921217,151.13803888537743
248.22186140590338,155.9766290161432,237.71547968923562,151.8965089451985
249.17308747343895,155.63170627793647,235.81302755416445,152.58635442161193
250.08684990418857,155.26812557526046,233.98550269266522,153.31351582696396
251.00371852068068,154.87831703678708,232.15176545968103,154.0931329039107
251.9784079810582,154.49438024872165,230.20238653892596,154.8610064800416
252.8311474220555,154.05143075410194,228.4969076569314,155.746905469281
253.63346636619633,153.549705062908,226.8922697686497,156.75035685166887
254.38040058081353,153.02848322406567,225.39840133941533,157.7928005293535
255.03652324290437,155.49070870497818,224.08615601523366,158.8793314753919
255.65377079176886,154.89621300751577,222.85166091750466,160.06832287031673
256.2224081244362,154.2674789950419,221.71438625217002,161.32579089526445
256.8024139597252,153.63334521453763,220.55437458159196,162.594058456273
257.3633852240026,155.98382695270828,219.43243205303713,163.90964421499007
257.9335605821991,155.30699726256904,218.29208133664412,165.26330359526855
261.5814868786866,157.61131547167997,217.02202157969032,166.68046001306774
262.06132391534624,156.9323444932366,216.06234750637097,168.03840196995455
262.5743321796799,156.2157469616412,215.03633097770364,169.47159703314531
266.12359921935627,158.53799820874468,213.9824016057044,170.87169924629183
266.4835128180253,157.85289585411383,213.26257440836625,172.24190395555354
266.83941335884344,157.16086780620657,212.55077332673002,173.62596005136805
267.1902013252753,156.4244228354461,211.84919739386618,175.09884999288897
267.5163955011341,158.77983753124246,211.1968090421486,176.4748159733615
267.76226387610745,158.08862297259634,210.70507229220203,177.85724509065372
268.0889319994119,157.3763845096421,210.05173604559315,179.2817220165622
271.53467429123646,159.69838672307708,209.2866980798371,180.76416420758545
271.830747215883,162.0870021974366,208.69455223054408,182.12535941194614
272.1431045748608,161.4363012412963,208.06983751258852,183.42676132422676
272.3986117578188,163.86813211361093,207.55882314667247,184.72534609067696
272.6308303631395,166.31410196680253,207.09438593603105,186.0084930304279
272.8595448011488,165.69882111729117,206.63695706001246,187.2390547294506
273.06407331653554,168.23635131670693,206.22790002923895,188.36488532856808
273.2410774701678,167.65034746111797,205.87389172197445,189.536893039746
273.327788809835,170.2105652172865,205.70046904264007,190.64207016143587
273.4737841024866,169.71125403105097,205.40847845733688,191.64069253390693
273.54743351882576,169.26621134753515,205.26117962465852,192.53077790093855
273.5464842249911,168.88958878891543,205.2630782123279,193.284023018178
273.4953358761634,171.73479900684046,205.36537490998325,193.86922608096012
273.46271105086925,171.43213771840013,205.4306245605716,194.47454865784078
273.42967234402346,171.3188847742029,205.49670197426315,194.70105454623524
273.3321671667914,171.27286270422883,205.69171232872725,194.79309868618338
273.2468535078428,171.26536310701468,205.86233964662452,194.80809788061168
273.1199045653278,171.28141251604418,206.11623753165455,194.77599906255267
272.97542737257425,171.2991415822785,206.40519191716155,194.74054093008402
272.7526469176199,171.27265990447515,206.85075282707027,194.79350428569074
269.23917511084164,174.41290876096264,207.55330257984787,194.83740043349474
268.9012784681819,174.35976053889476,208.22909586516738,194.94369687763052
265.3191265904348,177.56036134365462,209.04508361644466,194.8908112723276
264.8999604470719,177.57545529640785,209.88341590317046,194.86062336682113
261.2865092074607,180.7765450435994,210.73749423167703,194.83126802315385
260.7672829512906,180.78929834859952,211.77594674401723,194.80576141315362
256.9924123849353,183.99813142779067,212.92422080011522,194.789562331384
256.4182152378929,187.23418930655396,214.0726150941999,194.73654806150535
252.5891007573078,187.38960599172282,215.294705059221,194.42571469116763
252.03795370967435,187.64017369060326,216.39699915448782,193.92457929340674
248.29534158391752,191.22298718434666,217.42288948624406,193.21828622567736
247.9125321662445,191.73833548406367,218.18850832159012,192.18758962624335
244.36099853053676,192.34191791274037,218.83220357683894,190.98042476888997
244.03477301581324,192.89614888659258,219.48465460628597,189.87196282118558
243.7601889108576,193.53775149853183,220.03382281619724,188.58875759730705
243.5100634197061,194.12259125057736,220.5340737985002,187.419078093216
243.2810084558797,194.76351713471172,220.9921837261531,186.13722632494728
243.09875011576673,195.49683019509084,221.356700406379,184.67060020418904
239.71204012020326,196.22694882424605,221.74251806652592,183.21036294587864
239.4898921398707,197.01100489858067,222.18681402719102,181.64225079720936
239.23224855934262,197.7651838709825,222.70210118824716,180.13389285240572
238.95393960474607,198.46579544081865,223.2587190974403,178.7326697127334
235.50857322122462,199.16210622493747,223.82859467262045,177.3400481444958
231.95114787224355,199.84346482540838,224.63644263361434,175.97733094355397
231.38953719127167,200.5025994197466,225.75966399555813,174.65906175487754
227.72957690256234,201.15384521050808,226.78662826949147,173.35657017335456
224.07478180405715,201.8811661805075,227.80881050210274,171.9019282333557
220.33396246967718,202.64167005964453,229.011203655232,170.3809204750817
219.6168325183851,203.4053936208702,230.44546355781614,168.8534733526303
215.77916204505868,204.18214270978933,231.85136210164936,167.29997517479205
215.15523277044656,204.99292652854095,233.09922065087355,165.67840753728882
214.595718546564,205.8166837553776,234.2182490986387,164.0308930836155
214.1250172898806,206.68830464035454,235.15965161200552,162.28765131366166
213.67079095256506,207.50514540287236,236.06810428663658,160.65396978862603
213.1980649576385,211.44903108052256,237.0135562764897,158.9855062309681
209.60472937704444,212.31291948769825,237.99436073443457,157.25772941661674
209.11439855645725,216.34719808584256,238.97502237560894,155.38106538125004
205.5351482682387,217.32067581309875,239.9581710647676,153.43410992673768
205.08343391683957,218.37239425156258,240.86159976756588,151.33067304981003
201.6807262771266,219.44652233162557,241.53112377750145,149.18241688968402
201.315395744927,220.56047459681383,242.26178484190064,146.9545123593075
200.97437339135948,221.6774436716771,242.94382954903568,144.72057420958097
200.67030106972987,222.81651691080856,243.5519741922949,142.44242773131805
200.36846829061295,224.0017350327861,244.15563975052874,140.07199148736302
200.08685172065333,225.25322346493178,244.71887289044798,137.5690146230716
199.834047307069,226.5305674848171,245.2244817176166,135.01432658330094
199.6381547101882,227.8562261627741,245.6162669113783,132.36300922738695
199.48474790271723,229.17348279878968,245.9230805263202,129.72849595535578
199.3481165529313,230.47736974328714,246.19634322589206,127.12072206636088
199.269682029261,228.99530595637583,246.35321227323263,124.28108829998018
199.31762416497457,230.40839943928128,246.25732800180546,121.45490133416926
199.4081686510417,229.07503132692503,246.07623902967123,118.41488529212681
199.49706907238,233.46575154109095,245.89843818699467,115.2847598546518
199.5407532948064,232.26221100365433,245.81106974214188,112.09766844582842
199.570044450003,233.6186556970565,245.75248743174865,109.38477905902401
199.59047606337185,234.98379921606175,245.7116242050109,106.65449202101357
202.41052401431836,236.4095639482991,245.51150242624246,103.80296255653882
202.56935441301707,237.79031519848346,245.19384162884506,101.04146005617014
205.35702898753118,239.17953485006643,244.95156530730412,98.26302075300416
205.3682082141237,240.50828377815824,244.92920685411906,95.60552289682056
205.2718361965158,241.8159600624432,245.12195088933487,92.99017032825068
207.7830119863665,243.07127456134216,245.2877042595826,90.4795413304527
207.7258906878709,244.28717876859503,245.4019468565738,88.04773291594698
210.15843212875473,245.44999373398292,245.63977543010753,85.72210298517119
210.13989516327163,246.5554574724884,245.67684936107372,83.51117550816022
210.1345120532786,250.06965223039862,245.6876155810598,81.50713193463659
210.18243500598402,250.95074716436864,245.59176967564892,79.74494206669661
210.07498227588744,254.2268682529142,245.8066751358421,78.14689352568311
209.8991805521399,254.8640538439958,246.15827858333716,76.87252234351993
209.7560264854502,255.45021518924588,246.44458671671657,75.70019965301975
209.4854427065163,258.45239940890133,246.9857542745844,74.58758786585786
209.3229020017738,258.9003009125454,247.31083568406936,73.69178485856966
206.78686413175907,259.3092462345136,247.51611258222243,72.87389421463337
206.4779816627663,259.6399453763387,248.133877520208,72.21249593098314
206.2016375792308,259.9402122716181,248.68656568727894,71.61196214042425
206.0035935826262,260.263628048956,249.0826536804882,70.96513058574851
203.2823318364246,262.9846861041859,249.68412058051504,70.36407106766498
202.98500798616186,263.2009705978169,250.2787682810405,69.93150208040308
202.1927146180277,268.41966680832047,251.8633550173088,69.17131451255051
202.05682034545686,266.2414285643818,252.13514356245048,68.68110145398478
201.48713787647952,271.4348708206926,253.27450850040515,67.97684728896098
201.41480388810834,269.1553656444544,253.41917647714752,67.69174093956697
198.71438161729975,274.2979502450813,253.97923517702438,67.08814342179367
198.87141986550915,274.3225684762268,253.6651586806056,67.03890695950273
198.85872599920643,279.24088836110184,253.69054641321105,66.86615848548529
199.24853693342453,276.69707885000565,252.91092454477487,67.1247324797456
199.19171259799344,284.0268702281485,253.02457321563705,66.93401093530673
199.6909745306107,281.4167312186386,252.0260493504025,67.3333313577321
199.77499919377254,286.1555417498667,251.85800002407882,67.48457569802656
200.20649875930567,285.8196663585352,250.99500089301256,68.15632648068953
200.4095495792509,290.3634276836442,250.58889925312212,68.69960127706487
