208.0,95.0,194.0,311.0
204.21378792554265,95.4212852321964,192.6732085679083,309.1574295356072
204.9951266366537,95.87381051411165,191.11053114568617,308.2523789717767
205.8913995438449,95.95193180596462,189.3179853313038,308.09613638807076
206.98204548889325,95.85491208789406,187.13669344120711,308.2901758242119
208.16082134733173,99.45997844459814,184.77914172433015,308.82349994506075
209.3456975279037,99.2749167581963,182.40938936318622,309.1936233178644
210.35229075451895,98.89545681838354,180.39620290995572,309.95254319748994
215.09218085100395,98.33869426604198,178.5707709051478,311.06606830217305
219.79148445930122,97.94445976719922,176.8120770786098,311.8545372998586
220.67190501104258,97.82250130613957,175.0512359751271,312.0984542219779
225.45629998084814,97.58127959059166,173.07782032656158,312.5808976530737
230.01212708312568,93.65505003447367,171.53504283194934,312.86448005536687
234.63388385323577,89.90125571201514,169.83826129604336,312.82533669596967
235.56566743336901,86.3980146641974,167.9746941357769,312.3146642040718
240.4525093961794,86.6644731900852,165.67874471732506,311.7817471522962
245.2491223026035,83.34562766450881,163.5160536290659,310.98890347886
239.04839744582563,84.15561441588693,161.15401504449957,309.36892997610374
251.4024218507534,84.67113090699135,158.39795019541262,308.3378969938949
242.17103787067845,92.43520856389719,155.0965244925568,307.319204122087
254.70077994214756,99.64997349249276,151.58549446030682,307.255310338688
244.63349723894888,96.09688081278122,150.35671019709758,307.24037914157554
256.9553138994858,113.04853260696547,147.01183259023614,308.8350017435612
246.61264637046736,109.27544630188069,146.50306183280838,309.31647241524246
258.57879540045076,122.60011958463036,143.75932649156672,310.9185428080433
248.0325725905301,118.83632754169062,143.73696954156028,311.4078593706402
256.2161625663416,128.59533033191715,141.45977905229708,313.02483798372697
249.00949751405145,125.03611396861123,141.8159245535639,313.11467840868204
245.83031821935623,121.49515229971468,141.13813672782737,313.1604553313482
253.8984094949634,134.68318465540926,139.05178590828436,314.88405408330175
243.76446622498997,128.05089174450478,138.27994579179366,314.12215546748564
255.47551875072338,133.83337201700746,135.8236574340276,316.5344060516141
245.22760069932752,126.47879893101538,135.37891310464167,317.28316526881315
249.57407714583812,142.65509659591257,133.66911875075738,319.8463626347032
245.74979153482866,138.05665003421925,134.32778466603452,322.0533504513481
241.9598174134856,133.3375538309009,134.87427490274845,324.4580848520126
238.3863888836495,131.97960887589093,134.94325963827518,327.1739747620325
238.29696830558004,134.06259236350394,135.12210079441414,330.12629529715116
231.0070176072275,132.22423706211555,135.37390998046422,333.80300589992794
234.4103256577166,134.46729110157355,135.78881728968892,336.5384212312149
223.53088208742656,132.69679913344248,135.74272915016738,340.07940516747703
230.5319595309214,127.96823881816576,136.37754854147232,342.21803865888313
219.2027393987867,122.78142441487694,136.95417994308838,345.23106451124295
211.07001152923476,110.55336393383058,138.39111680067174,347.44440715105503
217.78936847396915,98.97698816797808,139.89596007499156,348.18182293707724
205.70595224545627,94.68169502315715,141.53502817036642,349.26315443950216
212.4811105378124,75.6563995315799,143.09281563786422,349.54348529213155
200.5106787691757,72.00996714938873,144.2761907568003,349.2505205837348
203.6393391596023,64.94971358246556,145.6215165261592,348.16573461715706
199.2523723195179,61.610214336613126,146.78457452986987,347.2338574324038
202.55789223414283,50.744556205436055,147.79156631614836,346.11107884817284
202.1608152589517,47.76164604651751,148.58572026653061,344.45727363744845
205.65647903345376,44.766662837445494,149.20413057319266,342.83750219992635
205.37499488984312,41.748849551340584,149.7670988604139,341.2759235707393
208.99782380102357,38.78229632500859,150.10595103956325,339.6245200218931
212.66238084042936,35.82582669624435,150.3433787304593,337.9709175097139
212.52641316660691,32.93791468304954,150.6153140781042,336.20000241276466
220.22757923460523,29.93385183397612,150.2646315683936,334.6823032977685
220.08817999364595,30.538238009025832,150.5434300503122,333.4735309476691
219.96114636348307,31.01154324089495,150.79749731063797,332.52692048393084
223.62074395583085,27.521136673207423,150.9539923170901,332.0320434281582
223.4854022666955,27.78850550335727,151.22467569536076,331.4973057678585
223.2604577602716,27.723856858285615,151.67456470820855,331.6266030580018
223.01058428830663,27.522240220636036,152.17431165213853,332.029836333301
219.13922982699032,27.207766435847304,152.424421386853,332.65878390287844
218.90896894067157,26.756417864353978,152.88494315949046,333.5614810458651
214.98349125209137,26.06146994928949,153.20858458837097,334.9513768759941
207.28306924250202,25.238529355146,153.50305070130247,336.59725806428105
206.98801270715995,24.53906388086557,154.09316377198664,337.9961890128419
199.19363409036572,23.506792063540047,154.45603057831667,340.06073264749296
194.98377882100155,22.646215865234552,155.22643486701742,341.78188504410394
190.89021250401254,25.595601949885605,155.72574471759916,343.57093565819815
186.7620458500337,24.725009394295853,156.25950733260674,345.31212076937766
182.5330619840052,27.768350479706555,156.9602486620133,346.98266500120667
182.1946776700793,26.993067604531603,157.63701728986513,348.5332307515566
178.05594660117112,26.089171852690868,158.08629819996654,350.34102225523804
177.76918472493642,29.218821286106106,158.65982195243595,351.9440433707638
173.59460997937762,32.39428696731352,159.11330656377464,353.48877688812786
173.44451115439978,31.598465441583755,159.41350421373036,355.0804199395874
173.37750237711037,30.872529551762625,159.5475217683091,356.53229171922965
177.34746692984197,34.15041389322616,159.58545315563023,357.9543835290869
173.40901001819014,37.590755955779514,159.4632051959936,359.0728611869205
181.6726167813314,40.996781229253145,158.96246392522318,360.27404676772926
181.77499200513518,44.53242979935993,158.75771347761562,361.22458982730456
186.07274507959232,48.05277088952997,158.1942188413502,362.21591915961335
186.3635532754912,51.683410753026436,157.61260244955244,362.9910822227145
190.8333193339753,55.275482020983105,156.7104792492275,363.8443486034445
187.41268848697172,58.8660739406013,155.51791051449428,364.6969951929486
196.31869653318793,58.314313759355,153.75605374721107,365.80051555544117
189.17383922352764,65.80348750831698,152.02611662262458,366.8418198014242
197.96593397934265,65.1633189775701,150.43025098211925,368.12215686291796
190.7512392695558,68.39255525284361,148.8911315504805,369.64793873797714
199.43408154849595,71.52060233088474,147.48308747372423,371.3706648224569
192.1801674434506,74.5255034973797,146.03394569376837,373.3393474844902
200.6779697508964,77.31235124778192,145.00009340595932,375.7465281472271
193.07047205281333,79.9512443328612,144.22122598968016,378.4656733832912
201.26041296925655,82.71076162586314,143.88530322161787,380.9686183296993
193.35622836186235,85.42009392387698,143.5899872390871,383.60179633233116
197.47105927524618,84.4409099160186,143.44460095665448,385.5601643480479
189.53988224378514,87.61112931199503,143.08752059958343,387.32944276609163
197.89526560466086,87.19583804452577,142.6339899737523,388.16002530103015
189.92059476376295,90.87123942085503,142.31868640894504,388.94154517167317
194.19306264344647,91.07182287390009,141.91156363948312,388.54037826558306
190.1775804459062,91.38147571627013,141.8178131910929,387.921072580843
194.44184407742108,91.39737341622123,141.40344419581672,387.8892771809408
186.56588804421702,91.52795436894772,140.94292898020063,387.6281152754878
195.0653555032069,91.42885378662177,140.1322949624082,387.8263164401397
187.19347792159715,95.59370066930987,139.7114122339237,387.57894162061547
195.56973859726057,95.81465959139166,139.1012158722753,387.1370237764519
187.70196884963053,96.24245847418291,138.72916730098223,386.2814260108694
191.88081533936054,96.59128062560907,138.40629828685599,385.58378170801706
187.8148830602459,97.16423047690836,138.5191602594172,384.4378820054185
191.95466075948974,97.32284279363114,138.24426999627985,384.1206573719729
183.90896458994055,97.55946580784146,138.34535843852154,383.6474113435523
192.1312554060636,93.12624150417673,137.88120930180048,384.5236437031192
183.8151219396604,92.77802169241667,138.52480432466234,385.2200833266393
191.72505917674823,87.63788722639015,138.73683019563305,387.4844020861192
187.27340590884924,86.71825548280054,139.5879794770321,389.3236655732984
191.013266288613,85.21984298473677,140.20212722594468,392.32049056942594
186.43396232861832,75.56029687789919,141.2129066483016,395.3439257878364
190.30166117931753,70.04218511923358,141.68686563811661,398.1707926139542
189.90776591068618,68.69130869849062,142.47465617537932,400.8725454554401
185.46228358980522,63.48052688345689,143.05439202227663,402.9828802906429
193.8951485753263,57.86101455121363,142.8924468933117,405.8700125340909
189.51970218317075,57.036262459597594,143.2531565369569,407.519516717323
189.56377485651888,56.42690542641583,143.16501119026063,408.7382307836865
193.86623321901413,55.80560295396495,142.99617404736094,409.98083572858826
193.9184039872938,51.218680292887996,142.89183251080155,410.70393795767075
193.92611494235453,51.100272370170444,142.87641060068012,410.94075380310585
194.02321452335752,46.856232406212484,142.68221143867413,410.9665732349365
193.93418203612356,47.157820591783604,142.86027641314203,410.36339686379426
193.8243795241508,43.34731715654701,143.0798814370876,409.5306739521949
198.02093866665987,39.66395529832678,143.13260465869,408.45155616201475
193.9059714941995,40.569958906171905,142.93114015363085,406.6395489463245
198.16860988084198,37.22901111644441,142.80773573928568,404.9195721668396
194.22041002404686,38.22711095732646,142.32906120154593,402.9233724850755
194.2713243416921,39.20744888583184,142.22723256625545,400.96269662806475
194.32913964525386,40.218779921222875,142.1116019591319,398.9400345572827
194.37641809854057,41.235034937496124,142.01704505255853,396.9075245247362
190.44732236944554,42.210258654019015,141.62895905739242,394.9570770916904
194.91874312142076,43.07551411790712,140.89748594478368,393.2265661639142
191.27239307140354,44.161818516473886,140.01680580469971,391.05395736678065
191.48637515328386,49.07144710781907,139.58884164093908,389.36106962239796
187.70535781509318,54.027247724311025,139.05645756769044,387.543887139044
191.92982950914177,54.91831674359423,138.66631326128655,385.7617491004776
192.39807025604432,59.35002692580656,137.72983176748144,384.9245853872544
188.74887946836725,63.97480029279882,137.03089020867446,383.672361787431
188.99912822648855,64.4906128240209,136.53039269243186,382.6407367249868
189.37329735974535,68.72402045921598,135.78205442591826,382.11686521452225
185.644575611782,73.2872207942128,135.31761066857874,380.91235179779477
181.6151605050591,74.14067964891706,135.48018598970788,379.20543408838626
189.80454782776565,74.26635029174696,134.85104239298096,378.95409280272645
182.284963342771,78.92232572851941,134.1705789491655,377.5019581360839
182.2915724038379,83.49763463888124,134.1573608270317,376.17806832396815
178.46696942458306,84.38003043491128,133.99899286271128,374.41327673190807
182.36498759736418,84.79572175405562,133.9824407036816,373.5818940936194
174.4531881649778,89.32823773944125,134.27143608287057,372.28416386564004
178.19728590998352,93.3693205556103,134.5372243060403,371.95598194648306
170.2506840404899,97.85229267547948,134.92222425613028,370.7441396011933
177.71631269205471,97.91564523343726,135.47843264303012,370.6174344852777
169.45254052901987,101.92013721679177,136.50202791058692,370.3604250478252
168.88809656787518,98.39538489000904,137.63091583287627,369.64314635088806
168.40073838197753,98.28227577609792,138.6056322046716,369.8693645787103
163.71574975108211,98.07360204590094,140.17793078054405,370.28671203910426
167.13275940630913,97.53577695860514,141.17587221393734,371.36236221369586
162.66761611673564,96.89321754039878,142.24082520639317,372.6474810501086
166.16050339794919,96.45687290405215,143.1579607964682,373.52017032280185
161.67126095291388,96.04251459582281,144.20453874732553,374.3488869392605
165.14446149069784,95.58070714687051,145.22072689986706,375.2725018371651
160.58547330030106,95.353482808769,146.3446226636546,375.72695051336814
168.18851987379176,94.75440958827022,147.1800363592825,376.9250969543657
163.70780732941756,94.31331776605523,148.08852584344322,377.80728059879567
175.62966842384793,89.5464836683534,148.49044913339188,379.2590669679296
166.7907110433278,84.45989470545061,149.94847206166588,381.32229897735203
178.659834654077,74.75409540594546,150.70733201910554,384.4024927904036
186.24332886547927,68.24546233741242,151.98747694049038,389.1961922553749
181.24215524778964,57.68359656907859,153.67443451041478,393.6891444611328
192.67401894876156,34.82775610932279,156.04122644939943,397.3499598124302
187.1873673477574,21.90225086484608,158.50936309064664,397.6854706191001
198.42540135053486,-3.0967849696410212,161.69564144272726,396.35884957280325
188.25123882710187,-5.969154105439856,164.86032789621152,393.51176854771006
203.75443018678607,-29.794775504734872,168.28183783247925,389.52117236284585
189.82929199792395,-9.896412250658955,170.30261854737586,384.1637734051309
207.5537624835992,13.61495983881153,169.12503167982982,379.9802218559455
221.61145344171024,35.36625973552847,166.46898344004686,378.90984485657685
208.0201648722395,-7.775010674824955,168.37904830248794,372.5265073301158
218.83715864822344,-30.223123806778375,171.8405160126461,367.2318230697706
205.12545576559717,-5.653961304551899,174.21766454446413,359.83726012104177
219.8147598287573,-47.8744939372248,177.96842373715637,353.1725652591031
206.6183772249033,9.732030188974278,179.6115671816387,345.20787798068307
221.46411172257203,-31.64403031674823,182.56557622064332,338.18493439768724
204.86407287168214,25.34846934942118,183.3307184252332,329.6134754312158
221.52070993364902,47.79765822951262,181.9987200409962,324.69169234565396
204.8712839165628,-22.86825578494694,183.69806617021436,315.92586732604036
