288.0,147.0,225.0,264.0
287.98488576415224,146.3990838739447,224.03022847169555,264.2018322521106
288.3823179301751,146.4394371041746,223.23536413964982,264.1211257916508
288.7538606761009,146.55329784622188,222.4922786477982,263.89340430755624
289.10622480208497,146.76680244788628,221.78755039583012,263.46639510422744
289.42758820327435,143.08523985541356,221.14482359345135,263.19477603129036
289.73724574437506,139.6724509908253,220.52550851124994,262.40014837782184
293.97197440994427,136.37395006978562,219.65402870706112,261.39917269295154
294.3320568031303,133.08431052336178,218.93386392068908,260.4099452549934
294.72445114410664,129.8969562155542,218.1490752387364,259.2430003266546
295.14002328595006,126.74559794353723,217.31793095504952,258.03469797614196
295.55841806611227,123.64234394112526,216.48114139472506,256.7622063775481
295.9622471619638,124.1709377610467,215.6734832030221,255.70501873770525
296.36997967910406,121.01333104306592,214.85801816874152,254.6036439302466
296.71030919796556,121.45143094592758,214.17735913101853,253.72744412452326
293.38034110650295,121.88236818407537,213.47529939953813,252.86556964822768
293.72135846891547,122.31139737218263,212.79326467471316,252.00751127201318
290.4160557261804,119.03779992463609,212.09068844287734,251.2415244498003
290.7705609812321,119.38734522762246,211.38167793277387,250.54243384382755
291.13209026691214,119.78616601360294,210.6586193614138,249.7447922718666
291.4090987404279,120.15436339694446,210.10460241438227,249.00839750518355
291.71499724743694,120.53302279800175,209.49280540036426,248.25107870306897
292.0136320245101,120.91264071178928,208.89553584621788,247.49184287549392
292.3514348771614,121.32698369148022,208.21993014091527,246.66315691611203
292.7014695584041,121.78092100096978,207.51986077842994,245.7552822971329
292.969025653133,122.19916958761762,206.9847485889721,244.91878512383724
293.24256577076136,122.59584558600129,206.43766835371537,244.1254331270699
293.51327368019014,122.95389218088002,205.89625253485778,243.40933993731244
293.76260326967093,119.75138552112608,205.39759335589625,242.74484270694796
297.51278041895995,120.08075853410404,204.9484707403441,242.08609668099206
297.74552597514463,120.41284954768162,204.48297962797471,241.4219146538369
298.0112654675744,117.2520271836229,203.95150064311525,240.7274613408206
298.30036296981484,117.57933124527132,203.37330563863424,240.07285321752377
298.56499505693813,114.40592757331603,202.84404146438774,239.44223788488813
298.79065114214234,114.71931728871546,202.39272929397936,238.81545845408928
298.9623007721563,115.0507052678367,202.04943003395138,238.1526824958468
299.09017527117174,115.26552591435674,201.7936810359205,237.7230412028067
299.20833084505756,115.4720586246504,201.55736988814883,237.3099757822194
295.9198825003399,115.59164685532639,201.22870565714186,237.07079932086742
295.9970277908511,115.5923433341783,201.0744150761194,237.0694063631636
292.6238591214619,115.56705204346757,200.92667325493613,237.11998894458506
292.58874366613827,115.50263806535932,200.99690416558335,237.24881690080156
292.5567981314995,115.46840307402027,201.06079523486102,237.31728688347965
289.1433273461927,115.3969304643158,200.99005029960463,237.4602321028886
289.1482300772221,115.24962161493919,200.9802448375458,237.75484980164183
289.1273119822933,118.48618372336436,201.02208102740337,238.184869225185
289.12035391846155,118.25555358635157,201.0359971550669,238.6461294992106
289.1388730763408,121.73338851604187,200.99895883930836,238.6082517532212
289.19020127223064,121.76887383725425,200.89630244752865,238.53728111079644
289.275469572996,121.76716051322916,200.72576584599798,238.54070775884662
292.86200816775647,125.19854181968786,200.463859761119,238.5891162505712
292.94482819907466,125.15637222002724,200.29821969848265,238.67345544989246
292.9220468222578,125.06438114429372,200.3437824521164,238.8574376013595
292.86226571237387,124.87842790890298,200.46334467188427,239.22934407214098
292.6847957286334,124.53344751588517,200.8182846393652,239.9193048581766
292.39541365343075,124.14683727774134,201.3970487897704,240.69252533446425
292.100591953704,123.76801886477142,201.9866921892239,241.4501621604041
292.0323228020511,123.41213912461201,202.1232304925297,242.1619216407229
292.0584884997484,119.60447986626133,202.07089909713514,242.7877300734271
288.60319893381444,119.28442787873047,201.98317041929138,243.42783404848882
285.1211636733696,115.46896301475738,201.940489762946,244.0520125992
285.0591868203808,115.20233775458559,202.06444346892357,244.58526311954358
281.58164884277,114.8736972009956,201.993638720798,245.24254422672357
278.02906919800927,114.54791665988728,202.06394617103595,245.8941053089402
277.8153408462589,114.15615487075434,202.49140287453662,246.67762888720608
274.19875817218133,113.76811302862359,202.65960192670263,247.45371257146758
274.1003612237581,113.32234683793929,202.85639582354912,248.34524495283617
270.5357875611327,112.90850781497753,202.88903890764033,249.1729229987597
270.4548891770103,112.61045728445434,203.05083567588514,249.76902405980607
270.41499792102616,112.42656803452715,203.1306181878534,250.13680255966045
270.4013354358525,112.28613258808903,203.15794315820068,250.4176734525367
270.3490376970085,112.11064755907672,203.2625386358888,250.7686435105613
270.320176692392,112.03326155221973,203.32026064512178,250.9234155242753
270.32481305694023,112.02697181169825,203.31098791602528,250.93599500531826
270.4092886500851,108.4619886917439,203.14203672973554,250.9223013265692
270.4449672067284,108.46723797420937,203.07067961644893,250.91180276163826
270.49088299903076,104.99564831972769,202.9788480318442,250.7155828381719
270.5385104801087,105.1630195674994,202.8835930696884,250.3808403426285
270.6482185377862,101.77118561576967,202.66417695433339,250.03629004712434
270.6899184917935,102.00645717134256,202.58077704631881,249.56574693597855
267.3137042499388,98.78760234913031,202.22240546692333,248.89265651729818
267.4949132718198,99.17851215048,201.85998742316121,248.1108369145988
264.1779675089299,96.04408563377974,201.4170886017331,247.3028996007914
264.32808601556894,96.50952309452244,201.11685158845495,246.372024679306
260.99932483030955,97.02429875623623,200.7363200963914,245.3424733558784
257.71831092324,97.4865271684129,200.28227091477558,244.41801653152507
257.8312938940535,97.91537060551772,200.05630497314854,243.56032965731544
254.4659491595434,98.37080891606021,199.80930898356496,242.64945303623045
250.9750613942014,95.22529431628747,199.83139995589198,241.98079767741896
250.88094210866083,95.55195546847926,200.0196385269731,241.32747537303538
247.3360441965495,95.83280885141922,200.16670090734942,240.76576860715548
247.17513854627637,96.01270269941566,200.48851220789567,240.4059809111626
243.4312611942566,96.1651498925981,201.04016442137814,240.10108652479772
243.13962492840966,96.28826930259157,201.62343695307197,239.85484770481077
239.383910284789,92.97283932003282,202.18897266441377,239.5398140940287
238.97912231562492,93.07560543703939,202.99854860274192,239.33428186001558
238.54414110191212,89.64583421629777,203.86851103016755,239.23383107292477
238.11175086449086,89.75775195522336,204.73329150501007,239.0099955950736
234.1685885731029,86.25909588150103,205.63674674980257,239.0244384045348
233.68311653801223,86.34404804844299,206.60769081998393,238.85453407065089
233.26757883226594,86.47759752298353,207.43876623147648,238.5874351215698
232.90283461030825,83.10315108352833,208.1682546753919,238.31657672076796
232.511503355236,83.29420908299805,208.9509171855364,237.93446072182851
232.18651726726063,83.46472278965102,209.60088936148713,237.59343330852258
231.89298128619515,83.65049408992454,210.18796132361808,237.22189070797555
231.65175880296715,80.3320989090376,210.67040629007408,236.8160728666722
231.40201853684158,80.56478910890745,211.16988682232525,236.3506924669325
227.69006998153714,80.77081223442555,211.54900539719847,235.93864621589628
227.43346242571295,81.00261984724408,212.06222050884685,235.47503099025923
227.2064113831404,81.23340629296627,212.51632259399193,235.01345809881485
223.49202431041175,81.42391538790253,212.89961023305963,234.63243990894233
223.2432530237143,81.59144817402614,213.39715280645459,234.2973743366951
223.05536155657677,81.76225672823094,213.77293574072962,233.9557572282855
222.86435244799503,81.94027339145809,214.15495395789307,233.5997239018312
222.66960085022282,82.07985683289645,214.54445715343755,233.32055701895447
222.5344749367166,82.17587776725279,214.81470898044995,233.1285151502418
222.35158229036583,82.24556271699669,215.1804942731515,232.989145250754
218.62353338460417,78.73294859535845,215.5801956387154,232.95797704807106
218.1353970258669,78.73425685780718,216.55646835618995,232.9553605231736
217.60495860649218,75.08362743298034,217.61734519493942,233.1788707033083
217.12795818419062,71.47905210897062,218.57134603954253,233.28992587509566
216.65805402536296,71.4357623667307,219.5111543571978,233.3765053595755
216.14174004434452,67.80393749470517,220.5437823192347,233.50890164070603
215.6394425912921,64.16439346619661,221.54837722533958,233.6382825245565
215.12539467429917,60.465952214496355,222.5764730593254,233.86750331135386
214.67338963429242,56.776402360699876,223.4804831393389,234.05905873809905
214.20503336496944,56.77789813709461,224.41719567798484,234.0560671853096
213.7629080177872,53.16869702279742,225.30144637234932,234.0548169510047
213.3597572330178,53.18855629479384,226.10774794188814,234.01509840701186
212.963017840058,53.25823643119047,226.90122672780774,233.8757381342186
212.5943978057855,49.74565986769032,227.63846679635273,233.6447689220757
212.2930084321883,49.81756770661087,228.24124554354717,233.5009532442346
212.02110737660047,49.88282846459626,228.7850476547228,233.37043172826384
211.7988188235636,49.96314077338552,229.22962476079653,233.20980711068532
211.65843590246243,50.05819890292079,229.5103906029989,233.01969085161477
211.53740152426764,50.115388906407034,229.75245935938847,232.9053108446423
211.50696100338206,50.23906725425843,229.81334040115962,232.6579541489395
211.45707237238895,50.291658756939114,229.9131176631458,232.55277114357813
211.47813055498423,50.4005652092458,229.87100129795527,232.33495823896476
211.48483368168252,54.123185181193776,229.85759504455874,232.16852644714277
211.53463300833275,54.160325432765234,229.75799639125825,232.09424594399985
215.25863234327744,57.84730563342171,229.58323811683462,231.9935259381527
215.4459810355313,57.9274809944734,229.20854073232695,231.8331752160493
219.32291643881314,61.708284838810414,228.7151399768367,231.53203757844875
223.22752307363618,61.879880297983306,228.15387981714548,231.18884666010297
227.1660783037293,65.69739049269499,227.5104736072473,230.78753052096764
231.12029588210305,65.89369593878118,226.8192837268316,230.39491962879526
235.11464597931422,69.70280389259145,226.0307521614218,229.97687235018725
235.4412760569697,69.99395824365612,225.3774920061108,229.3945636480579
239.30491264119988,73.75137017247077,224.81191364404327,229.04143459682135
243.1061331629144,73.96223953117064,224.3566918333566,228.6196958794216
246.93262502011004,74.20816057753994,223.83711556373294,228.127853786683
247.13470445691706,78.05039150540571,223.4329566901189,227.56087031750093
250.79981558920173,78.31882758681955,223.20492504242077,227.02399815467325
250.8524887664033,78.48155852394405,223.09957868801763,226.69853628042426
254.41164109640238,78.61832192299335,223.064652223668,226.42500948232566
254.4644810402062,78.75928815922363,222.9589723360603,226.1430770098651
254.4799018128475,78.85548591921656,222.92813079077774,225.95068148987923
254.41706908466898,78.94641140548309,223.05379624713476,225.76883051734617
254.33514171972462,78.95387077868385,223.21765097702348,225.75391177094465
254.2061482813847,82.39526662551194,223.4756378537033,225.94151018457688
254.06983215524122,85.92388322413882,223.7482701059903,225.96168575597636
253.97147770081483,89.44847755202031,223.94497901484308,225.99452220400616
253.98806423909315,93.05068913594532,223.91180593828642,225.8757420947314
253.97542692090576,93.01931084337039,223.93708057466117,225.93849867988126
250.28083353764202,96.39055125222116,224.24163007728168,226.28065512608666
250.13888422381962,99.76256209282421,224.5255287049265,226.6314544156747
246.3004415462276,99.57346201397289,225.09759903089653,227.00965457337736
242.39962865768248,102.87134884625746,225.77944145691418,227.53366425988077
242.05365080103167,102.53702807351,226.4713971702158,228.2023058053757
238.0811358740129,105.81201045093383,227.25622420071093,228.81254387407057
237.66451877355746,105.49575961379796,228.08945840162176,229.4450455483423
233.58450293709564,108.78347013047988,229.0442302020015,230.07488438752233
233.1465824691478,108.49417321945019,229.92007113789714,230.65347820958172
232.723005236205,108.25276284694013,230.76722560378272,231.13629895460184
232.21769799000987,108.03931411186346,231.77784009617304,231.56319642475518
231.72838096215372,107.846353403501,232.75647415188533,231.9491178414801
231.1654127636767,107.70987616402627,233.88241054883935,232.22207232042956
230.62800918162606,107.57490952034122,234.95721771294063,232.49200560779965
230.1626750293149,103.7711809219679,235.88788601756295,232.738083305291
229.64299248430285,103.62318542445414,236.92725110758707,233.03407430031854
229.07619540592165,103.48969541247706,238.06084526434944,233.30105432427268
228.61075074049137,99.59689072797818,238.99173459520998,233.66373626757934
228.126928042687,99.44380611071443,239.95937999081872,233.96990550210683
227.74036572687606,99.30294538762902,240.73250462244062,234.25162694827765
227.42971716179915,99.09282668704498,241.35380175259448,234.67186434944574
223.44145592581256,98.90415042897145,241.83404167772625,235.0492168655928
219.35490599348475,98.60882305039382,242.497358990252,235.63987162274805
218.98861113350807,98.3220051969194,243.22994871020532,236.21350732969688
214.76711106274936,101.80242284261446,244.12286033902393,236.80276055100566
214.4617097217155,101.61267514081123,244.73366302109167,237.18225595461212
210.2766544567109,101.40485822436315,245.51477941169935,237.59788978750828
206.18061514016847,101.16278331752422,246.09903990434827,238.08203960118615
202.06252459161644,100.9197494161958,246.71058342381883,238.568107403843
201.7237265940184,100.7106851877072,247.38817941901496,238.9862358608202
201.4273443827393,100.53331766312704,247.98094384157312,239.3409709099805
197.24352160834232,100.26478051439592,248.6745300741864,239.87804520744274
196.9350720139149,100.04400314159246,249.29142926304127,240.31959995304967
196.66205418626186,99.83505634520175,249.83746491834734,240.7374935458311
196.37277784694734,95.79812645791215,250.41601759697636,241.0860957156568
200.01361608473263,95.68769571812949,250.87418324265116,241.3069571952221
203.62037855645988,91.62340093973852,251.41117630570767,241.68502874549304
203.39300694955637,91.4044474252753,251.86591951951468,242.1229357744195
207.10386605529078,91.1530108378379,252.2231750796824,242.62580894929428
206.9517844853714,90.8688239110169,252.52733821952114,243.19418280293627
206.72350136159207,90.57782449328852,252.98390446707978,243.77618163839304
210.38365338804573,90.25891306731533,253.48625792390817,244.4140044903394
210.2344071041456,89.82061908511761,253.78475049170845,245.29059245473485
210.02668337089108,89.38836725012095,254.20019795821747,246.15509612472817
209.7677867970132,88.9267154746959,254.71799110597323,247.07839967557828
209.48074274851695,88.48860580027068,255.29207920296574,247.95461902442872
205.08215433127933,88.09331162937339,256.16432178068845,248.7452073662233
204.66743906870292,91.62184138701497,256.99375230584127,249.63926441712522
200.20798114574558,91.15572024461396,257.93440560907027,250.57150670192723
199.76634345063152,90.74129377881813,258.8176809992984,251.4003596335189
195.33392401279755,90.33755737201383,259.6478023672062,252.2078324471275
194.9170965395732,89.97759525697049,260.4814573136549,252.92775667721418
194.52830365452567,93.65891182818459,261.25904308375,253.65008923190646
190.0801214017549,93.25238780313992,262.0468236967974,254.46313728199578
189.72221406559262,92.83305717511577,262.76263836912193,255.3017985380441
189.33992032300006,92.43183795622244,263.52722585430706,256.10423697583076
188.92202129694613,92.05305558632452,264.3630239064149,256.8618017156266
188.59541253542866,91.72132900864995,265.01624142944985,257.52525487097574
188.29542421740027,91.43413709156567,265.61621806550664,258.0996387051443
188.04361171080606,91.11342721636328,266.11984307869506,258.7410584555491
187.82908018002044,90.82850762322028,266.5489061402663,259.3108976418351
191.82158131913403,90.52171672698725,266.84496450004593,259.92447943430113
191.61225465767035,90.1711167043467,267.2636178229733,260.62567947958223
195.54946037566407,89.81191201007991,267.7022593572823,261.3440888681158
195.29547906258864,89.35561496292468,268.21022198343314,262.2566829624263
199.1408856949774,92.97364725687675,268.87308671324155,263.37429636910815
198.78464855078343,92.41352996480313,269.5855610016295,264.4945309532554
198.56033358098017,96.07865538771955,270.03419094123603,265.5748946860888
198.37125320151972,99.81335198884861,270.41235170015693,266.5402171497702
198.2464164638846,99.39665855176062,270.6620251754272,267.3736040239462
198.03471413533472,98.94460227262272,271.0854298325269,268.277716582222
193.565243660938,98.52168798084824,271.53049173518264,269.12354516577096
193.45685412795135,98.07375358267956,271.74727080115593,270.01941396210833
189.0932325545817,97.70468797866207,271.94276598047855,270.7575451701433
189.09424569921225,97.4350836023246,271.94073969121746,271.29675392281825
189.1243202508388,97.25276940084066,271.8805905879644,271.6613823257861
