175.0,158.0,167.0,200.0
174.81609442903874,157.17354514391047,166.36781114192252,200.65290971217905
172.32710153162748,156.86508721478407,165.57225109232238,201.2698255704319
172.75869056327167,156.6229923504546,164.70907302903393,201.75401529909078
173.22195151931547,156.35676818990646,163.78255111694637,202.28646362018708
173.81600616343715,156.11164550870416,162.594441828703,202.77670898259166
174.52623739677063,155.92935154457192,161.17397936203602,203.14129691085617
175.26282207386478,155.68847144741528,159.70081000784774,203.62305710516944
176.11606763289944,155.43317756256056,157.99431888977844,204.13364487487888
177.0371044867373,155.2075829828872,156.15224518210272,204.5848340342256
178.0534979880524,155.02888659181434,154.11945817947245,204.9422268163713
179.17868303519515,154.8474099690413,151.86908808518697,205.30518006191738
183.22076161441197,154.66580794087469,149.39396334563318,205.66838411825066
184.43299208528953,154.41985903276185,146.96950240387807,206.1602819344763
188.57630501849698,154.2268699556825,144.22441073613896,206.54626008863502
192.68618735143718,153.94600646847363,141.5067536207207,207.10798706305275
194.02170473437792,153.60308149019681,138.83571885483923,207.79383701960637
198.16290409875182,153.26596705933125,135.98498132608654,208.4680658813375
199.54756536559017,152.8960423602884,133.21565879240984,209.20791527942322
200.9102109262542,152.48600706259958,130.49036767108177,210.02798587480086
202.35831069629126,151.99532876214613,127.5941681310077,211.00934247570777
206.55492003944943,148.74226709654857,124.49268205486703,212.22373319672724
207.99573983623534,148.16733954243614,121.6110424612952,213.37358830495208
212.18709645090757,147.50528532768794,118.45396204552992,214.69769673444844
213.62938241936314,146.93591551960614,115.5693901086188,215.83643635061208
215.0457966828293,146.33120618832828,112.73656158168649,217.0458550131678
219.13569038655686,145.72470005638047,109.68484044760963,218.2588672770634
218.04815721837102,145.0975413600316,106.76669062980541,219.51318466976113
222.06421452040092,144.5853246222569,103.79556837020493,220.53761814531055
221.02708733022226,144.0923327738823,100.8456123012533,221.52360184205975
219.77203628733102,146.07618395963772,98.36875474292135,222.54285911466346
216.01166166259316,147.9664262767852,95.97302161012475,223.72061567150462
211.96539270508765,149.94202138063295,94.199488312551,224.7024610701015
210.16357044923978,152.13687444584673,92.88730724268405,225.2285805212366
206.15546708181114,151.8355000718688,91.10326889565535,225.83132926919245
204.32749412702378,153.95967329394836,89.88216292370416,226.46003470655933
202.6090210034211,153.6650588607746,88.45480232228452,227.04926357290682
200.83336559726428,153.23037284806168,87.15887238045227,227.91863559833266
199.00986940603687,152.7354744424282,85.9693853779437,228.90843240959964
199.67755831471314,152.35368693132258,84.63400756059116,229.67200743181087
198.1767484602688,151.84877585261899,82.81947690986924,230.68182958921807
196.76654163611903,151.32655863277603,80.84210730731414,231.72626402890396
195.48798691154894,150.616961504774,78.62240813879433,233.14545828490802
196.46928380461068,147.5039025203959,76.65981435267082,234.61499656327865
197.56997932413753,144.49642474144454,74.45842331361712,235.88839405740015
198.66457205254034,143.62182765522462,72.26923785681154,237.63758822984
197.49436390037513,142.79513468569144,69.9061421629432,239.29097416890636
198.52054817175934,139.5636937348914,67.85377362017479,241.07083390384616
199.5786081485466,138.71421931225558,65.73765366660022,242.76978274911775
200.6655904615101,138.02315882681125,63.563689040673225,244.15190372000643
201.81236921308545,137.57678280237812,61.270131537522566,245.0446557688727
203.04081398423793,137.08888465155053,58.81324199521761,246.02045207052785
204.31824235834372,136.4688364034389,56.25838524700602,247.26054856675117
205.65913283922828,133.60119088984294,53.57660428523687,248.45878589767162
206.97720824586523,132.95104994077076,50.94045347196298,249.75906779581604
208.17141710104391,132.51255697676567,48.55203576160563,250.63605372382622
213.9255302037955,127.22896841946732,45.913406528232414,252.33363386629293
214.89663534620982,128.86601707801645,43.971196243403774,253.4661433256629
215.64776996144357,126.07347186024703,42.46892701293627,254.66725394803956
218.53381292884558,125.40586285379928,41.06767530516241,256.00247196093505
218.93672853954516,125.46048146407404,40.26184408376327,255.89323474038554
223.9402678159276,122.67680176229774,38.94240552422754,257.11677414732355
224.0433221448384,124.9081870604214,38.73629686640588,256.9883191309691
223.96307673859607,124.63539687299459,38.89678767889056,257.5338995058227
226.10490298039616,123.93391500838283,38.95229961426199,258.93686323504625
225.62554121715078,123.87784052439827,39.9110231407527,259.04901220301537
225.00730739558043,123.58265645349238,41.147490783893424,259.63938034482715
224.30131999024707,123.38738010018531,42.55946559456012,260.0299330514413
223.49115317781843,123.1588303455768,44.179799219417426,260.4870325606583
222.58839014488697,122.8952775108622,45.98532528528033,261.0141382300875
221.57153412982925,122.4589330419372,48.01903731539578,261.8868271679375
220.4905873183161,121.95210423577313,50.18093093842211,262.90048478026563
219.376624797441,121.35247242190502,52.408855980172305,264.09974840800186
218.23800829650628,120.81397803658146,54.68608898204172,265.176737178649
217.10984738561498,120.1841081406518,56.94241080382432,266.4364769705083
216.0169669395693,119.48475203623863,59.12817169591567,267.83518917933463
212.44009608093057,116.31146951494154,61.402173358987085,269.30201416772275
208.83231300833793,115.58188728962861,63.67376863429341,270.7611786183486
207.6514950040513,114.979891982872,66.03540464286671,271.9651692318618
203.8854106842934,111.73442361221166,68.49771910268787,273.3862517934879
202.6369534401289,111.13550751807392,70.99463359101685,274.58408398176334
201.4005847898605,107.99239174666005,73.46737089155368,275.66958960241556
197.48129115526507,104.8302587428579,76.04330666717412,276.7312041164495
196.21630368221406,104.41686456276972,78.57328161327618,277.5579924766258
194.89345644996823,104.12486770417644,81.21897607776783,278.1419861938124
196.22767566484998,103.85465581789222,83.9932002579146,278.6824099663808
192.06919664993453,103.63003119419716,86.80830843267648,279.13165921377094
193.3916219409676,103.51445383149792,89.72376178803465,279.3628139391694
189.20586585067065,103.41462472405291,92.4779672957858,279.56247215405944
193.40996688729336,103.54527848213382,95.4111443875938,279.3011646378976
189.16818647762557,103.69738333933776,98.17412726385379,278.99695492348974
187.76874256645627,103.88280152780393,100.97301508619239,278.6261185465574
189.29721178478547,104.07914805046826,103.72804648399433,278.23342550122874
187.96395287521136,104.20665940059129,106.39456430314254,277.9784028009827
186.64274816301034,104.32268333036984,109.03697372754459,277.7463549414256
185.36288338110012,104.48901124647304,111.596703291365,277.4136991092192
184.05904282055832,104.64225188529326,114.20438441244865,277.10721783157874
182.72989569263996,104.84368363247546,116.86267866828533,276.70435433721434
181.3458917226454,104.97461698846669,119.63068660827446,276.4424876252319
179.95558831705506,105.12935580580128,122.41129341945518,276.1330099905627
178.50534750038804,105.21337870626769,125.31177505278919,275.9649641896299
177.0551120715142,105.22717758468661,128.21224591053686,275.93736643279203
175.59437361903048,105.19889239680356,131.1337228155043,275.99393680855815
177.2840852925377,105.13041437301615,134.0634807701909,276.13089285613296
175.82905256945185,105.04608480867262,136.9735462163626,276.29955198482
174.39201995758054,101.8234069574653,139.84761144010517,276.32979827279013
176.19591006387685,101.72087355386822,142.70509900243846,276.5348650799843
174.7576372294394,98.3425685966345,145.58164467131334,276.773910085422
179.91030762763165,98.21094052386701,148.41742469812343,277.037166230957
178.47587123713393,94.78820362313249,151.2862974791189,277.25955174992316
180.36770419359985,94.61853911695411,154.17809245571044,277.5988807622799
178.95912546882244,94.58530417923669,156.9952499052653,277.66535063771477
180.9102258397036,94.51450991268754,159.87183170209238,277.80693917081305
182.94055308746545,94.5917801116249,162.64091407868193,277.65239877293834
181.59374864948205,94.78588430227742,165.33452295464875,277.2641903916333
183.72351999937558,95.1025244126215,167.98909350991474,276.6309101709451
185.93401358307364,95.46736222956167,170.51754307249817,275.9012345370648
184.65408665952776,95.90938225187509,173.0773969195899,275.01719449243797
183.40231417894375,96.35016385707416,175.58094188075793,274.1356312820398
185.76046446732673,96.92249613268123,177.90414771420882,272.9909667308257
184.57603009847463,97.47243885779034,180.273016451913,271.89108128060747
186.99516362021086,98.04757508624729,182.5188067569495,270.74080882369356
185.899086710291,98.59071984082121,184.71096057678923,269.6545193145457
184.84165167031202,99.1282024187449,186.8258306567472,268.57955415869833
183.82516552854358,99.63704682684715,188.85880294028408,267.56186534249383
182.80361495123202,100.0190898099182,190.90190409490717,266.79777937635174
181.80618287780152,100.39438693263986,192.89676824176823,266.0471851309084
184.45577635951588,100.75693670292799,194.8020570963404,265.32208559033216
183.44914777007074,101.08902790209365,196.81531427523066,264.65790319200084
182.4748041451237,101.41688914395203,198.76400152512474,264.0021807082841
181.5247769597101,105.38473874034256,200.66405589595198,263.33601122701623
180.5873379551569,105.75034479145128,202.53893390505834,262.6047991247988
183.2891226603237,106.13421010501298,204.44517791710587,261.8370684976754
182.28301583535514,110.00719399775863,206.45739156704298,261.4202094636597
184.98324949753857,114.02174929817755,208.41235456240645,260.74652918255225
187.65384779244266,118.18514095907923,210.44798612474744,259.7965740128981
186.65678023012202,122.42695797192798,212.44212124938875,258.70816469757517
185.67175464360324,126.5387349076299,214.4121724224263,257.89535159488696
184.6532068496282,130.65515512415817,216.4492680103764,257.0925402425959
183.63895649067015,130.98389632713986,218.47776872829246,256.4350578366325
182.60709360508787,131.24578498663777,220.541494499457,255.91128051763667
177.80215244897664,127.74426388640882,222.65335398541936,255.41629989183446
176.78861138132274,127.81791753865276,224.68043612072717,255.26899258734656
172.07575885208092,124.16881522547683,226.55172102589526,255.01277706038297
167.35058146555588,124.1230198252056,228.4216948269274,255.10436786092544
162.69013057806282,120.30971108758888,230.13091200118294,255.1193007354284
158.12400014376374,120.31483780950578,231.62397072533614,255.1090472915946
153.6754275674233,116.58238027309628,232.85825994454726,254.9111064309439
141.61854076785517,124.46577251582241,233.93370032401137,254.50321075860643
137.26389181653076,120.71504585791881,234.95278375770857,254.314449605462
129.13488574693235,120.72708476694885,235.80382110593615,254.2903717874019
121.01480920978211,116.82908978943212,236.61068220789318,254.36971575626364
116.5738877572704,112.78686738028729,237.7618149218183,254.723450383455
112.02088651149901,108.64563207022387,239.1132939780315,255.25139756825226
107.40903314582295,104.46974330208361,240.55276708146755,255.8189414766167
102.67547027355812,104.07588620402316,242.20393983104225,256.6066556727376
101.75234089623439,103.7476614573045,244.0501985856897,257.2631051661749
96.97817088302259,103.45561783692747,245.7045264707715,257.84719240692897
92.20593331403782,103.2698325833,247.3196296960328,258.2187629141839
87.38583858581387,103.05717672629842,248.99904719448563,258.64407462818707
82.62820800643871,103.01714082324679,250.52028922219034,258.72414643429033
81.7196930690714,102.98932785075209,252.33731909692497,258.77977237927973
80.8053310199856,107.03159491930302,254.16604319509656,258.7441664431994
79.94379428236272,111.18967467107421,255.88911667034233,258.5052526356923
79.16733142486115,115.50004816708429,257.4420423853455,257.9851781813386
78.5588233155843,116.09045869330583,258.65905860389915,256.8043571288955
82.08829591751552,125.05395306545769,259.7176343693485,255.11241032321536
85.72010427663488,125.9997877574184,260.5614963184041,253.22074093929393
85.3417837930779,127.00328115951784,261.3181372855181,251.21375413509506
84.95961410560929,128.00945577097616,262.0824766604553,249.20140491217845
84.60161511022599,128.96207024328027,262.7984746512219,247.2961759675702
84.25080246546995,133.94188361613016,263.500099940734,245.36860836955157
83.94180303244792,134.85149445822475,264.11809880677805,243.54938668536235
83.61215561043576,135.67047762514025,264.77739365080237,241.91142035153138
83.26763142557601,136.42678099345852,265.46644202052187,240.3988136148948
86.93920053627915,141.15659590654454,266.08724012595775,238.90312011556495
86.71684040605425,141.9304733682186,266.53196038640755,237.35536519221682
86.466061784114,142.6779326328741,267.03351763028803,235.86044666290582
86.19417838142257,147.32399376650014,267.5772844356709,234.48410965861905
89.89645650856056,148.00401999292535,268.07491171840934,233.12405720576865
89.65424168620206,148.7463630957711,268.55934136312635,231.63937100007712
93.36906426404286,153.4263990870055,269.0014751148734,230.15107792503696
93.16391917793305,154.08156218871557,269.41176528709303,228.8407517216168
96.94938540162539,158.6948707640819,269.68082340239937,227.45412513357513
100.7442068702168,163.27649598338115,269.91301359314167,226.11270782290183
100.67790245915842,163.8787088869475,270.04562241525844,224.90828201576912
104.53774791602191,168.34796726595988,270.1123740057392,223.7562077619522
108.45019152291357,172.73069675310174,270.0563748035189,222.7596367992315
112.40237196221204,173.02986008894305,269.9039554505798,222.16131012754883
120.17523764688707,177.07322433175227,269.8380948077997,221.81451700521538
124.27653339564827,184.9098372139812,269.36882467520235,221.60793397060758
136.19330304685832,184.82853301211694,268.70358419880597,221.77054237433612
144.35124450256376,192.45225278231544,267.8180141129084,221.9534156594524
