175.0,109.0,242.0,318.0
173.79243486541395,107.8946951709118,243.41513026917207,319.2106096581764
177.5941333337017,107.37212799718267,244.65185801866352,320.25574400563465
176.99727210107733,106.92463081375985,245.84558048391227,321.1507383724803
176.4742726055725,106.59401004500967,246.8915794749219,321.81197990998066
180.513451149924,106.36232214401633,247.74973382765626,322.27535571196734
180.12672823535883,106.17825588089141,248.52317965678665,322.6434882382172
179.83502524612015,106.03624849975131,249.10658563526394,322.9275030004974
179.54850103382205,105.94836615029067,249.6796340598602,323.10326769941867
183.87063214855917,105.97420672017935,250.03702839087117,323.0515865596413
183.6580922319332,105.93937866525187,250.46210822412306,323.12124266949627
183.4614320055765,105.9528229250831,250.85542867683648,323.0943541498338
183.28636314177356,106.00095365839215,251.20556640444235,322.9980926832157
187.67981724362957,106.06566635144185,251.4435485267707,322.8686672971163
187.45429376622693,106.10537602088789,251.894595481576,322.7892479582242
187.23006653826204,106.10474558384311,252.34304993750578,322.7905088323138
187.06476170390872,106.07643422299839,252.67365960621242,322.8471315540032
191.3807574367883,106.04079522139503,253.0881289388522,322.91840955720994
191.16497710676984,106.09366795408965,253.5196895988891,322.8126640918207
191.020300119894,106.1460022003289,253.8090435726408,322.7079955993422
195.5418646843107,106.21999718386814,253.82869969573443,322.5600056322637
195.35057958829003,106.29414757363713,254.21126988777576,322.41170485272573
195.1704756157951,106.33115473046524,254.57147783276557,322.3376905390695
195.06697741515393,106.31825640489765,254.778474234048,322.3634871902047
199.56031026307275,110.88180111506048,254.86506541561306,322.3096546472818
199.43045191548325,110.8833488266093,255.12478211079207,322.3065592241841
199.27948193349678,110.88935487924539,255.426722074765,322.29454711891196
199.15518659954677,110.86947487880673,255.67531274266503,322.3343071197893
199.04496078851935,110.94801141448238,255.8957643647199,322.177234048438
198.84666486056682,110.99601399752365,256.2923562206249,322.08122888235545
198.6275027107739,111.01641863364605,256.73068052021074,322.04041961011063
198.49465328441565,111.0242358984124,256.99637937292727,322.02478508057794
202.97224193126766,110.9688092846934,257.1452579320362,322.1356383080159
202.79914489799017,110.88355812297937,257.4914519985912,322.306140631444
202.57057708196527,110.75721821542325,257.948587630641,322.55882044655624
202.3660091670664,110.62416115983913,258.3577234604387,322.8249345577245
202.17609747851145,110.51424885207422,258.7375468375486,323.0447591732543
201.98975400437357,110.41305418755317,259.1102337858244,323.2471485022964
206.39029821045978,110.29013110655268,259.46621247623966,323.4929946642974
206.177178705744,110.17528534536945,259.8924514856712,323.72268618666385
205.95186909307097,110.05777446015676,260.3430707110173,323.9577079570892
205.75747215470057,109.88470267452323,260.7318645877581,324.3038515283563
205.552001285117,109.71566161612873,261.1428063269252,324.6419336451453
205.3123742811594,109.54287729522949,261.6220603348404,324.98750228694377
205.05641135596878,109.33706067691841,262.13398618522166,325.3991355235659
204.79558033941814,109.17551622029399,262.65564821832294,325.72222443681477
209.18088589409095,109.04166736464018,263.137513861929,325.9899221481224
208.9462341319815,108.81052093547837,263.6068173861479,326.452215006446
208.7422559098954,108.64014342651035,264.0147738303201,326.79297002438204
208.5693912249969,108.46880456547547,264.3605032001171,327.1356477464518
208.33652982374522,108.266417079532,264.82622600262044,327.54042271833873
208.0793944317454,107.99303849302808,265.34049678662006,328.0871798913466
207.81924222057913,107.67518120502666,265.86080120895264,328.7228944673494
207.54730571783261,107.32211836017805,266.40467421444566,329.42902015704664
207.27637000281766,107.02350767674773,266.9465456444756,330.0262415239073
207.02271406776956,106.7358394175454,267.4538575145718,330.6015780423119
206.76498836763224,106.46903131942517,267.9693089148464,331.1351942385524
206.5408223612403,106.22522930577952,268.4176409276303,331.6227982658437
206.37763218945707,106.08061251019416,268.74402127119674,331.9120318570144
210.99967618215746,106.03685243098883,268.9459977763145,331.9995520154251
210.88605484074847,105.98551320554796,269.1732404591325,332.1022304663068
210.7541767847748,106.04147862996834,269.4369965710798,331.99029961746606
210.61780483939359,106.07410203110231,269.7097404618423,331.9250528151981
210.46761932596996,106.07200145208967,270.0101114886895,331.9292539732234
210.34112161183677,106.0454402159503,270.2631069169559,331.98237644550215
210.18303352872016,106.02778697734442,270.5792830831891,332.0176829227139
210.01034571880797,105.92527023737594,270.9246587030135,332.22271640265086
209.85383727354738,105.78107136933878,271.2376755935347,332.5111141387252
209.7213844698427,105.73291472600715,271.50258120094406,332.60742742538844
209.62559842061995,105.74092008898702,271.69415329938954,332.5914166994287
209.6354803848752,105.80820018974433,271.67438937087906,332.4568564979141
209.61617383939813,105.90299127655086,271.7130024618332,332.267274324301
209.6105866702169,106.01828775837436,271.72417680019566,332.03668136065403
209.59123038385616,106.1291517905866,271.76288937291713,331.81495329622953
209.58954313556328,106.28644664279574,271.7662638695029,331.50036359181126
209.6171499672692,106.4838187171188,271.71105020609104,331.10561944316515
209.64626889536675,106.75130067086582,271.65281234989595,330.5706555356711
209.7601558149811,107.10463217783058,271.42503851066726,329.8639925217416
209.85718998956577,107.4525785504047,271.2309701614979,329.16809977659335
205.2539410993163,107.82396343088254,270.99337640232307,328.42533001563766
205.34281477476023,108.1800702824508,270.8156290514352,327.71311631250114
205.48951355592337,108.5563728893328,270.52223148910895,326.96051109873713
205.71513579716608,109.00507578512543,270.0709870066235,326.0631053071519
206.00056009546066,109.54303412121712,269.50013841003437,324.9871886349685
206.3022289740401,110.15233688978745,268.89680065287547,323.76858309782784
201.9893266748807,110.82730430195755,268.19929805725957,322.41864827348763
202.32651286542273,111.52931505348818,267.5249256761755,321.0146267704264
202.71512120038824,112.31621142879169,266.74770900624446,319.44083401981936
203.16581213891007,113.181569868942,265.8463271292008,317.71011713951873
203.5572037770732,113.93285380678674,265.06354385287455,316.20754926382926
203.97204744943184,114.6781680769949,264.23385650815726,314.71692072341295
204.3365720323022,115.35507144933354,263.50480734241654,313.36311397873567
204.73180998427412,116.07704321015194,262.7143314384727,311.91917045709886
205.13423112788658,116.82735522328366,261.9094891512478,310.4185464308354
205.56707325287314,113.04422433036117,261.04380490127465,308.97986543395774
205.95772990727772,113.77466717814508,260.2624915924655,307.51897973838993
206.35339024507076,114.5128330309044,259.47117091687943,306.0426480328713
206.7650723731492,115.25607497270309,258.64780666072255,304.5561641492739
207.1838614691407,115.98372789383308,257.8102284687395,303.10085830701394
207.61363871379575,112.21283953582744,256.95067397942944,301.81659127912843
208.00346250677205,112.85172682040647,256.17102639347684,300.5388167099704
208.3933114107298,113.41402552263688,255.39132858556133,299.41421930550956
208.81383525105662,113.94210521047222,254.55028090490774,298.3580599298389
209.1969574075472,110.06121749024291,253.78403659192657,297.41945268132605
209.57215784709547,110.55470869123067,253.03363571283,296.4324702793505
209.89714737756663,110.99584478888013,252.38365665188772,295.5501980840516
214.60015647147665,107.02227408416766,251.5998212061947,294.8751567513495
214.98872185550442,107.4837180109013,250.82269043813918,293.9522688978822
215.36017165968224,107.88924815934507,250.07979082978352,293.1412086009947
215.6709505478404,108.21293309966902,249.45823305346718,292.4938387203468
215.92427341737104,108.4335726340982,248.9515873144059,292.0525596514884
216.15676335893295,108.60798502764857,248.48660743128207,291.7037348643877
216.36378846316137,108.74176628353712,248.07255722282525,291.4361723526106
216.52226208913152,108.85495190973992,247.75560997088493,291.20980110020497
220.83642165383398,108.91018556809365,247.60803564739803,291.0993337834975
220.80378818027827,108.88361821026481,247.67330259450944,291.1524684991552
220.76459750360976,108.81945933626278,247.75168394784646,291.28078624715926
220.71098615867925,108.72211657368496,247.85890663770746,291.4754717723149
220.67291456594631,108.60303596057037,247.93504982317336,291.7136329985441
220.6169175140734,108.52482545948811,248.04704392691914,291.8700540007086
224.79015410476055,108.44840893289714,248.19619746048392,292.02288705389054
224.6437407748756,108.34210870323955,248.48902412025382,292.2354875132057
224.51958414706036,108.23586031742468,248.73733737588432,292.44798428483546
224.42932237180054,108.12952965967935,248.91786092640393,292.6606456003261
224.36341670658874,108.05654817148101,249.04967225682756,292.8066085767228
224.31937488040506,107.95529675398629,249.13775590919485,293.00911141171224
224.14563034128102,107.79610845380867,249.48524498744297,293.3274880120675
223.96113757967657,107.60020654535003,249.8542305106519,293.71929182898475
223.78070608000786,107.47974963525914,250.2150935099893,293.96020564916654
219.37669939598663,103.06119849981556,250.46034232309117,294.2345433651131
219.2364182464089,102.88490489818972,250.7409046222466,294.5871305683648
219.08934627744657,102.77219126443958,251.03504856017128,294.81255783586505
214.6488919799087,98.3629074096483,251.32684605344065,295.0420144436413
214.49821746516238,98.22605351413813,251.62819508293327,295.3157222346616
214.36356539501446,98.0848130693415,251.89749922322918,295.5982031242549
210.01090753907786,97.96211193847279,251.98770455972198,295.8436053859923
209.93793657752013,97.94285061743824,252.13364648283743,295.8821280280614
209.86480948259032,97.9469318990686,252.27990067269707,295.8739654648007
205.57646766300726,98.01367699229849,252.231067441353,295.7404752783409
205.52832665408962,93.84039775534433,252.32734945918827,295.46436387952997
205.56899015512238,93.94482475696864,252.2460224571228,295.25550987628134
205.59773218214752,94.0265659442945,252.1885384030725,295.0920275016296
205.60655960126923,94.09070671529511,252.17088356482907,294.9637459596284
205.6027349063485,94.14472296383292,252.17853295467052,294.8557134625528
205.57170939511082,94.16077545946212,252.24058397714592,294.8236084712944
205.50873125391325,94.1603890993529,252.366540259541,294.8243811915128
205.43310283874575,94.14633066576755,252.51779708987598,294.8524980586835
201.07660267827316,94.10391074656431,252.6172405472904,294.93733789709
200.94176557682184,89.76355120372708,252.88691475019306,295.0015914006132
200.8520394071789,89.67661759223685,253.06636708947897,295.17545862359367
200.72940060716138,89.51839062058778,253.31164468951394,295.4919125668918
200.5989878356878,89.30852029567754,253.57247023246111,295.9116532167123
200.3807625176646,88.99567459313658,254.00892086850752,296.5373446217942
200.21573859264058,88.67670701345833,254.33896871855558,297.1752797811507
200.07404476032244,88.42009042821911,254.62235638319186,297.68851295162915
199.96012408862168,88.18020404836668,254.85019772659336,298.168285711334
199.8687572492425,87.97327255378161,255.03293140535175,298.58214870050415
199.8145155560097,87.78614185214997,255.14141479181734,298.95641010376744
199.77440975578992,87.61458610318141,255.22162639225692,299.29952160170455
199.6877105392274,87.40033577115412,255.39502482538197,299.72802226575914
199.60547393220432,87.20898797951847,255.5594980394281,300.11071784903044
199.58502319587694,87.04834228620231,255.60039951208287,300.43200923566275
199.66846648593412,86.954123268154,255.43351293196852,300.62044727175936
199.79494273449336,86.94682167884383,255.18056043485,300.6350504503797
199.88688136963418,91.34692578308045,254.9966831645684,300.5805234876485
199.99761653495256,91.27153145080547,254.77521283393162,300.7313121521985
204.48279360908916,95.53784469336614,254.54550573920977,300.93933272062856
204.5727586124029,95.491234335386,254.36557573258227,301.03255343658884
204.60317758868922,95.49119000464975,254.30473778000967,301.03264209806133
208.97452347852646,99.83949398482955,254.29977328153566,301.0737614189022
209.00855308487755,99.77068133349124,254.23171406883347,301.21138672157883
209.04734977727608,104.05862384268659,254.1541206840364,301.3748116685529
209.06122465780805,103.93972800880064,254.12637092297243,301.6126033363248
213.43382572892196,108.22609653406397,254.12497268695273,301.7836701920062
213.27578198595472,108.00325178202252,254.4410601728872,302.2293596960891
213.18044743919256,107.77371137885365,254.63172926641153,302.68844050242683
213.13953102877937,107.59572128008065,254.7135620872379,303.0444206999728
213.0389277368941,107.41510963765847,254.91476867100846,303.4056439848172
208.50426248461343,107.15355075253149,255.19994599361416,303.92876175507115
208.32324458447124,106.77186419363807,255.56198179389858,304.692134872858
203.76783337633327,106.42330478336649,255.858389823078,305.38925369340114
203.64765621478375,106.04558077229711,256.09874414617707,306.1447017155399
199.1271767876707,105.64740543741729,256.29424884953994,306.94105238529954
198.9940794513053,105.21486414377173,256.5604435222707,307.80613497259066
198.8737162218962,104.81036532907115,256.80116998108895,308.61513260199183
198.78085012352682,104.4369066329476,256.9869021778277,309.36204999423893
198.70212103120966,104.11513886409071,257.144360362462,310.0055855319527
198.70611306190563,103.82936895366404,257.1363763010701,310.57712535280604
198.75590528540903,103.56968204840899,257.03679185406327,311.09649916331614
198.78965184415898,103.34388339133096,256.96929873656336,311.5480964774722
198.84809096481342,103.15345960705267,256.8524204952545,311.9289440460288
198.97879814615976,103.06334961464503,256.5910061325618,312.10916403084406
199.09029214535911,102.95022238262428,256.3680181341631,312.3354184948856
199.16099964014273,102.8014857666829,256.22660314459586,312.6328917267683
199.2671087301631,107.2507146277498,256.0143849645551,312.6818344978608
199.383454634178,107.31334166384221,255.78169315652534,312.556580425676
199.48968094486148,107.35999313252307,255.56924053515837,312.46327748831425
199.57646202087824,107.3817366019704,255.39567838312482,312.4197905494196
199.66360711177634,107.42785125282921,255.22138820132866,312.32756124770196
199.7419460189285,107.46710427050485,255.06471038702432,312.2490552123507
204.27692099869918,107.50241786205987,254.91748162205653,312.17842802924065
204.37907257644153,107.48041654510317,254.71317846657183,312.22243066315406
204.46887836948687,107.42951412700882,254.53356688048115,312.32423549934276
204.51702562616845,107.36798961966272,254.43727236711797,312.44728451403495
204.5244288907358,107.27121677408061,254.42246583798325,312.64083020519917
204.49975290800174,107.11730832399613,254.47181780345142,312.94864710536814
204.4315881131485,111.37415103132963,254.60814739315788,313.35884603832244
204.35747383084993,111.23729054441989,254.75637595775504,313.6325670121419
204.21923421202064,111.05089113961506,255.03285519541362,314.0053658217516
204.00620775595127,110.81925156790757,255.45890810755233,314.46864496516656
208.26574756801088,110.57440960004266,255.90303028544594,314.9583289008964
208.14675112427997,110.33838101735395,256.14102317290775,315.4303860662738
207.96330304116498,110.04361017825775,256.50791933913774,316.0199277444662
207.70058572034387,109.66094879078321,257.03335398077996,316.7852505194153
211.97251655311536,109.31442741171992,257.5137494638146,317.47829327754187
211.6698063870868,109.00231869011967,258.1191697958717,318.1025107207424
215.91101260608625,108.61149391883103,258.6988146073183,318.88416026331964
215.73970184886127,108.43655723833743,259.04143612176824,319.23403362430685
215.5270883018763,108.22541918830814,259.4666632157382,319.6563097243654
219.84137871680707,107.92966402320548,259.94580659736596,320.24782005457075
219.6850063115211,107.70276063865506,260.2585514079379,320.7016268236716
219.56633592568787,107.44461132367888,260.49589217960437,321.21792545362393
224.01576577350815,107.15126858749224,260.74539422856077,321.8046109259972
223.85106869231262,106.90217418342337,261.0747883909518,322.30279973413496
223.73686528387157,106.62711731756539,261.30319520783394,322.8529134658509
223.4891848886175,106.35247878349475,261.79855599834207,323.4021905339922
227.92592947691134,106.08923438347773,262.1280520719347,323.92867933402624
227.82483601542594,105.8701893579537,262.33023899490547,324.3667693850743
227.65486139289527,105.56873761998077,262.6701882399668,324.9696728610202
232.0667386920663,105.28437245613696,263.08759402198103,325.5384031887078
231.93080443057977,104.9975365452485,263.3594625449541,326.1120750104847
231.7447166417821,104.81091503798945,263.73163812254944,326.4853180250028
231.53497829525966,104.68780179440509,264.1511148155943,326.7315445121715
231.30277225613284,104.5033982552047,264.61552689384797,327.1003515905723
235.70061895973302,104.33637416826099,265.1251958183789,327.4343997644597
235.4860053134944,104.21799385225398,265.5544231108562,327.67116039647374
235.21519241412105,104.04418050881321,266.09604890960287,328.0187870833553
234.9839171457741,103.85615475770041,266.5585994462968,328.3948385855809
234.74117490367405,103.64039836353501,267.04408393049687,328.8263513739117
239.3043120509338,103.45133780916947,267.2889776204038,329.20447248264276
239.04620249076186,103.2801972461333,267.80519674074765,329.5467536087151
238.8282878511951,103.08113586333761,268.24102601988113,329.9448763743065
243.4060515031356,102.8613255715594,268.4932115665847,330.3844969578629
243.21318926459384,102.66950590583176,268.8789360436682,330.7681362893182
247.80541238386232,102.47795688943012,269.125168495418,331.15123432212147
247.6910648273393,102.31417266313659,269.35386360846405,331.4788027747085
252.25205714017943,106.92417896631821,269.68115739649875,331.70806858206026
252.18786120672644,106.80862412342094,269.80954926340473,331.9391782678548
252.08232377652075,106.7427059386738,270.0206241238161,332.0710146373491
251.9733343694727,106.70674939872353,270.2386029379122,332.1429277172496
251.8802562304966,106.69652058215524,270.4247592158644,332.1633853503862
256.59104878429,106.66465793107417,270.48029128003253,332.22711065254833
256.56152773593567,106.5508802758498,270.53933337674124,332.45466596299707
256.5352810524427,106.42392573747401,270.5918267437271,332.70857503974867
256.48113947819274,106.31066943868882,270.70010989222703,332.93508763731904
256.43427682093386,106.19506508733065,270.7938352067448,333.1662963400354
256.4108223646529,106.07313737684902,270.8407441193067,333.41015176099864
261.18487847340776,105.95701506560513,270.7956315813085,333.6423963834864
261.158101997313,105.82778748963963,270.8491845334981,333.9008515354174
261.11436011799606,105.71249522535521,270.9366682921319,334.13143606398626
261.0612303778486,105.58925431653427,271.04292777242694,334.37791788162815
261.02441975816623,105.44844458806989,271.1165490117916,334.6595373385569
261.0098197919083,105.3191554957101,271.14574894430746,334.91811552327647
260.9838925377819,105.1690534637431,271.1976034525602,335.2183195872105
265.79110388171506,105.0617746847033,271.1197237886133,335.4328771452901
265.7456156351734,104.97399802696384,271.21070028169663,335.608430460769
265.74426851937784,104.88953497641887,271.21339451328777,335.77735656185894
265.77769183234545,104.81728370534,271.14654788735254,335.9218591040167
265.83697011403876,104.75002757190049,271.027991323966,336.0563713708957
265.921451623905,104.68596289495923,270.85902830423345,336.1845007247782
265.99457355991296,104.62023130411575,270.7127844322176,336.3159639064652
266.0760879411363,104.55268484695989,270.5497556697709,336.4510568207769
270.90674843767795,104.4888503127433,270.4334079075957,336.5787258892101
270.81243061468456,104.41967792217466,270.62204355358256,336.71707067034737
270.73997007653236,104.36488677628896,270.766964629887,336.82665296211877
270.6843089307122,104.3066302149422,270.8782869215273,336.9431660848123
270.65649785665033,104.26215470166738,270.933909069651,337.0321171113619
270.6132535169424,104.1805252005814,271.0203977490669,337.1953761135339
270.54990044875865,104.04597084294417,271.1471038854343,337.46448482880834
