287.0,32.0,100.0,332.0
273.85284998817554,46.16909392236914,105.63439796327492,328.87501490242704
275.2108361852893,64.96013905630215,109.53146140312452,324.3581038049463
262.46035108117906,35.345657869955375,115.17177998434012,317.38489408762354
270.92554748449,58.00610897884192,118.11103906673988,311.80329564789366
254.95044544789192,29.458350180712614,123.67610084999626,302.93595751930286
268.58513106233954,-2.439419864878147,129.24848608718227,294.4796333851056
256.8341939965943,41.02293710908725,133.11589494272636,286.0927805409606
244.45980073475425,0.294123299687044,138.39200722872695,276.67792838392324
257.04028953443503,39.63431943835403,139.01184547042607,268.89477966950597
244.8643485286495,6.679949361608834,144.33834698916823,258.70199785168097
233.56923228714584,20.646292514685257,148.07991704443876,249.617973973265
244.77884472486903,12.372929650293472,150.507562233935,241.31782963710597
234.12391702314056,22.48427510222352,153.43069150358815,233.35295615578175
246.5685147008228,34.471595386858496,152.77543549434014,227.55377009609913
236.36885100469988,23.295941684630733,155.29349068970052,220.1029571724122
248.52883215536443,40.013855229926634,154.5322825513444,216.11557278553659
239.2026394360144,31.318628809215213,155.73427602798333,210.23883634421136
250.26979838666,47.338092470404376,156.58937720631448,206.93668287136086
238.6245109114033,38.30236517974076,157.03564392730124,202.1638292231614
247.1452955648743,56.47719994086772,156.93061289570244,199.68723625159376
238.41011191415657,47.60794816074156,157.58319348781484,195.00202419941525
246.60163634773488,65.3424678962378,157.83424575350648,192.80118699411943
238.2998285743703,56.43799849731977,157.8930134774394,188.5503286948939
234.59542843008185,68.92906035474255,159.85135609994296,185.37003564434156
241.13801773477152,62.712404807478876,163.06470596415141,181.5048182652811
231.84883188471818,72.52034011938272,165.37003138981908,178.16199391591243
224.47602110552782,66.73632822765333,169.29762211337368,173.5029714471321
232.29243278612898,78.62911959341565,169.85979771879158,171.31072067110108
222.33985083733313,72.80737294284566,173.64670584872428,166.83595820458208
233.05997113798233,84.70829108790221,173.65311935904487,164.48077602608788
225.97298441959515,78.76340446637943,177.17818594815162,160.3971889976321
236.81368727330997,90.49567056251244,176.75480135186143,158.19067791650556
230.29179772933855,84.21750738461533,179.2531681062477,154.9288857719649
238.96148990709148,90.45157028526694,177.69145308282594,152.9792061920511
248.94339616908889,84.02538922175147,178.54274127575715,150.2202427813875
239.30155198170547,92.22691474688705,177.13617143273828,149.33488539445563
250.81513115892693,98.0748390318358,174.65546904163753,147.91226480622922
246.26539278540668,94.1923667165576,173.60406503320155,145.5263286813092
257.6266718440097,99.58496320178091,170.96474799845242,144.78275625209108
248.50899226122675,92.87956556023475,169.3276026587906,143.28917315626265
253.272207041518,105.4682538133986,169.63882851698764,142.70593519688373
261.6693937433294,100.95508176745989,167.5871794684405,141.90379638537735
271.18700418438806,113.52956196355356,168.03066354969565,141.10321719740557
259.45055253663094,108.84405714990058,167.18541342176994,140.74696545533556
266.017254852777,118.34972723473389,168.5865837865759,141.11505861513317
274.1914889543308,123.34525380195029,166.85529153408942,140.86878944778113
282.8526996387717,117.04866044248172,168.8997770631571,138.93679599325623
269.4702631832088,122.2279448836246,171.45427165567463,138.26237843841378
278.8232507803344,127.35251975029445,172.22997768727316,137.75406931799893
292.1479652921431,120.86744095588244,174.82505717712215,136.1019726500897
291.53785141010314,123.79688843206591,176.04528494120208,135.13006382495269
288.4204702509056,128.99091250126656,177.39024965488605,134.52161089597365
300.5640766006001,126.9576326276939,177.6049672602794,133.68778458216252
299.52193578915245,127.32183513062456,179.68924888317477,132.9593795763012
298.4211745659195,127.62872809711726,181.89077132964064,132.3455936433158
297.7724505864662,127.7677895779352,183.18821928854723,132.0674706816799
297.33392512721196,127.9989837121189,184.06527020705568,131.60508241331252
296.93069330661103,128.21700467497794,184.87173384825752,131.16904048759446
296.4968451343349,130.90861182491957,185.73943019280983,130.7448504553932
296.5188331987407,133.40280441729607,185.69545406399823,130.72162253345684
296.643387251809,135.78569534913703,185.4463459578617,130.9199498314633
296.77894656846,138.05813496822068,185.17522732455961,131.33868302360497
297.04337769459835,140.289052391049,184.64636507228292,131.84326055746806
297.06192555788755,142.5855775124917,184.6092693457045,132.2169267698094
296.7868928405004,142.46990881183777,185.1593347804789,132.44826417111727
288.7824929334509,149.3132138169098,186.21480231695236,133.71498643859866
276.9080391742731,145.81511043874158,184.85732547848596,135.68991632357069
286.1213761020163,155.28406548089623,186.56313373018165,136.88448834644362
282.0870965386149,149.7858003753175,184.47445072950885,137.72377643012544
294.111223716066,152.6913025136077,185.7292808885441,136.97338905633254
293.96176926650634,155.268274196116,186.02818978766336,136.88685608865177
293.9365640740561,157.81164868747783,186.0786001725638,136.87064089422168
293.9206624388007,162.8992309551382,186.1104034430746,136.83754396677395
293.90656725372986,167.97800686650442,186.13859381321626,136.82194074377844
293.54759133721,170.45260512709484,186.85654564625597,136.9438909310741
292.6319662890859,172.84494149627506,188.68779574250428,137.24326972661623
288.91285295799787,175.0940372806278,191.00925881143223,137.86184175115878
283.80793448053896,174.86721821522247,190.89482089248568,138.31547988196942
273.65172688653354,179.6879210733989,190.53580818479355,139.00978811346803
279.2283658576577,171.92703847071726,189.73015262458193,139.01011974577614
283.81683609687224,174.65640361614692,190.87638186722413,138.71297431545244
286.39371530180597,169.71285378907965,190.89672993820398,138.25186100789236
290.8939266818407,167.38214322701106,192.22998854251978,137.74644144983694
295.4351385172194,165.0894373034808,193.50504555184887,137.1531129568542
302.36105116535657,162.73862948622264,195.2180474740153,136.66645285189026
306.57114901297507,160.2602714045709,197.21015911609203,136.41701534653686
312.96753197292924,157.70766893477946,200.11375140873164,136.2901008819371
316.6984399327611,157.64805154055688,203.1995521037746,136.4093356703822
320.34174148274474,155.0551529084487,206.55745173085162,136.2728815710765
324.07776487093906,152.35839513933587,209.8263316699954,136.29593375153596
327.7227276681745,149.59250063301275,213.37622093681546,136.4078153335367
333.87054646690615,146.68485576637931,217.5054898638299,136.74813622531101
337.449102092132,143.85767743649902,221.433256522143,136.86005393068916
341.15382449004403,143.71981598365525,225.22977010995493,137.1357768363767
344.8429938356393,140.74631425650196,229.17988935245086,137.41855132384006
345.78383915084817,140.5721956033068,233.02601087704505,137.76678863023042
347.13953361179585,140.4332558753619,236.10550355518825,138.04466808612017
351.7426609328258,140.27819933274156,238.58188419337762,138.35478117136086
353.7853998321052,140.07670366676842,240.37972177615845,138.75777250330714
355.56818284109363,139.89594793583336,242.73096352543502,139.1192839651773
357.39065421409316,139.68934870470977,245.04381072839402,139.53248242742444
359.3271003313336,139.4914775130931,247.16998356579106,139.9282248106578
358.399984859846,139.32870724289077,249.02421450876642,140.25376535106244
357.58379400157804,139.1261427668802,250.65659622530222,140.6588943030836
356.9866936589201,139.00151717732612,251.8507969106181,140.90814548219174
356.6685174192155,138.87731401146794,252.48714939002727,141.1565518139081
356.6515962028447,135.74464374789574,252.5209918227689,141.2850734299905
350.4614507292879,135.83057952583962,252.62226642833397,141.11320187410274
347.9638685703146,139.1184041761478,251.47935286862077,140.67563045114605
345.8021486130431,139.2700624294905,249.6890636752285,140.37231394446067
340.56000225258725,142.512268190881,248.00917316916562,139.96999403516696
338.31622421510053,142.66158702605838,246.44633394216038,139.67135636481217
333.21248240029,145.80685097870946,244.6094394737454,139.403017508528
330.91962574180116,148.97153828249975,243.2047194040698,139.06407628760078
328.82070298961355,149.05093382593006,241.4386934015228,138.90528520074014
320.68595124397956,152.16203710975827,239.9031727078429,138.61808669473308
315.0700081063253,155.3195942101655,239.32031199386842,138.21034598856016
318.51451702727906,155.47705901656275,238.32311221574915,137.89541637576562
313.6490732493045,158.47033130917657,236.31061546644275,137.78056394316576
316.7931936890182,155.80265711378942,235.86226549441653,137.27602142653876
311.42292681980757,158.69451826605663,234.9534120494447,137.31699271370093
314.40822853986145,158.79991478572148,234.79470783849126,137.10619967437123
309.0459705613232,158.71184168277574,233.90727316976694,137.2823458802627
312.52056844355536,158.64290232325504,232.75385877545796,137.42022459930413
316.0136862284372,161.4752394074688,231.54860366095664,137.5365308861391
310.92010939014574,158.480171194315,230.20569138721038,137.7616343372821
314.42161115475426,161.22178371886218,228.95154934223754,138.02727077243182
314.35397598368445,158.32637756430952,229.08681968437716,138.08340658215906
314.5578911848978,158.15152327779717,228.67898928195038,138.43311515518377
314.3558982511514,155.25331803356522,229.08297514944314,138.49206977497136
314.2286832693653,155.1735442061526,229.33740511301536,138.65161742979657
311.22148547363395,155.15370665646861,229.60085887432496,138.6912925291646
308.1422903012842,152.25581540715763,230.0037159529042,138.73154176166614
308.61454187202156,152.08729969535722,229.0592128114295,139.06857318526698
309.46983158439207,151.88597962047683,227.34863338668848,139.47121333502776
310.2359584881251,151.69875816401034,225.81637957922234,139.84565624796073
310.61337479922616,151.5905413070621,225.06154695702025,140.06208996185725
308.7550082898481,151.43503744616265,223.06738617790091,140.37309768365614
309.5441769958964,151.26396707555307,221.4890487658043,140.71523842487528
307.8921635936984,151.0659886307866,219.12464073660465,141.11119531440823
306.18548830357713,150.79931276404466,216.89834148421915,141.64454704789213
304.0954725069844,150.51401932230073,215.4632066950245,142.21513393137997
302.1308359874061,152.9013360072054,213.7893559030081,143.04362439274365
299.84754574006786,152.54793488509534,212.7641978924035,143.75042663696374
295.1084886413011,149.35348745556857,211.06622572043247,144.5512783112651
293.3080499847132,151.69752433005814,209.091371325351,145.43893627054325
288.5406336697968,154.0601537027514,207.50497886087973,146.27429007230873
286.09077247941985,153.7922392531158,206.85427471527825,146.81011897157993
280.99652404498744,153.47175515014837,205.9439424952461,147.4510871775148
275.83159893399477,155.93675010742044,205.18142245654192,148.06728239331548
273.67586755095584,155.69606783123675,203.94812115967838,148.54864694568283
271.8318837471627,155.47339899880805,202.10212437638012,148.99398461054022
267.68497021000405,152.46394202737469,199.36947896800143,149.49966231205892
266.33978029804086,152.1744813489453,196.57990749427887,150.0785836689177
265.18157767558773,151.91092191541915,193.4494168012256,150.60570253597
264.5410937242423,151.46137184997053,189.32270629979575,151.50480266686725
266.78267132387083,153.60232412485684,184.8395511005386,152.5819937831002
265.70471471396047,153.22251240783913,181.68781320314383,153.3416172171356
264.15729210939753,152.96326434500767,179.5113276007925,153.8601133427985
265.3487784667608,150.0745048757776,177.12835488606595,154.3915750609264
263.13362288574854,149.79348583024967,176.34095027224532,154.9536131519823
264.3014772913329,149.31825641829315,174.00524146107657,155.9040719758953
262.43240156789886,149.0416623164487,172.54992605407463,156.4572601795842
263.35683688948257,145.89676730138905,170.70105541090726,157.56738439349976
261.7329006659633,145.472676523056,168.78038061060136,158.41556595016587
259.98250096598093,145.2076052396828,167.12913430502692,158.94570851691225
258.11470213779495,142.49692728481594,165.73009936902903,159.2324318342762
263.6866890458365,142.36236824361322,164.82065439028145,159.50154991668163
253.32863228005925,142.35760692351863,165.10770968512517,159.51107255687086
262.29242512071585,139.85579299877952,162.51587459344051,159.40278354313952
249.80026660922903,137.51122968551948,162.15256208890116,159.02238426415704
245.93536293686407,138.04591735289284,159.76674319794597,157.95300892941032
255.20237503126316,138.6895949724169,156.2430398543349,156.6656536903622
246.49945193801878,136.53634285131332,153.93810668983048,156.04446309482108
237.1627810422778,136.9981592416774,153.0851000925304,155.1208303140929
246.98542473009576,137.91430261489955,148.00064340795583,153.28854356764862
236.23677798418825,138.404249125375,145.77529234716286,152.30865054669772
245.6740229298577,142.38607365178254,140.98266274149515,149.0389549224397
236.40131616207856,144.3283404486229,136.69393119002333,145.15442132875899
248.80998490547634,175.86388900629922,129.6288207887779,135.3400054700566
244.88182363922493,188.4959992283409,120.7951629542174,126.7657653930366
255.8996952699772,186.61496564008277,114.35267500208593,118.83289108752302
262.63828244533937,184.80159797926976,108.21958902900033,115.11553803151033
