349.0,125.0,218.0,272.0
348.2375083510164,124.93807545519635,218.52498329796722,271.1238490896073
347.9867592394439,125.30767743045254,219.02648152111212,270.3846451390949
347.8785998438178,125.59581832541963,219.24280031236435,269.80836334916074
347.8732591626776,125.83179380819186,219.25348167464483,269.3364123836163
347.88230247405767,126.04156138364422,219.23539505188467,268.91687723271156
347.8452048043302,126.13574306011864,219.30959039133964,268.7285138797627
347.7865177128333,126.26430129514881,219.42696457433337,268.4713974097024
347.75826418476754,126.3744287595145,219.48347163046498,268.251142480971
347.7376061329947,126.49900279232912,219.5247877340106,268.00199441534176
347.76522813827773,126.58423241688374,219.4695437234446,267.8315351662325
347.8534684346504,126.62708164189027,219.29306313069924,267.74583671621946
347.948233276869,126.66979477630886,219.10353344626202,267.6604104473823
348.04785406779604,130.4345268207604,218.90429186440792,267.78697936947145
348.12705969197464,130.4430075201501,218.74588061605075,267.77001797069204
348.23042802913693,130.6063494146765,218.53914394172617,267.4433341816393
348.3841571701108,130.37777886700886,218.23168565977835,267.90047527697453
348.5475942152842,130.09697671290493,217.9048115694315,268.4620795851824
348.6313651751965,129.9886214203672,217.73726964960707,268.67879017025786
348.6506995185606,130.08382263581305,217.6986009628788,268.48838773936615
348.6988808816024,130.08861055223147,217.60223823679516,268.4788119065293
345.0147090403543,129.6366322076382,217.326251881436,269.38276859571585
345.1240900151805,128.9806231034028,217.10748993178365,270.69478680418666
345.1902504018834,128.99983521373568,216.9751691583779,270.6563625835209
345.27480233530247,128.54777696840773,216.8060652915398,271.5604790741768
341.61152998184645,127.70799883473131,216.45389228423358,273.2400353415296
341.75410096208725,127.32219503391175,216.168750323752,274.01164294316874
341.9038569213868,122.73788896040878,215.86923840515283,275.47432685286583
338.3490788536095,122.37173634946501,215.2553474114861,276.2066320747534
338.49719277926283,121.91636182167349,214.95911956017954,277.1173811303364
338.729441511471,120.90232468757915,214.49462209576308,279.1454553985251
338.93233546955463,119.8170350809047,214.08883417959586,281.316034611874
335.2961580641047,114.75410090326446,213.57751656502657,283.6582305416853
335.3979886107677,114.97191904377064,213.3738554717006,283.22259426067296
335.5607696639167,114.77424316230548,213.0482933654026,283.6179460236033
335.75174471625456,114.32059084718617,212.66634326072685,284.5252506538419
332.0918451429093,113.73372481732136,212.1768246578219,285.6989827135715
332.28639133886406,113.41181570601285,211.7877322659122,286.34280093618855
332.5260825367783,112.44178012806242,211.30834987008384,288.2828720920894
328.7630585919192,111.84656772749003,210.99020036480124,289.4732968932342
328.8976437264506,111.15831003299755,210.72103009573848,290.84981228221915
329.01273482352553,109.43086801699215,210.4908479015886,294.30469631422994
325.2128135620804,108.11010410449435,210.16859546116416,296.94622413922554
325.11694601566944,107.36508507272984,210.36033055398605,298.43626220275456
321.11063218023753,106.21375266047107,210.39048268333852,300.7389270272721
321.098765930102,105.193057978719,210.41421518360957,302.78031639077625
316.91463745049913,109.4715095678485,210.73346000866226,302.2724253466703
316.9415990315589,108.48604471113515,210.6795368465427,304.243355060097
316.84570506235406,108.82637802160289,210.87132478495244,303.5626884391615
312.7508027471422,108.54650919648509,210.99274982164818,304.1224260893971
308.6913150540363,108.6097758313521,211.0328874269357,303.9958928196631
308.66637181540625,108.1541501789205,211.08277390419576,304.90714412452627
304.52082108664376,107.71502055366881,211.2817031020254,305.78540337502966
304.52584007397365,106.8289524892158,211.27166512736557,307.5575395039357
300.42604031623546,106.28669122207012,211.33597726883025,308.64206203822704
300.30351998202593,105.6745987812416,211.58101793724927,309.8662469198841
296.0487324183542,105.65040442075093,211.91537364683552,309.9146356408654
295.9238229532,105.07488038473988,212.1651925771439,311.0656837128875
291.70057741355845,104.46387712783806,212.4087092013603,312.28769022669115
291.5215085818016,104.127439487853,212.7668468648741,312.9605655066613
287.2994873298585,103.58787512496633,212.96939188273183,314.0396942324346
283.0240429374959,102.80982632552852,213.25916931503264,315.59579183131024
278.6967100804551,102.2377971728902,213.62448389998457,316.7398501365869
274.3870332362594,101.75196124703774,213.93120172675225,317.7115219882918
274.1752593426826,101.41358334546635,214.3547495139058,318.3882777914346
265.59892604837546,100.99277428829984,214.80828223282472,319.2298959057676
265.2901088975553,100.67413418430542,215.42591653446505,319.86717611375644
256.5954768223211,100.54722354786065,216.03597419779825,320.12099738664597
252.03995877250168,96.23047616020344,216.7434635295389,320.3509453940622
251.71951253720175,96.23374491595013,217.3843560001387,320.3444078825688
243.00164724779765,96.4851012864774,217.9615403007652,319.84169514151426
238.406693596832,92.75141936428142,218.72018290180682,318.8777942850166
233.77013115307483,93.36649025743841,219.5640101149302,317.6476524987026
229.20913705097348,93.9301502514814,220.26129791103043,316.52033251061664
224.60877395377457,94.05661617695893,221.0428185187916,316.2674006596616
219.8794785700366,90.23627808343545,222.073117245016,315.47978480545703
215.11525916360625,90.65802808177898,223.168166544694,314.63628480877
210.35844966849015,90.67622838211173,224.24310291807228,314.59988420810447
209.98610899565296,90.66570185729358,224.98778426374668,314.62093725774076
201.21620797874962,86.3907638490715,225.59075459409786,314.7023974224572
201.0617363532615,86.101706805195,225.89969784507414,315.2805115102102
196.54407895321742,86.1562906050521,226.44159852969378,315.171343910496
192.0774935298069,86.52134999473196,226.87409433152908,314.44122513113626
187.64682050466755,86.76499125306051,227.2387202816165,313.95394261447916
183.18607129969396,87.07151731210095,227.66489473712664,313.3408904963983
174.2101785185782,83.33333199129763,228.63062939513367,312.3242356858927
173.74093538925692,84.00729595901396,229.56911565377624,310.97630775046
169.27469912866934,84.2817383174295,230.0132301494921,310.42742303362894
160.66467626230076,84.49567272049609,230.25869519906053,309.99955422749576
156.0032588781679,80.67761435822402,231.0967261060166,309.15086709073023
155.68163845740838,80.864992468194,231.7399669475357,308.77611087079026
151.25149175381927,80.65844163934415,232.10983673008377,309.18921252849
146.6315418452457,76.51327655448688,232.8469755730687,308.9767817240423
146.28654540331954,77.09108386326875,233.536968456921,307.8211671064786
137.54031946404314,86.04642274378699,234.0189482271646,306.92096145375126
145.98305196059283,73.97055306307485,234.13223581881792,305.57457193804663
128.79973738402344,91.4251561759219,234.5761320410423,304.58809864326685
141.37352883835695,70.64347289485255,234.8471298223172,303.78716405550244
124.01103038555831,87.78062478514556,235.71195638261844,303.3730306202125
135.87522595948124,70.82469930828651,237.40194699871495,303.3937058886741
118.23795785603741,88.09388618414752,238.6740822008374,302.8577331417173
125.57698346272181,71.56089415311723,241.02217520661645,301.87142876548216
112.12977785475744,84.78259017353545,242.30837802178024,301.0362451254107
120.21545721426229,76.50462282084632,243.22522675152655,300.50397238203294
107.18954730362005,89.90938093952954,243.62471144159818,299.34679127587935
119.43360372725795,69.03124836316925,244.75500299763934,298.405715756405
102.08710865857078,82.51437124956865,245.27489735370952,297.0692918195843
114.4310783720796,69.56081095695757,246.18029026423696,297.38308006726135
97.31754141588205,84.00576919429048,246.2051510674332,294.14482342449463
112.8569724790298,76.19892320341731,249.13057641773034,292.7563716679447
96.922656099179,92.6633694625452,246.89226452689968,293.93442380022117
113.17124285588008,75.08097859285988,248.43067960575166,295.06361694733766
96.24092168310278,89.0769449067835,248.0869807939887,292.72494018747864
111.34842593132173,81.97824974420067,251.90984186267346,289.903395730083
93.75336449773702,96.69061966530214,252.99098157566092,286.0603932535165
109.11979654869776,89.84791481217056,256.19813163193703,282.7757958806809
92.37355650401621,103.33651897716089,255.74981932889963,281.25418184500063
106.86343498107263,52.26600557632628,260.5875469369402,281.9427549602095
90.89978240945004,100.5717117616716,258.34633440352934,279.2947662003231
105.44037069387761,50.10645085984149,263.1258861897122,278.6431029388692
89.721737144466,98.03975351761494,260.4394725809876,276.61661956907875
105.00986539471268,117.6168428627766,263.6896839800869,271.28890877834806
88.2257176484431,92.17348952235236,263.55939052937106,271.62773204431403
102.04774910984239,111.29350062160918,269.62694447782184,267.09932671704973
85.79379434636698,62.74699741321945,268.3254188380625,271.2163864253762
103.30522902202406,91.45313914665005,267.289312886163,273.2809389074906
88.27525870821066,101.38426783957019,263.2981070314102,278.95704138343507
102.70873182710201,81.8066609055603,260.046843710887,283.9580113617755
91.93162673317605,79.09522059169339,255.90624451011803,289.38089198950934
106.40098368417233,85.14971279471177,252.71698906281233,294.43821321993045
95.25981432225396,73.92561814524424,249.1682697006474,299.66569712819773
105.09586615715949,76.0912244012845,246.76397342350845,303.96838831245327
98.17582170079741,69.59258735323928,243.28156991319716,308.304416197026
103.74981821275334,67.34712597782183,240.80486843249477,312.7953389478609
105.18085751768359,65.75186905169369,237.94278982263427,315.9858528001172
106.61244737066346,64.03722479002403,235.07961011667453,319.4151413234565
107.48904222186552,62.341906886937636,233.32642041427042,322.8057771296293
108.3859139900545,61.01498632901456,231.53267687789244,325.45961824547544
109.16269038196472,59.891594342594374,229.979124094072,327.7064022183158
114.06971601823479,58.319305811935806,228.91374556975265,330.85097927963295
114.44956317201856,57.573323470232936,228.1540512621851,332.3429439630387
118.4533332894367,57.496409050238555,228.93502802138238,332.49677280302745
118.00666840723927,57.50582486921434,229.82835778577723,332.4779411650759
126.13980286791319,62.09159606785519,231.19859443026346,332.1246515507112
118.89113217699051,61.00889832587981,228.02480414910627,334.29004703466194
125.49062376193844,63.205487172466235,232.45728543359755,329.8968693414891
121.38110711898854,63.86949386668752,231.85364549417685,328.5688559530465
128.15356109009429,66.33874864324957,235.89400585389922,323.6303463999224
115.91527566634254,53.66289801166809,234.017725748789,322.62919671047166
126.79166459693518,83.39805291793408,238.47979291415479,315.5885769510418
113.94473915592326,76.5201390565081,238.0606349292567,311.93573209594575
125.31797683288315,60.46879388907726,241.23957418869207,309.4712029463339
136.05061215542304,85.03325363239315,245.74216399679923,303.62205088168037
124.69636017151296,72.3091664189241,242.53249054548058,303.15204788947966
130.76203036508926,53.12191953008812,247.56153180614677,298.6255875476046
120.50771584109559,72.2230651996424,242.29425374898526,294.79117234869454
130.32075761103792,91.98831566870942,248.01196397889197,289.05239643694904
128.98811744260718,73.64437090233244,250.67724431575343,283.48263259498003
144.34604212365429,127.10945942011116,253.5933933763579,277.44845082751857
126.22158837736987,79.50166454610056,256.39928496564556,272.3349928656963
141.28906084852667,132.4138032073058,259.56665422402796,266.41765814537376
124.76256109323617,123.7334794548307,259.4874863100091,258.92918008187405
124.61632684975706,168.12864606054097,259.77995479696733,251.7792549387592
124.66268845042771,167.01844611647567,259.68723159562603,245.94385060174238
124.84312192214588,161.9160320287545,259.3263646521897,240.2247611145342
123.99714380280801,147.2916292651829,261.0183208908654,238.01153088461305
125.83272984521389,169.6107269752107,257.34714880605367,232.6565834020585
127.70750413075895,163.81354152020242,253.59760023496355,228.82266478845838
134.53374491926508,177.43505579090953,247.53978318770703,224.3636298363114
136.6648853597571,164.678941176139,243.27750230672297,220.15862360371057
156.59458715297052,182.12373671332466,232.60184300569793,214.45277681474101
166.1208665259614,203.97506004358024,220.5880639554382,205.94402863284031
161.869661197521,156.89475473901985,208.94232146396666,206.07992454965006
172.04042076350308,205.69548726372642,201.67229141144406,193.44313851660695
174.16599643559698,206.80789475984247,191.19918722382272,184.9963706809413
170.75358560476366,133.85670142883959,186.17573255579134,188.71944138657085
181.9933273909921,195.697107163931,175.50390304679496,177.21134351926304
177.54000127147577,85.73256336257002,167.74689166146575,180.51280400528057
187.88924974439004,77.95008428962053,158.0153615459487,185.110795320868
189.4164788328289,83.97738706787555,149.5615553536655,189.25423381057448
196.6938487896747,76.97119209015096,140.33333566161738,192.6135833227367
200.5211747344839,85.82581499239083,132.67868377199895,195.81263258097312
204.81806717271974,79.92919615070348,124.08489889552733,197.30756930798177
208.26079445891207,73.88439715250702,117.19944432314261,199.34046261561306
213.42846209493146,65.97008946191866,111.80685210535096,195.39810577980154
214.14337456698826,75.69194209959787,105.58413733861904,195.12595979491635
219.27284131228464,65.8950673370644,100.00801620897747,195.9884598761787
224.54627901654348,74.495539855821,94.06082923829325,197.1862685899995
226.9308325047145,64.9021342569605,89.29172226195126,198.31661372289466
231.08172908187586,70.08710676752565,85.43709480111254,196.84100008873259
232.9513630394096,63.04140958813116,81.69782688604505,197.85864523567898
236.97974721274684,69.33149782980055,77.9474609717567,198.19767604949845
238.65178076459716,70.81970316751662,74.60339386805606,199.46567709417025
241.81925738690882,70.75821086285056,72.47101780423824,199.58866170350237
242.46122637391179,75.63462282969961,71.18707983023232,198.16752848882643
245.17817414848412,82.0022907339987,69.87546718051246,197.7990413785027
245.74468106591982,71.78889496684086,68.7424533456411,197.75967210692622
250.29482319912188,75.69538135429721,67.78632395641957,198.0908542091961
251.0737265596973,83.61457946563077,66.22851723526873,198.4899973564345
270.0212280274116,190.14068938274227,64.66307270232558,191.30527513629588
270.16312967447953,187.0594588577427,64.37926940818976,181.8448973397138
271.79456976391754,203.15402472593118,61.116389229313754,176.01508700966036
278.6768666803798,182.3335916928761,58.221111194570724,174.1786898830444
282.01842259612204,200.02230676445825,55.082115719562275,174.24242330463943
288.52644887366085,196.06243724592915,52.5282515654782,175.18737007436863
292.87589650851805,198.94188048285568,50.73648596020145,176.33561326495322
298.64723080130995,194.02181964514992,49.50320551252945,179.30280951509025
304.19393615005384,194.35129779719398,48.77556346139711,182.09910942645402
309.3457736227702,191.47736688609587,48.914791664052814,184.3660035326208
314.35655556328993,185.15844225440216,49.439689830019034,186.4573907490025
319.2393702432202,180.601472168553,50.33846334025913,188.46172900730033
324.05270019326616,172.6758842103522,51.51160325392358,189.9131718386935
328.8167066453854,166.77646576728472,52.910892396545776,190.78470667796773
