1
172.1521,150.8521,260.6957,30.2958
174.0112,151.1605,261.1857,29.6790
174.0068,151.4277,261.1945,29.1446
176.0430,151.6827,261.3134,28.6347
176.1951,151.9325,261.0092,28.1350
180.5541,152.1162,260.6272,27.7676
182.9108,152.2085,260.0687,27.5830
185.0126,166.7524,260.0087,27.5003
185.0090,166.9744,260.0159,27.0564
187.1105,167.1104,259.9449,26.7844
187.1450,167.1985,259.8759,26.6082
191.5132,167.2847,259.3811,26.4358
193.6948,167.2326,259.1282,26.5399
193.8709,183.4922,258.7761,26.8932
194.1558,183.6210,258.2062,26.6357
194.4415,183.6383,257.6348,26.6010
198.7470,183.7109,257.2035,26.4559
202.9938,183.7747,256.8716,26.3283
209.3082,183.7700,256.4638,26.3376
211.3549,183.7032,256.4387,26.4713
213.4454,187.7969,256.3285,26.4253
217.9367,187.7081,255.4822,26.6029
222.2096,187.5909,255.0571,26.8372
224.9073,203.5301,253.7209,27.4333
227.3574,203.4662,252.8740,27.5610
229.8633,203.3939,251.9065,27.7056
232.3272,203.3472,251.0127,27.7991
236.5180,203.3429,250.6784,27.8077
238.8507,219.1201,250.0321,28.4069
239.1248,219.0788,249.4838,28.4893
239.4098,219.0087,248.9140,28.6296
241.5995,219.0151,248.5464,28.6168
242.0290,234.8299,247.6874,29.0395
242.2906,234.8326,247.1641,29.0341
242.5202,234.9204,246.7050,28.8585
242.5941,234.8561,246.5571,28.9871
242.6864,234.6975,246.3726,29.3044
242.7967,234.5222,246.1520,29.6549
242.8890,234.3309,245.9674,30.0376
243.2269,234.0436,245.2916,30.6122
243.4298,233.7517,244.8858,31.1960
243.8720,233.4337,244.0014,31.8319
244.2817,233.0663,243.1819,32.5668
244.9305,232.7257,241.8844,33.2480
245.6324,232.3617,240.4806,33.9760
248.3988,231.9718,238.9524,34.7557
249.2247,231.6534,237.3006,35.3925
249.8740,231.2873,236.0019,36.1248
250.5816,230.9630,234.5867,36.7733
251.1542,230.6420,233.4416,37.4153
251.6774,230.3124,232.3952,38.0746
252.1133,229.9880,231.5235,38.7233
252.4976,229.7255,230.7548,39.2484
253.0009,229.4759,229.7481,39.7476
253.5183,229.1740,228.7134,40.3513
254.0302,228.9159,227.6896,40.8675
254.5592,228.6205,226.6315,41.4583
254.9224,228.2684,225.9053,42.1625
257.4745,227.9656,224.7670,42.7682
259.9552,227.6386,223.7675,43.4221
262.3942,225.3723,222.8503,43.9940
262.6699,223.0504,222.2988,44.6784
264.8773,216.8083,221.8490,45.2679
265.0524,214.2497,221.4989,46.4149
267.3040,211.6440,220.9832,47.6387
267.5605,209.0336,220.4701,48.8556
269.7043,206.3636,220.2029,50.1753
271.8273,203.6983,219.9987,51.4638
273.8987,201.0329,219.9198,52.7308
275.9474,200.4531,219.9093,53.8904
277.9590,197.9611,219.9951,54.7657
280.0189,197.4083,220.0019,55.8711
282.0234,196.9078,220.1407,56.8723
286.1589,194.3123,220.2071,57.8945
287.8780,193.8040,220.9579,58.9112
289.6809,193.2620,221.5706,59.9951
291.5936,192.7451,221.9929,61.0289
291.5574,192.2954,222.0654,61.9284
293.5999,191.9296,222.2712,62.6600
293.5078,191.5748,222.4555,63.3696
293.3873,191.3345,222.6964,63.8502
293.3191,191.1327,222.8328,64.2537
293.2907,190.8945,222.8897,64.7301
293.4304,190.8146,222.6103,64.8899
293.5091,192.9507,222.4528,64.9716
293.7065,192.8517,222.0580,65.1697
294.1095,192.7741,221.2521,65.3248
294.5264,192.6158,220.4182,65.6415
292.5865,192.4818,219.9612,65.9094
292.8559,192.2938,219.4224,66.2854
291.0732,192.1690,218.6529,66.5350
289.3110,192.0157,217.8490,66.8416
289.6683,191.8929,217.1343,67.0872
287.9926,191.8073,216.1685,67.2585
286.3954,193.8646,215.0562,67.4505
286.9332,193.7937,213.9806,67.5923
285.2475,193.6897,213.0702,67.8002
285.8100,193.6378,211.9453,67.9040
284.1217,193.4823,211.0633,68.2150
282.3698,193.3167,210.3153,68.5463
282.8720,193.1112,209.3107,68.9572
281.2248,192.9711,208.3648,69.2375
281.7457,192.7695,207.3229,69.6406
282.0444,192.5875,206.7256,70.0047
280.1106,192.4057,206.3701,70.3683
278.4563,190.0758,205.4543,70.8036
276.5372,189.8227,205.0732,71.3098
276.8500,189.5495,204.4476,71.8562
277.1817,189.2707,203.7843,72.4139
275.5030,188.9881,202.9169,72.9790
276.1175,186.5884,201.6878,73.5557
274.4826,184.1445,200.7421,74.2282
274.8316,183.7306,200.0440,75.0559
275.3544,181.2466,198.9986,75.8048
275.6912,180.8975,198.3249,76.5031
276.0788,180.6232,197.5498,77.0516
276.4820,180.4268,196.7434,77.4445
276.9388,180.2285,195.8297,77.8411
277.4417,180.0008,194.8240,78.2966
277.8571,179.7917,193.9931,78.7146
278.1517,179.5491,193.4039,79.2000
278.4382,181.5755,192.8309,79.3448
278.7831,181.6531,192.1411,79.1895
279.1154,183.8687,191.4764,78.9379
279.4679,186.1587,190.7715,78.5231
279.8359,188.4166,190.0356,78.1550
280.3117,188.5645,189.0839,77.8591
280.7406,188.6798,188.2260,77.6285
281.2437,188.7024,187.2200,77.5833
281.7215,188.6856,186.2643,77.6170
282.1234,188.6351,185.4605,77.7181
282.5020,188.5287,184.7034,77.9308
282.8469,188.3775,184.0135,78.2333
285.1826,188.1952,183.3870,78.5978
285.4869,187.9409,182.7785,79.1063
285.8289,187.6649,182.0946,79.6584
287.9683,185.2126,181.8582,80.5206
288.2737,182.7094,181.2473,81.4727
288.4809,182.0752,180.8330,82.7412
290.8303,179.4462,180.2125,83.9209
291.0305,176.7144,179.8120,85.2946
293.3107,176.1611,179.3596,86.4012
293.6405,175.5923,178.7000,87.5389
295.9228,175.1378,178.2663,88.4479
296.1342,174.7226,177.8435,89.2781
298.4086,174.3129,177.4431,90.0976
298.6550,173.9746,176.9502,90.7742
298.9934,173.7282,176.2735,91.2671
299.5299,173.5195,175.2005,91.6843
300.1977,175.4463,173.8649,91.9819
298.9982,179.6770,172.1272,91.7938
295.8374,182.0888,170.2332,91.0781
294.7029,184.3950,168.4346,90.5333
295.5161,186.6431,166.8083,90.0689
296.1905,188.7725,165.4595,89.8100
294.8721,188.8086,164.1206,89.7378
295.4722,190.8049,162.9203,89.7000
296.0786,190.7005,161.7076,89.9086
294.6709,190.5425,160.6010,90.2247
295.1561,190.2575,159.6306,90.7947
295.6225,189.9626,158.6979,91.3845
294.1476,189.5995,157.7451,92.1108
294.5206,189.1273,156.9993,93.0550
292.9912,188.5605,156.1524,94.1887
291.3726,185.8412,155.4777,95.7151
291.6895,183.1285,154.8438,97.2129
289.9836,180.3414,154.3122,98.8437
288.2538,177.5121,153.8092,100.5396
286.6097,174.5692,153.1138,102.4420
284.9564,171.5634,152.4158,104.4490
283.1936,168.4813,151.9139,106.5857
281.4076,163.1999,151.4308,109.0381
279.4480,161.9664,151.2617,111.5051
277.4202,158.6481,151.1910,114.0155
275.4723,155.5186,150.9207,116.1082
275.4943,154.5463,150.8767,118.0529
273.3867,153.6275,150.8647,119.8905
273.3143,152.8268,151.0095,121.4919
273.2255,152.0428,151.1871,123.0598
273.0699,151.2021,151.4982,124.7413
270.6639,150.5587,151.9650,126.0280
270.4226,150.0543,152.4476,127.0368
267.9879,149.5235,152.9203,128.0985
267.6656,149.1737,153.5648,128.7980
267.3651,148.6914,154.1660,129.7627
267.1345,148.0493,154.6271,131.0468
266.7149,145.1119,155.4663,132.4267
264.0698,142.0735,156.2264,133.9734
263.6891,139.0109,156.9879,135.5318
263.2567,138.2427,157.8526,137.0683
260.5020,135.2456,158.7204,138.4209
260.0241,134.5249,159.6763,139.8624
259.5381,131.4512,160.6482,141.2951
258.9768,130.7830,161.7708,142.6316
258.3218,130.2270,163.0809,143.7435
257.6650,127.1922,164.3944,144.9836
256.9415,126.6553,165.8414,146.0576
256.2583,126.1232,167.2079,147.1217
255.5155,123.1755,168.6934,148.0696
254.8111,122.8735,170.1022,148.6736
254.0840,122.4960,171.5566,149.4285
253.3609,122.2246,173.0027,149.9712
252.6929,121.9555,174.3386,150.5094
249.5030,121.7456,175.6061,150.9294
248.8763,121.5485,176.8595,151.3236
248.1781,121.4826,178.2561,151.4553
247.5216,121.4866,179.5690,151.4474
246.7116,121.4901,181.1891,151.4403
245.9964,121.5977,182.6194,151.2252
245.1261,121.5485,184.3599,151.3235
244.2281,121.4675,186.1560,151.4855
243.3310,121.3507,187.9502,151.7191
242.3824,121.2193,189.8474,151.9819
241.4916,121.0556,191.6290,152.3092
240.6179,120.8592,193.3764,152.7021
239.6961,120.8827,195.2200,152.6551
238.7617,120.9071,197.0888,152.6063
237.8685,120.9765,198.8751,152.4675
236.9415,120.9785,200.7292,152.4636
236.2216,120.9989,202.1690,152.4227
235.4514,120.9762,203.7095,152.4681
234.7038,120.8776,205.2045,152.6653
234.0568,120.9203,206.4985,152.5799
233.4383,123.8373,207.7355,152.3848
232.8970,124.0192,208.8182,152.0210
229.5030,124.1767,209.9413,151.7060
228.9710,124.4413,211.0052,151.1768
228.4795,124.5808,211.9883,150.8977
227.8767,124.6949,213.1938,150.6695
224.4516,124.7512,214.3351,150.5570
223.7919,124.7597,215.6546,150.5400
223.1619,124.6919,216.9146,150.6756
222.6144,124.6066,218.0095,150.8461
219.2032,124.3631,219.0473,151.3332
218.6195,124.2426,220.2148,151.5742
218.1102,123.9263,221.2333,152.2067
214.7396,126.4875,222.1188,152.9401
214.1219,129.1164,223.3541,153.5635
