1
237.0169,240.9810,160.9663,43.0380
237.4362,241.3219,160.1276,42.3563
237.7502,241.5190,159.4997,41.9620
237.9946,241.6735,159.0109,41.6530
238.0324,241.7854,158.9352,41.4292
238.1430,241.9260,158.7139,41.1480
239.6546,241.9750,158.6990,41.0501
239.6254,242.0790,158.7575,40.8420
239.5910,242.1302,158.8261,40.7397
239.5472,242.0938,158.9139,40.8124
240.9111,242.0439,159.1908,40.9123
240.7863,242.0520,159.4403,40.8959
242.0928,241.9760,159.8409,41.0480
241.9345,241.9514,160.1575,41.0973
241.8369,241.9622,160.3528,41.0757
241.7047,241.9053,160.6171,41.1895
242.9445,241.8837,161.1732,41.2325
244.4153,241.8849,161.2762,41.2302
244.2262,241.7891,161.6542,41.4218
245.4925,241.6982,162.1764,41.6036
245.3079,241.6491,162.5456,41.7018
246.7228,241.5250,162.7883,41.9499
248.0880,240.0217,163.1385,41.8759
247.9117,239.8853,163.4911,42.1487
247.7108,239.8065,163.8928,42.3064
249.1199,239.8837,164.1777,42.1520
248.8277,239.9064,164.7621,42.1065
250.0654,239.9763,165.3980,41.9669
251.1201,240.0851,166.4062,41.7492
252.4602,238.7068,166.8536,41.3781
252.2141,238.6420,167.3457,41.5078
253.4425,238.7270,168.0253,41.3378
254.7226,238.7041,168.6075,41.3835
254.4316,237.1885,169.1896,41.2632
255.7976,237.1420,169.6149,41.3563
257.1044,237.1872,170.1665,41.2657
258.3132,235.7255,170.9200,41.0180
259.5331,235.7395,171.6573,40.9900
260.6794,234.2327,172.5516,40.8169
260.3574,234.1516,173.1956,40.9789
261.8158,232.6765,173.4869,40.7212
261.9043,232.8220,173.3099,40.4300
263.2336,233.0339,173.8505,40.0062
264.5818,231.6502,174.3528,39.5749
264.3342,232.0194,174.8480,38.8365
264.1595,232.3035,175.1975,38.2684
265.6008,231.0337,175.4989,37.6240
267.0186,229.6430,175.8390,37.2294
266.8706,229.5843,176.1350,37.3469
268.2046,228.1575,176.6465,37.0210
267.8783,228.2271,177.2990,36.8820
269.2999,226.8269,177.6425,36.4957
270.9186,226.8370,177.5889,36.4755
270.9534,223.7876,177.5193,36.2090
270.9486,223.8720,177.5288,36.0402
272.4211,223.9126,177.7574,35.9590
273.8520,221.0943,178.0706,35.2454
273.8642,221.0538,178.0461,35.3264
275.2588,221.1433,178.4237,35.1475
275.3654,219.8029,178.2104,34.6598
277.2210,218.4058,177.6552,34.2981
277.6396,216.9203,176.8179,34.1278
279.5636,216.8403,176.0962,34.2878
279.8989,216.8663,175.4255,34.2359
280.1530,216.9011,174.9175,34.1663
278.8967,214.4667,174.3294,32.8339
280.4769,212.8934,174.2354,32.9144
280.3749,207.0844,174.4394,35.3326
281.8759,202.7807,174.5538,37.7069
282.0344,202.4563,174.2370,38.3555
282.1787,202.3904,173.9483,38.4875
284.3992,202.4242,172.6783,38.4199
286.7135,202.3441,171.2014,38.5799
289.1502,200.4593,169.4623,39.2153
289.8938,198.2330,167.9751,40.5458
286.0613,196.1133,166.2598,41.6585
287.1360,196.1491,164.1104,41.5869
289.3855,194.8744,162.7038,41.0439
288.2648,193.4682,161.8829,40.7942
287.3905,193.1964,160.5855,41.3377
286.5227,191.2664,159.2830,42.1597
287.8583,190.7622,159.6471,43.1679
288.3314,189.0475,158.7009,43.5379
288.8096,188.7997,157.7444,44.0335
287.8665,187.1380,156.5819,44.3080
288.2548,186.8016,155.8053,44.9809
288.6790,186.4172,154.9569,45.7497
289.0639,184.6213,154.1870,46.3000
289.5130,184.2068,153.2889,47.1291
288.5142,183.8438,152.2429,47.8549
288.9167,183.5007,151.4381,48.5412
287.9751,181.6793,150.2779,49.1406
286.9923,181.2944,149.2057,49.9105
286.0674,181.0190,148.0187,50.4614
286.6175,180.7685,146.9187,50.9624
285.6248,180.5419,145.8809,51.4155
284.6215,180.2919,144.8707,51.9156
285.0418,180.0771,144.0301,52.3452
284.0767,179.7617,142.9532,52.9759
283.2532,179.4805,141.5972,53.5382
282.3893,179.2241,140.3312,54.0511
281.4445,178.9160,139.2360,54.6673
280.5994,178.7118,137.9462,55.0756
280.9259,178.3746,137.2931,55.7500
280.1528,178.0891,135.8678,56.3211
279.4300,177.9220,134.3524,56.6554
278.4904,177.6803,133.2865,57.1387
277.6788,177.4551,131.9714,57.5891
276.9041,177.2369,130.5937,58.0256
276.0231,177.0579,129.4407,58.3835
276.3599,176.7781,128.7670,58.9431
275.6003,176.5867,127.3818,59.3260
274.7180,176.2702,126.2552,59.9589
275.2411,176.1431,125.2091,60.2131
274.3099,175.8394,124.1967,60.8205
273.3635,175.5956,123.2190,61.3081
273.7863,175.3123,122.3733,61.8747
273.0639,175.0685,120.9560,62.3623
272.2460,174.8456,119.7419,62.8081
271.3188,174.6799,118.7566,63.1395
270.5016,174.4513,117.5603,63.5967
270.9938,174.2282,116.5758,64.0429
271.6481,173.8681,115.2673,64.7631
270.7320,173.5124,114.2925,65.4746
271.1793,173.2572,113.3978,65.9849
271.5461,172.9158,112.6642,66.6677
270.7653,172.5976,111.4251,67.3041
271.3000,172.3333,110.3557,67.8328
271.9996,172.0297,108.9563,68.4398
271.2900,171.8072,107.6001,68.8849
270.7163,171.5863,105.9851,69.3267
271.3204,171.4003,104.7768,69.6988
271.9054,171.0256,103.6069,70.4482
272.2764,170.5866,102.8649,71.3262
272.8084,170.2187,101.8009,72.0620
273.4920,170.0037,100.4336,72.4919
274.1711,169.8494,99.0754,72.8006
274.7151,169.6801,97.9875,73.1391
275.2326,169.4122,96.9525,73.6749
275.7029,169.2739,96.0118,73.9515
276.1171,168.9520,95.1836,74.5953
276.6529,168.6397,94.1119,75.2199
277.1868,168.4278,93.0441,75.6437
277.7215,168.1480,91.9748,76.2034
278.0704,167.7618,91.2769,76.9758
278.8517,167.5539,89.7143,77.3914
279.4273,167.2722,88.5632,77.9549
279.9510,166.8664,87.5157,78.7665
280.4824,166.4372,86.4529,79.6250
281.1491,166.2960,85.1195,79.9074
281.8109,166.2680,83.7960,79.9633
283.6032,166.0200,82.7899,80.4593
285.4506,165.7816,81.6659,80.9361
285.6756,165.1563,81.2160,82.1867
287.1032,164.5836,80.9340,83.3321
287.7825,164.4592,79.5754,83.5809
289.5940,164.1051,78.5216,84.2892
290.2481,163.9446,77.2134,84.6101
292.0034,164.8947,76.2507,85.2576
292.7968,164.9324,74.6637,85.1822
294.7211,164.8370,73.3311,85.3731
295.3673,164.7319,72.0386,85.5833
296.8982,164.4138,71.4569,86.2195
298.7988,164.2695,70.1359,86.5079
300.6035,164.0406,68.9901,86.9659
302.3805,163.7598,67.8880,87.5274
302.9500,163.6972,66.7489,87.6526
304.6028,163.4037,65.8694,88.2396
305.1586,163.3150,64.7577,88.4169
306.9378,162.9998,63.6043,89.0474
308.6483,162.6723,62.5789,89.7025
310.4880,162.5019,61.2881,90.0433
312.1458,163.3560,60.3448,90.7075
313.8642,163.2261,59.2749,90.9673
315.4584,164.2820,58.4392,91.2084
317.2256,164.2619,57.2473,91.2484
318.8167,164.0517,56.3884,91.6689
320.4747,164.0195,55.3873,91.7332
322.0006,163.9160,54.6347,91.9403
322.4304,163.9526,53.7750,91.8670
325.1100,164.9490,52.9636,92.1481
326.6055,164.9185,52.2369,92.2090
328.2065,164.8263,51.2878,92.3936
329.7780,164.9849,50.3841,92.0763
331.2759,164.6830,49.6077,92.6802
332.7357,164.4982,48.9029,93.0498
334.2347,164.4565,48.1132,93.1332
335.5765,164.4428,47.6256,93.1605
338.1546,164.4820,46.8453,93.0822
338.2554,164.4060,46.6436,93.2342
339.5468,164.5202,46.2329,93.0058
342.0775,164.5353,45.4946,92.9755
343.3004,164.6988,45.1972,92.6486
344.5525,164.8845,44.8314,92.2771
345.8564,165.0053,44.3501,92.0356
347.1818,165.1732,43.8141,91.6998
348.3152,165.1812,43.6480,91.6837
349.4474,165.2150,43.4809,91.6161
350.4751,165.2430,43.5190,91.5601
352.6350,165.3228,43.3858,91.4005
352.8038,165.3129,43.0483,91.4204
353.9127,165.4638,42.9135,91.1186
356.1608,165.4130,42.5699,91.2201
357.3312,165.5224,42.3010,91.0014
358.4839,165.5714,42.0594,90.9034
359.4031,165.2883,42.2794,91.4696
360.5389,165.2652,42.0780,91.5157
361.5813,164.3257,42.0608,91.3272
361.7213,164.4075,41.7809,91.1636
362.8010,164.4423,41.6786,91.0940
363.8896,164.3681,41.5558,91.2424
365.0022,164.4030,41.3849,91.1725
366.0971,164.6883,41.2455,90.6020
367.0724,164.6071,41.3347,90.7645
368.2096,163.7274,41.1037,90.4804
369.2971,163.6583,40.9642,90.6185
370.2778,163.4872,41.0378,90.9607
371.3320,163.4687,40.9704,90.9977
372.3008,163.3655,41.0736,91.2040
373.3771,163.3374,40.9662,91.2603
374.4667,162.4579,40.8314,90.9749
375.4716,161.4254,40.8593,91.0021
376.5018,161.4578,40.8376,90.9374
377.5237,161.2873,40.8311,91.2783
378.5697,161.1770,40.7814,91.4990
378.6265,160.3244,40.6678,91.1597
379.5936,159.3617,40.7711,91.0474
380.6177,159.2858,40.7608,91.1992
381.6636,159.2363,40.7088,91.2982
381.7005,159.2099,40.6349,91.3511
382.6931,159.2188,40.6895,91.3332
383.6053,158.2258,40.9056,91.2788
384.6392,158.3480,40.8814,91.0343
384.5070,158.1324,41.1457,91.4655
385.6312,157.1832,40.9479,91.3136
386.6578,157.2993,40.9393,91.0813
387.5566,157.1264,41.1829,91.4271
388.6259,156.1509,41.0949,91.3275
389.6159,155.1732,41.1624,91.2354
390.7201,155.1395,41.0015,91.3029
391.7365,155.1618,41.0143,91.2581
391.6460,154.2095,41.1952,91.1177
392.6439,154.4576,41.2457,90.6215
392.5334,153.5529,41.4667,90.3909
393.4347,153.5698,41.7044,90.3572
394.5330,152.7509,41.5520,89.9508
394.4431,152.6808,41.7318,90.0910
395.4637,151.5886,41.7312,90.2347
396.4582,151.5131,41.7852,90.3858
398.5374,150.5190,41.7187,90.3279
398.4951,150.3720,41.8033,90.6220
399.4229,149.5841,41.9975,90.1481
400.4393,148.8016,42.0107,89.6669
400.3255,148.7429,42.2383,89.7842
401.2453,147.9239,42.4438,89.3772
402.1555,147.8976,42.6663,89.4298
403.0690,148.0876,42.8866,89.0497
402.9305,147.0596,43.1636,89.0602
402.8530,146.1262,43.3186,88.8763
403.7862,146.1326,43.5028,88.8634
404.7463,146.0351,43.6364,89.0584
405.7187,145.1320,43.7504,88.8058
406.5815,145.2648,44.0820,88.5401
406.4455,144.3590,44.3540,88.2928
407.4009,144.3727,44.5032,88.2653
407.2409,143.4715,44.8233,88.0055
408.2691,143.5571,44.8309,87.8344
409.1812,143.6550,45.0681,87.6386
410.1683,142.5791,45.1567,87.7276
411.1564,141.5589,45.2463,87.7023
412.2559,140.4780,45.1142,87.7973
412.1376,140.4232,45.3507,87.9067
414.1347,140.3698,45.4998,88.0136
413.9836,139.4365,45.8020,87.8045
414.9255,139.6200,45.9961,87.4375
415.9160,139.6041,46.0909,87.4694
416.8941,138.5894,46.2125,87.4208
416.7506,138.7395,46.4994,87.1205
417.5984,137.8153,46.8837,86.8892
417.5123,136.9244,47.0559,86.5880
418.3099,136.8988,47.5422,86.6393
419.2979,136.8646,47.6569,86.7076
420.1718,135.7978,48.0024,86.7477
420.0450,134.8462,48.2562,86.5508
420.9649,134.1293,48.5177,85.8832
421.8651,133.1883,48.8133,85.6692
422.7908,133.2004,49.0597,85.6451
422.6057,132.3796,49.4299,85.1850
423.4937,132.5885,49.7551,84.7671
424.3327,132.8093,50.1776,84.3255
425.1218,133.0245,50.7004,83.8952
426.0636,132.1662,50.9203,83.5083
427.0477,132.2971,51.0535,83.2465
426.9539,132.4529,51.2411,82.9350
427.9268,131.4929,51.3935,82.7567
428.8844,130.5437,51.5763,82.5571
429.9066,130.7014,51.6301,82.2415
430.8869,129.8260,51.7640,81.8979
431.8399,128.9317,51.9493,81.5951
432.6340,129.1165,52.4513,81.2255
432.4523,129.3124,52.8148,80.8336
433.3072,128.4436,53.1980,80.4783
434.0967,128.6711,53.7131,80.0231
433.8749,127.6966,54.1568,79.8764
435.8284,127.6670,54.4518,79.9354
435.7026,127.8791,54.7035,79.5114
435.6297,128.0927,54.8492,79.0841
435.5461,127.3186,55.0163,78.5318
436.5940,126.3799,55.0155,78.3142
436.5218,125.4166,55.1599,78.1493
436.4233,125.5168,55.3569,77.9487
436.2900,125.6655,55.6234,77.6514
436.1454,125.7143,55.9127,77.5538
436.1866,124.7995,55.8305,77.2884
436.2757,124.0109,55.6521,76.7761
436.3410,124.2848,55.5216,76.2284
436.5057,123.4163,55.1921,75.8969
435.3753,122.5199,55.3949,75.6319
434.3299,122.7290,55.4286,75.2136
434.4575,121.9850,55.1733,74.6501
432.3844,122.1380,55.2422,74.3441
432.4645,122.3486,55.0819,73.9229
430.3636,121.3228,55.2315,73.9484
430.3104,121.4694,55.3379,73.6553
428.2889,120.5732,55.3283,73.4214
427.2448,120.7003,55.3940,73.1672
426.3266,119.8435,55.2107,72.8611
423.4363,120.0561,54.9550,72.4358
422.4771,120.2829,54.8721,71.9822
420.5370,119.4786,54.7659,71.5977
418.5864,119.8291,54.6960,70.8966
416.6235,118.9448,54.6743,70.6916
413.6373,119.1829,54.7361,70.2153
410.6119,119.2057,54.8948,70.1698
409.4899,119.5535,55.1730,69.4741
405.4846,118.5825,55.3448,69.4564
404.2708,118.7812,55.8101,69.0590
400.1642,118.1137,56.1686,68.4304
398.9344,118.3977,56.6683,67.8624
394.7348,118.7491,57.2312,67.1595
392.4269,118.8662,57.9322,66.9253
390.2526,119.1067,58.3510,66.4443
384.8902,118.4031,59.2545,65.8873
382.8027,118.8120,59.4893,65.0695
380.4903,118.0725,60.1920,64.5875
374.3145,118.3601,60.7554,64.0123
373.6297,118.4336,62.1248,63.8652
367.1059,118.6927,63.2682,63.3471
365.4026,119.0470,64.6807,62.6385
361.6769,119.4633,66.1172,61.8058
355.8278,119.6824,67.7443,61.3677
353.8331,119.8020,69.7010,61.1285
346.6865,119.8886,71.6391,60.9553
344.8054,119.9812,73.3149,60.7701
338.6145,120.0480,75.1504,60.6364
336.6879,120.0283,76.8682,60.6759
328.3262,120.1276,78.4556,60.4772
326.4155,120.2435,80.0936,60.2454
322.3700,121.6267,81.5711,59.6836
314.8374,121.8365,83.3295,59.2640
312.8812,123.4352,85.0042,58.3041
307.5962,123.7163,86.5862,57.7420
304.6513,124.0469,87.9531,57.0808
297.1616,124.4041,89.3062,56.3663
294.2020,124.8519,90.6669,55.4708
287.9634,125.2112,91.7208,54.7522
286.4341,126.6667,92.4911,54.1294
279.0317,128.1795,93.5611,53.3929
277.2488,128.2885,94.8345,53.1749
268.4202,129.6873,96.3380,52.6850
265.2851,130.0960,97.9653,51.8675
259.6852,130.3982,99.8390,51.2632
252.8810,131.8503,101.7044,50.7076
250.8692,132.2668,103.3616,49.8746
242.8295,133.7579,105.1843,49.2685
240.9374,134.1384,106.5763,48.5076
235.5346,134.4859,107.7854,47.8125
232.2250,136.1190,109.5959,46.9507
224.1953,137.5697,111.1626,46.4648
221.9371,138.9870,113.2495,46.0596
213.8158,139.2016,114.7778,45.6305
211.8422,139.3275,116.2582,45.3787
204.8503,139.4000,117.8244,45.2337
202.6889,140.7483,119.6438,45.0405
195.9215,140.9779,120.5483,44.5813
193.9217,142.6169,122.0171,43.8340
189.4929,144.1174,123.2601,43.3713
183.8017,144.2499,124.4521,43.1063
179.4335,145.6513,125.5090,42.8633
176.4610,145.5973,126.3131,42.9713
171.9370,145.6172,127.6097,42.9315
170.0303,145.4734,128.8214,43.2191
163.3038,146.7426,129.1538,43.3047
161.7465,146.4633,129.6381,43.8634
158.7717,146.2373,130.2927,44.3154
154.6660,145.9734,130.5087,44.8432
152.9761,147.0611,131.2107,45.3455
146.4712,146.8636,130.7358,45.7405
146.1539,146.7313,131.3702,46.0052
143.4618,146.6016,131.3321,46.2645
138.1296,146.2767,131.1348,46.9144
136.6129,146.0981,131.4438,47.2715
135.0395,145.8378,131.8555,47.7922
131.1679,145.5804,131.3468,48.3069
129.7465,145.2846,131.4370,48.8985
128.2970,146.3702,131.5716,49.4920
124.0319,145.9767,131.7701,50.2790
123.7288,145.7470,132.3764,50.7382
120.7881,145.4942,132.6355,51.2439
118.0698,145.2486,132.4242,51.7352
117.8495,145.1014,132.8648,52.0296
114.7502,145.1265,133.3809,51.9794
113.4322,144.9332,133.1690,52.3659
112.7872,145.0319,134.4590,52.1685
109.6456,145.0562,135.0088,52.1200
109.2625,145.0710,135.7750,52.0904
106.2820,144.9573,135.9677,52.3176
106.7114,144.8264,135.1089,52.5796
102.9786,144.6814,133.9241,52.8695
103.6297,144.6528,132.6219,52.9267
103.5810,144.6628,132.7195,52.9068
102.5619,144.4407,131.9027,53.3509
101.4821,144.3288,131.2113,53.5748
101.5926,144.2960,130.9901,53.6404
100.2169,144.2323,130.8985,53.7677
98.8505,144.2590,130.7874,53.7143
98.7935,144.2109,130.9013,53.8105
98.8022,144.2804,130.8839,53.6715
97.4096,144.3286,130.8272,53.5751
96.3391,144.4860,130.1286,53.2603
95.3221,144.5511,129.3386,53.1300
95.6648,144.6003,128.6533,53.0316
94.6208,144.8387,127.9426,52.5549
95.0567,143.2032,127.0709,53.0462
95.4108,143.3289,126.3627,52.7948
95.7589,143.6390,125.6666,52.1746
95.8177,144.0059,125.5489,51.4407
94.4880,144.1900,125.4828,51.0725
94.8115,144.1445,124.8359,51.1636
93.6884,144.1541,124.3717,51.1444
93.8915,143.9200,123.9657,51.6125
94.0917,143.8595,123.5651,51.7335
94.3121,143.9904,123.1243,51.4718
94.5587,144.1508,122.6312,51.1509
94.7901,144.4101,122.1685,50.6323
95.0455,144.5406,121.6576,50.3713
95.3434,144.7540,121.0619,49.9445
95.6508,144.7607,120.4470,49.9311
94.7108,144.8533,119.7020,49.7458
95.0455,144.8194,119.0325,49.8137
95.3865,144.9071,118.3506,49.6384
95.7455,144.9137,117.6326,49.6250
96.0942,144.7198,116.9352,50.0130
96.4615,144.7138,116.2005,50.0249
96.8740,144.6421,115.3756,50.1683
97.3199,144.7560,114.4837,49.9406
97.6670,144.8773,113.7896,49.6979
97.8145,144.8991,113.4946,49.6544
97.9340,144.8329,113.2556,49.7867
98.1373,144.6806,112.8490,50.0912
98.3348,144.6139,112.4539,50.2248
98.6544,144.4974,111.8147,50.4578
98.9028,144.4119,111.3179,50.6287
99.3352,144.3077,110.4531,50.8371
99.7172,144.0717,109.6891,51.3092
100.0259,143.9235,109.0717,51.6055
100.3893,143.8121,108.3450,51.8283
100.8444,143.7523,107.4348,51.9479
101.3083,143.7149,106.5069,52.0227
101.9005,144.8022,105.3226,52.3076
102.4115,144.6590,104.3006,52.5938
102.7146,144.8120,103.6944,52.2879
102.9763,144.9105,103.1710,52.0910
103.1734,146.0289,102.7768,52.2658
103.3791,146.2091,102.3653,51.9054
103.7105,146.2530,101.7025,51.8177
105.1162,146.3539,101.2767,51.6158
105.3381,147.6037,100.8328,51.4921
105.5579,147.7113,100.3932,51.2768
105.7872,148.9698,99.9346,51.1168
105.9526,149.0397,99.6039,50.9771
107.3056,150.1350,99.2381,51.1266
107.5613,150.1272,98.7267,51.1422
107.7566,151.5186,98.3361,50.6896
109.0627,151.6291,98.0406,50.4687
109.2397,152.9666,97.6867,50.1022
109.4825,152.9632,97.2009,50.1091
109.5441,154.3641,97.0777,49.5973
110.7227,155.6180,97.0000,49.3689
110.7978,156.8733,96.8498,49.1326
112.0464,157.8866,96.6205,49.3740
112.2374,157.5981,96.2387,49.9509
113.5687,158.6614,95.8492,50.0975
113.7491,158.3428,95.4883,50.7347
113.9553,159.2797,95.0759,51.1365
114.1546,160.1329,94.6774,51.7066
115.5178,159.9510,94.2312,52.0704
115.6980,160.9268,93.8708,52.3987
115.9619,161.8677,93.3430,52.7971
116.2076,164.0682,92.8516,52.9544
117.4354,165.2047,92.6707,52.9560
117.5940,166.4507,92.3533,52.7358
117.6949,167.5595,92.1515,52.7818
118.9385,169.7604,91.9257,52.9025
119.1198,169.7801,91.5631,52.8631
119.2531,172.0087,91.2965,52.9138
119.4132,173.0344,90.9763,53.1132
119.4363,174.1177,90.9301,53.1960
120.5498,175.1762,90.9533,53.3292
120.6401,176.2384,90.7726,53.4576
120.7753,177.3233,90.5022,53.5400
120.9184,178.4147,90.2160,53.6068
120.9922,179.4469,90.0685,53.7889
122.2603,181.6212,89.7796,53.9352
122.2939,182.6270,89.7125,54.1692
122.3395,183.6416,89.6212,54.3883
122.4389,184.6913,89.4225,54.5398
122.5935,185.7907,89.1133,54.5914
122.6356,186.7224,89.0290,54.9748
123.8437,187.7099,88.8646,55.2517
123.9166,188.7338,88.7189,55.4578
124.0813,189.7557,88.3895,55.6693
124.1113,190.8471,88.3295,55.7405
124.1277,191.9928,88.2968,55.7035
124.1421,193.1379,88.2678,55.6665
124.1285,195.4079,88.2950,55.6307
124.2200,196.5356,88.1120,55.6271
124.2290,197.6708,88.0940,55.6058
124.2220,199.9613,88.1080,55.5217
124.2690,199.8896,88.0141,55.6651
124.3543,200.9691,87.8434,55.7544
124.4129,202.0514,87.7262,55.8370
124.3834,204.1997,87.7852,56.0341
124.4668,205.3112,87.6184,56.0623
124.5250,206.3860,87.5020,56.1617
124.5638,207.4296,87.4245,56.3233
124.6050,208.4515,87.3421,56.5299
124.6973,209.5030,87.1575,56.6796
124.7272,210.5212,87.0977,56.8957
124.8221,211.5720,86.9079,57.0491
124.7935,212.5657,86.9650,57.3166
124.8704,213.5985,86.8112,57.5112
124.8779,214.5832,86.7963,57.8027
124.8881,216.7674,86.7760,57.9656
124.9208,216.5491,86.7105,58.4023
123.7249,218.6855,86.8280,58.6781
123.7463,219.7947,86.7851,58.7405
123.8138,220.8932,86.6501,58.8246
123.8584,221.9412,86.5609,59.0090
123.8853,222.9936,86.5071,59.1863
123.8700,222.9663,86.5377,59.2409
123.8928,224.0523,86.4921,59.3546
122.7615,226.3589,86.4680,59.3151
122.6880,227.3521,86.6150,59.6144
122.5977,227.2233,86.7954,59.8722
122.5873,229.5390,86.8164,59.8406
122.6268,230.6257,86.7374,59.9670
122.6084,230.4756,86.7741,60.2672
122.5685,232.7493,86.8539,60.3323
122.5249,233.8055,86.9411,60.5282
122.5229,233.6611,86.9452,60.8170
122.5992,234.8024,86.7925,60.8523
121.4130,235.8535,86.8489,61.0663
121.3800,236.9297,86.9147,61.2343
121.3255,237.9523,87.0237,61.5133
121.2447,239.0206,87.1853,61.7073
121.2460,240.0857,87.1829,61.9132
121.1841,239.9981,87.3066,62.0885
119.9748,242.2664,87.3809,62.2404
120.0256,243.3429,87.2794,62.4355
119.9899,243.2175,87.3507,62.6861
119.9401,244.2798,87.4504,62.9163
119.8438,245.4092,87.6429,63.0177
118.5813,246.4861,87.8033,63.2285
118.5210,246.2994,87.9238,63.6019
118.4026,248.6045,88.1606,63.7488
118.3631,248.4854,88.2396,63.9871
118.2434,250.7796,88.4790,64.1779
118.1824,250.7490,88.6010,64.2391
118.1175,251.8791,88.7309,64.3782
118.0579,251.7827,88.8501,64.5709
118.1271,252.8444,88.7117,64.8560
118.0488,253.9173,88.8683,65.1214
118.0080,255.0472,88.9499,65.2794
117.9632,255.0197,89.0394,65.3344
117.9281,256.1399,89.1096,65.5180
117.9084,257.2444,89.1490,65.7368
117.9018,257.1932,89.1622,65.8393
117.8306,258.3041,89.3047,66.0515
117.7692,259.4087,89.4274,66.2820
117.7338,259.3995,89.4982,66.3004
116.4290,259.2650,89.6611,66.5695
116.4569,260.4543,89.6054,66.6445
116.4312,261.5933,89.6567,66.8204
116.2504,262.6943,90.0182,67.0760
116.2095,262.6050,90.1002,67.2546
116.0874,263.7086,90.3443,67.5190
115.9335,263.5226,90.6522,67.8908
115.8215,264.6934,90.8760,68.0396
115.6654,265.8005,91.1882,68.3216
115.5710,265.5941,91.3772,68.7345
115.5545,266.7306,91.4101,68.9766
115.4499,266.5353,91.6194,69.3672
115.3105,266.2988,91.8981,69.8402
115.1970,267.4021,92.1250,70.1746
115.1411,268.4787,92.2370,70.5714
115.0788,268.3046,92.3616,70.9196
114.9268,268.1810,92.6656,71.1668
116.1617,269.2833,92.7701,71.5367
116.0075,269.1668,93.0786,71.7697
117.0385,269.0107,93.6072,72.0819
118.2337,268.8834,93.8207,72.3365
118.1714,270.0990,93.9451,72.5166
119.3390,269.9568,94.2260,72.8009
120.5288,269.8069,94.4714,73.1006
121.8000,269.6340,94.5626,73.4465
123.1578,270.7886,94.4875,73.7780
122.9681,270.6232,94.8668,74.1087
124.1994,270.4315,95.0602,74.4921
125.5191,270.2264,95.0862,74.9023
126.7234,270.0047,95.3497,75.3458
127.9709,269.7314,95.5382,75.8923
129.2185,269.5180,95.7383,76.3190
130.3920,269.2361,96.0965,76.8829
131.6402,269.0331,96.3200,77.2889
132.9021,270.2029,96.5261,77.6793
134.1195,269.9410,96.8307,78.2030
135.2977,269.6731,97.2269,78.7388
137.9126,269.4755,97.5316,79.1340
139.1702,269.3053,97.7948,79.4744
140.3323,269.0090,98.2585,80.0670
141.6530,268.7632,98.4217,80.5585
144.3477,268.5116,98.6625,81.0618
145.4970,268.2132,99.1907,81.6586
148.1723,267.8636,99.5294,82.3578
149.4435,267.4756,99.8482,83.1338
152.1660,267.1208,100.1605,83.8435
153.3456,266.7614,100.6961,84.5623
156.1781,266.4767,100.8605,85.1315
157.4582,266.1890,101.2267,85.7070
160.2936,265.9831,101.4384,86.1188
161.6263,265.7424,101.7243,86.6002
164.3414,265.4093,102.2208,87.2665
167.1752,265.0729,102.5166,87.9393
170.0602,264.6813,102.7407,88.7225
171.4751,264.2657,102.9241,89.5537
174.2334,263.8401,103.4661,90.4047
177.1352,263.3997,103.7653,91.2855
180.1192,262.9600,103.9376,92.1651
181.5146,262.5869,104.2335,92.9112
184.3600,262.1911,104.7494,93.7027
187.2193,261.7440,105.2789,94.5969
188.4630,261.3116,105.9381,95.4618
191.3642,260.7412,106.4769,96.6025
192.7082,260.1663,106.9859,97.7525
197.1558,259.4552,107.7609,99.1746
198.6191,258.9439,108.0925,100.1972
201.6318,256.7151,108.6262,101.3753
204.6698,256.0625,109.1635,102.6805
207.8515,255.5773,109.4715,103.6509
213.0090,255.2539,109.2242,104.2977
214.9180,254.9898,108.7686,104.8258
218.2404,254.5119,108.8510,105.7816
219.6867,253.9179,109.3384,106.9696
224.8694,251.6828,109.1919,108.0336
228.2151,251.3886,109.3424,108.6219
231.5424,251.1442,109.5528,109.1107
234.8389,248.9459,109.8467,110.0637
236.5740,248.7435,109.8398,110.4685
240.0319,248.4463,109.8628,111.0630
245.2608,246.4721,109.8425,111.5322
247.0668,246.2382,109.7165,112.0001
250.4614,246.1104,109.9105,112.2556
252.1915,244.1656,109.9488,112.6465
257.5028,243.9893,109.8425,112.9991
259.2358,243.6634,109.8857,113.6509
262.7469,241.6032,109.9038,114.2513
266.0910,241.2207,110.2753,115.0162
267.9589,240.8639,110.0871,115.7299
273.1428,240.4984,110.3871,116.4609
274.8230,238.5143,110.5987,116.8570
278.4776,238.3722,110.4528,117.1412
280.2705,236.2099,110.4508,117.8820
283.8446,236.0042,110.4931,118.2935
285.5809,235.7878,110.6230,118.7261
289.2045,233.6550,110.5983,119.3805
291.0743,233.4996,110.4797,119.6914
292.9935,233.2404,110.2654,120.2097
294.9632,232.9234,109.9547,120.8438
296.8477,232.5682,109.8192,121.5542
298.7786,230.4343,109.5999,122.1794
300.7699,230.0735,109.2661,122.9011
302.8373,229.7849,108.7859,123.4783
304.7868,229.6325,108.5428,123.7830
304.8020,229.5172,108.5124,124.0136
306.6898,229.5270,108.3964,123.9940
308.4950,229.3566,108.4438,124.3348
308.4087,229.1818,108.6164,124.6844
310.2170,229.1399,108.6716,124.7682
310.1021,228.9679,108.9014,125.1122
