1
309.6620,316.6553,65.6760,42.6895
311.3986,316.6655,65.5966,42.6690
313.1158,316.5803,65.5530,42.8393
318.1920,317.2233,65.5861,43.2510
320.7505,317.7075,65.5838,43.9875
326.7345,318.0643,65.6357,44.9910
331.8839,318.2672,65.7442,46.3198
337.9578,319.2204,65.9035,47.9297
344.1418,319.1904,66.0449,49.7768
350.4792,320.8165,66.1063,51.9828
357.9116,322.4352,66.0922,54.3146
365.4488,323.0339,66.1690,56.9050
373.1995,327.4366,66.1620,59.7203
381.1850,326.8690,66.0450,62.8373
389.4832,331.3754,65.6844,66.0014
397.9873,332.7895,65.2667,69.3945
405.7175,337.3467,64.6490,73.0025
413.7313,340.9710,63.7887,76.5876
422.0382,343.6879,62.6333,79.9872
426.2100,348.4920,61.0153,83.8301
433.8814,352.5884,59.3160,87.0071
437.1166,355.6205,57.4336,90.1186
440.4724,361.3202,55.3407,92.5754
442.5872,362.7910,53.4219,94.2556
443.0638,370.3628,52.4687,95.2351
442.7169,370.1636,53.1626,95.6335
439.1928,372.6614,55.5723,95.2763
432.9034,374.3250,58.7314,94.3039
427.6767,376.2659,62.0038,92.8159
417.4449,377.1878,65.4854,90.9722
412.0571,377.1734,68.8939,88.5451
401.8025,372.4291,72.0814,85.6612
392.7999,370.3773,75.1956,82.3192
383.9601,364.8800,77.9957,78.4345
375.5000,359.5835,80.1351,74.2467
366.2646,353.2150,81.5907,69.9683
358.6168,347.0860,82.5762,65.5313
351.4112,340.0217,83.0162,61.0316
346.9546,333.2921,82.8820,56.3960
339.7905,324.8821,81.9262,51.3817
336.2634,316.6671,80.6384,46.9566
331.1029,306.8521,79.0086,42.6851
328.2440,297.3732,77.1464,38.9033
325.6229,289.0721,75.1784,35.6771
322.3288,278.0540,73.1776,33.6637
321.1332,269.3260,70.6081,32.9310
319.1521,258.5248,68.1571,33.6902
317.9473,247.6147,65.8243,34.9605
318.3340,236.6140,63.4825,36.5721
317.1080,227.9090,61.2504,38.3686
317.4442,218.4087,59.0196,40.2266
317.7421,208.7757,56.8679,42.3776
318.0328,200.6841,54.7278,44.5320
319.0182,192.6645,52.7569,46.5213
319.9434,185.4251,50.9066,48.4989
320.8149,179.0071,49.1636,50.3776
321.6283,172.6724,47.5368,52.0742
322.3894,170.2571,46.0146,53.7682
323.0891,165.5417,44.6152,55.3480
324.5478,164.0020,43.2698,56.8556
326.0186,163.3651,41.9011,58.1294
327.4700,161.9848,40.5685,59.3199
328.1652,161.5404,39.1782,60.2085
329.6303,161.1110,37.8042,61.0674
330.2849,160.8161,36.4952,61.6571
330.9491,160.5584,35.1667,62.1725
332.3979,163.4412,33.7871,62.4793
332.9865,164.0698,32.6099,62.7212
333.5444,167.7371,31.4942,62.7987
334.0727,168.4743,30.4377,62.7886
333.8982,172.1200,29.3408,62.7266
334.3272,172.9120,28.4826,62.5684
333.9316,177.2325,27.8653,62.3787
333.3062,179.4398,27.7213,62.1488
332.4833,183.0301,27.9779,61.9137
331.5053,186.6674,28.5437,61.5898
330.4075,189.7157,29.3440,61.0748
329.1956,194.2057,30.3660,60.5057
327.8824,195.8884,31.5812,59.9628
326.5205,201.1816,32.8807,59.3459
325.0598,202.1453,34.3648,58.8558
323.5885,207.5931,35.8521,58.1474
321.3317,209.3049,37.4259,57.6635
319.8541,213.3082,38.8922,57.1018
318.3587,217.3505,40.3781,56.5418
316.8446,219.1173,41.8854,56.0500
316.0909,221.6751,43.3927,55.5492
314.5720,225.7583,44.8754,55.1588
312.2767,228.3569,46.3195,54.6813
310.8024,230.1962,47.6788,54.1812
309.2915,233.5868,49.0973,53.8130
307.8321,237.0246,50.3958,53.4184
306.3678,237.9883,51.6898,53.1257
304.8979,240.6402,52.9789,52.7736
303.4301,241.6428,54.2492,52.4338
301.9613,245.9988,55.5068,52.1218
301.3580,246.1688,56.7134,51.7817
299.9373,248.0677,57.8467,51.4002
298.5144,249.0699,58.9728,51.1154
297.1205,250.9969,60.0280,50.7268
295.7653,252.0573,60.9958,50.3485
295.2820,253.9842,61.9624,49.9976
293.9149,255.0581,62.9360,49.6103
293.5292,256.2035,63.7073,49.0890
292.2344,256.3926,64.5244,48.7107
291.8873,256.5833,65.2186,48.3292
291.5030,257.6457,65.9873,47.9877
290.2394,257.7957,66.7250,47.6876
289.8856,257.9704,67.4327,47.3382
289.5901,258.1577,68.0238,46.9637
289.2757,258.3365,68.6525,46.6062
288.8857,258.4327,69.4326,46.4137
287.6071,257.6283,70.1744,46.2071
287.2007,257.7508,70.9871,45.9621
286.8842,256.9736,71.6201,45.6854
286.5750,256.2131,72.2385,45.3705
286.2457,254.5484,72.8973,45.0198
286.8350,252.8181,73.5626,44.7926
287.5014,251.0507,74.0798,44.6272
288.1780,250.1885,74.5815,44.4967
289.7708,247.4792,75.1163,44.3346
290.4292,245.6414,75.6651,44.2793
291.1140,243.8514,76.1681,44.1140
291.7802,242.0178,76.7130,44.0267
292.4654,239.2455,77.2264,43.9195
293.2283,239.2084,77.5904,43.9938
293.9702,236.4519,78.0030,43.8176
295.6405,235.4658,78.4613,43.8903
295.3959,234.4817,78.9504,43.9512
297.0822,232.6976,79.4094,43.6878
296.9269,230.8389,79.7199,43.5692
297.6621,228.9010,80.1700,43.6039
298.4375,228.8226,80.5472,43.7606
299.2547,226.9466,80.8488,43.6406
300.0461,225.9624,81.2044,43.6705
300.8500,224.9550,81.5408,43.7410
301.6417,223.0230,81.9078,43.7043
302.4251,222.9681,82.2961,43.8141
303.2676,222.0096,82.5739,43.7683
304.0914,221.0931,82.8923,43.6354
304.9402,220.0727,83.1631,43.7077
305.8056,220.0408,83.4059,43.7715
306.6457,219.0210,83.7042,43.8329
308.4729,217.0567,84.0174,43.7939
309.2913,216.9455,84.3682,44.0163
310.1651,215.9276,84.6172,44.0555
311.0083,215.8676,84.9319,44.1754
311.8810,215.8091,85.1941,44.2925
312.8102,214.7890,85.3493,44.3190
313.6740,214.7029,85.6379,44.4913
314.5411,214.6686,85.9274,44.5599
315.4634,213.6429,86.1116,44.5824
316.3364,213.5650,86.3978,44.7381
319.2071,213.5283,86.7731,44.8115
319.0869,213.4764,87.0135,44.9153
322.0688,213.4329,87.2027,45.0022
323.0046,213.3771,87.3863,45.1138
323.9821,213.3122,87.4912,45.2437
324.9254,213.2473,87.6682,45.3736
327.9501,213.1796,87.8244,45.5090
328.8506,213.0592,88.0965,45.7498
329.7834,212.9756,88.3122,45.9169
333.8341,215.0027,88.5600,46.0373
334.7844,214.8734,88.7525,46.2960
335.7712,214.7712,88.8792,46.5003
337.7597,214.6490,89.1135,46.7448
341.9044,215.5728,89.2775,47.0106
342.8407,215.4229,89.5253,47.3103
344.8582,217.4688,89.7486,47.4767
347.9779,217.3513,89.9148,47.7117
350.0130,219.3648,90.1280,47.9682
352.0904,219.2115,90.2718,48.2748
357.3919,221.2361,90.4519,48.5388
358.3286,221.0511,90.7423,48.9088
361.4718,221.9257,90.9792,49.3339
365.7890,222.8198,91.0855,49.7310
367.8508,224.8548,91.3490,50.0480
371.0298,225.7759,91.5995,50.4087
376.3931,227.7556,91.9365,50.8748
378.4975,227.5107,92.1790,51.3646
381.6904,230.6024,92.5059,51.8939
385.0265,230.3429,92.5880,52.4127
386.0190,232.2699,92.8643,53.0818
388.2675,233.0588,92.9212,53.7809
389.4597,233.8529,92.8263,54.4823
389.5635,234.6169,92.6189,55.2545
389.7621,235.3741,92.2217,56.0501
390.0107,236.0392,91.7244,57.0374
389.2153,235.5016,90.9885,58.1126
388.4241,236.1218,90.2372,59.2059
386.4786,236.6943,89.4467,60.4016
384.5661,237.1875,88.5743,61.7639
381.6445,237.6745,87.3432,63.1480
379.9848,238.0969,85.9381,64.6655
377.2045,237.2935,84.4014,66.2723
374.4680,237.5968,82.7688,68.0342
373.0536,237.8419,80.8536,69.9160
369.3908,238.0580,78.6881,71.8566
368.0789,238.2318,76.5716,73.8792
363.3585,237.1438,74.1663,76.0551
362.2335,237.1906,71.6850,78.3272
360.0751,237.1344,68.9163,80.8015
358.1222,236.9876,65.7545,83.4509
357.3047,236.8841,62.6983,86.0036
355.2581,236.7508,59.7878,88.6047
354.2491,235.5049,57.1541,91.0964
354.2633,234.2134,54.8065,93.6794
352.8263,232.8968,53.0441,96.3126
350.8073,231.7583,52.4275,98.5897
347.1819,230.6836,52.6275,100.7390
344.2714,229.6888,53.6777,102.7286
341.0739,228.9479,55.2075,104.2105
338.9752,228.3641,56.9242,105.3780
334.0551,227.8198,59.1825,106.4667
331.6368,227.5998,61.4372,106.9066
327.7888,226.1648,63.8794,107.1499
322.5017,224.7596,66.4385,107.2885
319.9539,223.4447,68.8173,107.2014
317.3903,222.3533,71.1891,106.6288
311.9655,218.7365,73.6796,105.5033
309.4052,217.9606,75.9896,104.2445
305.5048,217.3835,78.1312,102.5691
301.5916,215.4506,80.2793,100.7566
297.6909,212.2480,82.3880,98.6226
293.7668,212.0311,84.5406,96.2087
291.3213,210.5208,86.5868,93.5393
287.4073,207.6173,88.7426,90.8381
283.5375,206.2490,90.8262,87.9188
279.6002,204.9266,93.0711,84.9339
275.7190,203.6927,95.2286,81.7969
271.7438,201.3541,97.6073,78.1166
268.0197,201.5170,99.5296,75.0278
264.2389,199.3262,101.6068,71.1828
259.2719,199.5195,103.4093,68.0858
255.5803,197.3292,105.4197,64.4072
251.8809,197.5650,107.5087,61.2808
248.2530,196.7389,109.4984,57.6669
243.4274,196.9483,111.3476,54.6473
239.8801,195.9744,113.2907,51.4437
236.4200,195.9871,115.1148,48.8703
234.2995,195.8895,116.8264,46.5363
230.9583,195.5273,118.4841,44.7483
228.8817,194.8025,120.1330,43.6936
225.6081,195.0277,121.6628,43.2434
223.5331,194.8962,123.2904,43.5063
221.2994,194.5240,125.2073,44.2507
217.7485,195.2608,127.1263,45.3685
215.5220,195.9448,128.9401,46.6396
213.4553,195.3141,130.3857,47.9009
211.2860,195.9802,131.9928,49.3003
209.0803,196.6599,133.6244,50.7206
206.8928,197.3846,135.1705,52.1000
204.6654,198.0989,136.7497,53.5470
203.8076,198.8726,138.4653,54.9239
201.4151,199.6580,140.2768,56.3268
200.4976,200.4676,142.1117,57.7322
199.5192,201.3195,144.0685,59.1046
198.5419,202.2419,146.0231,60.3888
197.4190,204.7250,148.2688,61.7824
196.4743,205.7800,150.1584,62.9093
195.4922,206.8126,152.1225,64.1284
194.5005,207.8813,154.1059,65.3253
193.4074,209.0066,156.2922,66.4589
194.0191,210.1229,158.5045,67.6622
194.6125,211.3122,160.8067,68.7726
193.4993,212.5639,163.0332,69.8113
194.0639,213.8546,165.4966,70.8225
194.6527,215.1904,167.9651,71.7971
195.4233,214.7250,170.1230,72.7278
197.9852,214.3286,172.4928,73.5207
198.6499,215.8993,174.9584,74.1744
199.2990,217.5146,177.5025,74.7860
203.9057,217.1698,179.9586,75.4756
204.6699,216.8804,182.3677,76.0544
207.4231,216.6499,184.8266,76.5153
208.1943,216.4175,187.3105,76.9802
215.1674,216.2473,189.6459,77.3206
216.1234,216.2075,191.8439,77.4002
216.9523,214.1419,194.3293,77.3881
222.0670,212.1601,196.6362,77.1730
223.1209,212.1758,198.7365,77.1415
228.3334,210.1197,201.0247,77.0160
229.4483,210.2608,203.0632,76.7338
234.8088,208.3858,205.2197,76.1914
238.0264,206.4880,207.4119,75.6733
241.2717,204.6164,209.5926,75.0809
242.4649,202.8134,211.5623,74.3307
250.4335,203.1438,213.1077,73.6699
251.8452,201.5101,214.6649,72.5567
253.2708,199.9244,216.1964,71.3454
256.9482,198.2041,217.6061,70.4039
258.4447,196.4145,218.9980,69.5981
262.2460,194.5594,220.1753,68.9183
263.9280,192.6368,221.2054,68.3694
265.7515,190.7503,221.9570,67.7439
267.5695,190.9519,222.7186,67.3407
269.3493,189.1176,223.5601,66.6083
268.9302,189.4438,224.3982,65.9559
270.8009,189.6918,225.0558,65.4599
270.5361,187.8430,225.5855,64.7584
270.2593,188.0018,226.1390,64.4407
270.0179,186.0329,226.6217,63.9832
269.7492,186.0997,227.1592,63.8496
269.4509,186.1589,227.7559,63.7311
269.1524,186.1923,228.3529,63.6643
268.8036,186.1805,229.0504,63.6880
268.3769,184.0461,229.9038,63.5345
269.9601,183.9828,231.1689,63.6610
269.3429,183.8620,232.4034,63.9028
268.6401,183.7413,233.8090,64.1441
267.8118,181.4267,235.4656,64.2753
266.9225,181.2662,237.2440,64.5963
265.9743,181.0780,239.1405,64.9727
264.9197,180.8643,241.2497,65.4001
263.8309,180.6401,243.4273,65.8485
262.6571,180.4498,245.7750,66.2292
261.3932,180.2385,248.3026,66.6517
260.0575,180.0136,250.9741,67.1015
258.5356,177.3923,254.0180,67.5488
257.0830,177.0817,256.9231,68.1701
255.6896,176.6993,259.7099,68.9348
254.1884,176.3416,262.7124,69.6502
252.7143,175.9891,265.6606,70.3552
251.1292,175.6239,268.8307,71.0856
249.4041,175.2068,272.2809,71.9198
244.9969,174.7551,275.9095,72.8233
243.0491,174.3906,279.8051,73.5523
241.0499,173.8978,283.8035,74.5379
239.0084,173.4579,287.8865,75.4175
234.2628,173.0098,291.9065,76.3138
232.2445,172.5426,295.9430,77.2483
227.3922,172.0318,300.0287,78.2698
225.3528,171.5681,304.1073,79.1972
220.4619,171.0699,308.1186,80.1937
218.4785,170.5384,312.0854,81.2567
213.5474,170.0085,316.0259,82.3165
211.6872,169.5047,319.7462,83.3241
206.6459,169.1030,323.7604,84.1275
201.6563,168.6718,327.5996,84.9898
199.6741,168.2263,331.5638,85.8809
194.5726,167.7547,335.4841,86.8240
192.5607,167.3235,339.5078,87.6865
187.4547,166.8788,343.2913,88.5759
182.3158,166.4991,347.0705,89.3353
180.4265,166.1371,350.8490,90.0592
175.2860,165.7667,354.4973,90.8000
173.5004,165.4586,358.0684,91.4163
168.4256,165.1255,361.4581,92.0825
163.3549,164.8071,364.7793,92.7191
161.7370,164.4982,368.0150,93.3370
156.7038,164.1740,371.1455,93.9855
155.2543,163.8907,374.0445,94.5520
150.3051,163.5979,376.8993,95.1377
149.0322,163.4398,379.4451,95.4538
147.8194,163.2443,381.8707,95.8448
143.0538,163.1166,384.2237,96.1003
142.0688,163.0058,386.1938,96.3219
141.2000,162.9209,387.9313,96.4916
140.4656,162.8705,389.4002,96.5925
136.2360,162.8512,390.5615,96.6310
135.9005,162.8683,391.2324,96.5968
135.8499,162.9972,391.3338,96.3390
136.0729,163.2245,390.8878,95.8845
136.6628,163.5773,389.7078,95.1788
137.6384,163.9511,387.7567,94.4312
142.6718,160.8132,384.9235,93.4732
148.0742,161.2692,381.2945,92.5612
153.9664,158.3548,376.6178,91.2826
160.2074,155.5849,371.1533,89.8047
166.4605,156.2194,365.5600,88.5357
176.7935,153.7458,358.5147,86.6726
184.1273,151.4639,350.5230,84.5603
195.0235,149.3188,341.7784,82.3267
202.4349,147.3155,333.3143,79.9746
209.7446,145.4228,324.8902,77.5648
223.2477,143.6509,315.9776,75.0773
230.8696,141.9605,306.5928,72.5991
238.7248,140.3481,296.5627,70.1437
246.5669,138.8515,286.3712,67.6442
254.3791,137.4959,276.0493,65.0529
262.0956,133.9666,265.7245,61.8949
268.8352,134.8170,257.1488,60.1943
276.2248,131.5585,247.1203,57.2095
283.0088,130.3474,238.1057,55.0784
287.4516,129.2279,229.2201,52.9310
291.5988,130.1155,220.9256,51.1558
295.9833,129.1557,212.1567,49.0046
300.2178,128.1452,203.6877,47.1186
304.3130,127.1872,195.4971,45.2823
308.0567,127.8305,188.0099,43.9955
310.0848,127.0785,180.4805,42.0265
309.9296,127.7908,174.1305,40.6017
311.6442,127.2066,167.4873,38.5561
312.9522,127.8685,161.7895,37.2323
311.1803,128.5554,156.4030,35.8586
312.3299,129.1872,151.2287,34.5950
311.9728,129.8549,146.3857,33.2596
308.8532,130.5547,141.8843,31.8599
310.0239,131.1340,136.9475,30.7015
310.1859,131.4403,131.6154,30.0888
307.7409,131.7142,126.8341,29.5410
306.1030,132.2069,123.0888,28.5556
304.8799,135.2197,118.7275,27.0682
304.5466,136.7523,115.0349,26.1827
303.7977,139.3861,112.3108,25.1371
303.4454,143.0771,108.9098,23.9135
300.6559,144.3742,106.5618,23.3011
300.5818,147.8215,104.7728,22.2180
296.7726,149.0688,102.9350,21.6145
296.8358,154.9719,100.9546,20.9321
295.9769,155.0571,99.0462,20.7617
295.9329,160.7018,97.3510,20.1716
291.4343,160.8201,95.8594,19.9348
291.7579,167.1376,95.2122,19.3590
289.2154,168.0627,93.4869,19.2114
289.8939,174.0810,92.1299,18.9043
288.0077,176.6604,90.9500,18.6978
288.2480,181.6903,90.4695,18.4201
287.8085,185.9188,89.7302,18.0541
288.1782,190.1104,88.9908,17.6750
289.2293,194.8742,88.4718,17.6462
289.3759,197.1558,88.1785,17.8092
290.7769,203.1917,88.5254,18.3329
291.0919,207.8806,89.4848,18.4919
292.2769,212.6581,90.3268,18.5722
294.9184,217.3354,91.5204,18.9328
295.1537,220.4859,92.6927,19.2031
299.3919,226.1749,94.2028,19.4762
301.4608,232.0126,95.1374,19.6360
303.8177,237.0526,95.5441,19.7975
307.4884,239.7200,96.7813,19.6097
311.4583,244.6383,99.2172,20.1487
312.4373,249.7318,100.8065,20.6038
314.6798,254.1427,101.7355,20.8053
319.2798,259.1155,103.4646,21.7888
319.5515,260.5702,104.7859,22.6090
325.3445,266.9555,106.4929,23.1313
328.4782,269.2242,109.8902,24.3928
329.2061,272.5802,114.4483,25.6994
334.0858,277.0628,119.3435,27.2018
338.7241,277.5978,123.2117,28.3225
338.1096,280.3715,128.9733,29.5742
342.1846,282.0220,135.0491,31.0152
341.2554,283.7693,139.3912,32.4878
345.3457,284.3080,144.0732,33.9830
344.1200,286.0284,149.1914,35.8753
346.7306,286.2072,155.0682,38.2923
347.0034,285.0756,160.3283,40.5556
350.9600,285.7825,167.5136,42.1613
348.1153,284.6929,173.2029,44.3406
346.0487,281.6765,180.6083,47.1013
346.3959,278.7028,186.7708,49.6203
343.2308,275.7710,193.1010,51.9212
339.1479,272.7780,201.2667,54.2121
334.9051,267.9987,209.7524,56.0646
330.6026,264.9142,218.3574,58.2263
323.9630,259.6674,227.4675,60.3816
317.0020,251.9999,237.0516,62.7028
310.7639,248.4403,245.0112,65.3055
302.2964,242.0383,252.5911,68.7544
296.1388,232.9244,260.0572,72.4349
284.7715,226.1867,267.7217,75.8636
275.8666,219.3071,275.1403,79.2316
267.5277,215.4900,281.0916,81.5025
259.2864,208.8269,286.5950,83.8494
245.1454,201.8285,292.4325,86.6240
236.8288,197.7220,297.5754,89.0918
225.7516,193.5666,302.1385,91.5388
220.6249,189.1982,306.4181,94.3019
209.5881,184.9917,310.2351,96.6294
201.7193,180.8617,313.6075,98.7068
197.1999,176.9013,316.3775,100.3588
189.7533,172.9580,318.5936,101.9068
182.3096,169.0797,320.6841,103.2650
178.3699,168.4648,322.1104,104.4947
174.4783,164.8146,323.3976,105.2992
170.8434,164.4652,324.1383,105.9980
170.5343,164.2181,324.7564,106.4922
170.2930,164.0256,325.2390,106.8772
170.1005,163.9207,325.6241,107.0870
169.9729,163.8585,325.8794,107.2114
169.8441,163.8335,326.1370,107.2615
169.7094,163.8598,326.4063,107.2088
169.5934,163.8983,326.6383,107.1319
172.7840,163.8872,326.8659,107.1540
172.5869,163.8511,327.2602,107.2261
172.3364,163.8005,327.7611,107.3274
175.2742,163.7523,328.5137,107.4238
174.7902,167.0286,329.4817,107.5119
177.6612,167.2072,330.3958,107.1547
177.2178,167.2612,331.2827,107.0467
180.0305,170.7264,332.3305,106.7895
179.5069,170.7523,333.3778,106.7377
182.2506,173.8837,334.5876,107.1722
181.4976,176.9258,336.0936,107.8104
183.8536,179.9305,338.1371,108.5567
182.7371,183.5430,340.3701,108.1300
181.8100,184.0087,342.2242,107.1986
180.9246,188.0487,343.9952,105.9498
180.2978,192.0371,345.2488,104.8063
179.5943,199.2437,346.6557,104.0530
181.8693,206.4609,348.9416,103.2904
181.0534,210.8619,350.5735,101.3425
184.4653,219.1171,350.5904,98.5138
184.0260,220.3732,351.4690,96.0017
183.6453,224.9626,352.2304,93.5763
182.8992,232.9428,353.7226,91.0533
185.7805,240.7937,354.6521,88.7355
185.9865,248.4227,354.2401,86.7998
183.7660,255.9036,352.0626,85.0753
184.6410,263.2248,350.3126,83.5432
185.0496,273.7012,349.4954,82.0949
188.1447,280.8704,349.7675,80.6811
188.0082,288.1602,350.0405,78.9796
185.4782,292.3338,348.6902,77.0428
191.8347,300.1101,348.6854,74.1983
201.1845,310.8403,348.8832,71.6353
192.2048,315.4069,348.0860,68.7543
192.3417,332.5571,347.8122,65.3786
193.0515,334.0514,346.3927,62.3901
193.6034,335.4777,345.2888,59.5375
197.6016,351.5683,343.2574,57.1812
199.0135,352.5804,340.4336,55.1568
197.7793,353.4836,337.0914,53.3506
199.6721,365.4567,333.3058,52.3181
198.8005,365.0735,329.3935,53.0845
198.9216,364.9203,323.5348,53.3909
201.5452,364.8843,318.2875,53.4628
203.5566,367.3942,314.2647,53.9135
205.8889,367.2005,309.6000,54.3008
208.4545,369.4734,304.4689,55.1216
210.8768,368.9713,299.6242,56.1259
213.3695,368.5496,294.6389,56.9693
216.0458,368.1879,289.2863,57.6927
219.1443,370.3278,283.0894,58.5637
221.9434,369.8198,277.4911,59.5798
224.8092,369.3208,271.7595,60.5777
225.2694,368.9609,265.8765,61.2976
228.1668,368.6797,260.0818,61.8601
231.1792,368.3701,254.0571,62.4791
234.1504,368.0797,248.1146,63.0599
235.1443,365.7275,241.4480,63.0856
236.0818,363.5085,234.9876,62.9381
239.3733,359.4224,228.4045,62.1265
240.0279,357.3500,222.7113,61.8872
242.9405,353.4289,216.8862,61.1310
245.5476,351.5070,211.6720,60.7719
246.2778,347.8406,206.0890,59.8594
248.8435,342.2716,200.9575,58.9170
251.1267,340.5173,196.3912,58.4889
253.6256,335.1069,191.3934,57.7172
253.8763,333.2933,187.1128,57.5652
256.1475,326.2034,182.5704,56.8821
258.1028,324.6165,178.6597,56.4173
260.1609,321.4058,174.5435,55.6893
262.2348,316.5668,170.3957,54.8586
262.4124,311.8186,166.6119,54.0691
264.0349,308.7162,163.3669,53.5530
264.1013,304.0093,159.9292,53.0524
265.7110,299.4409,156.7099,52.4488
267.1839,294.9797,153.7641,51.8017
268.5977,292.1425,150.9364,51.2037
268.4884,286.2083,148.0701,50.7325
269.7761,283.3736,145.4947,50.3310
269.5318,277.6242,142.9919,49.8640
270.6940,274.8695,140.6675,49.4789
271.7457,269.3166,138.5642,48.9564
272.8102,266.6450,136.4352,48.5644
273.8139,261.2845,134.4276,47.9654
274.7399,258.6532,132.5757,47.6471
274.3095,253.3943,130.6783,47.1317
275.1275,250.8033,129.0422,46.8701
275.8415,246.9925,127.6143,46.4109
276.5978,241.8794,126.1017,45.9774
277.3147,240.5690,124.6679,45.9628
276.6616,234.1120,123.3593,45.8034
277.2963,232.8965,122.0900,45.6415
277.9366,227.9688,120.8095,45.2091
278.5419,225.5165,119.5988,45.0221
279.0566,220.6625,118.5694,44.6298
279.5441,219.3698,117.5944,44.7119
280.0545,215.8470,116.5736,44.2853
280.5051,213.4449,115.6724,44.1525
280.9079,209.9108,114.8668,43.8614
281.3283,207.5020,114.0260,43.8065
281.6805,206.2653,113.3216,43.8566
282.0042,202.8227,112.6741,43.4995
281.1598,201.6173,111.9646,43.5120
281.4152,199.3038,111.4539,43.3623
281.6464,196.9601,110.9915,43.2929
281.8686,195.7711,110.5470,43.3003
282.0254,194.6006,110.2334,43.2771
282.2548,192.3332,109.7746,43.0933
282.4628,191.1510,109.3587,43.1084
282.5782,190.0094,109.1278,43.0479
282.6791,188.8415,108.9260,43.0445
282.7760,187.6815,108.7323,43.0280
282.8158,187.6363,108.6527,43.1184
282.8870,186.4978,108.5103,43.0617
282.9371,186.4462,108.4101,43.1649
282.9497,186.4190,108.3848,43.2193
282.9020,186.4026,108.4802,43.2521
281.6565,187.6488,108.6376,43.0934
280.2145,188.8754,109.1885,42.9732
278.7394,190.1608,109.7998,42.7413
272.4938,191.4835,110.5738,42.4393
270.8015,192.8612,111.6092,42.0331
266.5784,195.5376,112.9851,41.3938
262.3324,198.2073,114.3826,40.7842
256.6263,200.9049,116.2992,40.1366
252.0557,203.6590,118.2721,39.4075
246.0641,208.9674,120.6383,38.4075
238.7119,210.3681,123.2450,38.0256
232.2420,215.6487,126.3871,37.2622
225.8609,216.9818,129.2304,37.0758
217.8214,223.3820,132.7269,36.8576
211.0160,224.3223,136.0909,37.5388
200.9506,230.3307,140.4903,38.6316
194.8110,232.2093,144.6563,40.2831
183.9910,236.9389,149.5319,42.0002
177.1213,238.7115,154.5863,44.2451
166.9168,243.5169,159.9540,46.6673
157.9163,243.7570,165.4382,49.3162
149.8673,248.6955,171.7682,52.4632
138.2499,248.9124,177.9831,55.4335
129.2937,250.8166,185.2547,58.7188
118.3726,251.0715,192.2543,61.9198
110.7028,251.3435,199.8560,65.2447
98.3776,251.6944,208.3543,68.5809
89.8347,252.0652,217.0001,72.0592
78.8198,252.4837,225.8096,75.6290
70.0510,250.7920,234.1525,79.0124
60.8045,249.1452,243.0894,82.3060
51.2322,247.5535,252.3029,85.4894
43.6384,243.3437,262.3358,88.7542
35.7086,236.4574,272.8380,91.8121
28.0785,232.5653,282.5355,94.0334
23.4390,220.1723,291.8144,95.8536
19.9227,213.8144,298.8469,96.7558
17.2235,199.1863,304.2454,95.8954
18.1395,196.9976,308.4974,94.1888
16.1083,182.8787,312.5599,91.8622
17.1077,178.3983,316.6882,88.5685
15.0306,158.0698,320.8426,86.3575
15.8296,147.5829,325.3855,82.7671
13.3002,136.7762,330.4444,79.8320
-4.0811,124.9947,334.4452,78.7856
21.4728,100.8539,339.0330,77.5602
23.3458,95.3673,341.5161,76.0751
24.2416,75.7671,339.7243,77.8640
24.6484,55.4643,338.9108,81.0020
15.6281,47.4054,338.0716,84.5334
27.1044,42.7393,334.1652,87.5168
30.9784,30.9970,332.7674,91.9505
38.8562,25.4783,329.8400,96.5738
44.0615,20.0520,325.8885,100.9674
49.1186,14.8915,322.2589,104.8037
50.8993,13.2826,318.6975,108.0214
52.8480,11.9391,314.8003,110.7084
57.8404,10.7711,311.3207,113.0446
