1
160.0939,162.5654,312.5909,125.0640
159.8470,165.1743,306.3525,126.5782
162.3076,165.1860,301.4313,126.5549
164.5744,165.1311,296.8979,126.6646
166.5624,168.7221,292.9217,126.0169
168.8867,162.4931,288.2731,125.5443
171.0218,165.7039,284.0030,125.5124
169.3580,166.1320,281.0034,124.6561
167.8248,163.5074,277.8012,123.6367
166.5684,163.9526,274.1098,122.7463
167.3359,161.1118,272.5748,122.2930
168.3201,160.8433,270.6064,122.8300
172.3269,158.0683,268.6785,122.2944
170.0903,157.8701,267.1033,122.6908
172.8666,158.0990,267.5830,122.2331
170.8772,157.8406,265.5307,122.7498
174.3430,154.4584,264.6093,123.5038
177.1312,157.7886,265.0433,122.8535
177.7244,151.8710,263.8568,122.6785
172.8735,151.5903,261.5890,123.2399
173.4320,154.4808,260.4720,123.4204
174.2916,151.0830,258.7527,124.2675
168.8888,150.8777,257.6821,124.6781
172.1229,150.7049,257.1436,125.0238
169.0278,153.8700,257.4061,124.6215
168.9239,150.9574,257.6138,124.5219
166.2411,150.9679,257.0534,124.5009
169.1021,151.2824,257.2490,123.8720
165.7985,154.2280,257.9467,123.8901
167.9660,154.3353,259.5315,123.6756
165.3552,154.1350,258.8140,124.0761
165.3326,153.6400,258.8591,125.0661
164.9566,150.5654,259.6112,125.2617
167.4966,147.7977,260.4991,124.8292
165.2039,147.4874,259.1112,125.4498
167.7130,145.1832,260.0569,124.0942
161.7278,145.3710,260.1191,123.7187
166.6186,143.1339,262.2343,122.2444
161.1882,143.3886,261.1881,121.7349
163.9590,141.0269,261.5759,120.5288
163.9677,141.7199,261.5586,119.1427
163.0641,139.4395,263.3656,117.8142
163.6744,142.7833,262.1451,117.0189
160.5539,137.2931,262.5253,116.2779
161.3318,140.6690,260.9695,115.3793
158.6165,134.9729,260.5852,115.1419
159.3947,138.0566,259.0289,114.7795
159.2618,132.4911,259.2946,114.3583
159.4680,133.2627,258.8822,112.8151
159.9163,136.9122,257.9856,111.2555
160.4542,137.5259,256.9099,110.0282
161.2630,137.5899,255.2924,109.9001
161.5224,137.8621,254.7734,109.3557
159.6481,138.0247,252.9032,109.0305
163.0632,141.1722,251.6592,108.3215
161.5021,143.0779,249.2258,110.0656
162.5651,148.1074,247.0999,111.1086
157.9214,150.2484,245.3102,112.3651
160.3542,150.6497,245.9791,111.5625
165.6171,156.2878,246.5137,111.3469
161.8960,157.1406,248.4218,109.6412
156.7121,157.7524,247.7258,108.4176
156.7322,158.0651,247.6855,107.7921
156.2684,161.5493,248.6133,106.3125
153.5379,161.8268,248.5982,105.7575
155.8201,162.9523,249.4997,103.5065
153.1984,166.7645,249.3042,101.3209
155.8287,167.6021,249.4409,99.6459
153.9021,171.2120,247.9246,97.7955
154.5098,172.0256,246.7093,96.1682
157.9760,172.9994,245.0448,94.2206
158.4185,177.1006,244.1597,91.2272
164.3949,178.2329,242.4921,88.9627
156.9446,179.7792,242.1591,85.8700
160.1934,180.8682,240.6787,83.6922
162.8460,182.0378,240.3300,81.3529
163.0412,180.8733,239.9394,78.7731
161.0819,181.7155,239.0021,77.0888
163.7558,180.1089,238.4659,75.4901
166.2751,180.6998,238.2021,74.3083
168.8308,181.3334,237.8400,73.0411
169.0859,182.1551,237.3298,71.3978
173.6631,182.7216,237.5414,70.2647
178.7291,180.9001,236.7393,69.2428
180.9282,188.3947,236.9758,68.1575
184.4518,182.2241,234.5462,66.6455
184.9722,196.4069,233.5055,65.6110
180.1790,194.9716,234.0495,63.9604
189.4399,191.0171,233.5193,62.8737
179.5490,200.6763,235.4211,61.4354
186.2936,198.7325,235.3409,60.8533
193.1670,196.5303,234.9668,60.8001
198.5857,190.2722,237.4831,59.9624
208.9205,176.9260,239.1674,59.8304
203.8355,183.9395,240.3535,59.2790
191.5683,197.0864,242.3977,59.9735
197.5904,192.4433,243.9732,60.1799
206.5307,185.3876,244.3565,60.5935
193.8114,198.6205,246.8990,61.6028
197.5208,196.7997,248.7483,60.6103
203.4681,190.2222,250.7771,59.8422
198.1677,180.7776,252.0681,60.1117
199.0260,195.0932,255.0296,59.5492
205.7626,181.0116,255.6828,59.4596
190.6448,195.0085,257.6210,59.7631
197.4270,180.5637,258.3042,60.1578
187.0317,192.3493,260.0296,60.4181
189.0647,182.5156,260.7590,60.9036
188.9831,167.6158,260.9222,61.8138
186.0305,169.6003,261.9929,62.6795
182.2456,156.5573,259.8304,64.4347
182.2176,158.5829,259.8863,65.2528
176.7451,160.8714,261.0602,65.5614
170.6174,165.7229,263.4998,65.6742
167.3123,170.0787,265.1658,66.8511
165.8640,156.8725,263.0724,68.3135
165.6952,161.8901,263.4100,68.2550
163.2219,164.0918,263.3647,68.8435
166.8586,166.3383,261.0937,69.3529
165.8157,168.4543,258.1994,70.1008
166.2163,172.8353,257.3981,71.2456
164.1392,177.5864,256.5887,71.6707
163.9276,194.5593,257.0120,72.4459
167.8430,179.2348,254.1619,73.2112
174.2702,169.2137,251.2167,73.4346
178.8723,173.5098,246.9298,74.6768
186.2565,175.4269,241.9208,75.7223
191.1328,176.3439,236.9962,78.7163
197.6620,177.7983,233.5641,80.6207
201.6596,179.4793,230.3679,82.0577
205.1042,188.4925,228.2582,83.1494
210.4721,170.5318,227.0606,85.6870
215.9953,171.2554,225.6095,89.0375
219.0421,172.2923,224.3530,91.8007
224.0807,173.9570,224.0121,93.3394
226.6478,180.2614,223.7684,95.4024
229.4003,163.8821,223.1870,98.6193
232.2107,165.1795,222.5383,100.9964
232.3838,168.5465,222.1921,104.2711
235.6256,175.4051,220.7650,105.7238
236.3831,171.1287,219.2500,109.2154
236.8854,175.2146,218.2455,111.2428
234.9251,176.4700,217.0461,113.8519
235.5354,179.8451,215.8255,117.3964
227.8416,194.3632,215.6430,114.3102
230.9617,177.6205,214.5373,116.9887
226.2068,191.0012,213.7190,116.0476
226.0998,184.3587,213.9330,119.0609
223.8716,198.7739,213.1989,116.1830
221.6386,189.1261,212.5342,120.0870
221.5885,191.2011,212.6344,121.1244
222.3602,192.8769,211.0911,122.9791
223.0833,193.6736,209.6449,126.6007
223.5266,200.9220,208.7584,127.8679
221.8467,205.8162,206.8554,128.6052
222.4879,204.8244,205.5729,130.5887
223.5675,203.9761,203.4138,132.2853
224.5062,202.7866,201.5363,134.6644
225.6716,207.2970,199.2055,136.1800
226.7617,206.3849,197.0254,138.0042
227.4401,197.0521,195.6684,140.9032
228.0706,203.0745,194.4075,139.4238
231.7197,199.4090,192.3487,141.5155
232.5861,196.0488,190.6158,142.9935
238.3611,187.5239,189.5464,144.3224
239.4390,192.5353,187.3906,144.7912
243.0643,191.6768,185.3604,146.5081
246.3952,187.7979,183.9160,149.0486
252.1241,173.9604,182.9308,150.5419
255.7341,183.8245,180.9561,151.7950
258.8893,172.9073,179.8809,152.6888
262.5580,185.5846,177.7766,153.4990
