1
217.5337,206.9292,278.9326,88.1415
217.5390,207.2867,278.9221,87.4265
217.5102,207.6183,278.9796,86.7634
217.5134,207.9494,278.9732,86.1011
217.5000,208.3167,279.0001,85.3665
217.5095,208.7330,278.9809,84.5341
217.5641,209.1933,278.8717,83.6133
217.6560,209.7329,278.6880,82.5341
217.8577,210.3481,278.2847,81.3038
218.0072,211.0598,277.9855,79.8803
218.0010,211.7836,277.9981,78.4328
217.8978,212.5358,278.2044,76.9284
217.9001,213.4057,278.1997,75.1885
218.5278,214.4518,276.9444,73.0964
218.8101,213.1808,276.3798,70.3648
218.7730,214.2572,276.4539,68.2121
218.8265,215.3898,276.3470,65.9468
221.1501,216.5292,276.8294,63.6681
221.4967,217.7461,276.1362,61.2341
222.3622,216.7619,274.4052,58.1663
221.1418,218.0530,271.8932,55.5842
222.1623,219.3560,269.8521,52.9782
222.8660,218.3535,268.4446,50.1947
223.8480,219.6860,266.4807,47.5297
224.9622,220.9328,264.2522,45.0361
226.2612,222.0605,261.6542,42.7806
227.5147,220.7805,259.1474,40.8668
229.0154,221.4772,256.1459,39.4734
228.3118,222.0232,253.2215,38.3814
229.5560,220.3907,250.7332,37.3772
231.0319,220.4419,247.7814,37.2748
232.4315,218.4809,244.9822,37.0249
233.6594,218.0644,242.5264,37.8580
235.0824,217.5204,239.6803,38.9459
236.6138,216.9231,236.6175,40.1405
238.2453,214.2652,233.3547,41.3818
239.9220,213.4443,230.0011,43.0236
241.8164,212.5082,226.2124,44.8957
243.6198,211.5348,222.6056,46.8425
245.2125,210.4747,219.4201,48.9628
246.9418,209.5212,215.9615,50.8697
248.9418,208.5764,211.9617,52.7594
251.2605,205.4500,207.3242,55.0362
253.2467,204.1563,203.3518,57.6236
255.2585,202.8824,199.3282,60.1715
257.4591,203.5119,194.9269,62.8495
259.5501,202.2619,190.7449,65.3494
262.0067,201.0765,185.8318,67.7202
263.8788,199.8928,182.0876,70.0876
265.6984,198.6794,178.4484,72.5144
269.4225,197.6129,174.8634,74.6474
273.0255,196.7013,171.5067,76.4706
276.7992,195.8983,167.7920,78.0767
282.6479,197.1228,163.7085,79.4346
284.7826,196.4935,159.4391,80.6931
286.7952,197.8170,155.4139,81.7765
288.7567,199.2088,151.4909,82.6829
290.7713,198.7533,147.4617,83.5941
294.4880,200.2799,143.6320,84.1446
298.0547,201.8536,140.0549,84.5536
303.4556,201.6601,136.2733,84.9404
306.8686,201.5327,132.9074,85.1953
313.7048,201.5658,129.4773,85.1291
317.0442,203.5793,126.1600,84.4637
320.4742,204.4393,122.6006,82.7437
324.0597,207.2605,118.6482,80.3197
326.1142,210.1351,114.5392,77.6894
329.6444,211.3086,110.4920,75.3424
333.1096,214.1650,106.4751,72.5430
336.3902,217.1879,102.7202,69.3037
341.1508,223.2800,98.5916,65.2080
343.3997,227.7023,94.0936,61.4957
347.8382,232.2581,90.0902,57.2577
349.7625,235.1676,86.2416,53.7446
353.4288,239.3524,83.2883,49.7542
355.0116,246.5962,80.1226,45.6588
357.2200,248.1135,77.6679,42.6242
362.5006,255.5066,76.4775,39.0830
367.7784,258.2137,78.4931,35.4646
371.0062,262.3894,79.0869,32.4002
371.0627,262.3882,80.6907,30.6860
376.5750,257.2749,81.6303,30.6573
373.0182,243.2348,80.1333,31.1831
373.3086,262.8759,79.5525,31.2334
357.3008,270.9865,75.8120,33.7416
351.0779,272.1080,71.3261,36.5782
352.7367,270.1571,66.3315,40.4799
354.4813,268.2993,61.1727,45.8653
356.7205,265.0841,56.6942,52.2955
358.2658,261.6903,53.6036,59.0831
357.9629,257.4901,52.4354,65.7096
357.7473,254.6861,52.8666,71.3176
356.8795,250.4283,54.6023,75.9326
355.6035,246.6053,57.1542,79.4811
354.2105,243.1074,59.9402,82.1878
352.7238,237.4766,62.9136,84.5239
351.1792,235.3968,66.0027,86.3679
349.6415,228.7589,69.0782,87.6728
348.0930,228.3343,72.1752,88.5220
346.6257,221.7816,75.1098,88.9905
345.1717,220.4510,78.0178,89.0697
345.1533,214.0641,80.6844,88.6943
344.0260,211.6723,82.9391,88.1446
344.1964,206.5478,85.2921,87.6178
343.0764,205.4301,87.5322,87.1303
342.0629,197.6378,89.5591,86.2115
341.1077,196.8299,91.4696,85.0594
341.5269,193.2489,93.4106,83.8827
340.6703,189.6908,95.1239,82.6260
342.7331,184.9004,96.5933,81.0168
342.0036,182.8542,98.0522,79.5204
342.6592,178.2930,99.5335,77.4724
343.3248,177.7235,100.9846,75.8294
343.8845,173.1160,102.6425,73.9348
343.4255,172.3265,103.5605,72.7421
344.2595,169.1718,104.6584,70.7542
343.7372,168.6124,105.7030,69.1237
344.4125,166.8087,107.0903,67.2549
345.1279,166.3725,108.3873,65.3996
344.4687,164.5096,109.7056,63.6939
345.1840,165.0612,110.9815,62.5905
344.6522,165.5930,112.0451,61.5271
346.9295,163.9004,112.8992,59.5036
347.9311,163.4520,113.5782,57.7180
347.7311,164.1375,113.9782,56.3471
348.8617,164.6999,114.3606,55.2224
349.7094,165.2411,115.2951,54.1399
350.3917,165.8700,116.5548,52.8820
351.3705,165.4500,117.2181,51.1014
350.8004,166.2300,118.3581,49.5412
351.5836,166.9869,119.3799,48.0275
351.0643,167.6266,120.4183,46.7482
352.9620,169.6970,121.7586,45.1752
352.4913,170.4032,122.7000,43.7627
353.4052,172.4688,123.4190,42.1783
353.1308,173.1070,123.9677,40.9018
352.8971,175.2312,124.4352,39.1662
352.4167,175.9444,125.3959,37.7397
353.2110,178.0716,126.2819,35.9599
354.1392,180.1667,126.8796,34.2238
353.8523,180.8884,127.4533,32.7803
354.5748,185.5445,128.4191,30.7004
354.1988,186.1928,129.1711,29.4038
353.7472,186.8199,130.0742,28.1497
353.2092,188.7519,131.1503,26.6444
352.8120,190.6270,131.9447,25.2390
352.3306,193.6968,132.9076,23.7562
351.8916,194.2099,133.7856,22.7299
351.4765,195.9712,134.6158,21.5119
351.0799,198.8285,135.4089,20.3807
349.6772,199.2539,135.9343,19.5301
349.3584,199.5370,136.5719,18.9638
348.1250,208.7742,136.7710,18.6299
346.8102,208.9547,137.1371,18.2690
346.5354,209.0677,137.6867,18.0429
346.3216,209.1426,138.1143,17.8931
345.0176,209.0675,138.4552,18.0433
343.6714,208.9082,138.8728,18.3620
340.2100,208.6702,138.9342,18.8380
340.2293,214.3316,138.8957,19.0032
339.7014,214.0541,137.6509,19.5581
338.7234,213.6851,137.3126,20.2963
337.5434,213.3464,137.3678,20.9736
337.1068,212.7057,135.9221,22.2550
336.5122,215.8000,137.1113,23.0402
334.7316,215.7614,138.3157,23.1175
331.9613,215.5732,139.1064,23.4939
330.5813,215.3143,139.4732,24.0118
330.2236,214.9763,140.1886,24.6877
325.1876,214.5814,140.5325,25.4775
323.7148,215.5481,141.0257,25.9965
323.8593,215.3077,140.7367,26.4772
324.5474,215.2723,139.3606,26.5481
324.2269,215.2072,140.0017,26.6782
323.7011,215.0885,141.0531,26.9157
323.2018,215.0637,142.0518,26.9653
321.5139,215.0581,142.9249,26.9765
319.7525,215.1064,143.9326,26.8799
318.3748,215.3019,144.1610,26.4889
317.8994,215.4813,145.1118,26.1301
317.3893,214.3529,146.1319,25.8582
314.3357,213.1327,147.1641,25.7610
314.0854,211.8991,147.6646,25.6783
312.2265,210.7609,148.8272,25.3994
310.7477,209.5464,149.2189,25.2625
309.4041,208.2561,149.3376,25.2747
306.7903,208.1655,149.4244,25.4559
306.3794,205.8124,150.2461,25.0116
305.0172,205.9527,150.3928,24.7310
304.6904,203.6762,151.0463,24.1355
304.5735,203.7017,151.2803,24.0845
302.5146,202.6035,152.8243,23.7073
301.7646,201.4927,154.3243,23.3413
301.0547,201.5341,155.7440,23.2586
299.0732,199.1126,157.0883,22.8639
297.2096,199.2353,158.1862,22.6186
295.9121,199.2646,158.1414,22.5600
293.5046,199.2890,157.6807,22.5112
291.1205,193.0685,157.1880,21.7996
289.7514,193.3063,157.3167,21.3241
289.4907,193.5724,157.8382,20.7919
288.8322,193.7622,159.1551,20.4123
287.0393,193.9403,160.1327,20.0560
284.3854,194.0868,160.2116,19.7631
283.0906,194.1841,160.1915,19.5685
281.5504,194.2187,160.6666,19.4993
281.2459,194.2744,161.2755,19.3879
281.2461,194.2983,161.2752,19.3401
278.5714,194.2513,161.3935,19.4340
277.3909,194.1533,161.1354,19.6300
277.7087,194.0571,160.4998,19.8224
275.3558,192.7901,159.9760,19.7416
275.0613,192.6785,160.5650,19.9648
275.1386,192.5400,160.4104,20.2418
274.0417,192.3768,159.9820,20.5682
272.8150,192.2121,159.8126,20.8977
273.0695,192.0332,159.3037,21.2554
272.2960,191.8815,158.2233,21.5588
271.2401,191.6873,157.7163,21.9472
270.2492,191.4939,157.0784,22.3341
269.2325,191.3254,156.4931,22.6711
268.1151,191.1255,156.1106,23.0709
268.2490,190.9261,155.8429,23.4696
267.1523,190.7066,155.4118,23.9085
267.2975,190.4680,155.1214,24.3858
267.5891,190.2809,154.5382,24.7601
267.9086,190.1099,153.8992,25.1021
266.9236,189.9490,153.2392,25.4238
267.1794,189.7903,152.7276,25.7414
265.7992,189.6475,152.8612,26.0268
265.7146,189.4884,153.0305,26.3451
265.6663,189.3681,153.1271,26.5856
265.7035,189.2745,153.0526,26.7728
265.7568,189.1740,152.9461,26.9738
265.8606,189.0797,152.7384,27.1625
265.9541,189.0034,152.5514,27.3150
266.0564,188.9438,152.3468,27.4342
266.1236,188.8418,152.2124,27.6383
266.2175,188.8220,152.0247,27.6779
264.8889,188.8011,152.0265,27.7196
264.9247,188.8095,151.9551,27.7028
264.9299,188.7774,151.9446,27.7671
264.8803,188.7702,152.0438,27.7814
264.6542,188.7233,152.4961,27.8752
262.8871,188.6885,153.3645,27.9449
262.4910,186.2639,154.1568,27.4359
261.9710,186.2663,155.1968,27.4312
260.1015,185.1408,156.2415,26.9879
257.7940,181.4066,158.1564,26.3561
256.8934,181.3644,159.9575,26.4404
256.1214,178.9194,161.5016,25.8492
255.0508,178.9565,163.6429,25.7750
254.1846,175.0356,165.3752,25.2814
253.0202,175.0868,167.7040,25.1791
250.6488,172.4503,169.6242,24.8068
249.4366,172.4624,172.0486,24.7826
247.8884,162.5517,175.1451,24.4816
246.6010,162.7497,177.7199,24.0856
241.2682,162.8761,179.5691,23.8328
241.8384,162.9418,181.3878,23.7013
240.8929,162.8578,186.2603,23.8693
239.9245,152.0484,191.2493,24.1234
237.3671,152.0298,196.3640,24.1607
234.7842,151.9279,201.5298,24.3643
232.1661,151.8744,206.7660,24.4715
232.1304,151.7718,213.5309,24.6767
231.2100,151.5029,218.8157,25.2145
227.8265,151.0629,222.0549,26.0945
227.9245,150.6493,225.4492,26.9215
231.4551,150.2434,229.3502,27.7335
232.6438,149.8727,234.4213,28.4749
237.7480,149.5974,239.4500,29.0255
238.6037,148.8803,245.5182,30.4597
232.8783,148.2027,248.9638,31.8149
233.1267,149.7119,252.5448,32.8742
232.0921,153.7076,258.7627,33.1800
235.1396,153.5188,261.1486,33.5577
234.5987,155.6204,262.2304,33.6356
238.5432,164.2650,262.9366,33.5367
240.0430,163.9175,264.2425,34.2318
242.3593,163.6193,263.9473,34.8282
248.2741,172.0991,265.1542,35.2505
250.3544,172.2990,265.3643,34.8509
266.0284,177.0099,264.5749,34.1600
268.3984,177.2797,259.8347,33.6204
269.4865,192.4231,257.6587,33.1836
269.8654,192.6011,256.9009,32.8275
273.5270,192.9173,253.7853,32.1951
275.8940,193.2967,253.2033,31.4363
286.3542,197.6872,252.9247,30.9121
285.3603,197.8266,250.7987,30.6334
286.6709,212.2232,248.1775,30.3923
288.4288,212.4025,244.6617,30.0337
290.2693,212.5321,240.9809,29.7746
292.0830,212.5836,237.3533,29.6715
293.7570,212.5677,234.0054,29.7033
295.5258,212.5579,230.4677,29.7230
297.4257,212.5211,226.6680,29.7965
299.3333,212.4879,222.8528,29.8629
297.6456,212.5031,218.8717,29.8326
297.7255,212.4647,215.0892,29.9093
296.0399,212.6152,211.3162,29.6083
296.1027,212.8122,207.6766,29.2144
290.9361,212.9581,204.1866,28.9226
290.7290,201.4560,201.1991,28.1146
290.1656,201.7267,198.9816,27.5733
285.7944,201.7933,197.8161,27.4401
282.0179,190.3773,195.5174,27.2848
277.7579,190.1393,191.0414,27.7607
277.8840,188.1688,187.5922,28.5050
275.8009,176.3226,185.4301,30.0482
268.5195,173.6149,184.1673,32.2985
268.8857,167.8209,180.2425,34.3096
264.4435,165.1023,176.4175,36.5694
264.3545,155.9050,173.4274,39.1229
261.3014,153.0909,170.0061,41.5753
259.4426,148.4823,167.3740,44.4429
257.4669,143.7911,164.9411,47.4410
255.3583,140.7430,162.7301,50.3231
253.2783,137.5664,160.4175,53.4398
249.9727,134.4559,157.2464,56.4001
246.8293,133.2484,153.7247,58.8152
245.2917,132.1603,150.2748,60.9913
244.2166,132.6807,145.9212,63.2024
243.1961,135.0771,141.5057,64.8661
240.5011,136.1683,137.3155,65.8771
239.4243,142.1121,133.1689,66.5898
239.6676,144.8710,129.5806,67.2755
236.4092,149.1893,123.8532,67.8222
237.1820,156.2234,119.3214,68.6843
236.4340,160.8621,114.9500,68.2082
235.3014,166.9892,111.4935,67.3971
233.9140,174.1951,108.6770,66.9639
233.9052,181.2847,105.9481,66.5168
232.5853,188.1383,103.1916,66.3006
230.1446,196.2961,100.1130,65.9048
228.0449,202.9333,96.5108,65.6330
228.2411,211.9344,93.5765,65.4238
226.1260,219.8541,90.3245,64.5490
225.7636,228.0515,88.6187,65.1676
224.2225,236.2301,86.8715,65.7139
221.7476,241.1398,84.6297,65.4832
220.5252,249.6530,82.3562,64.9708
217.0079,257.4787,80.1266,65.5320
215.6695,264.0485,78.2215,66.1381
214.5410,269.7237,75.9356,66.1448
210.7301,276.4718,74.6127,66.0654
209.3212,283.0912,73.0018,66.1129
207.0018,286.1080,71.0703,66.6496
205.4294,292.4318,69.8780,67.0133
200.8134,295.2047,68.3319,67.9344
199.2420,299.4463,67.1828,68.0350
193.6854,303.4014,65.5195,68.6423
193.3200,305.3218,64.1377,69.0268
188.8470,307.0419,62.6001,69.7801
185.3447,309.8824,61.2689,70.3509
182.8022,309.6293,60.1392,70.8572
178.4026,309.4128,58.6325,71.2903
174.0592,309.0564,57.1012,72.0029
170.6271,307.3568,55.8465,73.3724
166.0370,303.8040,54.8753,74.3872
164.4768,301.4204,53.9362,75.0947
157.9768,294.7673,52.7601,76.2501
155.4805,292.0623,51.6830,77.6138
152.0976,286.2603,50.3452,79.0881
147.6207,280.6516,49.1705,80.1770
146.1821,274.9368,48.0031,81.4951
141.9533,267.4503,46.3495,82.3127
140.7240,260.5216,44.7956,84.1323
137.6131,252.5071,42.9910,86.1151
136.4126,244.4864,41.3829,88.1243
135.4132,237.6607,39.3696,89.7397
133.4723,228.9609,37.2689,91.1859
133.4319,221.0815,35.3718,93.0997
133.2395,211.8719,33.7852,95.7473
133.2223,202.6245,31.8389,98.3967
133.2443,193.5164,29.8121,100.7501
134.0509,184.0312,28.1988,103.8902
135.1175,173.2325,26.0657,107.5513
136.1268,161.5945,24.0471,110.7874
137.0694,152.4229,22.1619,113.0463
137.8398,144.5727,20.6210,114.7087
146.3637,133.9113,19.5593,118.0473
146.6868,126.0420,18.9132,119.6211
149.9524,115.6983,18.4794,122.0167
153.8433,109.3790,18.9249,126.4280
159.3449,98.0125,20.6822,130.0201
159.1916,92.0623,23.2004,133.0741
165.6007,81.0645,26.5099,136.6381
167.2097,75.1409,30.5473,141.2299
172.8298,67.0990,34.6727,144.5090
177.0426,61.4506,39.6768,147.7481
182.9789,55.8868,44.7616,150.3968
189.1424,51.7569,50.1866,152.7393
195.5468,47.4473,55.9298,155.1746
200.5143,44.8470,62.1514,157.1439
207.5020,43.8935,68.4049,159.0509
214.7841,43.0979,74.9016,160.6422
222.3524,42.4094,81.6494,162.0191
228.4494,41.9026,88.3791,163.0326
234.7708,43.5795,95.3133,163.5942
243.3669,45.4446,102.3711,163.9057
250.2639,51.8234,109.4034,163.6438
259.5132,54.0097,116.5770,163.5499
262.5881,63.1013,123.6149,162.9505
270.3932,68.1424,130.5158,161.8727
276.2022,73.5195,137.2894,160.3142
282.1234,78.8766,144.1796,158.9663
288.2879,84.5301,150.9407,157.2045
292.1490,90.2528,157.7759,155.4640
298.7388,96.1577,164.3277,153.5198
300.6099,102.1816,170.5950,151.4816
307.7440,108.1835,176.6061,149.6175
310.0722,114.2713,182.2156,147.7078
312.5968,117.6041,187.5436,146.2308
315.4171,120.9917,192.3954,144.7018
318.5290,121.7172,196.7622,143.2507
321.9216,122.3864,200.6530,141.9124
325.4416,122.8923,204.3626,140.9005
326.3295,123.2092,208.0010,140.2667
327.4671,123.4269,211.1844,139.8313
331.5905,123.5186,213.9359,139.6480
333.1776,120.6597,216.2993,139.8283
334.9521,120.4645,218.3262,140.2188
336.8274,117.2783,220.1883,140.9783
339.0074,116.9194,221.4817,141.6961
341.1838,113.5488,222.8135,142.7526
340.7289,113.0289,223.7234,143.7924
343.2530,112.3656,224.4285,145.1191
346.0055,108.7209,224.7095,146.6222
348.7670,107.8978,225.0018,148.2686
348.8557,104.1567,224.8246,149.9037
351.9227,103.2120,224.5621,151.7929
352.0229,102.2490,224.3616,153.7190
355.2321,101.2333,223.8712,155.7504
355.5762,100.0807,223.1830,158.0556
356.0168,95.7698,222.3019,160.6957
356.5915,94.4460,221.1526,163.3432
357.3474,93.0832,219.6407,166.0688
358.3612,91.7559,217.6131,168.7235
359.4024,87.2867,215.5307,171.5900
360.6882,85.9542,212.9591,174.2550
362.0678,84.7033,210.1999,176.7568
363.4157,83.3553,207.5040,179.4528
361.9204,81.9710,204.4049,182.2214
360.6104,80.6081,200.9388,184.9471
359.5421,79.3129,196.9998,187.5375
358.6738,75.0992,192.6812,189.9097
357.9801,73.8532,188.0435,192.4016
357.4886,72.7151,183.0354,194.6778
357.0393,71.6408,177.9865,196.8265
353.8876,70.5476,172.4884,199.0128
353.8196,69.7093,166.7777,200.6894
351.3270,68.9668,160.2015,202.1745
351.5708,67.9115,154.0167,204.2851
346.9291,66.9575,146.4141,206.1930
344.9720,68.7887,139.2627,208.0635
340.6854,70.4059,131.5074,210.2719
338.9908,69.6149,124.2036,211.8539
337.4262,71.6021,116.8388,213.1266
333.5934,73.5680,109.0821,214.3355
334.5226,73.2354,102.1984,215.0008
323.3303,75.1249,95.0891,216.1373
326.3925,77.2872,88.9648,216.6204
325.3142,77.0241,81.7089,217.1467
317.2612,81.0551,74.8951,218.2525
317.9352,80.8605,69.0706,218.6417
311.9820,82.2768,63.4764,220.1844
307.6428,84.1519,59.2750,220.7275
305.0118,86.1906,56.0924,220.8722
291.6588,92.4730,53.6491,220.8000
293.1057,92.9259,50.7553,219.8942
280.6215,101.5837,47.3822,218.7737
278.1680,100.2859,44.3527,217.4012
265.3486,111.5302,42.7588,214.3644
263.7940,115.2301,42.0508,210.7818
250.0689,126.1686,43.2273,207.6719
246.9050,129.6596,45.8221,204.4228
235.5775,135.4116,49.7883,200.3944
231.5503,140.7318,54.0855,197.2684
219.4905,149.9462,59.2332,194.0170
213.1204,155.5602,64.2845,190.4778
206.7257,167.2117,69.2999,186.6098
198.0470,171.0030,74.8891,182.9501
191.4379,178.7568,80.1666,179.3533
182.8909,188.5169,85.2258,175.8797
178.5441,192.6187,89.8699,171.7255
173.9120,202.7999,95.0651,167.6387
169.1323,209.0343,100.5272,163.3645
164.2000,217.8247,106.2655,158.1625
161.3212,224.7551,112.0233,152.5898
158.2258,236.0245,118.2140,146.6706
155.0589,243.3561,124.5478,140.3381
151.9247,257.4280,130.8163,133.0422
151.2619,262.7385,136.2970,126.5765
150.6041,274.9711,141.7517,118.6675
150.5852,282.9582,145.8866,110.8873
152.9285,293.0341,149.2685,102.8384
157.3555,300.6674,152.2745,95.4785
160.1375,310.4544,154.4622,87.5321
166.6752,318.0163,156.4841,79.9570
169.5608,327.4848,158.0618,72.0431
179.3855,330.5173,159.7714,65.9781
184.0313,337.5247,160.9125,58.9183
193.6285,340.3219,161.9227,53.3240
199.6483,354.4774,163.0034,47.9736
209.1108,357.0674,163.2583,42.7937
219.8409,359.3832,163.5204,38.1619
225.9063,361.3678,163.4648,34.1929
236.1276,362.8185,163.6133,31.2914
246.6707,363.5103,162.7370,29.9078
256.0695,363.2839,161.0261,30.3606
263.4284,361.0492,160.4728,31.9972
274.2981,355.6238,158.7340,34.2762
283.7214,352.7544,157.1507,37.1378
294.8001,349.7324,155.3639,40.2717
304.5278,343.5379,153.5759,43.8270
314.2462,340.2948,152.0561,47.3271
322.5392,333.9133,150.6186,51.0011
332.5284,327.5566,149.1002,54.4843
338.0164,322.7613,147.4793,57.8384
349.8322,318.0847,145.9353,60.8809
356.9854,311.6488,144.3783,64.1905
364.2524,305.1367,142.7374,67.5450
371.4451,300.3600,141.3846,70.5819
380.2885,295.6161,140.1538,73.4875
385.7587,289.1667,139.1829,76.4165
391.5057,284.7170,137.7663,78.5977
398.6074,278.4380,137.0642,81.0297
400.7144,275.6848,136.2562,83.1302
409.8293,271.3802,135.1738,84.8804
413.9102,267.0185,133.8973,86.7184
417.7500,262.7801,133.1265,88.2864
419.7880,260.2522,132.5194,89.8733
423.6296,256.1075,131.8085,91.1906
427.4225,255.5151,131.2170,92.3753
429.6557,251.5850,130.2585,93.2198
431.6870,251.1308,129.7030,94.1282
433.6741,248.9636,129.2426,94.9488
433.8789,248.7383,128.8331,95.3994
433.9939,248.5630,128.6031,95.7500
434.0296,248.4447,128.5317,95.9866
434.2433,248.4111,128.1043,96.0539
434.3215,248.4700,127.9479,95.9361
434.2438,250.3546,128.1033,95.6836
433.9778,252.1440,128.6354,95.6198
431.9630,254.1001,129.1429,95.2294
429.9905,256.0941,129.5645,94.7647
427.8322,258.1290,130.3591,94.2172
427.5064,261.8997,131.0107,93.7260
425.2620,265.7543,131.9726,93.0709
423.2313,267.8608,132.5032,92.3886
421.1750,271.8219,133.0884,91.5214
417.2505,275.8285,133.8934,90.5522
414.9708,279.8451,134.9347,89.5551
410.6372,285.6407,136.5676,88.5153
406.4845,289.3421,137.8242,88.1613
402.4331,296.9035,138.8524,87.1876
398.3090,300.8792,140.0279,86.3090
394.0368,304.8503,141.4940,85.4451
387.9378,310.6502,143.0525,84.4848
383.6527,314.9345,144.5158,83.0230
377.4885,321.0740,146.1928,81.3953
371.6078,327.4088,147.3117,79.3685
365.4940,329.9589,148.9508,77.7977
361.0478,339.9377,150.7901,75.4731
351.4101,342.6891,152.4980,73.4838
345.0212,347.4389,154.7639,70.9921
340.4393,352.1869,156.9407,68.4831
330.8623,358.8172,158.6898,65.6656
324.7429,363.6489,160.5594,62.9148
313.6443,368.5409,162.1510,59.9995
309.0114,373.3887,164.6073,57.1133
297.8311,380.0187,166.6428,54.0157
290.0606,382.9282,168.7444,51.5567
280.2852,389.5671,171.5733,48.3118
270.7664,392.4851,173.9912,45.7999
261.1071,395.5031,176.7556,43.0746
249.8716,398.4242,179.4388,40.5306
240.4100,401.3441,181.9275,37.9775
230.9764,407.6447,184.4332,35.1933
219.9860,408.7613,186.8963,32.9601
209.0004,409.7457,189.4083,30.9913
196.4347,410.4962,191.8669,29.4902
190.4839,410.9687,194.0395,28.5453
177.7787,410.9339,196.6715,28.6149
167.1816,410.4717,198.1149,29.5393
156.2081,409.7755,200.0799,30.9316
144.9777,408.7698,202.2284,32.9431
133.8176,404.1163,203.8169,35.3396
124.0782,397.2622,205.6712,38.4730
114.2657,391.9429,207.2345,41.8871
106.1072,382.5376,208.7480,45.8942
96.0481,376.5355,209.8684,50.2993
91.7935,364.3749,210.5781,55.1220
77.3299,357.8033,211.4969,60.2628
74.9604,344.7853,212.1253,65.7453
64.0376,333.4392,212.8639,71.5519
61.3856,321.7570,213.8292,77.5620
52.1521,305.4077,214.4497,83.4908
49.4773,295.3909,215.2222,89.7926
47.1148,278.3273,215.2464,95.7154
45.2627,265.4575,214.1448,102.2321
45.9745,247.7639,212.7212,108.1965
44.1519,234.6303,211.3801,114.5184
44.9236,213.7611,209.8367,120.7298
48.3123,197.7327,208.2175,126.9954
54.4742,181.5671,206.3740,133.1262
63.6696,165.2311,203.9288,139.2220
73.5045,151.5728,200.3987,145.0190
86.2738,135.0788,196.5486,150.8962
104.7118,121.1059,192.4310,157.0032
118.0443,104.4103,187.7495,162.9153
137.0771,95.7895,182.7968,169.1192
148.0787,78.6181,177.4164,175.7573
167.6887,70.0299,171.5670,181.8101
187.5865,61.9099,165.1578,186.9213
208.0642,51.0310,157.4538,192.0534
223.6302,40.3377,148.3110,196.9481
246.6951,35.7835,140.1468,200.6328
269.5336,31.3072,131.8878,204.2399
292.1306,27.0194,123.5322,207.5529
309.5197,19.8857,114.6127,211.4767
331.0162,15.6530,107.1680,214.8638
349.5991,11.3312,100.0020,218.5074
367.6762,9.6379,93.4179,221.8941
385.4846,5.6628,86.9694,224.9829
400.7131,4.1644,80.4671,227.9797
415.7167,5.5329,74.0424,229.9592
428.1947,9.9963,67.5959,230.2872
440.2435,18.2520,61.5493,227.3140
444.2867,27.5865,57.8206,221.7183
457.9836,40.3524,55.6796,213.0215
459.5954,45.8417,56.5021,206.0890
462.6310,57.1346,58.3588,199.3592
465.2550,62.2200,60.9182,193.0923
467.6723,73.1443,63.8084,186.6931
468.0731,77.9971,66.8314,180.8120
468.5216,84.8305,69.7295,174.7357
469.0575,91.5155,72.4178,168.8858
467.7898,97.9197,74.9532,163.5240
466.5496,104.3151,77.4336,158.1136
465.4375,108.8726,79.6578,152.6533
464.4760,115.1177,81.5807,147.3891
463.6535,119.5286,83.2257,142.1356
463.0403,123.8233,84.4521,137.0649
462.6123,128.0814,85.3081,132.0125
460.5120,132.1000,86.1063,127.3778
458.5845,136.0016,86.6149,122.9208
456.6302,139.7395,87.2363,118.7323
456.3580,143.1538,87.7806,115.1378
454.5430,144.8351,88.2222,111.7752
452.8125,147.9842,88.5393,108.6212
452.6967,149.3567,88.7708,105.8761
451.1275,152.1196,88.8469,103.4126
449.6344,153.1792,88.8076,101.2935
449.6713,154.0813,88.7338,99.4893
448.2609,156.3463,88.5917,97.9223
448.2657,156.9751,88.5819,96.6646
448.2572,157.4211,88.5990,95.7725
