1
172.8152,126.6425,290.3696,249.7150
172.9586,128.5753,290.0828,245.8494
178.0818,130.5072,288.2690,241.9857
178.4696,128.2176,287.4936,238.2224
179.0964,129.8740,286.2400,234.9095
179.9964,127.3736,284.4398,231.7132
181.0727,128.6228,282.2874,229.2147
182.6073,125.4286,279.2182,227.5589
184.5124,122.1856,275.4078,226.0746
184.9858,123.0309,274.4612,224.3838
185.8700,123.7373,272.6926,222.9711
187.2367,120.7516,269.9593,221.1465
184.5251,121.6853,267.6581,219.2792
185.7286,118.6364,265.2511,217.7181
187.1115,115.4883,262.4854,216.4177
187.8296,116.0317,261.0490,215.3310
188.9967,112.1705,258.7149,215.5599
190.0396,112.1349,256.6291,215.6311
191.4396,111.9463,253.8291,216.0083
192.8314,112.0382,251.0455,215.8246
194.2100,112.0642,248.2883,215.7725
197.9852,112.0843,248.0415,215.7324
198.3211,111.8099,247.3696,216.2811
197.9036,111.5843,248.2047,216.7324
198.1351,111.2074,247.7418,217.4861
194.3975,111.0372,247.8943,217.8266
191.4890,110.6732,246.3809,218.5545
188.4761,110.2599,245.0882,219.3812
185.7599,110.0387,243.2090,219.8235
182.8205,110.1376,241.7982,219.6257
179.7166,110.0329,240.7416,219.8351
176.3282,106.1038,240.2670,220.4421
176.1409,106.1324,240.6416,220.3849
172.5118,105.8635,240.6414,220.9227
169.0326,105.6721,240.3328,221.3055
169.0801,105.5862,240.2377,221.4772
165.3824,105.1254,240.3635,222.3988
164.8689,104.7347,241.3904,223.1803
164.3479,104.5406,242.4324,223.5685
164.5405,104.3294,242.0472,223.9909
164.2175,103.7706,242.6933,225.1084
163.8227,107.1228,243.4829,225.7698
163.8494,106.9753,243.4296,226.0647
163.9651,106.9276,243.1980,226.1601
163.8929,106.6036,243.3425,226.8081
164.2979,106.3160,242.5324,227.3834
164.4618,106.1923,242.2048,227.6307
164.5175,105.6450,242.0933,228.7253
165.0289,105.6725,241.0705,228.6704
165.7991,109.2442,239.5301,228.9238
169.2530,108.9247,239.9990,229.5627
172.4226,108.9068,241.0540,229.5985
172.8159,108.4967,240.2675,230.4187
173.4601,108.3084,238.9791,230.7953
174.1167,111.7699,237.6660,231.2702
174.1858,111.3515,237.5277,232.1070
174.5956,110.6575,236.7080,233.4949
178.4955,110.2950,236.3130,234.2199
181.8828,110.2959,236.9483,234.2182
182.0204,110.0517,236.6732,234.7065
185.5948,109.5951,236.9476,235.6196
186.1503,109.1184,235.8367,236.5731
186.4332,108.5469,235.2708,237.7161
186.1698,107.9797,235.7975,238.8504
189.4744,107.4445,236.6631,239.9209
189.4736,106.9563,236.6648,240.8973
189.1944,106.5125,237.2231,241.7848
192.3525,106.5611,238.4503,241.6877
191.9061,106.4517,239.3432,241.9065
192.2182,106.1996,238.7190,242.4108
195.9773,106.3019,238.7776,242.2062
196.1645,106.1844,238.4031,242.4411
199.7152,106.0870,238.8740,242.6360
199.4815,106.3238,239.3415,242.1623
202.8875,106.3424,240.1122,242.1251
203.0169,106.2876,239.8532,242.2348
203.3028,109.7517,239.2816,242.8985
207.7268,109.8816,238.0268,242.6385
207.6856,113.0936,238.1092,243.7841
211.9954,113.2987,237.0784,243.3738
212.2847,113.1211,236.4997,243.7291
212.5123,116.5878,236.0446,244.3582
212.3010,116.5007,236.4672,244.5322
216.0346,116.3966,236.5744,244.7405
215.5202,116.3093,237.6032,244.9151
215.1362,116.3452,238.3714,244.8433
214.3926,120.1591,239.8585,244.8250
214.2702,120.0427,240.1034,245.0577
217.9239,120.1562,240.4361,244.8307
218.6721,120.1980,238.9396,244.7472
219.2404,120.2076,237.8032,244.7280
220.0315,124.2229,236.2209,244.2961
220.0703,124.4037,236.1433,243.9346
224.1217,124.5974,235.6006,243.5472
224.6577,124.7417,234.5285,243.2586
224.8510,128.7278,234.1419,242.8101
228.1138,128.6074,235.1272,243.0510
228.3457,128.5796,234.6632,243.1065
231.9344,128.6345,235.0095,242.9968
232.1942,128.5622,234.4900,243.1414
235.8396,132.3527,234.7206,243.0818
239.0036,132.0882,235.9166,243.6109
238.7373,131.8475,236.4494,244.0922
242.4286,131.7201,236.6341,244.3470
245.7825,135.4803,237.5006,244.4009
245.8950,135.0194,237.2755,245.3227
245.5628,138.4914,237.9398,245.9784
249.6499,138.4391,237.3862,246.0831
249.4966,141.8464,237.6929,246.8819
249.2943,141.5209,238.0974,247.5328
252.5807,145.0946,239.1720,248.0328
252.5865,144.7362,239.1605,248.7495
255.9451,148.2928,240.1263,249.3197
255.8944,148.0134,240.2278,249.8784
259.7723,147.7906,240.1898,250.3240
263.5098,147.8964,240.4391,250.1125
263.5959,147.9198,240.2668,250.0657
267.6975,148.1829,239.7851,249.5394
268.1500,148.4249,238.8801,249.0554
272.4369,148.7394,237.9900,248.4265
276.5905,149.2921,237.3424,247.3211
276.8981,149.9343,236.7272,246.0366
281.0844,150.6269,235.9567,244.6513
285.2108,151.6434,235.2723,242.6184
289.3537,152.5981,234.5121,240.7090
289.8249,153.7274,233.5698,238.4504
293.8164,154.7334,233.0200,236.4384
298.1058,152.1841,231.8342,234.1439
302.5706,153.3795,230.2428,231.7532
306.9692,154.6105,228.7211,229.2913
307.6477,155.7347,227.3642,227.0428
312.0712,156.7896,225.6731,224.9331
312.8533,157.9668,224.1089,222.5786
313.6165,159.0021,222.5826,220.5080
314.4470,160.1979,220.9215,218.1165
315.2177,161.4050,219.3801,215.7023
316.2277,162.5552,217.3602,213.4018
316.9882,163.4434,215.8391,211.6254
317.8716,164.4690,214.0723,209.5743
318.5393,165.4887,212.7369,207.5349
322.7234,166.4950,210.9870,205.5221
323.1430,167.4993,210.1478,203.5136
323.4450,168.5850,209.5439,201.3421
323.8156,169.7541,208.8027,199.0040
324.2483,170.8897,207.9372,196.7328
324.9264,172.0195,206.5811,194.4733
325.4730,172.9609,205.4879,192.5905
325.8747,173.8699,204.6846,190.7725
326.3835,174.6530,203.6668,189.2062
326.5782,175.1304,203.2775,188.2513
326.6812,175.6172,203.0715,187.2778
326.8584,176.1559,202.7171,186.2005
327.1772,176.6138,202.0795,185.2847
327.4939,177.1498,201.4460,184.2126
327.9379,177.7147,200.5581,183.0828
328.1746,177.9652,200.0847,182.5818
328.3325,178.3747,199.7688,181.7628
328.4452,178.6801,199.5434,181.1521
328.5092,181.9088,199.4155,180.6880
331.5743,182.0509,199.2692,180.4038
331.3783,182.3622,199.6614,179.7812
334.0707,182.6620,200.2500,179.1817
333.8678,182.9087,200.6557,178.6882
336.7335,183.3005,200.8959,177.9047
336.5493,183.6735,201.2641,177.1586
336.2892,183.8948,201.7843,176.7161
336.1570,184.0800,202.0489,176.3457
338.9456,187.4200,202.4270,175.6211
338.7835,187.7092,202.7513,175.0427
338.6107,187.8833,203.0970,174.6945
338.6834,191.0449,202.9515,174.3166
338.3077,190.9696,203.7030,174.4673
338.0563,190.9622,204.2057,174.4821
337.9612,191.0292,204.3959,174.3481
338.2126,191.1048,203.8931,174.1968
335.5463,191.2388,203.2762,173.9289
332.6749,194.2392,203.0831,173.8638
332.2672,194.1888,203.8986,173.9646
331.8623,194.0761,204.7085,174.1900
328.5442,193.9837,205.3825,174.3748
328.3378,193.8691,205.7953,174.6040
327.8452,193.7257,206.7806,174.8909
327.7781,193.6223,206.9147,175.0976
327.8149,193.5918,206.8411,175.1585
327.9049,193.4796,206.6612,175.3831
328.0161,193.3356,206.4387,175.6711
328.1139,193.2775,206.2431,175.7872
328.4202,193.3098,205.6305,175.7226
328.7267,193.3159,205.0175,175.7103
328.7987,193.4725,204.8736,175.3973
328.8748,193.4671,204.7213,175.4079
328.9288,193.3772,204.6133,175.5878
329.0117,193.3597,204.4476,175.6228
329.2174,193.4248,204.0360,175.4926
329.3808,193.5036,203.7093,175.3349
329.6665,193.7732,203.1378,174.7959
329.8604,194.0446,202.7500,174.2529
329.9322,194.4837,202.6066,173.3749
