1
220.4967,77.6369,302.0065,238.7263
220.5326,77.7769,301.9349,238.4463
220.5205,77.9040,301.9591,238.1921
220.5516,78.1022,301.8968,237.7957
220.6637,78.3676,301.6726,237.2648
220.7153,78.6380,301.5694,236.7240
220.7792,78.9153,301.4416,236.1693
220.8170,78.9909,301.3659,236.0182
220.7075,79.1665,301.5850,235.6671
220.6203,75.0479,301.7595,235.4594
220.5211,75.3861,301.9577,234.7830
220.3848,75.6959,302.2304,234.1635
220.2806,71.9391,302.4388,233.2469
220.1804,72.4536,302.6393,232.2179
219.9794,73.0680,303.0413,230.9892
219.6234,73.9283,303.7532,229.2685
219.2142,74.8159,304.5717,227.4933
218.7434,75.9207,305.5132,225.2837
218.2981,81.4101,306.4038,222.6401
217.8614,82.9366,307.2773,219.5871
217.3399,88.8569,308.3203,216.0148
212.7024,95.0303,309.3701,211.8931
212.1273,101.2969,310.5202,207.5329
211.5799,107.8100,311.6150,202.6246
207.0831,110.1784,312.5560,197.8877
202.6539,117.0464,313.4267,192.1394
198.3454,119.7861,314.1395,186.6600
197.8547,126.6268,315.1210,180.8009
193.4288,129.1839,316.2349,175.6869
193.0022,131.6670,317.0882,170.7207
188.8071,134.0103,317.8832,166.0340
184.7777,136.3992,318.4156,161.2562
180.8532,135.2937,318.8129,156.0154
177.2338,137.6069,318.6848,151.3890
177.6455,139.9729,317.8612,146.6570
174.8789,142.5321,316.2045,141.5385
175.9996,145.0927,313.9631,136.4174
177.3819,147.4721,311.1986,131.6585
179.0770,153.4806,307.8084,126.4710
181.1842,159.4403,303.5939,121.2399
183.7171,168.5744,298.5281,116.0405
186.3360,174.0924,293.2903,111.3731
189.3984,185.8742,287.1656,106.4382
192.4495,190.4796,281.0632,103.2604
198.8261,200.9414,274.1983,100.0012
201.8997,204.8164,268.0512,97.9824
207.7579,208.2980,261.9413,96.6257
213.3663,216.8872,256.2192,95.9313
215.6503,219.8224,251.6512,95.4610
217.7182,222.5359,247.5153,95.3602
219.4156,225.1016,244.1206,95.4938
220.9679,227.5307,241.0159,95.8542
222.1624,229.3993,238.6269,97.2974
223.3096,233.4019,236.3325,94.4641
224.2567,234.7836,234.4384,91.7007
225.0027,239.3159,232.9463,87.6475
226.1136,238.6422,230.7246,84.0776
227.1630,229.1883,228.6257,83.7007
222.7618,238.8316,227.8595,78.7671
220.8290,224.4160,227.0412,79.4951
218.5354,232.6322,226.9430,77.1189
218.7750,232.8017,226.4638,72.1391
216.7861,235.2570,225.8988,67.2286
211.9924,234.6816,226.5986,63.9355
209.6300,202.8440,226.9309,70.5094
205.0923,195.4619,226.9677,76.2350
204.9254,190.6073,227.3015,81.3192
202.5073,181.5882,227.4154,85.1907
202.4165,177.5998,227.5971,88.3735
199.9584,171.3395,227.6596,91.1869
197.4104,167.7419,227.8508,93.4772
197.2662,164.3804,228.1392,95.2517
194.4797,161.1546,228.7280,96.7192
194.2733,155.5906,229.1408,97.8099
194.2757,152.6980,229.1359,98.5513
194.2997,149.7828,229.0881,99.3247
194.1091,146.8576,229.4693,100.1051
193.9520,143.8820,229.7835,100.9670
193.8201,143.4756,230.0473,101.7800
193.6964,140.3889,230.2947,102.8262
193.5319,137.2673,230.6236,103.9204
193.2083,136.6440,231.2707,105.1670
192.9126,133.3631,231.8623,106.5245
192.7507,132.7049,232.1861,107.8408
192.5331,131.9633,232.6213,109.3240
192.4709,131.2455,232.7456,110.7596
192.3635,130.4891,232.9605,112.2724
192.2153,129.7051,233.2569,113.8404
192.0852,128.9017,233.5170,115.4472
192.1341,128.0363,233.4192,117.1779
192.1725,127.1029,233.3423,119.0448
192.1593,126.1563,233.3687,120.9380
192.0903,125.2264,233.5069,122.7979
192.2279,124.3242,233.2316,124.6022
192.3263,123.3500,233.0349,126.5505
192.4068,125.1154,232.8737,128.6202
192.4090,124.0085,232.8695,130.8338
192.4635,122.8848,232.7605,133.0812
192.4344,121.7722,232.8185,135.3065
192.3238,120.5921,233.0399,137.6667
192.1410,122.2422,233.4055,140.1559
192.1728,120.9576,233.3419,142.7252
192.3334,119.7230,233.0206,145.1944
192.5577,118.4693,232.5721,147.7018
192.6975,120.1416,232.2924,150.3082
192.9786,118.9053,231.7302,152.7809
193.3592,117.7512,230.9690,155.0891
193.6491,116.5547,230.3893,157.4821
193.9777,118.2150,229.7320,160.2426
194.3613,116.9851,228.9649,162.7024
194.7716,115.6703,228.1443,165.3320
195.1758,117.4850,227.3357,167.8794
198.7595,119.3960,226.3747,170.2635
199.1756,118.2820,225.5425,172.4916
202.7129,117.2295,224.7222,174.5966
203.1260,116.1925,223.8959,176.6707
206.7957,118.4551,222.8538,178.4425
207.3110,117.6077,221.8231,180.1375
210.9269,119.9508,220.9129,181.7728
211.0542,119.1497,220.6584,183.3750
211.2005,118.4931,220.3658,184.6882
211.4039,117.9088,219.9588,185.8567
211.6049,117.4574,219.5569,186.7596
214.9462,117.1021,219.2678,187.4701
214.8920,116.8325,219.3762,188.0094
214.6933,116.5967,219.7737,188.4809
214.3605,116.4377,220.4391,188.7990
214.0968,116.3250,220.9666,189.0243
213.7131,116.2596,221.7340,189.1552
213.3686,116.2820,222.4229,189.1104
212.9127,116.3180,223.3348,189.0383
212.4552,116.5097,224.2499,188.6549
212.0436,116.9100,225.0730,187.8544
211.6214,117.3993,225.9174,186.8757
211.2258,118.0008,226.7086,185.6728
210.7831,118.6269,227.5940,184.4205
210.3578,119.3843,228.4447,182.9058
209.9874,120.2426,229.1854,181.1891
209.5768,121.1366,230.0067,179.4012
209.1137,122.2027,230.9329,177.2689
208.6785,123.2867,231.8033,175.1009
208.1819,121.1301,232.7964,173.0217
207.6638,122.2248,233.8326,170.8324
207.1618,120.3349,234.8365,168.2588
206.5585,121.7135,236.0431,165.5016
205.8538,120.1013,237.4525,162.4270
205.2183,115.7400,238.7237,158.6105
207.8250,117.3394,239.7355,155.4117
207.2043,116.2304,240.9770,151.4423
209.8024,115.1291,241.9201,147.5056
212.1756,114.0617,243.2612,143.5528
211.6612,115.8634,244.2900,139.9495
214.2911,114.8783,245.0253,135.9247
216.9174,116.7618,245.7100,132.1577
219.5701,118.6668,246.2877,128.3476
222.2442,117.7920,246.7657,124.2711
222.1382,119.6256,246.9779,120.6039
222.0957,121.5673,247.0629,116.7205
224.8677,126.5111,247.1550,112.4691
224.5100,128.2416,247.8703,109.0079
227.0568,130.0769,248.2896,105.3374
226.6655,134.8026,249.0720,101.3401
226.4650,136.4224,249.4731,98.1005
226.1233,140.5903,250.1565,95.1068
225.9744,144.2169,250.4543,93.1521
225.7823,147.4480,250.8386,91.9574
225.6786,150.2629,251.0459,91.5788
225.3934,152.7628,251.6163,91.8267
225.4103,155.2766,251.5825,92.0591
225.5214,157.4930,251.3603,92.8904
225.6782,157.0064,251.0467,93.8635
223.1569,156.4967,250.8005,94.8829
223.3546,155.8679,250.4051,96.1404
223.5204,155.1580,250.0736,97.5603
223.8563,154.3342,249.4018,99.2079
224.2448,150.6583,248.6248,101.1986
221.8084,149.4801,248.1122,103.5551
222.0852,145.1351,247.5587,106.8253
222.2500,140.5188,247.2291,110.5882
219.6270,135.8118,246.9438,114.4709
219.6374,130.9680,246.9229,118.5633
219.5543,128.7018,247.0891,123.0958
219.5122,123.4065,247.1733,127.9390
216.4843,118.0554,247.3969,132.8090
216.3361,112.6371,247.6934,137.7264
216.0474,101.0079,248.2708,142.9622
215.7184,95.4124,248.9287,148.0482
215.2999,89.7881,249.7659,153.0957
214.9279,84.0410,250.5098,158.2916
214.7024,78.2784,250.9608,163.4200
214.5285,75.7610,251.3086,168.4548
214.4224,70.0273,251.5208,173.3441
214.2820,67.5520,251.8016,178.2947
214.2817,65.1356,251.8021,183.1275
214.3840,62.8588,251.5977,187.6810
214.5369,57.2966,251.2918,191.9060
218.3260,55.2454,250.6775,196.0085
218.6273,53.1868,250.0748,200.1256
222.4901,47.6686,249.4280,204.0833
223.0192,45.8593,248.3699,207.7018
223.7075,40.5365,246.9932,211.1722
224.3815,38.8431,245.6452,214.5591
225.0710,37.2858,244.2663,217.6737
229.4387,35.8024,242.8024,220.6404
230.1262,34.4000,241.4276,223.4453
230.9185,33.0130,239.8428,226.2193
231.6691,31.7894,238.3417,228.6665
232.4079,34.4175,236.8640,230.7644
233.1827,37.2049,235.3145,232.5536
233.9221,36.3003,233.8356,234.3627
234.7027,35.5343,232.2744,235.8948
235.4421,34.7380,230.7956,237.4873
236.1496,34.0930,229.3806,238.7775
236.7875,33.4886,228.1048,239.9862
237.2775,32.8993,227.1250,241.1648
237.7812,32.3207,226.1175,242.3220
234.4736,28.0692,225.3569,243.4492
234.8190,27.5250,224.6660,244.5374
235.1925,26.9882,223.9191,245.6111
235.5698,22.8584,223.1644,246.4785
235.7677,22.5192,222.7685,247.1569
232.2575,18.4660,222.3911,247.8655
232.3225,18.3541,222.2612,248.0892
228.6019,14.5486,222.2980,248.2959
224.5520,14.2265,222.9897,248.9402
220.3512,10.4147,223.9621,249.1345
212.4323,10.5969,224.9046,248.7702
207.7470,7.2042,226.8180,248.0984
203.3172,4.1127,228.2005,246.8043
195.1294,4.9132,229.6183,245.2033
187.1885,-1.3595,230.5471,242.7958
182.9974,-3.5382,231.4756,239.6996
179.0062,-1.7934,232.0381,236.2099
175.1351,-3.4505,232.4066,232.1502
174.9301,-4.8872,232.8165,227.7077
171.3055,-6.0410,232.8135,222.7632
171.3909,-7.2735,232.6427,218.0542
167.9022,-4.9200,232.5235,213.3473
164.6890,-5.7075,231.9298,207.9021
164.9019,-6.7094,231.5041,202.9821
165.0915,-4.4406,231.1248,198.4444
161.7344,-2.3064,231.0790,194.1761
158.3190,-3.8115,231.2193,190.4957
158.1928,-2.4498,231.4717,187.7723
154.5538,-1.5304,232.1563,185.9334
150.9579,2.3862,232.7742,184.6743
147.1936,2.3424,233.7396,184.7618
143.1703,5.0544,235.2069,185.9173
139.0111,7.6430,236.9049,187.3605
134.5394,16.9575,239.1782,188.7413
130.0504,26.8732,241.4292,189.0915
125.5797,37.3079,243.6032,188.5240
121.0298,44.5220,245.9117,187.6784
119.7142,55.7700,248.5428,185.6208
118.5389,60.2877,250.8935,183.4047
117.0527,71.9111,253.8659,180.6137
112.6664,76.5586,255.8206,178.1367
111.5223,85.2162,258.1089,174.4346
110.5009,90.4280,260.1516,170.7907
109.4516,95.6522,262.2502,167.0923
105.1170,100.8541,264.1999,163.4082
104.3206,105.9636,265.7927,159.8761
100.1663,110.9818,267.4497,156.4911
99.3439,116.0120,269.0947,153.0496
95.3133,121.0762,270.5710,149.5060
94.5582,126.1500,272.0812,145.9048
93.8254,131.2925,273.5468,142.1268
93.2574,136.3934,274.6828,138.3887
92.8318,141.3153,275.5339,134.9608
92.5322,146.2227,276.1331,131.5151
95.4815,151.1299,276.5524,128.0185
95.4000,155.9498,276.7154,124.6417
95.1882,160.4899,277.1391,121.7675
98.0509,161.5671,277.5753,119.6131
97.8276,162.4996,278.0219,117.7480
100.5370,163.4474,278.7067,115.8526
