1
207.8358,223.3007,115.3285,55.0657
208.0084,223.5356,114.9831,54.5959
208.1092,223.7008,114.7815,54.2656
209.4489,225.1578,114.7213,53.9707
209.3329,225.1772,114.9534,53.9319
210.5626,225.1801,115.1098,53.9262
210.6361,225.1978,114.9629,53.8908
210.5027,226.4214,115.2296,54.0588
210.2270,226.3155,115.7810,54.2706
211.1367,227.6152,116.5955,54.3051
212.0178,227.6318,117.4795,54.2719
211.3694,229.0097,118.7763,54.1746
211.9012,230.2225,120.3884,54.4246
212.7183,231.6006,121.4577,54.3720
212.3927,233.1474,122.1090,53.9965
212.1250,234.8735,122.6444,53.2652
211.9502,236.5674,122.9939,52.5932
213.0282,239.8087,123.5469,51.5286
212.4453,241.4259,124.7128,50.9925
213.2539,243.0679,125.8011,50.4139
213.8993,244.7679,127.2211,49.7248
213.4791,246.4796,128.0615,49.0203
212.8384,251.1203,129.3428,47.8939
212.2416,252.6962,130.5363,47.4586
211.7309,254.4820,131.5578,46.6126
212.6346,257.7518,132.4754,45.5229
212.3053,259.6660,133.1339,44.4129
212.9045,263.0712,134.6428,43.0171
211.9720,264.9990,136.5078,41.8645
210.9306,268.4400,138.5907,40.3994
210.0124,271.9347,140.4272,38.8311
209.2056,275.4547,142.0406,37.2056
208.5249,276.0335,143.4022,36.0480
207.6702,282.3915,145.1115,34.1185
205.5166,283.0272,146.7349,32.8470
204.5843,286.6082,148.5995,31.0492
202.6755,287.3173,149.7436,29.6311
202.0729,296.3083,150.9489,27.6197
201.5147,297.0710,152.0653,26.0944
199.7231,297.8755,153.0239,24.4852
197.9410,298.6990,153.9825,22.8383
197.6726,299.2590,154.5191,21.7184
196.2508,308.7388,154.7919,20.7548
192.2173,309.4703,155.1936,19.2918
189.8102,309.9549,154.9460,18.3227
188.6682,310.1661,154.7225,17.9002
186.4747,309.9812,154.1177,18.2700
185.5447,309.4948,153.4825,19.2428
184.8063,308.7554,152.4530,20.7215
184.0466,307.8589,151.4503,22.5146
184.4864,306.8835,150.5706,24.4653
183.7109,305.7459,149.5502,26.7406
181.8724,304.5345,148.0225,29.1634
181.5287,303.2508,146.0811,31.7308
182.5730,301.8650,143.9926,34.5024
182.3021,300.3713,141.8588,37.4897
183.6179,297.4354,139.2273,40.6593
183.4013,294.4901,136.9361,43.8256
183.5029,291.7079,133.9821,46.6394
184.9602,288.9069,131.0676,49.4813
186.8580,284.8112,127.2720,52.1331
188.5138,283.6982,123.9603,54.3592
190.4294,278.1756,120.1293,57.1418
192.0454,275.7035,116.8971,59.3387
193.6244,271.7532,113.7391,61.7631
195.2297,267.7394,110.5286,64.3240
196.9933,265.2126,107.0014,66.6482
198.7807,261.5205,103.4265,68.6002
202.1646,257.9424,99.3540,70.3660
205.4819,251.8891,95.3823,71.8206
208.5365,250.9709,91.8997,73.6570
211.7401,247.5728,88.0957,75.2468
217.3605,244.3689,84.5660,76.5139
220.4884,241.3793,80.8461,77.4214
224.7369,235.7875,77.3336,78.6359
230.2428,235.2422,73.6904,79.7264
233.0210,229.9514,70.5494,80.6459
240.5490,228.3195,67.3920,81.5301
243.3149,225.5202,64.2027,82.4436
245.8142,221.8069,61.5090,82.9553
249.2247,220.5646,59.2256,83.1712
256.0526,216.9843,56.7425,83.6282
262.1506,214.5672,53.3480,84.0615
268.4819,212.6105,49.2869,83.6741
274.4168,211.3784,45.7223,84.0621
281.8252,209.9553,43.0342,84.8868
286.3033,208.9503,40.0399,84.9095
291.6124,204.0786,37.1647,84.9742
295.6083,202.6964,34.8316,85.8524
301.8491,201.0368,33.4956,87.3141
304.4160,197.7353,32.0712,88.3529
309.8356,199.0406,32.2956,87.5862
313.1265,200.2209,33.0620,85.2255
318.3205,196.9185,33.5757,82.7457
323.5360,198.3181,32.0969,81.7368
327.3413,199.4705,31.4843,79.4322
331.5820,200.3504,31.5301,77.6724
334.8724,201.1402,31.6729,76.0928
343.5668,199.1980,30.8908,76.6558
344.3187,190.6628,29.3870,77.1774
351.9022,199.3855,27.3035,79.3576
353.8396,199.9929,25.0577,79.7716
358.1802,200.7146,22.7510,79.9219
362.8401,201.6721,21.1960,79.5598
363.4272,203.1729,21.5405,79.5956
368.4230,203.9363,22.2287,79.5945
368.4588,203.9455,23.6957,79.5760
372.3051,205.0925,25.3973,78.8479
372.8214,205.4758,27.5382,78.0812
375.6185,205.8315,30.0190,77.3699
376.1844,206.8349,32.1862,77.0126
378.4322,207.9892,34.4229,76.3871
379.0695,208.1269,36.5751,76.1116
381.4414,208.1517,38.8196,76.0619
381.4339,208.2933,40.6199,75.7789
382.9893,209.3312,42.9451,75.5149
383.8263,209.5741,44.9667,75.0293
386.4519,210.9323,47.2148,74.1875
385.3492,211.2114,49.4202,73.6294
386.1789,211.5345,51.6177,72.9833
388.0163,212.0046,53.8078,72.0430
387.9245,212.3949,55.9680,71.2624
387.9138,212.8705,57.9895,70.3113
388.8701,213.3333,60.1132,69.3856
389.9122,213.9162,62.1051,68.2199
389.7319,214.6373,64.5175,66.7777
390.6137,215.5119,66.8890,65.0285
390.6038,216.0753,68.9863,63.9016
390.7512,216.4608,70.7837,63.1307
390.8970,216.9602,72.6002,62.1319
390.6587,216.4462,75.1969,61.0396
390.5471,216.0514,77.5626,59.6868
390.7101,216.7476,79.3935,58.2943
390.8382,217.4079,81.2992,56.9737
392.8519,217.8647,83.7791,56.0602
391.8150,218.4178,85.8529,54.9539
390.6837,218.2227,88.1154,53.1400
390.6352,217.7818,90.4200,51.8144
390.8852,218.3714,92.1391,50.6353
391.1594,218.2407,93.8153,48.6721
390.1648,217.7122,95.8044,47.5136
389.6602,217.1786,96.8136,46.3561
388.8081,216.8114,98.5179,44.8711
389.0067,217.2524,100.3389,43.9891
387.7028,217.9070,102.9467,42.6799
387.2442,217.6638,103.8639,40.9226
388.1793,215.8373,106.4449,40.1244
386.9117,215.8168,108.9799,40.1655
387.7350,215.1934,111.9043,39.1269
385.5315,215.9148,114.0028,37.6841
385.0958,215.7129,114.8743,35.7758
381.8862,216.2109,116.7149,34.7799
380.6057,215.7101,119.2759,33.4847
378.9731,216.0534,120.2322,32.7981
377.2316,216.7311,121.4059,31.4426
376.7610,216.0418,122.3470,30.5207
376.5771,216.4955,122.7148,29.6134
374.8847,215.9940,123.8156,28.3323
373.5135,215.3843,126.5579,27.2766
372.2513,214.7095,129.0823,26.3331
371.6629,214.9636,130.2590,25.8250
372.2038,215.6067,131.4937,24.5389
371.6474,216.2641,132.6064,23.2240
367.6924,215.7718,133.6226,21.9107
363.8070,216.1253,134.5357,21.2037
366.8640,216.4745,135.2751,20.5053
364.3409,215.6194,138.0406,19.9347
360.7455,215.9527,136.0017,19.2682
359.2553,213.8642,134.4502,18.9134
355.8589,214.2277,134.5313,18.1864
354.1783,214.5172,135.6687,17.6075
351.7694,214.6186,136.0312,17.4048
352.4872,214.5912,136.8242,17.4595
351.9419,214.5099,137.9149,17.6222
352.3004,214.4690,139.4567,17.7040
348.7686,214.3231,141.9569,17.9958
343.4218,214.3469,143.3617,17.9480
341.9640,214.3578,143.9370,17.9264
341.1564,214.2573,143.2040,18.1272
340.9998,214.2948,143.5172,18.0523
335.9076,214.2999,144.3226,18.0422
335.7782,214.0138,144.5813,18.6143
334.7331,214.0217,144.3007,18.5986
333.2423,214.1101,144.9155,18.4218
332.4338,216.5264,146.5325,18.3323
326.4618,216.4982,146.5164,18.3886
327.8300,220.2403,148.5659,18.0833
322.6457,220.2998,149.2749,17.9643
316.3290,220.3038,149.7971,17.9563
316.7847,223.9193,151.3149,18.0131
315.2664,223.4113,149.4489,19.0292
312.2021,227.0262,148.2383,19.1384
312.7893,227.9257,149.4959,19.7714
315.0378,232.8836,152.3853,19.7043
309.8102,234.3988,152.8380,19.1744
304.1489,235.4651,151.6805,19.5379
298.9684,236.6317,149.6040,19.6923
297.8920,241.6937,149.2947,19.4163
287.8931,241.6493,149.6751,19.5051
290.5051,247.8496,149.3697,19.4007
292.1900,247.6355,148.4527,19.8288
288.5251,247.8265,148.4355,19.4468
286.1001,257.5746,148.4037,19.4782
281.3998,257.3876,148.0398,19.8521
278.0943,257.3113,147.3196,20.0048
277.6370,266.8339,148.2342,20.4547
275.7668,266.6180,149.5160,20.8864
272.8533,266.5556,150.3729,21.0112
268.9726,275.3357,150.6363,20.9466
268.8551,275.0748,150.8713,21.4685
268.6480,274.9652,151.2854,21.6877
263.0994,283.7255,152.2802,21.8465
262.6598,283.6637,153.1594,21.9700
260.6586,283.7068,154.6045,21.8839
260.2440,283.5264,155.4337,22.2446
256.5908,291.1438,157.5519,22.5744
255.7180,290.8361,159.2975,23.1900
255.2468,290.5696,160.2399,23.7228
251.9864,299.9875,161.3803,23.7189
249.9608,299.7113,162.7254,24.2712
247.6089,299.1346,164.6937,25.4246
245.5997,298.8360,165.9261,26.0217
243.5036,298.8364,167.3034,26.0211
243.0805,298.7350,168.1497,26.2238
240.7715,298.3326,169.9181,27.0285
239.9599,301.0307,171.5413,27.4128
239.1100,300.6913,173.2410,28.0917
234.8624,300.5889,175.8212,28.2966
238.7148,300.7953,174.1109,27.8838
238.5086,300.4382,177.4886,28.5978
236.4691,299.8459,181.5678,29.7824
239.8210,299.6151,184.1830,30.2441
255.2612,299.4872,178.5167,30.4998
252.4688,298.6662,184.1014,32.1419
256.7318,296.9532,194.7050,32.3797
236.7040,295.0315,201.3615,32.8831
231.0395,294.2655,202.3643,34.4152
229.6981,290.5378,201.5605,34.8978
228.2712,286.9514,200.9294,35.1008
226.6680,283.1981,200.6558,35.6471
226.5532,279.6337,200.8853,35.8016
226.3013,275.9993,201.3893,36.0838
226.4691,272.2513,201.0536,36.5679
226.3920,266.8140,201.2077,36.9102
226.3169,264.5968,201.3579,37.8249
227.9711,259.1096,201.5893,38.1801
227.7940,256.9365,201.9434,38.9764
229.2464,249.4382,202.6092,39.6913
229.5186,247.2196,202.0648,40.5348
229.7563,241.7488,201.5892,40.6688
232.0177,238.0379,200.6650,40.8937
232.4749,234.1677,199.7507,41.4541
234.6573,230.4076,198.9740,41.7977
235.0379,226.8020,198.2128,41.8410
235.4489,221.4981,197.3909,41.7261
237.5934,219.5278,196.6625,42.1061
240.0999,216.0283,195.2071,41.9896
240.9174,212.4399,193.5721,42.0960
243.3688,208.8296,192.1839,42.2878
244.1594,206.9038,190.6025,42.6406
246.8838,203.6143,188.6372,42.2528
247.7178,201.8320,186.9692,42.3687
250.2895,198.5906,185.2533,41.9967
252.6987,196.9205,183.8312,41.9406
253.4733,195.3582,182.2820,41.6898
255.9326,193.8420,180.7123,41.3733
258.4161,190.7405,179.0661,40.9346
259.4138,190.7054,177.0708,41.0047
262.0208,189.2012,175.1195,40.7503
262.9215,187.7901,173.3182,40.3417
263.9128,187.8323,171.3356,40.2574
266.4616,186.4815,169.4063,39.7907
268.6960,186.6177,168.0698,39.5183
269.5395,185.2622,166.3828,39.1209
270.4398,185.3780,164.5824,38.8892
272.8581,184.1314,162.7933,38.3348
273.8059,184.2729,160.8977,38.0519
274.6711,184.4345,159.1673,37.7287
276.7628,184.6048,157.9335,37.3881
277.5281,184.7756,156.4029,37.0466
279.6176,184.9077,155.1218,36.7823
281.8038,185.0264,153.6242,36.5449
282.6041,185.2143,152.0235,36.1691
284.6638,185.3560,150.7241,35.8856
285.2728,185.4649,149.5060,35.6680
285.9219,185.5183,148.2078,35.5611
287.8268,185.5919,147.1528,35.4138
289.7242,185.7004,146.0951,35.1970
290.3423,185.8528,144.8588,34.8920
290.8166,186.0005,143.9102,34.5966
291.2391,186.0892,143.0653,34.4192
292.9604,186.1146,142.2836,34.3685
293.3859,186.1418,141.4326,34.3141
293.6848,186.1252,140.8346,34.3472
295.1825,186.1187,140.4676,34.3603
295.3950,186.0964,140.0426,34.4050
295.6470,186.0895,139.5386,34.4186
297.1548,186.0874,139.1344,34.4228
297.3273,186.0541,138.7895,34.4894
297.4511,185.9961,138.5419,34.6055
297.5938,185.9245,138.2564,34.7486
298.9349,185.8611,138.1740,34.8755
299.0385,185.7640,137.9668,35.0697
299.0586,185.6138,137.9266,35.3700
300.2457,185.3959,138.1592,35.8060
301.5343,185.1948,138.2004,36.2080
301.5555,184.9881,138.1581,36.6215
302.7580,184.7377,138.3867,37.1223
304.0121,184.4511,138.5250,37.6955
305.3005,184.1662,138.6073,38.2653
306.6249,183.8828,138.6296,38.8320
307.9820,183.5656,138.5973,39.4664
309.2616,183.1843,138.7314,40.2291
310.5651,182.8036,138.8338,40.9905
311.8851,182.4525,138.9188,41.6926
316.0139,180.7014,138.8792,42.4556
316.0749,180.2646,138.7572,43.3291
318.8901,179.7783,138.6614,44.3018
320.2661,177.9070,138.6934,45.2604
321.7071,177.3723,138.6131,46.3300
323.2289,176.8304,138.3900,47.4138
326.0902,174.8130,138.3414,48.6116
327.5683,174.1876,138.2434,49.8623
329.0406,173.5406,138.1782,51.1564
331.9719,172.8657,138.1193,52.5061
334.8358,172.1771,138.2421,53.8833
337.7969,169.9523,138.2233,55.3812
339.4174,169.1727,137.9606,56.9404
342.4991,168.4258,137.8018,58.4342
344.1059,167.6596,137.6148,59.9666
347.2697,166.8649,137.3888,61.5560
350.4285,166.0046,137.2223,63.2765
352.0869,165.1637,137.0090,64.9582
353.6873,164.2881,136.9376,66.7095
356.9430,163.3799,136.7443,68.5260
358.6751,162.4846,136.4677,70.3164
362.0829,161.5558,136.0811,72.1741
363.8737,160.6045,135.7404,74.0767
365.6565,161.2927,135.4430,75.9687
367.4164,160.2697,135.2194,78.0146
370.8605,159.2357,134.9867,80.0827
372.8328,159.9144,134.4013,82.0844
374.8292,158.8818,133.7927,84.1497
376.9529,159.5417,132.9550,86.2397
379.0829,158.5330,132.1272,88.2572
381.2220,159.1947,131.3025,90.3871
383.4226,159.8899,130.3775,92.4730
385.7171,158.8148,129.2854,94.6232
387.9922,159.4881,128.2507,96.7920
390.4174,160.2106,126.9356,98.8825
392.7637,159.1519,125.7924,100.9999
393.3810,159.7911,124.5576,103.2875
395.8683,160.4337,123.1673,105.5866
396.6372,161.1169,121.6294,107.8200
399.1219,161.7603,120.2719,110.1448
399.9583,160.7720,118.5991,112.1216
402.6073,161.4597,116.9341,114.3792
403.3813,162.2121,115.3861,116.5170
404.1825,163.0100,113.7837,118.5732
405.0077,163.7744,112.1333,120.7035
405.7384,164.5135,110.6718,122.8913
406.6735,165.3477,108.8016,124.8998
407.6891,166.1735,106.7706,126.9264
408.8151,167.0641,104.5185,128.8220
410.0179,167.9429,102.1129,130.7341
411.2014,170.6978,99.7458,132.5442
412.4310,171.5837,97.2866,134.4213
411.7961,172.4412,94.9194,136.3436
411.1156,173.3073,92.6530,138.2388
412.2484,174.2356,90.3874,140.0005
411.7527,175.3375,87.7716,141.4036
411.2202,176.3849,85.2524,142.8931
410.7908,179.1763,82.5472,144.4385
410.4441,180.1795,79.6993,145.9733
410.0275,179.3401,77.0171,147.6521
408.0843,181.9511,73.9154,149.4183
407.6970,181.1981,71.2235,150.9243
407.3730,182.2199,68.4298,152.3223
405.5439,184.9268,65.2619,153.7347
405.3776,184.2541,62.2169,155.0800
403.6699,185.2643,58.9464,156.4027
403.4694,186.2418,56.0440,157.7511
401.8664,188.9409,52.7096,158.8931
398.8074,190.0666,49.1503,159.8676
398.5742,189.5736,46.4426,160.8536
397.0753,190.7806,43.1649,161.5773
395.4884,193.5727,40.1656,162.1662
391.0030,194.7250,36.9842,162.8997
391.8410,194.2984,35.3082,163.7529
388.9329,195.4579,32.2229,164.4010
387.3122,196.7987,29.6316,164.6358
382.9576,197.7569,26.8660,165.5880
383.5822,198.5411,25.6169,166.8468
374.6151,199.5209,23.8143,167.7067
375.2019,200.5468,22.6405,168.4501
374.4216,200.0259,21.4195,169.4919
370.9661,199.7318,20.0170,170.0800
369.8356,199.3675,19.5273,170.8086
360.6003,200.8361,18.7441,170.6220
360.6575,202.2759,18.6297,170.4742
360.4794,203.2917,18.9858,171.1700
350.8747,204.4259,18.9846,171.6460
350.4442,204.1553,19.8456,172.1874
345.9978,204.0898,20.4103,172.3183
341.3299,204.0878,21.3776,172.3223
336.4941,203.8936,22.6214,172.7108
334.2766,203.6820,24.2162,173.1339
324.8382,204.8464,25.8240,173.6834
323.9160,204.4793,27.6685,174.4174
317.2330,204.1376,29.1733,175.1010
314.7343,203.8710,31.1660,175.6342
309.2879,202.0686,32.9040,176.1874
305.2458,201.6022,34.8014,177.1201
301.1511,201.3424,36.7035,177.6397
296.9484,201.0200,38.7333,178.2846
292.6794,200.7045,40.7991,178.9156
288.3469,198.7256,42.8946,179.5886
283.9872,196.8449,44.9455,180.0158
281.1782,196.6794,47.1843,180.3468
275.0422,194.6727,49.1772,180.9338
272.2175,194.6304,51.3545,181.0183
269.3896,192.7907,53.4962,181.1836
266.5557,192.5540,55.6076,181.6572
261.9419,190.5464,57.6308,182.0702
259.1723,188.6866,59.5247,182.1443
256.4316,186.6781,61.3246,182.4799
251.7140,186.2947,63.3218,183.2467
248.7632,184.4010,65.4570,183.2677
245.7104,182.5369,67.7571,183.1904
244.5702,180.6060,70.0376,183.2063
241.4776,178.6528,72.3354,183.2254
238.3953,178.6532,74.5714,183.2246
235.3834,176.7726,76.6266,183.0173
234.4076,174.7579,78.5782,183.0444
231.4733,174.8771,80.4096,182.8061
230.5806,172.8505,82.1951,182.7934
227.6700,170.8395,83.9191,182.7182
226.8011,168.8212,85.6569,182.6285
225.9225,166.8217,87.4141,182.4720
222.9148,166.9912,89.2456,182.1330
222.1051,165.0542,90.8650,181.7965
221.3076,163.1752,92.4601,181.3205
220.5916,161.4955,93.8920,180.4257
219.8356,159.8738,95.4040,179.4031
219.0113,158.2207,97.0527,178.4324
218.2138,158.6921,98.6477,177.4897
217.4698,157.0948,100.1356,176.3803
216.6937,155.3859,101.6880,175.4851
215.9119,155.9256,103.2515,174.4056
215.1735,154.3383,104.7283,173.2437
214.4514,152.8136,106.1726,171.9491
213.7869,151.4548,107.5014,170.3174
213.2087,152.3015,108.6579,168.6241
212.5820,150.8790,109.9114,167.1280
214.2066,151.7236,111.0015,165.4388
213.6238,150.1711,112.1672,164.2116
215.2813,150.9147,113.1853,162.7244
214.7201,151.4703,114.3077,161.6132
216.4682,150.0712,115.1406,160.0821
218.2334,151.0052,115.9300,158.2141
217.6442,151.8382,117.1084,156.5481
219.1828,150.5906,118.3295,154.7449
220.8744,151.5779,119.2373,152.7703
220.4880,152.8038,120.0099,150.3187
222.2943,153.8881,120.6479,148.1501
221.9590,154.7599,121.3185,146.4064
223.8347,155.9535,121.7786,144.0191
225.7355,157.1237,122.1591,141.6788
227.5176,158.2510,122.7469,139.4242
229.4240,159.2440,123.0609,137.4382
229.3570,160.2664,123.1947,135.3934
231.3584,161.1310,123.2630,133.6643
233.3222,162.1498,123.3808,131.6265
233.2408,163.2209,123.5437,129.4844
235.0865,164.2769,123.8365,127.3724
236.9325,165.2051,124.1004,125.5161
238.6690,165.9106,124.5585,124.1050
240.5070,166.7024,124.7985,122.5215
240.5617,169.4857,124.6890,120.8496
242.5529,170.5161,124.5733,118.7887
242.5264,171.3962,124.6262,117.0285
244.2764,174.2900,124.9315,115.0462
244.2447,175.4219,124.9948,112.7824
246.1696,178.4345,124.8882,110.5003
247.9863,181.2852,124.9600,108.5042
247.7034,182.1960,125.5258,106.6825
249.4124,184.9143,125.7617,104.8998
249.2872,189.2569,126.0121,103.4721
249.0404,190.1643,126.5057,101.6572
250.7835,191.2540,126.6072,99.4779
250.8126,194.3239,126.5490,96.8921
251.0946,197.3817,125.9850,94.2875
251.2689,198.4936,125.6365,92.0636
251.4498,200.9711,125.2747,90.5268
251.4492,201.3762,125.2760,89.7167
251.8819,205.3719,124.4104,88.4734
253.4524,207.2795,124.6101,87.9987
254.2248,209.7256,123.0652,86.4424
253.6113,211.0937,124.2921,86.9928
261.3035,211.9118,125.4794,85.3566
257.0417,214.4459,127.3926,83.5936
254.7086,216.9632,128.7542,81.8638
253.7253,219.3228,130.7208,80.4407
252.9088,219.9087,132.3539,79.2690
250.3832,223.7757,134.0988,78.1475
249.8293,225.9018,135.2064,77.2087
249.4512,226.3796,135.9627,76.2530
248.9288,226.8493,137.0076,75.3136
246.7900,229.0643,137.9769,74.1919
246.2268,231.2403,139.1033,73.1432
245.6842,231.6681,140.1886,72.2875
245.2352,232.2010,141.0865,71.2217
244.7051,234.4212,142.1467,70.0791
244.3873,235.0959,142.7823,68.7297
243.9479,235.7302,143.6612,67.4611
243.5095,236.4939,144.5379,65.9337
241.3708,237.2441,145.5591,64.4334
240.9309,237.9694,146.4389,62.9827
240.4237,238.7047,147.4533,61.5122
240.0377,239.5655,148.2253,59.7906
237.9900,240.3457,149.1198,58.2301
237.6756,241.1790,149.7485,56.5636
237.3561,242.0149,150.3875,54.8918
236.8988,242.8507,151.3020,53.2202
236.5835,243.7809,151.9327,51.3598
236.1165,243.3884,152.8668,49.0429
235.8923,244.3320,153.3151,47.1555
235.6022,243.7713,153.8953,45.2327
234.2338,244.5231,153.6152,43.7289
231.6138,244.0342,152.8855,41.7220
230.9546,244.7530,154.2039,40.2844
230.5236,242.7029,155.0659,38.5275
228.8529,241.7581,155.4999,37.5097
228.7807,240.8430,158.5383,36.4460
224.7991,238.3177,160.6690,35.6641
227.3425,235.5874,164.3754,35.2626
226.5858,234.6942,168.8636,34.0741
227.2458,235.4809,170.5580,32.5006
226.0681,236.0592,169.9063,31.3439
225.0502,236.5030,168.9664,30.4564
224.4906,236.9938,170.0856,29.4748
222.5515,237.6581,168.0814,28.1461
222.5353,236.9454,165.2267,26.6846
224.9272,234.8350,163.2614,25.2684
225.4637,233.8624,162.1885,24.4505
225.7488,231.4687,161.6183,23.7744
226.1225,231.2191,160.8708,24.2736
226.1456,229.6506,160.8246,24.7006
226.1627,228.0429,160.7905,25.1980
227.4211,226.3692,161.0011,25.8179
228.8911,224.5933,160.8038,26.6270
228.9590,221.3442,160.6680,27.6131
229.0208,219.1597,160.5445,29.2083
229.1122,217.0712,160.3615,30.5818
229.1922,216.3679,160.2016,31.9883
229.2418,214.4147,160.1023,33.0414
229.3211,212.3271,159.9437,34.3442
229.3077,210.1165,159.9706,35.8699
229.2855,206.5107,160.0150,37.2313
229.2903,204.4359,160.0054,38.4288
229.4473,202.3438,159.6914,39.6384
229.8990,200.2204,158.7879,40.8919
230.2697,198.2079,158.0467,41.9124
230.7191,196.2614,157.1478,42.7922
231.0396,194.1867,156.5069,43.9243
231.4010,192.1096,155.7839,45.0492
230.2729,191.5313,155.0000,46.2058
230.2121,187.7981,155.1216,47.5709
228.2380,185.7603,155.9922,48.5690
230.0158,185.3932,155.5450,49.3033
227.8912,181.7439,156.6785,50.3706
227.8665,179.6874,156.7280,51.3323
228.2950,179.1568,155.8710,52.3936
230.3622,176.9613,154.9135,53.6074
230.5382,174.8176,154.5616,54.7095
230.7502,174.1805,154.1376,55.9838
232.5217,173.7430,153.8120,56.8588
233.1706,172.0839,152.5143,56.9483
234.1687,170.2782,153.7296,57.3481
233.7373,167.9510,154.5925,58.7661
234.9861,166.9966,155.3690,60.6749
235.0235,166.0761,155.2943,62.5159
233.4850,163.5349,155.0198,64.2471
231.8578,159.7854,154.8960,64.9895
231.8443,157.8634,154.9231,65.4438
232.2818,157.4021,154.0481,66.3665
232.5419,157.0637,153.5278,67.0433
232.8008,156.8042,153.0099,67.5622
233.2184,156.8286,152.1747,67.5134
233.9179,154.7766,150.7758,68.2226
234.1818,154.3911,150.2480,68.9936
234.5690,154.3598,149.4737,69.0563
234.7857,154.1157,149.0402,69.5444
235.0224,153.6604,148.5669,70.4550
235.3885,152.7081,147.8346,72.3596
235.6618,150.7049,147.2879,72.9496
235.7478,150.3628,147.1161,73.6338
236.0255,150.3592,146.5605,73.6411
236.1593,150.3227,146.2930,73.7141
237.8873,148.6091,146.2543,73.7241
237.2124,147.3352,147.6041,72.8551
237.1846,147.2251,147.6597,73.0752
237.4780,146.6560,147.0729,74.2135
237.5479,146.1744,146.9331,75.1767
237.4787,146.0985,147.0714,75.3285
237.5148,145.6005,146.9993,76.3245
238.0371,145.2883,145.9547,76.9489
238.3931,145.2760,145.2427,76.9735
238.8226,143.6471,144.3836,76.7734
239.3139,143.3730,143.4011,77.3215
239.9718,142.5689,142.0852,78.9298
240.5268,142.2914,140.9752,79.4847
241.0545,141.8317,139.9199,80.4041
241.9501,139.5283,138.1287,81.5732
242.7336,138.9350,136.5616,82.7598
242.8360,138.3880,136.3568,83.8537
243.2379,136.1502,135.5530,84.8860
243.8545,133.9236,134.3199,85.8908
244.1485,132.2915,133.7319,85.7081
246.6946,129.8851,132.0746,87.0860
247.4779,127.7679,130.5081,87.8872
248.7705,127.2625,127.9229,88.8980
249.9411,126.5163,125.5815,90.3904
250.9003,123.3265,123.6632,93.3802
251.7660,121.8042,121.9319,96.4248
252.2964,118.6663,120.8710,99.2679
252.9209,115.5757,119.6221,101.9865
254.0461,112.7219,117.3716,104.2068
256.8378,109.9131,115.2762,106.3367
257.6763,109.2290,113.5990,107.7049
258.4228,106.4057,112.1062,109.8667
261.0889,105.2460,110.2695,112.1860
262.0565,102.4123,108.3342,114.3502
264.6904,97.9952,106.5731,116.1715
267.1820,97.3044,105.0968,117.5531
267.9312,94.6390,103.5985,119.3788
270.6418,94.0032,101.6865,120.6505
271.8264,93.1316,99.3173,122.3938
276.9198,90.8303,96.1041,123.5094
280.0544,90.1074,93.2865,124.9552
281.2086,89.3775,90.9782,126.4150
284.0993,88.5184,88.6088,128.1332
287.0711,87.7352,86.0643,129.6997
288.3712,87.0631,83.4640,131.0438
291.8081,84.3978,79.9475,133.0172
297.1129,83.4722,75.9933,134.8684
298.5768,81.1198,73.0656,136.2850
301.7867,80.5531,69.9047,137.4186
306.3976,80.0038,67.1256,138.5170
311.3523,78.1702,63.5948,138.9950
314.4439,77.8519,60.5464,139.6317
317.4953,77.4404,57.5339,140.4545
320.4679,77.0888,54.6374,141.1578
323.3438,76.7101,51.8927,141.9152
326.4776,76.7106,48.5939,141.9141
329.6264,76.6995,45.2050,141.9364
332.7968,76.4323,41.7111,142.4707
337.2622,76.3328,38.3601,142.6697
340.0168,76.1619,35.5810,143.0116
344.2041,76.1355,32.5707,143.0644
349.5408,77.5014,29.7739,142.9581
350.0362,80.9688,28.7831,141.1635
350.6454,82.1148,27.5648,141.3972
352.7515,83.2954,25.8579,141.5414
354.9592,84.7952,23.9162,141.0156
355.3423,82.1699,23.1501,138.9816
357.8627,91.4443,22.8788,134.7415
358.6331,98.0209,23.6587,133.1918
359.4791,93.5605,24.2814,130.5394
359.2081,97.6432,24.8234,129.2443
357.2542,94.2528,26.4486,126.8943
361.0965,119.0722,27.8905,127.4518
360.4320,102.1135,29.2195,128.9267
359.5944,98.4840,30.8947,129.0953
359.8505,98.6721,32.7805,128.7190
360.2145,101.2760,34.4810,128.3683
361.4152,107.2124,36.9910,128.7740
360.5880,107.7063,38.6454,127.7861
360.1293,108.8734,39.5627,125.4519
359.1892,110.2513,41.4429,122.6961
358.2296,112.4752,43.3622,120.7527
357.4753,116.9734,44.8708,119.2913
356.7893,119.0142,46.2428,117.7275
356.1638,122.1502,47.4937,116.4958
355.6296,122.4378,48.5621,115.9206
354.9814,124.0853,49.8586,115.1610
354.3336,124.3011,51.1541,114.7295
353.6757,125.7802,52.4699,114.3351
353.0663,127.2020,53.6888,114.0728
352.4700,128.5902,54.8813,113.8951
351.9184,129.9474,55.9846,113.7977
351.3866,131.0146,57.0482,114.2981
350.9274,132.2349,57.9665,114.5178
350.5639,132.5427,58.6935,113.9022
350.3345,132.7261,59.1524,113.5355
350.1118,134.1686,59.5977,113.3361
349.8355,134.1338,60.1503,113.4057
349.7123,134.2189,60.3968,113.2354
349.6114,134.2624,60.5986,113.1484
349.5430,134.2999,60.7353,113.0736
