1
206.9594,272.8088,103.0813,69.3824
207.2770,273.0142,102.4460,68.9716
207.5248,273.2008,101.9504,68.5983
207.6663,273.4525,101.6674,68.0949
207.6771,273.6268,101.6459,67.7463
207.7867,273.7906,101.4265,67.4187
207.7669,272.6176,101.4662,67.1193
207.8510,271.4718,101.2979,66.7698
207.9303,271.6979,101.1394,66.3176
207.8970,270.6020,101.2059,65.8867
207.9462,268.2565,101.1077,65.3443
208.0037,268.3940,100.9927,65.0694
208.0573,266.0537,100.8854,64.5504
208.0476,265.0202,100.9048,64.0279
208.0729,263.9872,100.8541,63.5127
208.1387,262.9532,100.7226,63.0090
206.9341,262.0068,100.5705,62.3406
207.0908,259.8051,100.2570,61.6482
207.2460,257.5350,99.9467,61.1254
207.4131,256.4532,99.6125,60.7710
206.2875,255.5052,99.3566,60.1599
206.4231,253.4228,99.0854,59.3386
206.5541,251.3284,98.8233,58.5771
205.5668,249.1983,98.3395,57.9205
205.8907,248.2310,97.6918,57.4150
205.0004,246.2511,97.0504,56.5308
204.2179,244.3785,96.2179,55.4812
203.2181,242.4327,95.8502,54.6381
203.5584,240.6817,95.1697,53.4450
202.8619,239.8316,94.2454,52.8279
202.4194,236.7840,92.8373,52.0439
201.7373,235.9131,91.9428,51.5268
201.4039,233.0542,90.3727,50.5341
201.0087,231.2696,88.9664,49.7100
200.8723,229.5232,87.0772,48.8790
200.5839,227.6280,85.5341,48.4297
199.4119,225.9201,83.6996,47.6669
198.4354,223.1392,81.5541,47.0810
198.2431,222.4361,79.9312,46.4798
197.4909,219.8831,77.4893,45.6660
196.7502,218.2083,75.1242,45.1693
195.1970,217.3680,72.5916,44.9702
193.9976,213.9560,69.4749,44.4401
192.7690,212.5608,66.5828,43.6642
192.0342,209.4400,62.8721,42.9988
190.4510,209.6439,59.3990,42.5911
189.8982,208.1945,55.7024,42.2885
190.0585,205.7368,52.3028,42.5852
186.3720,203.7596,49.2294,43.5550
184.4336,198.5573,45.8037,45.1967
180.9779,197.9025,42.6837,46.5062
178.4335,195.3931,39.3470,47.3122
174.9349,195.3927,36.8013,47.3131
171.2901,195.6242,34.8365,46.8500
167.1369,192.6447,34.1626,45.1116
162.3845,193.5002,34.9494,43.4005
157.0520,194.2158,36.9898,41.9693
151.7492,194.2668,40.1386,40.6246
147.2376,194.3229,44.0743,39.2405
142.1072,193.6518,49.0891,37.9598
136.7381,194.1416,54.3551,36.9800
132.5471,194.0036,59.8735,35.8242
127.5328,194.4200,65.4168,34.9916
122.1397,194.5825,71.5139,34.6665
118.0033,195.5361,78.1399,34.4061
114.3575,195.8588,83.6931,33.7606
110.1926,196.9407,90.2153,33.4043
107.9991,198.0422,94.6024,33.0958
106.0015,199.1071,98.5977,32.9180
104.4640,199.9856,101.6727,33.1665
105.2709,200.9208,104.1664,33.3498
108.5938,201.9373,105.8910,33.4094
110.0036,202.9303,107.3077,33.5415
115.9309,203.9810,108.2973,33.5808
120.0584,205.1543,108.6642,33.3898
127.5108,206.3643,108.8592,33.1268
129.8055,206.4856,108.5799,32.8843
137.7907,207.7952,107.6355,32.4116
145.5363,207.8941,107.0153,32.2137
152.4388,208.0799,105.8822,31.8421
159.2693,208.3660,104.7557,31.2701
167.2721,208.6153,103.1877,30.7714
175.1587,208.8457,101.6319,30.3106
183.9660,209.1752,100.0213,29.6515
192.6480,209.4993,98.3812,29.0034
201.1097,208.9080,96.8997,28.2559
209.4497,208.3650,95.3829,27.4464
217.3335,208.6759,94.4864,26.8246
226.0831,207.3502,93.4986,25.8067
235.6887,206.8998,92.3038,24.9059
243.4833,207.2101,90.8576,24.2853
254.4874,205.9770,89.6797,23.2798
262.8394,204.7095,88.2786,22.4141
272.6577,204.1303,86.9488,21.9083
281.3606,202.9040,85.9031,21.0889
290.5525,202.3911,85.1826,20.5090
298.9336,201.1712,84.2667,19.7796
309.5529,200.0206,83.2802,18.9651
317.6587,198.0863,82.3532,18.2483
325.3631,198.2032,81.9615,18.0144
335.3199,194.7924,81.4404,17.3772
342.2285,194.9624,80.8727,17.0374
353.3491,194.5365,80.4966,16.4314
360.6719,193.4082,80.2575,15.8067
370.0707,190.2237,79.9871,15.0500
376.5059,190.3463,79.7760,14.8048
384.1259,190.4137,79.9232,14.6699
392.4171,186.4828,80.1198,14.1423
400.6852,186.6253,80.2705,13.8573
406.0529,186.1331,80.6313,13.4546
414.8179,185.6192,81.0935,13.0984
420.7749,180.8547,81.6297,12.9441
426.9047,180.9833,81.8593,12.6868
432.9842,181.0677,82.1717,12.5180
440.2372,180.4736,82.9189,12.3196
445.6112,175.7354,83.3148,12.0449
450.9604,175.8229,83.7598,11.8700
456.2411,175.8779,84.3629,11.7601
461.5405,171.0167,84.9772,11.6708
466.2289,171.0267,85.4587,11.6508
470.9638,171.0773,85.8906,11.5496
474.8603,167.6493,86.6084,11.3133
476.6915,167.7105,87.2167,11.1910
480.6104,166.9830,87.9555,11.2166
483.1887,164.8468,88.5595,11.1686
484.9233,164.8450,89.4328,11.1722
486.0435,158.9154,90.1114,11.3547
486.4830,158.8930,90.7051,11.3995
488.2127,158.8799,91.6909,11.4257
489.3947,158.8618,92.3187,11.4619
489.6484,157.3461,93.3165,11.4828
489.9426,153.5848,94.2475,11.4085
489.2658,153.5472,95.6011,11.4837
488.9710,153.5040,96.1906,11.5700
488.5869,153.4392,96.9590,11.6997
486.6715,153.2910,97.6416,11.9960
485.4147,146.8513,98.5659,12.1601
483.3519,146.8449,99.4805,12.1728
481.2161,146.7971,100.5153,12.2684
478.3759,146.7506,101.2921,12.3614
475.5731,146.7164,101.9562,12.4298
472.8116,146.5574,102.5062,12.7479
470.6905,142.4157,103.4047,12.6724
465.3548,142.3937,103.9806,12.7163
462.4452,142.3394,104.7256,12.8251
458.7908,142.2084,105.2188,13.0871
455.7794,142.0713,106.0934,13.3613
450.1986,141.1684,106.8529,13.4334
445.4249,141.0504,107.6722,13.6693
441.5800,140.9110,108.3151,13.9482
436.6026,140.7621,109.3887,14.2459
430.8262,134.4282,110.1588,14.3341
426.0060,134.3179,110.7517,14.5545
421.8607,134.2498,111.7536,14.6908
416.0231,134.1873,112.3965,14.8158
411.1247,134.1366,112.9425,14.9173
406.2121,134.0827,113.4691,15.0250
401.3152,133.9142,113.9171,15.3620
396.1183,133.7255,114.9000,15.7394
389.9630,133.6448,115.7903,15.9008
383.9822,133.5506,116.2380,16.0893
378.6347,133.3877,117.2885,16.4149
375.2931,133.3478,118.1217,16.4948
369.7882,138.3117,119.3159,16.3826
364.5019,138.1878,120.0019,16.6303
360.0952,138.1154,120.8481,16.7751
355.5864,138.0129,121.8401,16.9801
349.2879,137.8870,122.2918,17.2320
345.7162,138.8909,123.3284,17.2597
341.1442,139.8180,124.2708,17.4559
336.6755,146.9178,124.9387,17.7281
335.0757,146.7648,126.0561,18.0340
331.4263,146.6511,127.0440,18.2614
327.6266,146.5451,128.2777,18.4735
324.8656,154.0127,129.5131,18.5408
323.0606,153.9653,130.9615,18.6356
319.1793,153.9484,132.1736,18.6694
317.4476,162.5618,133.4359,19.0501
316.7766,162.4458,134.7781,19.2821
315.2268,162.3213,135.6282,19.5311
313.5405,171.1653,136.7349,19.9710
313.9987,171.0517,138.1086,20.1984
313.2126,173.4945,139.6809,19.9401
311.2967,181.7096,141.1824,19.8213
310.6621,181.6327,142.4516,19.9752
311.1248,190.0019,143.8953,19.8207
310.1581,190.0186,145.8288,19.7872
310.3318,198.6058,147.8934,19.4964
309.5502,198.6968,149.4565,19.3144
310.0667,208.5477,150.8759,19.2312
310.5358,208.7959,152.4078,18.7346
313.7324,208.8898,153.4581,18.5469
314.4081,218.9627,154.5984,18.3352
315.1874,218.9875,155.5428,18.2855
317.0781,228.8444,156.7917,18.6923
319.2064,228.4222,157.6162,19.5367
323.9498,231.8575,158.4063,20.3738
327.6737,233.8246,158.7501,21.6339
330.0966,238.2091,159.1593,23.3751
335.6573,237.1785,158.7113,25.4362
338.5341,241.3253,158.3646,27.9564
342.7602,241.3037,158.1583,30.7482
348.8474,241.3646,157.1864,33.4271
352.2515,241.3270,156.0566,36.3414
361.6635,242.6786,154.5097,39.3973
363.9898,241.1577,152.7731,42.4392
373.7106,239.7084,151.0250,45.3377
376.5062,238.3124,148.4120,48.1297
385.5651,235.2155,145.2579,51.3307
389.9699,232.2326,142.4608,54.2904
397.6600,229.2491,139.1592,57.2377
401.1603,226.3466,135.1834,60.0177
409.4545,220.1852,130.6612,63.2910
414.4539,215.6782,126.6783,66.2891
418.1646,208.1489,122.2583,69.3420
423.3500,202.4741,117.8642,71.7263
427.1938,197.0632,113.1402,73.6577
430.8430,191.7578,108.7669,75.4928
435.9846,186.6784,104.2635,76.9821
439.7245,180.4694,99.6299,78.0153
441.8344,174.3771,95.4101,79.0305
443.9324,169.7928,91.2141,79.9668
446.0360,161.3259,87.0070,80.7349
448.0617,158.3302,82.9556,81.4439
450.0277,150.2161,79.0235,82.1385
452.0298,148.6768,75.0194,82.6791
451.5589,141.1151,70.9957,82.9063
452.0678,137.3983,67.5561,83.0744
452.4364,133.7721,64.4500,83.2199
451.9369,128.9980,60.8073,83.4849
451.2462,125.6098,57.6582,83.4654
449.3614,121.3010,54.7884,83.2305
448.4906,120.3550,52.2062,82.9606
447.5206,116.3738,49.9165,82.4638
446.4032,114.5125,48.0135,82.0485
445.2221,111.6119,46.3144,81.7579
443.9694,110.7465,44.8250,81.4913
442.6641,109.8820,43.4992,81.2520
441.2346,108.0478,42.4741,81.0366
439.8166,107.1076,41.4678,80.9958
438.2470,106.1458,40.8005,81.0161
436.6190,106.1826,40.2723,80.9425
435.8537,106.1879,39.9211,80.9319
433.2351,105.2769,39.5314,80.8782
431.4881,105.2649,39.2894,80.9022
429.7892,104.3797,38.9587,80.8085
428.0851,103.4325,38.6527,80.8457
425.4246,103.4692,38.4169,80.7725
423.6089,103.5346,38.3540,80.6416
419.9022,102.7073,38.3910,80.4521
418.1312,101.8239,38.2490,80.3769
415.4238,100.9437,38.1483,80.2987
412.6356,100.8205,38.2182,80.5452
408.9666,100.7969,38.1946,80.5925
408.0126,100.8528,38.2620,80.4807
404.3562,100.9933,38.2142,80.1997
401.6238,100.1489,38.1733,80.0531
398.8188,100.2374,38.2861,79.8761
396.0751,99.4247,38.2780,79.6698
392.3718,99.4325,38.3703,79.6541
388.6355,99.4088,38.5228,79.7015
386.7485,99.4133,38.6300,79.6926
382.9926,99.4631,38.8016,79.5929
381.0385,99.5978,39.0364,79.3236
377.2237,99.7220,39.3191,79.0752
375.1909,99.9033,39.7088,78.7125
370.5323,99.9937,39.8286,78.5317
367.6877,100.0463,40.0012,78.4266
363.8932,101.0875,40.2292,78.1845
361.9849,101.1577,40.3643,78.0441
358.1995,102.2544,40.5714,77.6916
356.2695,102.3205,40.7528,77.5593
351.5056,103.3863,41.0781,77.2683
349.4906,104.3942,41.4245,77.0943
346.5616,104.5148,41.7468,76.8532
343.7339,105.6412,41.8608,76.4476
340.7656,106.6324,42.2681,76.3081
338.7632,107.6764,42.5769,76.0682
334.9727,108.7215,42.7590,75.8278
332.9428,109.7963,43.1203,75.5275
330.8937,111.7532,43.5165,75.3155
327.9181,112.7497,43.9040,75.1771
325.8609,114.8005,44.3004,74.7936
322.8111,115.8636,44.8198,74.5274
321.6575,116.9828,45.2621,74.1539
318.6526,119.0078,45.6715,73.8374
317.5418,122.0282,46.0242,73.4034
315.4718,123.0930,46.4275,73.1422
313.4130,125.1072,46.8029,72.8562
312.3461,127.1708,47.0634,72.4753
310.2473,131.1609,47.5173,71.9824
309.1497,132.2708,47.8405,71.6346
308.0921,135.3099,48.0835,71.1730
306.0547,138.3110,48.4199,70.7783
304.9985,139.4393,48.6635,70.3907
304.0081,143.3728,48.7772,69.9919
303.9096,144.5117,48.9742,69.5770
303.7908,149.3432,49.2118,69.2134
302.7604,151.3081,49.4143,69.0002
302.6536,154.2768,49.6279,68.6380
302.5824,156.3380,49.7704,68.2284
302.4342,161.2075,50.0666,67.7522
302.2766,162.4770,50.3819,67.0634
302.1608,165.7369,50.6135,66.0782
302.0069,168.1524,50.9214,64.9144
301.8292,170.6113,51.2768,63.6383
302.6178,172.3210,51.5065,62.0260
302.4408,174.1310,51.8607,60.1921
303.9280,176.0933,52.4129,58.0308
303.7080,177.2902,52.8529,55.6371
304.4297,178.6848,53.1180,52.8478
305.9219,178.7917,53.4709,49.2965
306.4841,178.3152,53.9646,45.3953
309.3266,177.9628,54.5327,41.4104
309.1240,175.3055,54.9380,37.6806
310.2190,172.7870,55.6524,34.0043
313.2182,173.0719,56.6619,30.6315
312.1378,169.6452,57.4633,27.9695
316.7494,166.9717,57.5167,25.3653
317.7256,162.4269,55.5642,24.2113
320.4181,158.6926,52.6428,24.2891
322.9247,153.7648,51.2019,25.8093
324.1080,148.4247,50.0316,28.1161
327.1811,145.7275,48.7593,31.0736
328.3969,140.8470,47.5774,34.5872
330.0439,138.1265,46.8630,38.7382
332.4701,136.0020,46.0503,42.9874
334.9815,134.6622,45.2334,47.0688
335.2150,134.1189,44.7664,51.0625
337.0824,135.4273,44.0481,54.4789
338.2433,137.9610,43.2757,57.1585
339.4116,140.7946,42.5170,59.3807
340.6376,145.5884,41.6642,60.9875
342.6746,150.6013,40.8089,62.2272
343.0045,156.8046,40.1492,62.7314
344.2289,163.0920,39.3106,63.0395
346.3140,169.4504,38.3425,63.1304
346.6338,176.6195,37.7028,63.0664
347.7785,185.4008,36.9877,62.8212
348.9136,192.7067,36.2761,62.2366
349.2080,202.8815,35.6873,61.8790
350.2196,210.7801,35.1867,61.3076
352.0415,218.7499,34.5542,60.4240
352.9853,227.9067,34.1482,59.8919
353.8728,235.5425,33.8403,59.2903
354.7506,244.5123,33.5376,58.7853
355.6543,252.7468,33.1705,58.1590
356.5015,260.1535,32.9008,57.5929
358.7910,268.1791,32.5570,57.0712
358.8312,273.9509,32.4767,56.7132
360.3542,281.0747,32.2137,56.3810
361.1168,286.7181,32.0707,56.1515
362.5619,292.2231,31.9333,56.1521
363.3203,297.7711,31.7902,56.0481
365.4309,302.6128,31.6793,55.9549
366.1409,306.7414,31.6261,55.8982
368.8607,308.7550,31.6465,55.9662
369.5562,310.8116,31.6219,55.9520
370.1838,311.4915,31.7323,55.9581
371.5787,311.3614,31.6781,56.2182
373.6772,312.1204,31.5929,56.0709
374.3670,312.0333,31.5805,56.2451
375.1305,312.0353,31.4228,56.2410
375.9891,312.0381,31.0721,56.2356
376.1048,312.6583,30.8408,56.3557
376.2917,312.6428,30.4670,56.3867
376.4918,313.2184,30.0668,56.5878
376.7798,313.1115,29.4908,56.8016
375.1766,313.0397,28.6718,56.9452
374.8647,313.5672,27.9657,57.2202
373.9934,313.3903,27.0652,57.5738
371.8567,313.8803,26.0943,57.9050
371.5787,314.3972,25.3514,58.1700
368.9454,314.3252,24.1696,58.3140
367.5837,314.8461,23.0806,58.5430
364.9987,314.7141,21.9771,58.8070
364.3451,314.5620,20.8069,59.1112
360.5370,315.0558,19.8698,59.3456
357.5327,317.3572,18.6296,59.5754
356.4856,316.7990,17.1580,59.5032
352.3008,317.3975,16.2452,59.4664
348.8311,317.3512,15.1856,59.5590
346.0096,317.8398,14.0843,59.7058
342.0674,317.8078,13.1279,59.7698
338.1740,318.2172,12.2133,60.0388
334.8323,318.7452,11.3806,60.0563
330.9758,318.7428,10.6323,60.0612
327.1204,320.1737,9.9987,60.3286
323.1682,320.0309,9.6296,60.6142
319.0676,319.9760,9.5845,60.7240
314.7379,320.4535,9.9928,60.8003
308.7523,320.3549,10.5174,60.9975
303.5164,321.2276,11.5053,61.3597
298.1128,321.1407,12.6085,61.5335
292.5782,321.2122,13.7578,61.3903
286.2554,321.2783,15.1791,61.2582
280.3632,321.7966,16.6337,61.3694
274.3072,321.7633,18.1544,61.4360
267.4714,322.3392,19.7643,61.4903
261.7856,322.4782,21.2423,61.2123
255.9524,323.1933,22.8304,61.0419
249.4559,323.9627,24.2486,60.7892
243.5211,324.7179,25.6550,60.5867
237.4462,324.7094,27.1647,60.6037
231.3439,325.5767,28.5144,60.2260
225.1468,326.3965,29.9086,59.9615
218.7714,327.1315,31.4965,59.8867
213.0919,328.6536,32.9041,59.6858
207.3540,329.4940,34.2805,59.4477
202.3625,331.0009,35.4875,59.3593
198.0590,331.8323,36.6856,59.1783
193.7395,335.6966,37.8284,58.9459
187.8913,336.4881,38.9204,58.8778
184.9691,338.7742,40.1685,58.9018
179.8523,340.3414,41.0832,58.8739
176.9848,345.1115,42.1146,58.7408
173.3951,345.9242,42.9623,58.6983
172.1579,349.9315,43.8407,58.6646
168.5577,353.1380,44.6009,58.6918
167.4366,357.1561,45.2203,58.7698
165.4741,359.5416,45.8770,58.9014
165.2760,364.3390,46.2732,59.1877
165.1318,365.9108,46.5615,59.3595
165.8759,370.7029,46.7383,59.7653
168.2913,371.2516,46.9298,60.3419
169.9642,376.8952,46.9561,60.8569
175.0414,377.3728,46.9675,61.5959
177.6464,382.1309,46.8747,62.3145
183.6499,383.4043,46.8744,63.1981
187.2727,385.4478,46.5433,64.2969
193.4192,387.5271,46.4296,65.3581
200.5482,387.8373,46.2045,66.4919
206.9187,390.7544,45.8363,67.7278
214.2774,390.9165,45.3597,69.1838
222.5908,391.0571,44.8794,70.6965
231.0266,394.6519,44.2860,72.5506
241.5065,393.7833,43.4170,74.2877
250.2093,392.8433,42.5500,76.1678
260.7870,391.5989,41.7526,78.6565
270.6418,390.4168,40.7812,81.0206
281.6684,389.1939,39.5377,83.4665
293.6395,385.9564,38.4668,86.1295
303.9202,382.6685,37.1646,88.8534
315.2103,379.1551,35.9502,91.9957
326.7713,375.6622,34.4539,95.0495
338.5787,367.8818,32.6502,98.7133
349.5721,361.9548,30.6860,102.5584
363.8449,356.2747,28.4079,105.8361
372.8248,348.4406,26.6422,109.3588
382.1265,339.4098,24.3613,113.1383
396.7129,330.5121,21.8308,116.5877
405.6600,319.0705,20.3218,121.0376
414.2759,309.4146,19.7307,125.7888
422.4410,297.2720,20.4731,130.8675
428.3497,285.3310,21.9705,136.9963
432.7162,269.5893,24.9068,142.8075
435.6057,258.5345,29.0182,147.6087
437.0400,244.5732,34.0100,151.9503
436.9882,229.9316,39.6683,156.2373
436.7748,216.2135,45.9859,160.1100
435.2440,202.0163,52.1661,163.5547
431.9295,188.9778,58.7953,166.6575
428.3380,175.4121,65.9784,169.6575
422.6499,163.1243,73.7346,172.5138
416.7031,150.4311,81.8290,175.1055
408.5089,139.3264,90.2595,177.4199
399.9722,125.9405,99.0145,179.2365
391.1580,116.5756,107.9706,180.6219
382.0324,109.3041,117.2045,181.6391
372.7036,104.4411,126.5047,182.0074
360.7391,99.7188,135.9173,181.7745
351.0371,92.6165,145.3414,181.0091
341.2290,90.7394,154.6942,179.6317
331.3406,89.1282,163.9483,177.5927
324.1084,87.7425,173.0353,174.9867
317.0567,89.4097,181.6580,171.6522
310.1148,91.3451,189.9783,167.7814
306.1706,93.5845,197.8669,163.3026
302.5039,96.1252,205.2002,158.2212
298.8153,101.9925,212.5774,152.1978
295.5099,108.0830,219.1883,145.7417
292.7611,111.2322,224.6858,139.4433
293.2152,114.4980,229.4725,132.9117
294.0125,117.8292,233.5338,126.2492
295.1452,121.1627,236.8710,119.5823
296.4950,124.3866,239.7083,113.1344
297.9580,127.2662,242.2488,107.3753
299.5501,129.8369,244.4670,102.2339
301.2106,132.2330,246.4900,97.4416
300.3093,134.6561,248.2926,92.5955
302.2025,137.3180,249.7325,87.2716
304.4080,140.2612,250.4722,81.3853
307.1994,143.4067,249.9432,75.0942
315.7578,146.5332,247.6164,68.8413
320.0260,149.3197,243.8607,63.2681
325.0465,147.3363,238.4427,57.9892
330.5914,146.6242,231.7996,54.9666
336.5536,141.1860,224.1711,52.9551
339.4891,138.7966,218.3002,53.5831
344.4689,136.0278,212.4211,55.0403
347.4771,129.1052,206.4045,56.8087
352.1649,126.0325,201.0031,58.9799
356.8988,120.9449,195.4741,61.2782
359.5559,117.8265,190.1597,63.6122
362.4009,110.8661,184.4697,65.9224
366.8423,107.8222,179.4180,68.1791
369.5299,102.9348,174.0430,70.3548
374.0674,98.2667,168.7292,72.1685
376.6314,93.6669,163.6011,73.9347
378.9567,91.0172,158.9505,75.5608
381.4050,86.7199,154.0538,76.8868
385.5236,82.4529,149.4024,78.2494
387.8100,78.2578,144.8296,79.5574
389.9052,74.1660,140.6392,80.7489
391.7384,72.0151,136.9728,81.5964
393.6637,68.1915,133.1223,82.4149
395.3246,66.0784,129.8005,83.2704
397.0694,62.4119,126.3108,83.9327
398.6396,60.4112,123.1705,84.6401
400.1829,58.5348,120.0839,85.1343
401.6855,55.0955,117.0787,85.5728
403.0807,53.3132,114.2882,85.9557
404.3552,51.6102,111.7393,86.2161
405.6385,49.9869,109.1727,86.3518
406.8570,48.4408,106.7356,86.3700
409.5432,46.9059,104.4002,86.4032
410.5836,45.3916,102.3193,86.4303
411.5336,43.9065,100.4192,86.4308
412.4158,42.4995,98.6548,86.3042
413.2514,42.5601,96.9836,86.1831
414.0445,41.1565,95.3974,86.1070
414.6949,41.1261,94.0967,86.1677
416.7704,39.7122,92.7837,86.1575
417.3020,39.7089,91.7206,86.1641
417.7552,39.7469,90.8143,86.0881
418.1751,39.8197,89.9744,85.9424
419.8853,39.9232,89.3242,85.7354
420.1999,39.9210,88.6949,85.7399
421.7121,40.0457,88.4174,85.4905
421.8268,40.1606,88.1881,85.2606
423.1913,40.1956,88.1904,85.1906
423.2015,40.2222,88.1700,85.1374
424.4676,40.2250,88.3670,85.1318
427.0255,40.2570,88.7156,85.0678
428.0133,40.3178,89.4764,84.9463
428.9510,40.4105,90.3475,84.7609
429.8320,40.4568,91.3428,84.6684
431.9410,39.0761,92.6676,84.6583
432.5815,37.6978,94.1784,84.6231
434.5913,37.7195,95.7884,84.5797
436.5059,36.3486,97.6374,84.4825
438.2715,34.9721,99.8384,84.3694
438.5900,33.5549,102.0997,84.3053
441.7632,33.6318,104.5499,84.1515
441.9079,32.1860,107.2278,84.0758
443.4239,30.7891,110.2100,83.8625
443.3479,29.4117,113.4112,83.5680
446.2492,29.6087,116.8880,83.1740
446.0374,29.8447,120.4510,82.7020
447.3444,28.5800,124.2078,82.0460
448.5858,28.9509,128.1872,81.3043
449.8028,29.3500,132.3100,80.5060
449.4364,29.8783,136.3693,79.4494
448.9812,30.4967,140.6487,78.2126
450.1070,31.1310,145.2198,76.9441
447.8119,31.8379,149.8101,75.5302
447.1176,34.6277,154.6987,73.4507
446.3072,39.2572,159.8550,71.2627
444.0655,42.1953,164.3385,68.9587
441.9783,45.2978,168.5128,66.3500
440.0065,50.5307,172.4565,63.1045
438.1393,55.8989,176.1908,59.5848
436.1382,65.1479,180.1931,55.4775
432.6655,70.6624,183.5594,51.6067
430.9078,81.6271,187.0748,47.4506
426.1912,83.2534,189.4563,44.1980
419.8605,98.8853,191.6256,40.9127
411.8906,100.5354,193.7078,37.6125
405.8694,115.7377,195.4624,34.6417
394.8838,117.1497,197.0623,31.8177
389.0948,131.6995,198.5563,29.6092
376.6972,132.4399,199.9867,28.1283
367.9317,146.0798,200.8790,27.4704
360.8262,157.7772,201.7829,27.3627
348.9196,157.4749,202.2371,27.9674
337.2859,170.5267,202.0155,28.7081
327.2023,170.0806,201.9781,29.6002
315.1644,183.0785,202.3595,30.6838
303.5576,187.9232,201.6895,31.2302
291.6021,189.1244,201.7050,32.2415
283.6780,201.2378,200.3829,32.0532
271.8293,202.9664,200.1962,32.0079
253.8167,214.9590,202.1362,31.8824
241.5145,214.8795,202.7106,32.0413
229.9151,218.8713,201.8016,30.9458
217.9230,231.0783,201.9192,30.3983
209.3284,231.3237,198.7076,29.9075
205.5973,232.0457,199.4780,28.4634
192.0313,232.5831,199.9901,27.3886
180.8792,233.0094,202.4174,26.5361
171.6758,238.5036,204.1792,25.5345
156.9464,238.5594,206.9752,25.4230
150.6141,238.6885,209.5326,25.1648
137.4071,238.4377,212.1537,25.6665
128.2328,237.9788,213.2755,26.5842
123.6471,237.5147,215.4880,27.5123
113.8385,238.4958,217.4605,29.0791
111.5310,237.5447,218.4874,30.9814
107.1514,238.1158,219.9653,33.4798
103.3709,238.4677,220.1037,36.4874
101.7619,238.8074,219.5482,39.5812
99.9194,239.0814,219.4065,42.8601
98.0229,237.4983,219.3102,46.0263
98.1539,235.8896,219.0483,49.2438
98.7068,236.0443,217.9426,52.9422
99.5181,236.0251,216.3199,57.0438
100.6067,234.1639,214.1428,60.7663
104.1383,232.4247,211.2369,64.2447
105.7159,230.6596,208.0817,67.7748
120.5762,226.9391,203.5692,71.0145
122.8169,225.5268,199.0879,73.8392
129.5589,224.0453,193.9706,76.8021
140.2947,222.4199,189.1517,80.0529
149.3406,216.5853,183.5143,83.4192
158.3073,213.2937,177.9684,85.8733
167.5276,210.3036,171.8013,87.7622
176.8843,205.3239,165.1890,89.6543
187.7278,202.2638,159.3780,91.8053
198.8446,197.5101,152.8231,93.4734
209.9174,194.8257,146.0792,94.9917
219.2308,190.4082,138.7775,96.2768
232.0726,186.2639,131.5262,97.1923
241.0160,183.8983,124.4147,98.3319
251.5632,178.2803,117.3274,99.0625
263.5931,176.1283,110.2910,99.9617
273.7020,169.3399,103.3136,100.2984
283.6920,167.4990,96.1590,100.7736
293.0452,164.1942,89.8571,101.1811
301.9697,159.4996,84.0367,101.5490
312.0257,156.5099,78.5215,101.6896
318.9478,152.3268,73.1735,101.5594
328.3174,147.3698,68.1473,100.5031
336.0599,145.0303,63.2371,99.8946
343.4176,142.9169,58.7326,99.0161
351.5542,139.6977,54.7788,98.0628
357.9383,137.6554,51.5415,97.3819
362.8600,134.4125,48.6501,96.9158
368.9242,132.5518,45.5643,96.1159
373.5737,129.5954,42.8514,95.4426
378.3021,127.6591,39.8089,95.0388
383.7452,125.7316,37.2370,94.7368
386.7509,121.8516,35.2825,94.3830
390.6687,120.1377,33.4117,93.8344
394.3315,119.4156,31.9257,93.3321
395.8912,118.6766,30.7187,92.8975
398.4315,117.0710,29.4065,92.3406
399.7603,116.3413,28.6010,91.9478
401.1064,115.6738,27.7405,91.4510
402.3486,115.7431,27.0648,91.3125
403.4446,115.7122,26.6671,91.3743
