1
295.8656,231.3035,46.8508,180.3931
295.8620,231.0497,46.8580,180.9005
295.8646,230.8293,46.8529,181.3414
295.8709,230.6244,46.8403,181.7513
295.8102,230.5245,46.9616,181.9509
295.7675,230.4018,47.0470,182.1964
295.7815,230.2645,47.0191,182.4710
295.7252,230.1796,47.1317,182.6409
295.6676,230.1612,47.2468,182.6777
297.3732,230.0622,47.2960,182.8756
297.3224,230.0572,47.3976,182.8857
297.2502,230.0545,47.5418,182.8910
297.1750,230.0831,47.6922,182.8338
298.9799,230.1249,47.5535,182.7501
300.6957,230.1821,47.5889,182.6359
300.5103,230.1617,47.9596,182.6765
302.1841,230.2923,48.0858,182.4155
302.0521,230.2842,48.3498,182.4317
303.7203,230.3858,48.4909,182.2283
303.5517,230.4403,48.8281,182.1195
305.1906,230.7079,49.0326,181.5841
306.7256,231.0104,49.4411,180.9792
306.6629,229.4199,49.5667,180.6826
308.1980,229.6793,49.9723,180.1637
309.7747,229.7828,50.2952,179.9566
309.6322,229.9505,50.5801,179.6214
311.2301,230.0630,50.8642,179.3964
312.7429,230.2136,51.3207,179.0950
312.5858,230.5221,51.6349,178.4781
314.0580,230.7525,52.1740,178.0173
315.5747,230.9981,52.6275,177.5260
315.4346,229.4286,52.9077,177.1767
316.7584,229.6295,53.7490,176.7747
318.1475,229.9300,54.4694,176.1737
319.5543,230.2030,55.1592,175.6277
319.2769,228.6123,55.7140,175.3008
320.6355,228.6050,56.5109,175.3154
322.0461,226.9838,57.2185,175.0288
323.4964,226.9948,57.8558,175.0068
324.9786,227.4070,58.4407,174.1823
324.7466,225.9593,58.9047,173.5295
326.0924,226.0454,59.7604,173.3575
327.4551,226.2450,60.5955,172.9582
328.8675,224.6888,61.3408,172.5006
328.5522,224.9155,61.9713,172.0473
329.9338,225.2192,62.7900,171.4397
331.4566,223.6937,63.3326,170.9028
332.7500,222.1756,64.3360,170.3487
334.0997,222.5580,65.2369,169.5840
333.6263,221.0556,66.1836,168.9833
334.9793,221.2874,67.0916,168.5195
336.3691,221.5589,67.9354,167.9767
337.7878,219.9610,68.7287,167.5417
337.3864,220.2550,69.5315,166.9537
338.7774,218.4806,70.3938,166.8583
342.0434,216.8041,71.1782,166.5529
341.4099,215.3025,72.4453,165.8885
340.6700,215.5341,73.9252,165.4253
343.7577,213.9999,75.1493,164.7939
342.9034,214.2486,76.8578,164.2964
343.9830,212.6029,78.4334,163.8532
345.0024,211.0508,80.1505,163.2016
346.1438,209.4950,81.6436,162.5369
347.5205,209.9656,82.6825,161.5958
348.7508,210.3202,84.0184,160.8867
347.9980,208.8238,85.5239,160.0704
349.1062,208.8522,87.1303,160.0136
350.2399,208.8701,88.7124,159.9778
351.3810,207.0172,90.3062,159.8076
350.5731,205.2563,91.9220,159.4288
351.5369,205.3923,93.9168,159.1569
352.6187,205.5702,95.7053,158.8011
353.7351,203.9324,97.4497,158.0995
354.8360,202.2810,99.2439,157.4065
354.1088,202.6515,100.6982,156.6655
355.5094,201.1130,101.9260,155.7135
354.7714,199.4106,103.4020,155.0833
353.9505,197.9620,105.0438,153.9301
355.1675,196.2402,106.6698,153.3135
356.4741,196.5014,108.1345,152.7911
357.8330,194.9050,109.5106,151.8900
357.1866,193.1456,110.8033,151.3057
358.7507,193.5619,111.7906,150.4731
360.2448,191.8078,112.9213,149.8625
361.9383,192.2274,113.6624,149.0233
361.3226,190.4379,114.8938,148.4748
363.0415,190.8260,115.5951,147.6986
364.6526,189.1325,116.5116,146.9471
364.2836,187.5707,117.2495,145.9286
365.9690,185.8797,118.0171,145.1721
367.8313,186.1886,118.4316,144.5544
367.3985,184.5348,119.2972,143.7257
367.0690,184.8840,119.9563,143.0273
368.8808,183.2411,120.4701,142.1756
368.5181,181.5470,121.1956,141.4311
370.2296,181.7934,121.9053,140.9383
369.8686,180.0616,122.6274,140.2655
369.6638,178.3340,123.0370,139.5829
371.3857,178.5279,123.7270,139.1950
371.2581,178.9170,123.9821,138.4169
373.0440,177.3439,124.5409,137.4324
372.8919,177.7977,124.8451,136.5248
374.7820,178.3257,125.1801,135.4688
374.6088,178.7556,125.5264,134.6090
374.3074,177.1944,126.1292,133.6354
373.9907,177.7001,126.7626,132.6239
373.6717,178.2069,127.4006,131.6104
373.2885,176.6566,128.1671,130.6322
373.0620,177.1288,128.6199,129.6878
374.7724,177.4455,129.2670,129.0544
374.2565,177.8642,130.2988,128.2171
373.8082,178.1477,131.1953,127.6499
373.4344,176.4441,131.9429,126.9811
373.0762,176.7758,132.6593,126.3176
372.7617,177.0795,133.2885,125.7101
374.4557,175.4861,133.9788,124.8186
374.2723,175.7908,134.3455,124.2093
373.8597,176.2113,135.1706,123.3683
375.4337,174.4985,136.0932,122.7235
375.2950,174.9009,136.3705,121.9186
375.1653,175.2298,136.6300,121.2610
374.8693,173.4829,137.2220,120.6952
376.6658,173.6400,137.6886,120.3809
376.5562,171.8852,137.9077,119.8287
376.3061,171.9870,138.4080,119.6252
378.0842,172.1102,138.9125,119.3787
377.8806,170.2743,139.3196,118.9860
377.6529,170.3643,139.7752,118.8059
377.4528,168.4530,140.1754,118.5597
377.1345,168.4722,140.8119,118.5212
378.8475,168.5481,141.4661,118.3696
378.6633,166.7069,141.8345,117.9640
378.3890,166.9819,142.3832,117.4140
378.1539,167.3022,142.8533,116.7736
377.9535,167.5301,143.2543,116.3178
379.7282,167.7109,143.7870,115.9560
379.4990,166.0216,144.2455,115.2501
379.2097,166.1868,144.8239,114.9197
378.9991,166.5181,145.2453,114.2571
380.8609,166.7925,145.6009,113.7084
380.7025,167.1724,145.9176,112.9484
380.5434,165.4070,146.2361,112.4110
380.3786,165.6314,146.5656,111.9622
382.2533,165.8935,146.8783,111.4379
382.1736,166.1324,147.0377,110.9601
382.0872,166.4172,147.2106,110.3905
381.9862,166.6591,147.4125,109.9068
381.8096,164.8685,147.7658,109.4466
381.6258,165.0165,148.1333,109.1504
381.4489,165.1933,148.4870,108.7969
383.3833,163.3671,148.6579,108.4096
383.2750,163.5196,148.8745,108.1046
383.1047,163.6338,149.2151,107.8762
382.9997,163.8411,149.4251,107.4616
382.8470,164.0538,149.7305,107.0363
382.7786,164.3242,149.8674,106.4954
382.6968,162.5899,150.0310,105.9413
384.6538,162.7803,150.1331,105.5605
384.5225,162.9930,150.3956,105.1350
384.4148,163.2152,150.6111,104.6907
384.3162,163.4145,150.8084,104.2920
384.2558,163.6527,150.9290,103.8156
384.1653,161.8337,151.1101,103.4591
384.1860,162.1127,151.0687,102.9012
384.2242,162.3944,150.9924,102.3378
384.1473,162.5409,151.1460,102.0447
384.0845,160.7226,151.2717,101.7128
384.0599,160.9250,151.3208,101.3081
384.0041,161.0795,151.4325,100.9990
383.8778,161.2372,151.6850,100.6836
383.7461,161.4337,151.9485,100.2907
383.6191,159.6751,152.2024,99.8565
383.5129,159.8279,152.4148,99.5508
383.3716,160.0077,152.6976,99.1913
383.2177,158.2538,153.0052,98.7548
383.0903,158.4677,153.2600,98.3270
382.8959,158.6481,153.6488,97.9662
382.6815,158.7925,154.0776,97.6774
382.4562,158.9949,154.5282,97.2727
382.2730,159.1766,154.8946,96.9093
382.1091,157.4126,155.2225,96.4982
381.9163,157.6884,155.6081,95.9465
381.7668,157.9394,155.9070,95.4445
381.6827,158.1338,156.0753,95.0557
381.6281,156.4775,156.1844,94.4428
381.4918,156.7817,156.4570,93.8344
381.3599,157.1046,156.7209,93.1886
381.2341,157.5036,156.9725,92.3906
381.0731,157.8539,157.2945,91.6900
380.9524,158.1379,157.5358,91.1220
380.7589,156.5251,157.9229,90.4668
380.5231,156.7705,158.3944,89.9760
380.2933,156.9803,158.8540,89.5565
380.0725,157.1764,159.2957,89.1642
379.8443,157.3421,159.7520,88.8328
377.6768,157.5219,160.2124,88.4732
377.3142,155.7803,160.9376,88.0810
377.0506,155.8969,161.4648,87.8479
376.8363,156.0803,161.8933,87.4811
376.6620,154.4367,162.2419,86.8850
376.3636,154.6184,162.8388,86.5216
376.2171,154.9386,163.1317,85.8813
375.9849,155.2419,163.5961,85.2747
373.8403,153.8180,164.0150,84.2521
373.4660,152.3056,164.7635,83.4180
373.1356,150.7954,165.4244,82.5828
372.8988,151.0790,165.8979,82.0156
372.5721,151.3346,166.5513,81.5044
372.1905,151.6046,167.3145,80.9643
369.7890,150.0305,168.2672,80.2622
369.4229,150.4415,168.9994,79.4403
369.0094,148.9412,169.8265,78.5925
368.5265,149.2216,170.7923,78.0316
366.0754,149.5135,171.8446,77.4479
365.6168,148.0909,172.7619,76.4383
363.1392,148.4375,173.8667,75.7450
360.7505,148.8432,174.7897,74.9337
360.3148,147.2983,175.6613,74.1702
359.8606,147.5221,176.5696,73.7225
357.3601,146.0356,177.7130,72.8381
354.8367,146.3550,178.9015,72.1992
352.3963,146.6049,179.9183,71.6995
351.7804,146.8250,181.1501,71.2593
349.3289,145.1834,182.1734,70.6628
346.7705,145.3712,183.4066,70.2873
346.1989,145.5083,184.5497,70.0130
343.5892,143.9125,185.8631,69.2986
341.0712,144.3446,186.9871,68.4343
338.5948,144.7167,188.0273,67.6902
338.0342,143.1231,189.1485,66.9633
335.4895,143.2948,190.3211,66.6199
332.9850,141.6702,191.4027,65.9418
330.4622,141.9178,192.5180,65.4466
329.8876,142.1270,193.6670,65.0281
327.3280,140.4792,194.8403,64.3778
324.7852,140.7175,195.9751,63.9012
322.2176,140.9694,197.1522,63.3974
321.5853,141.1985,198.4166,62.9391
319.2155,141.5907,199.1812,62.1547
316.6063,141.9728,200.4278,61.3906
314.2103,142.3723,201.2448,60.5916
311.5351,142.7959,202.6233,59.7444
308.8036,141.4493,204.1105,58.4619
305.9725,141.9497,205.8001,57.4611
303.2475,142.3732,207.2721,56.6142
302.6947,142.8647,208.3778,55.6311
300.0230,141.5027,209.7412,54.3752
297.3754,142.1117,211.0612,53.1573
294.7784,142.6934,212.2843,51.9939
292.1085,143.1501,213.6582,51.0805
289.4730,143.4634,214.9615,50.4538
286.7884,143.6657,216.3568,50.0493
286.1274,143.8979,217.6788,49.5849
283.5686,142.1496,218.8010,49.0861
281.0421,142.4565,219.8525,48.4724
278.5312,142.7699,220.8701,47.8456
275.9687,143.0333,221.9886,47.3187
273.3781,143.2546,223.1579,46.8761
272.6098,141.4866,224.6945,46.3925
270.0666,141.5371,225.7494,46.2916
267.4955,141.6309,226.8472,46.1039
264.9428,141.7142,227.8965,45.9374
262.4017,141.8053,228.9114,45.7552
261.8190,141.8245,230.0769,45.7167
259.3393,141.8788,230.9428,45.6081
256.7841,141.8914,231.9498,45.5829
254.1497,141.9308,233.1017,45.5040
253.6670,141.9631,234.0672,45.4396
250.9838,142.0110,235.2900,45.3438
248.4052,142.1494,236.2885,45.0669
245.8408,142.3174,237.2503,44.7309
245.4913,142.4532,237.9492,44.4593
243.0890,142.5944,238.5755,44.1770
240.6809,142.7018,239.2103,43.9622
238.3029,142.7870,239.7803,43.7917
235.8425,142.8624,240.5105,43.6410
235.5470,142.9733,241.1016,43.4192
233.1931,143.0643,241.6077,43.2371
232.9196,143.1076,242.1547,43.1506
230.4580,143.1502,242.8670,43.0654
230.2206,143.1336,243.3419,43.0985
227.7872,143.1381,243.9822,43.0896
227.5509,143.1368,244.4550,43.0921
225.1956,143.1117,244.9239,43.1423
224.9553,143.0495,245.4045,43.2667
222.6442,143.0243,245.7683,43.3171
222.4096,142.9727,246.2376,43.4203
222.2460,142.9020,246.5649,43.5617
219.9273,142.8538,246.9220,43.6582
219.8143,142.7814,247.1479,43.8030
219.6773,142.7640,247.4221,43.8378
217.4226,142.7689,247.6339,43.8279
217.2910,142.7377,247.8971,43.8903
217.2983,142.7155,247.8826,43.9346
217.2158,142.7228,248.0474,43.9201
215.0036,142.7402,248.1640,43.8853
214.9879,142.7366,248.1954,43.8926
214.9890,142.7588,248.1932,43.8481
215.0187,142.7697,248.1338,43.8264
215.0469,142.7888,248.0775,43.7881
215.0891,142.8022,247.9930,43.7614
215.1466,142.8199,247.8781,43.7260
215.1189,142.8705,247.9335,43.6247
215.1075,142.9073,247.9562,43.5512
215.1473,142.9340,247.8766,43.4977
213.0949,142.9552,247.6842,43.4553
213.2398,142.9106,247.3945,43.5446
213.4182,142.9202,247.0378,43.5254
213.5634,142.9725,246.7474,43.4207
213.6794,143.0091,246.5153,43.3475
211.5917,142.9928,246.4155,43.3802
211.7187,142.9936,246.1615,43.3785
209.8011,143.0195,245.7257,43.3268
210.0600,143.0279,245.2080,43.3100
208.1702,143.0297,244.7312,43.3063
208.5179,143.0305,244.0356,43.3047
206.6141,143.0109,243.6032,43.3439
204.8286,142.9902,242.9394,43.3854
205.1674,142.9361,242.2619,43.4936
203.4451,142.9361,241.4873,43.4936
203.9251,142.8995,240.5273,43.5667
202.1969,140.9356,239.7872,43.2979
200.6921,140.8680,238.6159,43.4333
199.1861,140.7873,237.4605,43.5946
197.7106,140.7356,236.2570,43.6980
196.2128,140.6935,235.1127,43.7821
194.6575,140.6734,234.0978,43.8225
193.0872,140.6446,233.1261,43.8800
191.5850,140.6028,232.0306,43.9636
190.0774,140.5669,230.9596,44.0355
188.5777,140.5412,229.8860,44.0868
187.0801,140.5835,228.8223,44.0023
187.6359,140.5775,227.7107,44.0141
186.1310,140.5763,226.6932,44.0166
182.7000,140.5912,225.5289,43.9868
183.2091,140.6115,224.5108,43.9463
181.7024,140.5643,223.5427,44.0406
180.1948,140.5305,222.5882,44.1082
178.7424,140.5090,221.5351,44.1513
177.2277,140.4945,220.6204,44.1803
175.7175,140.4438,219.7090,44.2816
174.3054,140.4089,218.6121,44.3514
173.0224,140.3521,217.2707,44.4651
171.7454,140.3549,215.9342,44.4593
170.5365,140.3663,214.4798,44.4366
169.3111,140.4088,213.0794,44.3516
168.1570,140.4798,211.5575,44.2096
166.9521,140.5017,210.1610,44.1659
163.8331,140.5302,208.8271,44.1088
162.6459,140.5658,207.4354,44.0377
161.4450,140.6337,206.0918,43.9019
160.1727,140.6314,204.9125,43.9065
157.1590,140.6296,203.5245,43.9100
155.9434,140.6320,202.2674,43.9052
154.8073,140.6709,200.8689,43.8275
153.7254,140.7065,199.3829,43.7563
152.6270,140.7652,197.9523,43.6389
151.5515,140.7997,196.4978,43.5698
148.7390,140.7906,194.9554,43.5880
147.8561,140.7955,193.1588,43.5782
146.9942,140.8174,191.3453,43.5344
145.9618,140.8171,189.8991,43.5350
144.9569,140.8636,188.4182,43.4420
142.1246,140.8671,187.1461,43.4350
141.0777,140.8991,185.7896,43.3709
139.9293,140.8974,184.6561,43.3745
138.8694,140.9348,183.3616,43.2996
135.9266,140.9599,182.4576,43.2493
134.7566,140.9640,181.4164,43.2411
133.6481,141.0000,180.2668,43.1692
132.5936,141.0621,179.0268,43.0451
129.7670,141.0382,178.0217,43.0929
128.7600,141.0773,176.7195,43.0146
127.7976,141.0611,175.3480,43.0470
126.8595,141.0251,173.9465,43.1190
127.5022,141.0067,172.6611,43.1559
124.8304,140.9576,171.5204,43.2541
123.8337,140.9110,170.2858,43.3472
124.3854,140.8883,169.1825,43.3927
123.2717,140.8723,168.2121,43.4247
120.5093,140.8552,167.3674,43.4588
119.4477,140.8898,166.3171,43.3895
118.3708,140.8872,165.3135,43.3948
117.2194,140.9122,164.4728,43.3449
117.6070,140.9662,163.6976,43.2367
116.4215,140.9884,162.9509,43.1924
115.1881,141.0045,162.3114,43.1602
115.5325,140.9700,161.6225,43.2292
114.3462,140.9744,160.9067,43.2204
113.0653,141.0038,160.3905,43.1616
111.7777,140.9787,159.8959,43.2119
112.0382,140.9723,159.3749,43.2246
110.7767,141.0134,158.8412,43.1424
110.9716,141.0030,158.4514,43.1632
109.5952,141.0124,158.1616,43.1444
109.6554,141.0190,158.0413,43.1312
109.7492,141.0191,157.8538,43.1311
108.3526,141.0091,157.6134,43.1511
108.4116,141.0265,157.4954,43.1163
108.4512,141.0469,157.4162,43.0754
108.4961,141.0746,157.3264,43.0200
108.5437,141.1048,157.2312,42.9596
108.5305,141.0773,157.2577,43.0146
108.4934,141.0266,157.3318,43.1161
108.4879,141.0276,157.3428,43.1140
108.4395,141.0063,157.4396,43.1567
108.3692,141.0227,157.5802,43.1238
108.2946,140.9650,157.7295,43.2392
108.2644,139.4904,157.7899,43.1548
108.2116,139.5805,157.8954,42.9744
108.1476,139.5580,158.0234,43.0195
108.0899,139.5581,158.1388,43.0192
108.0182,138.0703,158.2823,42.9595
107.9724,138.0604,158.3739,42.9792
107.8768,138.0510,158.5651,42.9981
106.3321,138.0373,158.6134,43.0254
106.3044,136.6167,158.6688,42.8246
106.1771,136.6215,158.9235,42.8149
106.0906,135.1947,159.0964,42.6260
105.9853,135.2271,159.3071,42.5611
105.8837,135.1916,159.5102,42.6321
105.7774,133.6876,159.7228,42.5926
105.7055,133.7258,159.8667,42.5163
105.6217,133.7032,160.0343,42.5615
105.4605,133.6834,160.3566,42.6010
105.3350,133.6208,160.6077,42.7262
105.2912,132.1756,160.6953,42.5521
105.1062,130.6480,161.0652,42.5446
104.8927,130.5293,161.4923,42.7821
104.6727,128.9865,161.9322,42.7896
102.9738,128.8985,162.2455,42.9655
102.6823,127.3416,162.8286,42.9873
102.3493,127.2252,163.4945,43.2200
101.8828,125.6093,164.4276,43.3372
101.5182,125.5166,165.1569,43.5226
101.0372,123.9159,166.1187,43.5803
100.6998,122.2855,166.7935,43.6829
100.4251,122.1630,167.3431,43.9279
100.1262,120.4892,167.9407,44.0935
99.8021,120.2717,168.5890,44.5286
99.4170,118.4776,169.3592,44.9058
99.1538,118.2031,169.8857,45.4549
98.8480,117.9417,170.4972,45.9776
98.5003,117.7763,171.1926,46.3084
98.1212,117.6295,171.9508,46.6021
97.6846,115.9574,172.8241,46.6490
97.3695,114.3420,173.4542,46.5695
97.1027,112.5955,173.9877,46.7447
96.6751,112.3455,174.8430,47.2447
96.3617,110.5170,175.4697,47.5516
96.0347,110.1950,176.1238,48.1956
95.7448,108.1644,176.7035,48.8710
95.5166,106.1088,177.1599,49.5753
95.2355,103.9724,177.7221,50.4218
94.9550,101.8141,178.2832,51.2882
94.6407,101.2190,178.9118,52.4784
94.2300,98.8845,179.7331,53.6422
93.8449,96.5500,180.5034,54.7724
93.6058,95.9896,180.9816,55.8933
93.3639,93.6263,181.4655,57.0220
93.1066,93.0198,181.9801,58.2350
92.7350,90.5517,182.7233,59.5159
92.4127,89.8491,183.3678,60.9210
92.1297,87.2624,183.9338,62.3702
91.7947,86.5572,184.6039,63.7806
91.5012,83.9804,185.1909,65.1402
91.2505,83.2647,185.6923,66.5714
90.9056,80.5603,186.3819,68.1199
90.5598,77.8650,187.0735,69.6123
90.3454,77.1955,187.5024,70.9513
90.2441,76.5721,187.7050,72.1982
90.1215,75.8475,187.9502,73.6473
90.2411,75.2595,187.7109,74.8234
90.3740,74.7212,187.4453,75.8999
90.3471,73.9770,187.4990,77.3884
90.1927,73.1453,187.8078,79.0517
90.0179,72.1699,188.1574,81.0026
89.8842,71.2270,188.4247,82.8883
89.7270,70.3807,188.7391,84.5810
89.6376,67.5569,188.9179,86.0032
89.4732,64.8783,189.2467,87.1075
89.3312,64.4532,189.5307,87.9575
89.0412,63.8319,190.1108,89.2001
88.7721,63.4314,190.6491,90.0012
88.6245,63.0513,190.9442,90.7615
88.5412,62.8969,191.1107,91.0701
88.3276,62.8516,191.5379,91.1609
90.3958,62.7104,191.7828,91.4432
90.6593,60.4486,191.2558,91.5772
90.7861,60.2061,191.0023,92.0621
90.9500,59.9506,190.6745,92.5730
91.0364,59.7031,190.5016,93.0681
91.1215,59.4316,190.3314,93.6110
91.1437,58.9448,190.2870,94.5846
91.1703,58.4852,190.2337,95.5039
91.2498,58.0098,190.0748,96.4546
91.3354,57.5092,189.9035,97.4559
91.4809,57.0079,189.6125,98.4585
91.7596,56.5476,189.0553,99.3791
91.9216,56.0147,188.7311,100.4450
92.1719,55.4843,188.2306,101.5057
92.4930,55.0791,187.5884,102.3161
92.8027,54.7783,186.9691,102.9176
93.1119,54.4959,186.3507,103.4824
93.4629,54.1089,185.6486,104.2564
95.9007,53.6842,185.2932,105.1059
96.2292,53.1926,184.6363,106.0890
96.5355,52.7379,184.0236,106.9984
96.8583,54.6406,183.3780,107.7358
97.1615,54.3289,182.7717,108.3591
97.5191,56.3437,182.0565,108.8767
97.8588,55.9878,181.3771,109.5886
98.2446,55.5819,180.6055,110.4004
100.8845,55.1926,179.8749,111.1788
101.0971,54.6709,179.4497,112.2224
103.6660,54.2359,178.8747,113.0924
103.9158,56.2549,178.3750,113.6230
104.0571,55.9013,178.0924,114.3302
104.2226,55.6311,177.7614,114.8706
106.6717,57.5832,177.4448,115.5480
107.0382,57.2788,176.7119,116.1569
109.6469,59.3312,176.0820,116.6395
109.8740,59.0020,175.6277,117.2978
110.0745,58.5090,175.2267,118.2839
110.2901,58.1724,174.7954,118.9571
110.5021,60.2036,174.3714,119.4996
113.1280,62.3123,173.7273,119.8900
113.3763,61.9609,173.2308,120.5929
116.0541,63.9720,172.4837,121.1792
116.4096,63.5484,171.7728,122.0263
119.0161,65.5610,171.1700,122.6113
119.1762,67.4286,170.8496,123.4867
121.2198,69.3610,171.3827,124.2422
123.2128,71.4349,172.0374,124.7351
123.0041,74.2770,172.4548,123.7096
125.0473,77.5880,173.0166,121.7357
124.8093,84.6344,173.4926,116.8914
125.1253,86.3730,172.8606,113.4141
125.4381,90.2880,172.2349,110.0680
127.4455,96.4498,172.6388,106.5817
127.7888,96.7457,171.9522,105.9900
128.1804,99.3568,171.1690,105.1140
128.8906,99.8470,169.7487,104.1335
129.8273,99.9352,167.8752,103.9570
132.9258,101.7879,165.9293,104.5028
135.7193,101.7352,164.5737,104.6081
138.5848,101.4749,163.0553,105.1288
140.3161,105.8494,159.5928,104.7770
141.6618,105.9131,156.9012,104.6498
144.7348,107.8129,154.8536,104.9484
146.7069,109.2508,154.9818,106.1452
146.9474,113.2087,154.5009,106.4177
146.7536,114.9517,154.8884,107.0233
146.7897,116.6137,154.8163,107.8065
149.1488,115.7287,154.2173,109.5765
151.6505,116.9046,153.3531,111.3641
153.7508,115.3329,153.3082,114.5075
155.7433,113.8153,153.5297,117.5426
156.0269,112.3126,152.9625,120.5481
158.9294,112.8981,151.4573,123.6768
160.1657,114.0049,148.9845,125.7905
161.7907,115.4469,145.7347,127.2298
163.5803,120.3861,142.1554,125.9437
165.3751,128.8623,138.5659,121.6516
167.0989,139.7062,135.1183,116.3469
168.7034,140.1992,131.9092,111.4035
170.6716,154.2519,127.9728,106.2678
172.6413,158.4064,124.0335,101.6438
174.7840,163.9693,119.7481,97.6171
178.4196,168.9055,115.8955,94.5820
181.4073,171.7100,113.2303,92.2834
184.3160,177.4829,110.6453,90.4342
188.6242,179.4224,108.3540,89.7179
191.0921,184.5969,106.5341,88.7162
193.3583,188.4630,105.0732,87.1273
196.5941,190.1379,104.6486,86.8009
199.7895,196.4395,104.2812,86.2444
201.2206,198.4218,104.4160,85.2769
204.1832,200.0812,104.4578,84.9416
206.2249,207.4096,103.3531,85.1784
209.7470,208.7594,102.2400,85.4443
214.3674,209.6049,101.8573,86.7060
214.4762,213.8535,101.6397,87.1101
219.0790,216.6960,101.3447,87.3654
220.8481,219.8661,100.7764,89.9347
222.8416,224.2932,99.7914,90.0868
227.5451,227.4186,99.3521,89.8144
229.2656,231.7878,98.8892,90.0103
233.8235,232.8202,98.6953,90.9193
235.3298,236.6213,98.6681,92.2734
240.1952,237.3012,97.9569,93.9202
243.7720,242.6255,96.8464,95.3577
247.3822,243.9425,95.6796,95.7505
249.3391,250.8469,94.7804,97.0148
258.7508,252.0750,94.0790,97.5791
259.3032,256.2964,92.9742,98.1906
265.5963,256.9928,92.4288,99.8081
269.0129,260.6169,91.6493,101.6402
272.4915,266.1061,90.7780,102.8334
277.5201,270.6580,89.8633,102.8722
282.9165,276.6905,88.1709,102.9411
288.3449,279.3311,86.3362,103.6747
290.6163,284.8596,84.7826,104.5745
299.1629,281.0626,82.5791,109.1905
301.5401,279.4730,80.8374,115.3823
311.5065,289.0165,79.3731,114.7639
313.4203,301.4553,78.5900,111.1982
322.0396,304.3720,76.2401,114.2979
328.4263,303.5299,72.4236,115.9821
333.7589,312.8358,70.5998,115.0530
338.8083,308.5797,69.2089,123.5652
345.4372,305.8476,67.9730,135.0404
350.6496,299.1411,67.0076,148.4534
356.1369,288.9029,66.0287,162.2661
360.0793,279.3685,65.1727,174.3060
368.0847,274.1859,63.8505,184.6712
370.4401,269.7772,62.9360,193.4886
376.6357,266.3005,62.2602,200.4419
384.7317,266.5855,62.0340,203.8633
386.7295,269.1295,62.0740,206.8468
400.8086,274.1438,62.4664,209.0542
383.8319,213.6301,67.5995,202.4488
381.3787,194.6557,72.5060,195.0991
384.6485,200.0169,78.2730,188.4791
384.4222,205.0719,82.8358,182.4792
386.3830,207.8331,87.1220,176.9567
386.3460,213.2614,91.2940,174.2966
388.6648,216.7120,94.9187,171.5264
389.1628,218.0977,98.0751,168.7550
389.7339,219.9213,101.0979,165.1079
389.7796,220.9953,105.1684,162.9598
393.6812,227.1309,109.9588,163.2822
393.4243,228.3960,114.7551,165.0345
397.6721,231.6782,119.4245,167.2468
395.2868,230.7077,124.1952,169.1878
397.7458,231.8555,128.4902,171.4987
398.1711,233.5274,132.3518,172.8670
403.4740,235.3159,136.1340,174.0861
404.3188,237.1199,139.3206,175.3543
405.6350,237.1278,141.6355,175.3384
407.3351,237.7060,143.2199,174.1820
409.0479,238.7143,144.7870,172.1654
410.6293,240.0501,146.6109,169.4938
412.1387,241.0842,148.5669,167.4257
413.0199,239.9135,151.7784,164.7931
414.3732,239.0308,154.0562,161.5742
413.9052,238.6678,154.9922,157.3299
414.0988,238.4569,154.6050,152.8333
414.3646,240.3164,154.0733,149.1143
413.8236,238.8813,155.1554,147.2101
413.8919,237.9450,155.0187,144.3215
416.8800,237.8118,158.4691,144.5878
417.8582,238.0326,161.2841,144.1463
417.9095,237.4338,165.9893,145.3438
420.3849,236.7292,170.8390,146.7529
421.1477,236.2136,174.3112,147.7842
422.1939,236.1932,177.2870,147.8250
423.1592,235.7660,180.4709,148.6793
424.5491,233.0815,182.8686,148.8710
423.8272,231.5355,184.3123,146.7456
423.8129,232.7034,184.3409,144.4099
424.4188,231.6301,183.1292,141.3887
424.9898,230.7203,181.9871,138.1085
425.7439,229.4059,180.4790,135.7082
425.9746,228.2518,180.0175,133.0497
425.3989,224.6555,181.1691,130.4097
425.1499,221.5298,181.6670,126.8801
422.7783,220.0334,181.5704,125.0330
420.3614,216.7470,181.5963,121.9902
420.3011,217.4467,181.7170,120.5908
417.7951,217.3246,181.9925,120.8351
415.4172,208.2882,182.0038,119.9295
415.3222,208.1339,182.1938,120.2381
412.5845,208.7344,182.9315,119.0371
412.3634,208.7109,183.3737,119.0841
412.5387,206.8083,183.0231,118.1532
412.8607,207.1061,182.3792,117.5577
413.1302,207.2625,181.8401,117.2449
413.5134,207.1689,181.0737,117.4320
411.2827,202.9473,180.8611,116.5271
411.1650,203.4564,181.0964,115.5088
408.9144,201.6605,180.9553,114.4583
406.4339,198.0276,181.2938,112.4788
406.0730,198.6943,182.0155,111.1455
403.4813,199.2877,182.6161,109.9586
400.8634,197.5972,183.2800,108.7679
400.4499,198.1083,184.1070,107.7456
397.9922,196.4759,184.4659,106.4539
397.9750,197.0203,184.5002,105.3650
397.9916,195.5768,184.4671,103.7299
398.1768,195.9774,184.0967,102.9288
398.7142,196.4335,183.0219,102.0165
399.4362,196.9348,181.5777,101.0140
399.8589,195.5105,180.7324,99.4578
400.0619,195.8357,180.3265,98.8074
400.4383,196.1572,179.5735,98.1645
401.0624,194.3724,178.3254,97.4074
399.0146,194.5447,178.1259,97.0628
398.7340,194.5345,178.6869,97.0832
398.7267,194.5616,178.7017,97.0290
