1
309.5241,246.6833,193.9517,43.6335
309.5643,246.8304,193.8715,43.3393
311.3038,246.9096,193.9349,43.1808
311.1905,246.9837,194.1616,43.0326
311.1542,247.0507,194.2342,42.8986
311.1284,247.1047,194.2857,42.7906
311.0589,247.1776,194.4248,42.6447
310.9832,247.2338,194.5762,42.5323
310.8936,247.3042,194.7553,42.3916
310.7889,247.4029,194.9647,42.1941
310.7136,247.5191,195.1153,41.9618
310.5867,247.6654,195.3692,41.6693
310.4929,247.8668,195.5568,41.2665
310.3881,248.0674,195.7663,40.8652
310.1563,250.1271,196.2299,40.2669
309.9676,250.2650,196.6074,39.9911
309.6256,252.3359,197.2913,39.3655
309.5216,252.5048,197.4993,39.0276
309.2639,254.5113,198.0148,38.5242
311.0020,254.6208,198.0455,38.3051
310.8355,256.6637,198.3786,37.7224
310.7802,256.7989,198.4892,37.4521
310.4106,260.6749,199.2284,36.6853
310.5396,260.7973,198.9704,36.4403
310.5366,260.8537,198.9763,36.3277
311.7425,271.5019,200.0417,35.8946
311.6647,271.3696,200.1973,36.1592
311.7184,271.2896,200.0900,36.3190
311.7874,271.2755,199.9521,36.3472
311.7809,271.3477,199.9649,36.2028
311.5913,271.3744,200.3441,36.1496
310.9023,280.5781,201.7223,35.2057
311.0629,280.4764,201.4009,35.4091
311.3170,280.2520,200.8928,35.8578
311.5935,280.0433,200.3398,36.2752
311.8422,279.9469,199.8423,36.4681
311.3220,287.2220,200.8827,35.8860
311.7009,287.2625,200.1249,35.8049
311.7657,287.2663,199.9952,35.7974
311.7770,287.4161,199.9728,35.4976
311.6010,299.7179,200.3247,35.2170
311.5072,299.7822,200.5123,35.0883
313.0636,299.8036,200.8736,35.0455
312.8855,299.6576,201.2299,35.3376
312.9790,299.1672,201.0428,36.3184
313.1783,298.6282,200.6442,37.3963
313.3847,299.8399,200.2314,38.4943
313.6690,299.3481,199.6627,39.4780
312.1587,298.9678,199.1350,40.2386
312.0497,304.0770,199.3530,40.6880
312.4742,303.2154,198.5040,42.4113
312.6862,303.9799,198.0799,44.4717
312.9268,303.3168,197.5987,45.7978
313.0197,302.8216,197.4130,46.7883
312.8727,306.0910,197.7069,47.5658
313.3450,305.6210,196.7623,48.5058
313.8608,305.1454,195.7308,49.4570
314.3218,306.5115,194.8087,50.4103
314.6601,307.9061,194.1320,51.3117
314.9131,309.1486,193.6262,52.5247
315.3669,308.5836,192.7186,53.6548
313.7903,309.8823,192.1496,54.7794
314.1105,309.3604,191.5092,55.8233
314.4192,308.9847,190.8918,56.5747
314.6266,310.5148,190.4769,57.2654
314.8069,310.1417,190.1164,58.0116
314.9617,309.8152,189.8067,58.6646
313.3742,311.4134,189.2076,59.2423
313.7297,311.2061,188.4965,59.6570
314.1282,310.9365,187.6995,60.1962
312.5461,310.6611,187.0910,60.7469
312.7926,312.3950,186.5982,61.0532
313.1708,312.3381,185.8417,61.1670
313.4712,312.1635,185.2410,61.5163
311.9495,311.9865,184.5225,61.8701
312.3083,311.7501,183.8048,62.3431
312.6913,311.5514,183.0389,62.7403
313.0865,313.2419,182.2484,63.1123
313.4683,313.1024,181.4849,63.3913
313.8593,312.8645,180.7029,63.8671
314.2688,312.6178,179.8840,64.3604
314.7430,312.4073,178.9356,64.7814
313.2484,312.2233,178.1933,65.1494
313.4263,312.0466,177.8376,65.5029
313.5660,311.8354,177.5582,65.9252
313.7249,311.6537,177.2405,66.2887
312.0814,311.4875,176.7931,66.6210
312.2222,311.2519,176.5116,67.0922
312.2345,311.0902,176.4870,67.4156
312.1761,310.9367,176.6038,67.7226
312.2021,310.7277,176.5517,68.1407
312.3549,310.6892,176.2462,68.2177
312.6038,310.5632,175.7484,68.4697
312.7582,312.2372,175.4395,68.8736
312.9487,312.2753,175.0585,68.7974
313.0705,312.2471,174.8150,68.8539
313.2097,312.2301,174.5364,68.8880
313.3526,310.3530,174.2506,68.8999
313.5121,310.3648,173.9317,68.8764
311.7104,312.2414,173.8020,68.8563
311.7249,312.2302,173.7730,68.8788
311.6961,312.1534,173.8304,69.0324
311.6579,312.0659,173.9069,69.2073
311.7804,312.0625,173.6620,69.2142
311.8017,311.9273,173.6194,69.4846
311.7640,311.7786,173.6947,69.7820
311.7664,313.5417,173.6899,70.0018
311.6915,313.3969,173.8397,70.2913
311.6339,313.1635,173.9550,70.7582
311.7035,312.7961,173.8158,71.4929
311.9349,312.5781,173.3530,71.9289
312.0431,314.2298,173.1366,72.4049
312.1087,313.8842,173.0054,73.0960
312.0687,313.5560,173.0854,73.7523
311.8922,315.2826,173.4384,74.1069
311.7249,315.0160,173.7729,74.6402
311.5960,316.6839,174.0307,75.1377
311.4415,316.4087,174.3397,75.6880
309.3333,316.0363,174.6960,76.4328
309.2128,317.5936,174.9371,77.1966
309.0467,317.1924,175.2693,77.9990
306.9671,318.6796,175.5142,78.9390
306.9059,318.2997,175.6367,79.6987
306.8454,317.8309,175.7576,80.6362
306.7770,319.2636,175.8944,81.7386
304.8310,318.7728,175.7976,82.7200
304.8743,320.2916,175.7109,83.6871
302.9855,319.7681,175.4683,84.7341
302.9864,319.1969,175.4665,85.8764
300.9527,320.5899,175.4791,87.1453
300.8983,319.9932,175.5881,88.3386
298.8134,319.3292,175.6586,89.6667
299.0280,318.7215,175.2293,90.8821
297.3901,320.1223,174.3673,92.2183
295.9237,319.5597,173.1521,93.3434
294.4583,318.9603,171.9334,94.5422
293.0555,318.4471,170.5872,95.5687
291.5934,320.0705,169.3618,96.4713
290.1491,319.6458,168.1035,97.3208
288.8291,319.2673,166.6008,98.0778
287.6666,318.8241,164.7928,98.9642
286.5749,318.1689,162.8550,100.2746
285.6268,317.7343,160.6368,101.1439
284.4810,317.3493,158.8327,101.9138
283.4157,317.0516,156.8815,102.5092
282.4072,316.7397,154.8361,103.1331
279.3309,318.3462,152.9047,103.9620
278.1328,317.8988,151.2741,104.8569
278.8847,317.5913,149.7702,105.4719
277.7680,317.2390,147.9993,106.1764
275.1462,317.0103,145.2644,106.6340
274.8443,317.0211,141.9130,106.6122
274.5016,316.9113,138.6945,106.8318
272.2705,316.8003,135.4400,107.0538
270.1331,314.7832,132.0901,107.2759
270.0017,314.5594,128.5885,107.7234
268.1318,312.5213,124.8927,108.0818
267.9958,312.4585,121.4982,108.2075
266.2395,310.7119,117.7791,108.0846
266.3273,309.2323,114.0472,107.4878
266.4594,309.5582,110.2947,106.8361
264.8237,310.0540,106.7276,105.8444
263.2564,308.9906,103.1671,104.6237
261.8076,307.8418,99.5201,103.6489
261.9221,308.4397,96.0916,102.4531
259.0585,307.5970,92.4401,101.0122
259.1241,306.6149,89.2631,99.9308
259.3141,305.6253,85.9049,98.9317
258.0951,304.8449,82.5250,97.5834
258.2248,304.0270,79.4316,96.3854
256.7772,304.7274,76.7956,94.9846
256.2388,305.2917,75.1710,93.8559
253.5216,304.5792,72.6321,92.6233
253.5712,303.8053,69.9353,91.5733
252.1694,303.1176,67.6633,90.4111
251.9388,302.3770,65.6418,89.4093
251.6207,301.6877,63.8433,88.3532
249.1089,301.2502,61.7000,86.8393
248.8974,300.7104,59.7922,85.5882
248.6076,300.2237,58.0912,84.2811
247.3028,299.9961,56.2356,82.5037
247.9960,300.6656,54.8493,81.1647
245.6331,299.3424,53.1794,79.5473
246.1920,299.9426,52.0616,78.3468
245.7337,299.5827,50.9350,77.0234
244.2899,298.2497,49.8134,75.6803
244.8096,298.7427,48.7741,74.6942
244.3063,299.3138,47.8470,73.5521
242.9783,297.9799,46.7008,72.4177
243.4341,298.5029,45.7892,71.3718
242.0676,298.0804,44.8543,70.3829
242.3987,298.5531,44.1921,69.4374
241.8673,299.0411,43.4765,68.4613
240.3961,299.4633,42.9152,67.6171
240.7182,299.9343,42.2710,66.6750
240.0676,299.4883,41.8673,65.8622
240.1578,299.8739,41.6870,65.0908
240.2326,300.2418,41.5374,64.3550
239.4490,300.5673,41.4467,63.7041
238.6603,300.0503,41.3775,63.0915
238.6580,300.3461,41.3820,62.4998
237.7813,300.6649,41.5080,61.8623
236.8898,300.9653,41.6711,61.2614
236.8616,301.2257,41.7274,60.7407
236.7513,301.4461,41.9480,60.2999
236.6740,301.6900,42.1025,59.8121
236.5426,301.9550,42.3655,59.2821
235.6108,302.2002,42.6337,58.7917
234.7867,302.4876,42.6899,58.2168
234.7323,302.7713,42.7987,57.6494
234.7064,303.0485,42.8505,57.0951
233.8857,303.3573,42.9219,56.4775
233.8667,303.6166,42.9600,55.9588
233.7838,303.9127,43.1257,55.3666
233.7027,304.1788,43.2880,54.8344
233.7139,304.4445,43.2654,54.3030
233.5947,304.7435,43.5039,53.7051
233.6487,305.0057,43.3959,53.1806
233.6322,305.2906,43.4289,52.6108
233.8129,305.5455,43.0675,52.1010
233.9228,305.7901,42.8477,51.6118
233.8975,306.0288,42.8983,51.1344
234.0709,305.5341,42.5516,50.6444
234.1695,305.8245,42.3544,50.0637
233.6953,306.1079,41.8485,49.4968
233.8168,306.3283,41.6057,49.0561
233.8539,306.5677,41.5314,48.5772
233.4250,306.9074,40.9712,47.8978
234.0312,307.0352,41.1573,47.6423
233.8915,307.2177,41.4366,47.2771
233.7958,307.5802,41.6280,46.5523
233.8384,307.9853,41.5429,45.7420
233.7177,308.3461,41.7843,45.0205
233.5556,308.5862,42.1085,44.5403
233.4943,308.8229,42.2310,44.0668
233.4622,309.0633,42.2952,43.5861
233.4409,309.1729,42.3379,43.3668
233.4716,309.3307,42.2764,43.0512
233.2862,309.4736,42.6472,42.7654
233.2068,309.6010,42.8060,42.5106
233.0634,309.6819,43.0929,42.3487
233.1115,309.7523,42.9966,42.2080
232.7118,309.1353,43.7960,42.1003
232.6414,309.1530,43.9368,42.0648
232.3891,309.2189,44.4415,41.9331
232.0995,308.4660,45.0206,42.0788
232.3773,307.7222,45.8365,42.1948
232.7577,307.7292,46.4617,42.1810
232.6112,307.8131,46.7548,42.0131
233.1114,307.7943,47.1519,42.0508
233.0222,307.1299,47.3302,41.9754
232.9601,307.2213,47.4544,41.7925
232.9654,307.2769,47.4438,41.6814
232.9153,306.6436,47.5440,41.5450
232.8901,306.6845,47.5944,41.4632
232.9728,306.6985,47.4289,41.4353
233.5563,305.3214,47.6607,41.3922
233.4905,305.3460,47.7923,41.3430
233.4263,304.6897,47.9206,41.2528
233.3952,304.8060,47.9829,41.0203
233.3597,304.1706,48.0539,40.8905
233.2540,303.5241,48.2652,40.7838
233.2682,302.8523,48.2369,40.7264
233.2329,302.2340,48.3075,40.5633
233.1936,302.3144,48.3861,40.4025
233.1500,301.6982,48.4732,40.2380
233.1287,301.0276,48.5158,40.1838
233.1290,300.4144,48.5152,40.0149
233.1660,299.7897,48.4412,39.8717
233.8268,299.1047,48.5087,39.8525
233.8271,299.1909,48.5082,39.6802
233.7746,297.7991,48.6132,39.6895
233.7613,297.1166,48.6398,39.6658
233.6814,296.4534,48.7996,39.6034
233.6385,295.8053,48.8853,39.5093
233.5643,293.7301,49.0338,39.4894
233.5972,293.8169,48.9678,39.3158
233.6171,293.1788,48.9282,39.2039
232.9447,291.1712,48.8872,39.0617
232.8969,291.1737,48.9827,39.0566
232.8375,290.5382,49.1015,38.9435
232.0430,287.8072,49.3063,38.8685
232.1039,287.9179,49.1845,38.6471
232.0553,287.3004,49.2818,38.5014
232.0500,285.3340,49.2922,38.2948
232.0078,284.7318,49.3768,38.1226
231.2612,283.4036,49.4947,38.0288
231.1898,282.7377,49.6376,37.9852
230.4419,280.7235,49.7567,37.8832
229.8116,280.1178,49.6402,37.7176
229.1327,277.4547,49.6256,37.5537
229.0894,277.3412,49.7120,37.7808
229.0210,275.9617,49.8489,37.7905
228.9490,274.5680,49.9928,37.8241
228.2233,272.4189,50.0646,37.9834
227.4189,271.4845,50.2902,38.4689
227.2860,270.5641,50.5560,38.9151
226.3312,267.4886,51.0595,39.4421
226.3300,266.5565,51.0620,39.8839
225.6157,264.2064,51.0611,40.2957
224.8223,263.2813,51.2116,40.7095
224.0155,260.8147,51.3801,41.3072
223.9566,259.1665,51.4979,41.6887
222.5208,256.7247,51.4385,42.1759
221.7837,255.6669,51.4402,42.8189
220.8615,253.1662,51.8019,43.3719
220.0872,251.3144,51.8531,44.0808
219.1694,249.4802,52.1792,44.7301
218.2971,247.6172,52.3987,45.4061
217.3886,244.2443,52.6765,45.9949
217.2470,243.1973,52.9597,46.5359
216.3334,241.2624,53.2209,47.2737
215.3979,239.3741,53.5100,47.8865
213.6488,237.4283,53.8157,48.5856
212.7165,235.5062,54.0683,49.2056
211.7341,233.5013,54.4071,49.9637
210.7852,229.8017,54.6617,50.7899
209.0373,228.5907,54.8368,51.5513
208.0580,226.6096,55.1201,52.1631
206.9974,223.6960,55.5520,52.9224
205.9997,221.6080,55.8393,53.6822
204.9622,219.5724,56.1896,54.3041
202.9437,217.4665,56.7466,55.0358
201.7969,216.1756,57.2799,55.8573
200.7115,212.2077,57.6691,56.6664
199.5804,210.9132,58.1307,57.4551
198.4539,208.5470,58.5635,58.5468
196.4251,205.2975,58.9327,59.5131
195.3667,203.0196,59.1841,60.3384
194.3807,200.7341,59.2739,61.1449
192.3419,198.4892,59.5589,61.8421
190.3732,196.1522,59.6727,62.6926
189.2372,193.8703,60.0180,63.4028
188.1202,192.4862,60.3084,64.2274
185.9003,189.0300,60.8263,65.2570
185.6779,186.5845,61.2711,66.1774
183.4625,185.1379,61.6886,67.0640
182.1987,181.6996,62.1891,67.8591
180.8746,179.2952,62.7896,68.5729
179.5765,177.8655,63.3176,69.3641
177.2573,174.3192,63.7783,70.1899
176.0755,172.8501,64.0327,71.0189
173.7737,170.2461,64.3841,71.9748
172.5625,166.6602,64.6600,72.7069
171.3652,165.0427,64.8923,73.7796
170.0937,163.4848,65.2526,74.7127
167.6176,159.7858,65.7990,75.5019
166.2346,158.2597,66.3410,76.3303
164.8441,155.5423,66.8766,77.2743
163.5023,153.9502,67.2917,78.1898
160.9506,148.9157,67.8161,79.1010
159.6425,148.5487,68.1203,79.8350
157.1508,146.9228,68.4474,80.7586
156.9593,144.1461,68.8304,81.6166
154.4246,141.2747,69.1656,82.6252
153.0078,138.4324,69.6112,83.5337
151.5299,136.7775,70.1578,84.4342
150.0206,135.1418,70.7445,85.2738
148.5588,132.2422,71.2137,86.1643
145.8862,129.3022,71.6078,87.0932
145.5724,127.5941,72.2353,88.0132
141.4705,123.3832,72.8774,88.8733
141.3434,123.0323,73.1317,89.5751
139.8187,121.2373,73.6221,90.6060
136.9794,116.9520,74.1350,91.4283
136.8478,116.6008,74.3981,92.1306
132.6605,114.8794,74.9166,92.9547
132.5419,113.1574,75.1536,93.7588
131.0423,110.1325,75.4970,94.4965
129.4660,108.3003,75.9766,95.4882
127.9067,105.1002,76.3994,96.4966
126.3123,104.5892,76.8699,97.5186
124.7369,101.4051,77.2793,98.4040
123.0626,99.5496,77.8662,99.3532
121.4106,97.7090,78.3846,100.2487
119.7313,95.8752,78.9352,101.1085
118.0213,94.1068,79.5254,101.8153
116.3212,92.3035,80.0752,102.5715
114.6574,90.5335,80.5319,103.2407
114.4532,88.8510,80.9403,103.7171
111.2816,87.0658,81.4787,104.3851
109.5556,85.3243,82.0091,104.9466
107.9138,83.5872,82.3541,105.4823
106.2725,81.8187,82.6843,106.0667
106.1249,81.5984,82.9795,106.5074
104.4722,79.8404,83.3067,107.0452
102.7636,77.9730,83.7319,107.7880
101.1076,76.1374,84.0338,108.4492
99.4468,74.2932,84.3303,109.1124
97.8727,74.0700,84.4385,109.5589
97.7391,72.2613,84.7057,110.1276
94.4909,68.9066,85.0786,110.7135
94.3600,68.6404,85.3404,111.2460
92.6772,66.9289,85.6169,111.5798
92.6362,66.6475,85.6990,112.1427
90.8417,64.8834,86.1792,112.5621
89.1345,64.6311,86.4708,113.0669
87.5036,62.8599,86.5972,113.4738
85.8314,62.6716,86.7981,113.8504
85.7184,62.4656,87.0241,114.2625
84.0234,60.6615,87.2513,114.7081
82.3162,60.5389,87.4927,114.9533
82.2681,58.7710,87.5889,115.3082
80.4606,58.6556,88.0161,115.5391
80.4460,58.5197,88.0454,115.8109
80.4524,56.8044,88.0325,116.0387
80.3573,56.7049,88.2229,116.2375
78.5882,56.6617,88.5488,116.3240
78.6054,56.5375,88.5144,116.5724
77.0145,54.8746,88.4740,116.6759
77.0575,54.8614,88.3878,116.7024
77.0866,54.8239,88.3297,116.7775
77.1436,54.7707,88.2156,116.8838
77.2458,54.7508,88.0113,116.9237
77.3997,53.1018,87.7036,117.0023
77.5235,53.0196,87.4560,117.1667
77.6580,53.0032,87.1870,117.1996
77.7630,52.9978,86.9769,117.2104
77.9083,53.0172,86.6863,117.1716
78.0412,52.9276,86.4205,117.3507
78.1931,52.8728,86.1167,117.4604
78.4047,52.8805,85.6934,117.4450
78.7438,52.9990,85.0153,117.2080
79.0946,53.1029,84.3138,117.0001
79.4053,53.2437,83.6922,116.7186
81.3416,53.3169,82.9651,116.5721
81.6463,53.2802,82.3557,116.6455
83.4826,53.3461,81.8053,116.5137
83.8748,53.5124,81.0208,116.1811
85.7385,53.6703,80.3867,115.8654
87.5893,53.8472,79.7630,115.5116
87.8238,54.0236,79.2940,115.1587
89.6701,54.2192,78.6506,114.7676
91.5614,54.3997,77.9006,114.4065
91.9971,54.5525,77.0292,114.1009
93.9566,54.8589,76.1061,113.4881
95.8968,55.0999,75.1967,113.0061
96.3444,55.3415,74.3017,112.5230
99.8574,55.6138,73.1290,111.9783
100.3441,55.7758,72.1556,111.6543
103.6756,57.3672,71.2484,111.3495
104.0281,57.4483,70.5433,111.1873
107.4917,59.1073,69.3041,110.7131
107.8890,59.2770,68.5094,110.3737
111.2504,60.9195,67.3821,109.8864
113.0207,60.9742,66.6130,109.7770
114.9170,61.1658,65.5772,109.3940
116.8591,61.4755,64.4267,108.7745
118.7419,63.1123,63.3664,108.2060
120.6589,63.4165,62.2110,107.5975
123.9577,65.0029,60.9139,107.0750
125.7615,65.2995,59.9267,106.4817
127.5794,65.6810,58.8858,105.7188
129.4075,67.4101,57.7954,104.8264
132.6190,69.1206,56.4405,103.9394
135.6982,69.5020,55.2778,103.1766
137.4622,71.0046,54.2163,102.6382
139.1738,72.4794,53.2336,102.1292
143.2486,73.9343,52.3325,101.6355
144.6738,74.1019,51.8757,101.3003
147.2143,75.5247,51.5559,100.8353
150.8819,76.9950,51.3255,100.2631
151.9971,77.3429,51.4511,99.5673
155.3454,77.8368,51.7980,98.5795
157.2456,78.2905,52.6764,97.6720
160.2135,79.9874,53.7635,96.6191
162.9816,82.6748,55.2595,95.9325
164.6737,83.0043,56.5941,95.2735
167.4930,84.5740,58.0720,94.5062
170.4197,86.0587,59.3753,93.9225
171.0408,86.3120,60.5320,93.4158
175.1429,87.8433,61.9698,92.7639
177.0004,88.2402,63.1041,91.9701
178.9132,89.7739,64.1415,91.3341
181.9743,91.3174,65.3366,90.6861
183.8213,91.5917,66.5404,90.1375
185.6888,93.1673,67.7261,89.4467
187.4456,94.6651,69.1510,88.9204
190.5392,96.3013,70.4171,88.1324
192.4383,96.6667,71.6048,87.4016
194.2653,98.3038,72.9526,86.6283
196.1368,98.7006,74.2312,85.8348
197.9761,99.0863,75.5908,85.0633
201.0737,100.6697,76.9821,84.4255
201.4967,101.0878,78.6775,83.5893
205.8223,102.6705,80.2465,82.9790
206.2503,103.1101,81.9610,82.0998
206.6126,103.4237,83.8199,81.4726
209.5986,105.0540,85.6569,80.8150
209.9438,105.4622,87.5877,79.9985
214.3127,107.0254,89.4039,79.5107
213.3785,107.3506,91.2722,78.8602
216.4295,108.9054,93.2027,78.4280
216.8013,109.1807,95.1595,77.8775
218.5216,110.8033,97.1621,77.3539
218.8818,111.0696,99.1856,76.8213
223.2783,112.7620,101.4572,76.2026
222.1140,112.9783,103.7858,75.7699
223.7437,113.3134,106.1645,75.0999
223.7578,113.5776,108.9804,74.5715
225.3569,115.2648,111.5379,74.0749
225.4393,115.5696,114.2811,73.4653
225.5210,115.8026,117.0568,72.9993
227.1714,117.4572,119.7018,72.6630
228.8051,117.6923,122.4475,72.1927
229.0747,118.0075,124.9478,71.5624
229.3222,118.3237,127.5188,70.9300
229.4839,118.5982,130.2887,70.3809
232.6814,120.4269,133.2679,69.8482
232.9196,120.7032,135.9510,69.2957
233.1379,121.0585,138.7037,68.5850
233.4814,121.3472,141.2342,68.0076
233.6954,121.6611,144.0504,67.3799
233.6664,123.5704,147.3829,66.8356
235.3069,125.4799,150.7286,66.3301
235.6739,125.7935,153.3476,65.7029
237.6628,126.1341,156.1296,65.0217
238.0764,126.4940,158.7103,64.3019
238.4694,126.8561,161.3568,63.5776
240.5818,127.1780,164.0472,62.9338
241.0784,127.4495,166.5387,62.3908
241.5688,127.7021,169.0686,61.8857
241.9211,127.9390,171.9018,61.4119
242.3100,128.2425,174.6936,60.8049
242.8169,128.5789,177.2784,60.1321
244.8526,130.7452,180.4535,59.4227
245.3849,130.9799,183.0443,58.9532
247.8361,131.1899,185.5091,58.5332
248.3565,133.3543,188.1791,57.9153
248.9695,133.5528,190.6905,57.5183
249.5100,133.6913,193.3748,57.2413
250.0706,133.8382,196.0521,56.9475
250.6560,133.9375,198.7120,56.7489
253.0936,136.0598,201.5660,56.3690
253.6396,136.2532,204.3717,55.9822
254.0995,136.4689,207.3821,55.5508
254.6209,136.6646,210.3035,55.1593
255.3513,136.8513,212.8407,54.7858
255.8802,139.0089,215.8096,54.4974
256.9131,138.9792,217.8067,54.5567
260.0152,141.0847,219.7866,54.4379
259.0595,141.0452,221.6979,54.5168
261.7911,145.3795,224.5264,54.1399
260.7762,145.4196,226.5563,54.0596
261.9279,145.5867,228.4582,53.7255
263.1703,145.5860,230.1989,53.7269
264.3765,145.5889,232.0363,53.7210
265.2283,150.1424,234.6082,53.1651
264.6097,150.1408,235.8454,53.1683
266.1501,150.1755,237.0827,53.0988
267.8574,150.3323,238.0022,52.7852
269.2444,150.5766,239.5692,52.2966
270.5468,153.0797,241.3176,51.6439
271.8026,153.2907,243.1712,51.2218
272.8415,155.7333,245.4762,50.7194
274.1152,155.8125,247.3340,50.5610
275.0009,160.4824,249.9905,50.0773
276.3509,160.4824,251.7462,50.0773
277.7365,160.5632,253.4550,49.9157
279.3067,160.6419,254.8154,49.7582
278.8044,163.0350,255.8200,49.4886
280.8124,163.0550,256.3291,49.4486
282.2066,167.8353,258.0722,48.9509
282.2479,167.5775,257.9895,49.4665
284.4128,167.5974,258.2148,49.4267
286.3702,169.9764,258.8572,49.2260
288.2868,169.8049,259.5863,49.5690
287.9410,172.0510,260.2778,49.6560
290.0466,171.9784,260.6571,49.8011
289.5959,174.2864,261.5586,49.7838
289.4825,174.3903,261.7854,49.5760
291.6201,174.6316,262.1201,49.0934
290.9948,179.6126,263.3705,48.3413
290.9152,179.5711,263.5297,48.4245
293.1573,179.6129,263.6570,48.3407
295.4411,182.1614,263.7010,47.8553
295.4502,182.1385,263.6829,47.9011
295.2987,184.5710,263.9859,47.6395
297.8577,184.5382,263.4702,47.7051
298.0314,184.5284,263.1227,47.7247
297.7452,194.0853,263.6952,46.9790
298.1929,194.0499,262.7997,47.0497
298.6718,193.9848,261.8419,47.1800
299.0803,193.8846,261.0250,47.3804
299.3747,193.7188,260.4362,47.7121
301.9604,193.5203,259.8194,48.1090
302.3010,193.2507,259.1380,48.6482
302.7715,192.9503,258.1970,49.2490
303.2610,192.5876,257.2181,49.9744
303.7487,194.5958,256.2427,50.5121
304.0893,196.6540,255.5614,50.9468
306.5278,196.2652,255.2345,51.7243
306.8786,196.0064,254.5330,52.2421
307.0980,200.6923,254.0942,51.9921
307.4571,200.5334,253.3759,52.3099
307.8557,200.5138,252.5788,52.3491
308.1693,205.3488,251.9516,51.7507
308.6082,205.3116,251.0737,51.8252
309.1144,205.1934,250.0613,52.0615
309.7061,207.5076,248.8779,51.9283
307.9709,207.3309,247.8723,52.2818
308.5144,209.5744,246.7852,52.2637
309.1127,209.4414,245.5886,52.5296
307.5017,211.6407,244.3688,52.5728
308.0492,211.4843,243.2739,52.8857
306.4066,213.6613,242.1425,52.9482
306.9810,213.5099,240.9938,53.2509
305.4526,213.2936,239.6590,53.6835
303.8872,217.6734,238.4084,53.6866
304.5741,217.4416,237.0346,54.1502
305.2024,217.2394,235.7780,54.5546
303.8664,216.9488,234.1062,55.1358
302.5093,221.0706,232.4889,55.5552
301.1442,220.7279,230.9022,56.2406
299.8749,220.4495,229.1331,56.7973
298.4949,222.3344,227.5995,57.3211
297.0515,224.1362,226.2045,57.9993
297.8914,226.0116,224.5246,58.5238
296.5167,225.8448,223.0126,58.8573
295.4872,227.8337,220.8250,59.1262
294.2523,227.6967,219.0739,59.4001
290.9989,227.4838,217.1781,59.8259
290.0976,229.6464,214.7981,59.6834
289.0258,229.4530,212.7953,60.0701
288.0375,229.2981,210.6465,60.3800
287.1114,231.2975,208.3980,60.4819
286.2431,231.1727,206.0634,60.7317
283.5104,233.1107,203.4436,60.8982
282.7365,233.0611,200.9828,60.9974
282.0249,235.0763,198.4302,60.9428
281.2027,234.9679,196.1360,61.1595
280.5485,236.9400,193.5344,61.1254
279.7758,236.8496,191.2074,61.3062
277.0836,238.6734,188.9061,61.5013
276.1279,238.5721,187.0039,61.7040
275.3867,240.4478,184.6960,61.7429
274.4369,240.2932,182.8373,62.0523
271.8892,242.1319,180.4578,62.1123
270.9538,242.0290,178.6241,62.3181
270.0343,241.9108,176.7808,62.5544
269.3012,241.7654,174.5869,62.8452
265.0927,243.4371,172.1016,63.1359
266.3279,243.1904,169.6312,63.6293
265.7445,243.0294,167.2206,63.9513
263.2621,242.8889,165.0883,64.2322
262.6161,242.8022,162.8575,64.4056
261.9622,242.6985,160.6713,64.6131
261.4026,242.5486,158.3242,64.9128
260.7703,242.4644,156.1511,65.0814
260.2376,242.4347,153.8070,65.1407
259.7985,242.3954,151.3087,65.2193
259.3654,242.3936,148.8331,65.2228
260.5464,242.4330,146.4711,65.1440
258.5844,244.1714,143.8543,64.9378
258.2995,244.2371,141.1952,64.8062
257.9036,244.2502,138.7993,64.7800
254.7298,244.2421,135.6891,64.7963
256.0311,244.1129,133.0866,65.0546
257.1745,244.0400,130.7997,65.2005
258.1285,243.8830,128.8917,65.5144
257.4755,243.8582,127.1771,65.5640
256.9221,243.9639,125.2877,65.3526
257.8963,244.0738,123.3394,65.1329
257.3828,242.6906,121.4337,64.9668
256.8562,242.8371,119.5855,64.6738
257.7722,242.8232,117.7535,64.7016
258.6267,242.8083,116.0444,64.7315
258.0983,242.9223,114.2833,64.5034
258.9722,243.0065,112.5354,64.3351
258.3648,241.8210,110.9908,63.9466
259.2542,241.8795,109.2119,63.8295
260.0651,241.8933,107.5903,63.8020
259.4736,241.9144,106.0962,63.7599
258.8589,241.9908,104.6717,63.6071
259.6217,240.8755,103.1460,63.2074
260.3432,240.9719,101.7030,63.0145
259.7237,241.0293,100.3661,62.8998
260.2876,241.2328,99.2381,62.4927
260.8468,241.3517,98.1199,62.2550
261.3933,240.1259,97.0267,62.1968
261.9612,240.1867,95.8909,62.0752
261.3101,240.1689,94.7199,62.1109
261.7757,240.1950,93.7886,62.0585
261.0019,239.0744,92.8946,61.8583
261.4521,239.1429,91.9944,61.7214
261.8716,237.9361,91.1553,61.7259
262.2372,238.0316,90.4242,61.5350
262.5784,238.0494,89.7417,61.4994
262.8674,237.9957,89.1637,61.6068
263.1591,237.9959,88.5804,61.6064
263.4409,238.0127,88.0167,61.5727
263.7200,236.8898,87.4585,61.4720
263.9881,236.9741,86.9223,61.3034
264.2160,237.0438,86.4665,61.1641
264.3747,237.0377,86.1491,61.1762
264.5319,237.1059,85.8347,61.0399
264.5885,237.1533,85.7215,60.9450
264.6623,237.1551,85.5739,60.9415
264.7472,237.1867,85.4040,60.8782
264.8123,237.1992,85.2740,60.8532
