1
220.4107,77.7005,302.1787,238.5989
220.3950,77.8759,302.2101,238.2482
220.3441,78.0282,302.3119,237.9435
220.3462,78.1487,302.3076,237.7025
220.3632,78.2782,302.2736,237.4436
220.3008,78.3947,302.3985,237.2106
220.2126,78.5326,302.5748,236.9349
220.0875,78.6975,302.8250,236.6049
219.9350,78.8244,303.1301,236.3511
219.7760,74.7502,303.4480,236.0201
219.6111,75.0156,303.7778,235.4894
219.4511,75.3407,304.0978,234.8392
219.2998,75.8049,304.4005,233.9106
219.0992,76.4223,304.8017,232.6760
218.8753,77.0908,305.2494,231.3389
218.5624,77.9532,305.8752,229.6140
218.1827,78.9343,306.6345,227.6518
217.7018,80.0882,307.5964,225.3441
217.2462,81.4541,308.5076,222.6122
216.7484,82.9721,309.5031,219.5764
216.1751,88.8690,310.6499,216.0843
211.3934,94.9537,311.9516,212.1765
210.7910,101.0835,313.1566,208.1333
206.0627,107.4516,314.4456,203.5647
205.4643,113.8927,315.6423,198.7933
200.9410,116.2863,316.6400,194.0060
200.4148,118.8045,317.6924,188.9697
195.9288,125.4884,318.7502,183.5161
195.4781,127.9117,319.6516,178.6696
191.2128,130.2173,320.4133,174.0584
186.9634,132.3663,321.2111,169.7603
182.8179,130.8944,321.8628,165.0649
182.6643,132.9872,322.1700,160.8793
179.0801,131.5292,321.8379,156.2949
175.8120,133.6059,320.9583,152.1416
176.7773,135.6541,319.0276,148.0452
178.2556,141.3968,316.0711,143.7909
176.5553,146.9139,312.3579,139.8706
178.4529,152.1713,308.5627,136.3468
180.7791,160.9522,303.9104,132.5329
183.1483,169.2782,299.1719,129.3596
185.7211,173.9488,294.0263,126.6331
188.6179,181.9460,288.2328,123.6229
191.7518,192.9412,281.9648,120.6977
194.8276,197.2234,275.8133,118.3461
200.9297,204.6201,269.6911,115.7170
203.5440,211.4968,264.4626,113.8577
208.7270,215.1096,259.9352,112.4707
210.7870,221.5022,255.8151,111.1827
212.6317,224.8407,252.1258,110.1719
214.0740,225.1730,249.2413,109.5072
215.5525,228.2685,246.2842,108.8576
216.6213,228.2400,244.1466,108.9146
217.7370,228.3439,241.9151,108.7068
219.1431,228.6096,239.1031,108.1755
220.3463,228.8947,236.6965,107.6053
218.6379,226.5064,234.7875,107.0559
219.5204,224.0360,233.0224,106.7081
217.5302,221.5524,231.7461,106.4185
215.4489,219.0295,230.6754,106.2310
213.2428,214.0195,229.8733,105.8225
210.8382,211.4247,229.4869,105.8164
211.1002,203.5753,228.9629,105.9460
208.6208,198.5390,228.7373,105.6497
208.7576,193.6804,228.4637,105.0150
206.2444,188.7159,228.3293,104.6221
203.6288,183.6690,228.4084,104.4119
201.1137,178.6885,228.2891,104.0738
198.6266,176.1106,228.1214,104.0877
195.9519,170.8878,228.3311,104.2539
195.7630,168.1372,228.7090,104.6096
193.1056,162.9762,228.8664,104.6168
192.9335,160.3243,229.2106,104.7608
192.9417,157.6914,229.1941,104.8594
190.3589,155.0877,229.1910,104.8980
190.2416,152.3992,229.4256,105.1055
190.1679,149.7159,229.5730,105.2956
190.1049,149.4674,229.6990,105.7927
189.9390,146.6505,230.0308,106.2341
189.7203,143.7332,230.4682,106.8636
189.4500,140.7006,231.0088,107.7065
189.1727,140.2151,231.5634,108.6774
188.9066,137.1547,232.0956,109.5281
188.6549,136.7426,232.5990,110.3523
188.4380,136.3121,233.0328,111.2134
190.8028,133.1423,233.6388,112.2172
190.6459,132.6005,233.9527,113.3008
190.5267,132.0657,234.1911,114.3705
190.3840,131.5163,234.4765,115.4692
190.3019,130.9758,234.6407,116.5504
190.2135,130.4098,234.8175,117.6823
190.1352,129.8121,234.9740,118.8777
190.0291,129.1676,235.1863,120.1668
190.0027,128.4439,235.2390,121.6141
189.9311,127.6804,235.3823,123.1410
189.9296,126.8589,235.3852,124.7840
189.8141,125.9271,235.6163,126.6477
189.6222,124.8987,236.0000,128.7044
189.4620,123.7703,236.3205,130.9613
189.4007,122.4926,236.4431,133.5167
189.4058,121.1683,236.4328,136.1653
186.5434,119.8467,236.3434,138.8085
186.6608,118.4519,236.1086,141.5980
186.8785,117.0522,235.6731,144.3975
187.1870,115.6725,235.0561,147.1569
187.4862,117.2984,234.4577,149.8843
187.7962,115.8753,233.8378,152.7304
188.1144,114.5255,233.2014,155.4301
188.3361,116.1806,232.7579,158.2093
188.6546,114.7262,232.1210,161.1180
192.1116,113.2902,231.3743,163.9902
192.5995,115.0769,230.3986,166.6203
196.2482,116.9501,229.3332,169.1058
196.6613,115.6916,228.5070,171.6229
200.2637,114.5184,227.5876,173.9693
200.7065,113.4127,226.7020,176.1807
201.0640,115.5943,225.9869,178.1497
204.5647,114.6669,225.3388,180.0044
204.9090,113.7701,224.6502,181.7982
205.2947,112.9925,223.8788,183.3532
208.7425,115.5107,223.3884,184.7221
208.9320,114.8660,223.0094,186.0114
209.0517,114.3346,222.7700,187.0743
209.1495,113.9464,222.5744,187.8507
209.1100,113.7035,222.6534,188.3365
209.0238,113.5001,222.8258,188.7433
208.8113,113.3434,223.2506,189.0566
211.8180,113.2399,223.7247,189.2636
211.5062,113.1288,224.3484,189.4859
211.1851,113.1299,224.9905,189.4836
210.7881,113.1137,225.7845,189.5161
210.4330,113.2676,226.4948,189.2082
210.0673,113.5707,227.2262,188.6021
209.7562,113.9993,227.8483,187.7448
209.2911,114.5130,228.7786,186.7174
208.8861,115.0514,229.5885,185.6406
208.4418,115.7007,230.4772,184.3421
207.9906,116.4910,231.3795,182.7615
207.5857,117.4169,232.1895,180.9096
207.1769,118.5209,233.0070,178.7017
206.6836,119.8076,233.9935,176.1283
206.1311,117.8807,235.0985,173.5395
205.6612,119.2832,236.0383,170.7345
205.2059,117.6525,236.9490,167.6108
204.5736,119.2699,238.2135,164.3759
203.9673,117.9710,239.4262,160.6604
203.4071,116.7736,240.5466,156.7853
202.8244,118.6239,241.7120,153.0846
205.4390,117.5826,242.6608,148.9893
208.1519,116.3876,243.3583,145.2557
207.8466,118.0414,243.9691,141.9482
210.5012,119.6613,244.6840,138.7084
213.1464,121.1160,245.3732,135.7990
212.8539,122.4934,245.9583,133.0442
215.5088,120.9137,246.5504,130.3017
218.2238,122.1283,246.9840,127.8725
220.8590,123.2430,247.5419,125.6431
220.5566,127.3413,248.1467,123.2444
223.2527,131.3356,248.5198,121.0213
223.3158,132.4042,248.3936,118.8840
226.1561,136.4272,248.4065,116.5313
226.2268,137.3458,248.2651,114.6942
226.0192,140.9261,248.6802,113.1519
225.9374,141.4925,248.8439,112.0190
225.9225,144.7706,248.8737,111.0428
225.8852,145.0825,248.9482,110.4190
225.7809,145.4737,249.1568,109.6364
225.8299,148.6222,249.0588,108.8819
225.8503,148.8558,249.0181,108.4148
225.8782,149.0967,248.9622,107.9330
225.8923,149.2046,248.9340,107.7172
225.8469,149.2165,249.0248,107.6933
225.8897,149.0760,248.9393,107.9743
225.8970,148.8233,248.9247,108.4798
223.1326,148.4213,248.9347,109.2837
223.1421,147.9219,248.9157,110.2825
220.4374,144.4872,248.7748,111.6017
220.4412,140.7571,248.7672,113.4903
220.4517,136.6882,248.7462,116.0235
220.3072,135.1152,249.0353,119.1695
217.3366,130.3973,249.2687,122.8978
217.1373,125.4893,249.6673,126.9381
216.9621,120.4457,250.0178,131.1736
216.8539,115.2295,250.2341,135.6764
216.6761,109.8728,250.5898,140.3799
216.5267,101.2899,250.8885,145.3546
216.3805,95.6676,251.1809,150.4146
216.1121,89.8951,251.7178,155.6852
215.7575,84.0385,252.4270,161.0273
215.4429,78.2267,253.0562,166.1797
215.1694,75.7823,253.6031,171.0686
214.9454,69.9939,254.0513,175.9893
214.8327,67.6335,254.2765,180.7102
214.8827,65.3655,254.1766,185.2461
215.0053,59.7276,253.9314,189.6233
218.6846,57.6199,253.5395,193.8386
218.9248,52.0637,253.0590,197.9214
219.2560,50.1215,252.3968,201.8057
223.2185,44.5784,251.6134,205.7504
223.6378,42.8102,250.7748,209.2866
224.1819,41.0852,249.6867,212.7366
228.4009,35.7090,248.5250,216.2127
229.0457,34.1884,247.2355,219.2539
229.7039,32.7316,245.9191,222.1675
230.4597,31.3531,244.4073,224.9245
231.3698,30.1098,242.5872,227.4111
232.3672,29.1771,240.5925,229.2764
233.2999,32.0183,238.7270,230.9930
234.2831,31.2589,236.7607,232.5119
235.2448,34.2898,234.8373,233.8400
236.1978,33.6395,232.9313,235.1407
237.0853,33.0794,231.1562,236.2608
237.9279,32.4369,229.4711,237.5459
238.5848,31.7588,228.1572,238.9020
239.2047,31.0718,226.9173,240.2761
239.8006,30.4009,225.7257,241.6179
240.3295,26.0858,224.6678,242.8893
237.1518,21.8178,223.6615,244.0637
237.5780,21.3077,222.8092,245.0838
237.9616,20.8303,222.0419,246.0386
238.2596,20.3563,221.4460,246.9866
238.3846,16.1947,221.1959,247.9357
234.8154,15.9096,220.9495,248.5058
231.0440,11.8804,221.1024,249.1746
230.8842,11.5623,221.4221,249.8107
223.0695,7.5676,222.2162,250.3824
218.9274,7.4657,223.0612,250.5862
214.5767,3.9825,224.3067,250.0968
206.4856,0.7211,225.5525,249.1514
202.0818,1.3681,226.8869,247.8574
194.0717,-1.2543,227.9581,245.6277
189.7926,-3.4150,229.0596,242.4924
185.5996,-5.2893,230.0203,238.8157
181.4972,-3.2502,230.8421,234.7376
177.5028,-4.6934,231.4992,230.2922
177.1853,-6.1083,232.1341,225.8496
176.9880,-7.3387,232.5287,221.0982
173.2592,-4.9970,232.8432,216.4148
169.7686,-6.0224,232.7505,211.3919
166.3420,-7.1512,232.6114,206.6571
166.2792,-4.8746,232.7371,202.1040
162.7397,-2.8412,232.9725,198.0371
162.5223,-1.3052,233.4072,194.9651
158.8618,-0.1637,233.9890,192.6821
155.2174,0.5407,234.5665,191.2734
151.5375,0.8571,235.2287,190.6405
147.7835,0.6298,236.0394,191.0952
143.7307,3.1938,237.4278,192.6843
135.9909,5.5182,239.3788,194.7998
131.6797,8.0263,241.1728,196.6120
127.2205,17.8583,243.2059,197.6040
122.7900,32.0212,245.1342,197.0085
121.6813,39.6210,247.3516,195.7140
117.0969,51.4877,249.5548,192.8774
116.2071,56.3504,251.3345,190.1051
115.2322,68.4486,253.2843,186.7139
114.4371,73.3207,254.8745,183.8790
110.0764,82.0475,256.7092,180.1990
109.3336,87.1267,258.1948,176.8946
108.4666,92.2511,259.9286,173.4678
104.2309,97.4163,261.6089,169.9285
103.3549,102.4991,263.3611,166.5202
98.9715,111.0605,265.4010,162.8508
98.0876,116.0036,267.1688,159.6602
97.2174,121.0474,268.9092,156.2409
96.4435,126.0892,270.4571,152.7933
95.7718,131.0979,271.8004,149.3767
95.3364,136.2366,272.6713,145.6616
94.9517,141.3382,273.4407,141.9699
94.7047,146.3706,273.9347,138.3647
94.3980,151.3882,274.5481,134.7339
94.0560,156.2072,275.2321,131.4467
93.7638,160.8623,275.8164,128.4399
93.5218,162.0542,276.3005,126.0561
96.3577,163.0745,276.8535,124.0156
95.9108,161.1253,277.7474,121.7168
