1
526.6546,88.5078,31.6908,8.9845
527.0702,88.5175,31.4747,8.9650
527.4861,88.5115,31.2545,8.9770
527.5847,88.5357,31.0573,8.9286
527.6609,88.8487,30.9050,8.9078
527.4069,89.4701,30.8103,8.8701
527.1650,89.4779,30.6936,8.8546
526.8332,90.0580,30.7587,8.8914
526.5853,89.7646,30.6543,8.8780
526.5814,89.7480,30.6620,8.9113
525.9161,90.0189,30.7944,8.9686
524.9468,90.2986,30.9265,9.0114
524.2639,90.5620,31.0827,9.0894
522.7764,90.8555,31.0153,9.1108
522.1594,91.1476,31.0335,9.1345
521.5186,91.7750,31.0977,9.0970
519.6577,92.0413,31.1668,9.1733
519.3375,92.9361,31.1959,9.2172
518.9775,93.1601,31.3035,9.3817
516.7587,93.4143,31.4220,9.4903
516.6108,94.3027,31.7176,9.5757
514.2999,94.2850,31.9542,9.6110
512.9094,94.5347,32.2131,9.7422
512.5236,96.7495,32.3482,9.7687
510.1506,96.3660,32.6213,9.8968
509.0511,96.6075,32.8846,10.0589
507.9550,97.2678,33.1210,10.0422
505.5850,98.2456,33.2760,10.0516
503.4395,98.8398,33.6229,10.1780
501.9988,100.4743,33.8458,10.2320
499.5392,100.4360,34.0836,10.3087
498.0523,102.0405,34.3631,10.4674
495.6650,102.6458,34.3744,10.6177
493.4991,102.9177,34.6058,10.7572
491.9773,104.2332,34.8926,10.8834
489.8091,104.8243,35.0549,11.0925
487.1421,107.1838,35.4763,11.2860
484.4506,107.0596,35.8798,11.5345
481.6677,109.1325,36.3941,11.7186
478.8301,109.3568,36.9428,12.0024
475.9674,111.4863,37.4508,12.2155
473.0424,111.7186,38.0054,12.5075
469.6342,113.9339,38.6638,12.6952
467.0447,114.1709,39.1477,13.0037
463.5215,115.5985,39.8335,13.3286
460.3066,117.8496,40.5881,13.6912
456.7405,118.5850,41.0950,13.8766
453.0620,119.6921,41.7422,14.1786
449.3671,122.1404,42.3042,14.4029
445.6031,123.2362,42.9076,14.8081
441.2863,125.7447,43.6070,15.0806
436.5441,126.3944,44.1265,15.5741
432.5323,128.9064,44.8470,16.0273
428.0125,131.0043,45.5038,16.4886
423.5027,133.1768,45.9812,16.8895
419.5062,133.8752,46.2684,17.4191
412.7822,136.6295,47.0167,17.7717
408.4597,138.3759,47.7100,18.2549
403.4813,140.5880,48.5534,18.8936
396.7224,142.8858,49.6372,19.4788
391.1122,145.7708,50.2354,20.0821
384.7664,148.7687,51.0294,20.5761
377.7786,150.1357,51.7828,21.1476
372.3618,153.2514,52.5102,21.6534
366.2814,155.8810,53.2473,22.1062
358.9982,159.7055,53.8809,22.5846
352.7764,162.8371,54.5375,23.3937
344.5895,164.8740,55.2786,24.1299
336.3151,168.7912,55.8863,24.8792
330.3493,172.0345,56.5838,25.8821
321.7870,174.7695,57.1206,26.7918
314.5912,177.5199,57.2155,27.7897
304.9706,181.6311,57.9983,28.7965
298.6682,184.4225,58.4770,29.9504
288.0147,188.5559,59.1691,31.3039
279.0657,192.1214,60.1737,32.6195
270.6887,195.0612,61.0315,33.9656
261.4215,198.8168,61.7966,35.3389
251.9940,203.4027,62.4664,36.7752
243.1152,206.4884,63.1773,38.3523
233.2446,210.4292,63.8757,39.9922
224.8008,213.7533,64.5145,41.4683
213.7082,217.9523,65.1311,43.0251
204.8317,220.5443,65.9407,44.6185
195.9629,225.0041,66.3486,46.0966
187.8123,228.6785,66.7776,47.5658
178.5160,233.2717,67.4269,49.1453
170.0439,234.2971,67.8999,50.7548
162.4608,240.0430,68.1565,52.3089
152.7194,241.1726,68.7095,53.8356
144.8385,245.2389,69.0610,55.3345
137.8664,246.3488,69.3133,57.0266
130.8328,249.6100,69.4697,58.4533
124.7359,250.9136,69.5875,59.8713
120.5450,253.3342,69.8202,61.1421
118.4699,254.7705,69.8478,62.3919
113.3394,255.2708,69.7004,63.4731
112.1973,255.8874,69.8879,64.3366
110.0127,256.5734,70.0305,65.0778
109.9813,256.2987,70.0932,65.6272
