1
143.2992,26.6627,32.2282,122.8533
141.8813,26.3038,32.7284,121.2353
140.6175,26.7121,32.9336,120.4187
141.5463,27.0243,33.3907,119.7944
139.2509,28.4537,33.3527,119.2500
140.2420,28.7488,33.6764,118.6598
137.0132,28.6147,33.2227,118.9280
137.9992,28.7623,33.5498,118.6328
137.9449,30.0000,33.6585,118.4584
136.8719,29.9596,33.5039,118.5392
136.8778,31.1853,33.4920,118.3866
135.8145,31.0807,33.3221,118.5959
136.8602,32.3542,33.5270,118.3452
133.6591,32.2206,33.0396,118.6124
135.6653,32.3484,33.6096,118.3568
133.5076,32.3178,33.3284,118.4180
134.4424,33.4215,33.7527,118.5045
133.3919,33.2726,33.5507,118.8022
134.4380,33.3534,33.7620,118.6407
134.4318,32.2958,33.7743,118.4507
134.4995,32.3818,33.6389,118.2787
135.5424,31.1382,33.8508,118.4682
136.6486,31.1747,33.9427,118.3952
135.5922,31.1939,33.7505,118.3567
136.6531,31.0521,33.9296,118.6404
137.7471,31.0218,34.0499,118.7011
136.6864,31.0248,33.8599,118.6951
137.7270,30.9789,34.0864,118.7868
138.7987,32.2216,34.2561,118.6147
138.8242,32.3829,34.2053,118.2920
139.8917,32.2512,34.3787,118.5555
138.8131,32.1137,34.2204,118.8305
139.8639,31.9798,34.4353,119.0982
136.6557,33.0998,33.8792,119.1825
138.7611,33.1442,34.2983,119.0935
138.7404,34.3835,34.3398,118.9365
137.6993,35.5480,34.1018,118.9277
134.4752,35.6937,33.6036,118.6361
135.5362,35.8782,33.7836,118.2671
136.6272,35.8480,33.9019,118.3275
134.5525,35.8500,33.4447,118.3236
136.7184,35.8781,33.7023,118.2673
132.3769,35.7958,33.1903,118.4320
134.5711,34.3551,33.3849,119.0219
135.5819,35.4515,33.6667,119.1326
136.5962,35.3689,33.9484,119.2978
134.4168,35.3121,33.6715,119.4112
136.5320,36.5239,34.0696,119.3021
133.2779,36.4079,33.6174,119.5341
135.5216,37.7062,33.7599,119.2525
136.4779,37.7603,34.1610,119.1441
134.3362,37.9129,33.8050,118.8390
134.2133,38.0231,34.0510,118.6186
135.2569,38.0072,34.2740,118.6503
134.2362,37.9901,34.0005,118.6847
135.3542,38.0433,34.0746,118.5782
133.3013,38.0780,33.5604,118.5088
135.5677,37.7803,33.6265,119.1041
135.6364,36.5146,33.4890,119.3265
135.7011,36.5188,33.3596,119.3181
136.7814,35.5160,33.5062,119.0166
137.8737,35.5389,33.6273,118.9708
137.9387,35.7788,33.4973,118.4909
137.9537,35.9286,33.4673,118.1914
139.9293,36.0160,34.1027,118.0165
139.8443,36.3167,34.2725,117.4152
139.7077,36.6307,34.5458,116.7872
140.7706,35.6372,34.7135,116.4807
140.8634,37.2696,34.5279,115.5082
140.8784,36.2733,34.4979,115.2256
141.8786,37.9790,34.7682,114.0847
141.6887,38.2899,35.1479,113.4630
141.5973,39.5693,35.3308,113.1618
139.0086,39.6879,35.9946,112.9245
137.5426,40.8313,36.6611,112.9035
134.5455,41.1000,38.1001,112.3660
126.9820,41.3590,39.4496,111.8481
125.0520,40.7064,40.9961,110.8398
116.4473,39.6879,41.9164,110.5498
111.3580,38.5762,42.7373,110.4338
109.9687,37.3403,43.1633,110.5531
101.4698,36.8272,43.6282,111.5792
99.2168,36.4372,43.3644,109.9744
97.9618,37.6211,43.5171,107.6064
95.5022,40.8731,43.7848,103.4282
93.8077,42.1783,44.9036,100.8180
93.1463,43.1846,46.2263,98.8053
91.8723,45.4869,48.7744,96.4468
89.6403,47.8375,53.2383,94.0014
88.7571,48.9623,57.3012,91.7519
87.6803,49.8535,61.7864,89.9694
86.3941,47.3443,66.7383,90.2289
85.4956,46.7184,71.0003,91.4807
86.5744,46.3631,73.9500,92.1913
90.9360,45.7199,73.0641,93.4776
121.1630,40.2967,70.2012,96.4708
121.1954,37.4087,67.5199,99.6302
113.8332,34.1767,66.5236,103.4739
114.1864,33.4057,65.8172,105.0161
113.9969,29.4025,66.1961,107.6774
107.9748,27.9614,67.3659,107.8410
106.1089,26.7864,68.3570,107.4503
106.6154,29.2020,67.3441,108.1219
108.6162,35.6783,63.3424,108.8919
110.1584,36.2276,60.2580,110.4820
113.5184,38.3686,56.1976,111.5192
113.9068,39.5464,55.4207,111.7685
113.4991,41.1044,56.2362,111.2478
111.7287,42.3688,59.7770,108.7191
108.3154,43.5811,63.9782,106.2943
106.9219,43.3005,66.7652,104.1948
116.0325,41.6859,67.2767,104.7481
123.0030,41.5012,64.1075,107.8104
125.4139,40.3616,59.2856,110.0895
126.2838,39.8586,54.9088,111.0955
121.0241,41.5046,55.1221,110.3800
119.3821,41.7008,55.8363,109.9876
117.6100,42.8558,56.8041,110.2540
119.4384,41.5916,55.7443,112.7825
123.5256,41.3431,52.8012,115.8951
129.9321,40.7759,50.4273,119.6393
131.8774,43.7199,49.1589,121.6179
130.7629,43.2818,48.7597,122.4940
127.7541,45.4927,52.1436,120.7058
125.8856,41.0007,55.8806,116.3500
125.7365,41.6694,58.8490,112.3425
130.6030,42.5139,57.1046,110.6536
131.8669,43.1076,54.5768,109.4661
132.8108,44.7504,52.6888,108.7275
136.7669,48.8184,52.2869,108.1017
134.6395,54.1074,51.5671,107.4727
136.0275,58.3151,51.2567,106.4541
134.2986,66.5859,49.8240,107.0297
134.7702,70.0651,48.8807,107.3574
135.1221,71.7518,48.1769,106.4010
134.8748,72.5451,48.6714,104.8143
125.7553,72.9191,50.2762,104.0664
118.4648,72.8342,52.8901,101.8427
110.6172,67.0435,56.5550,96.5817
119.9727,53.6404,61.7532,92.3061
117.9233,45.8231,65.8519,88.6272
107.6853,31.8828,74.1975,82.5422
110.1980,22.2834,74.1069,82.0012
119.5469,18.9267,72.6125,83.7993
138.9669,25.4178,73.1581,85.5867
139.6497,23.3906,69.2944,92.1391
141.7244,27.9656,65.1450,98.2045
145.1742,37.3191,63.3640,102.5306
152.2350,50.7917,64.8078,98.9335
157.4528,58.7039,69.7596,93.3675
156.1387,67.1986,77.5122,86.6268
145.2872,80.0488,83.7119,79.0135
142.8184,91.9827,88.6496,75.6445
140.1489,97.5963,86.2327,77.3438
141.2434,94.6222,81.4686,80.7168
143.8274,93.0841,76.3007,83.7930
147.2582,88.6580,69.4391,87.6043
148.8437,82.2450,63.7992,90.5544
149.6410,76.1318,59.7829,93.0942
141.3105,71.3187,57.2984,97.9341
129.5312,68.5191,59.0447,98.6861
125.5864,64.3210,62.0059,97.2253
112.2632,56.2735,68.7146,90.8905
102.5654,34.2333,75.5733,82.3156
98.1614,36.8245,81.8954,74.6475
94.9360,33.4221,88.3463,69.1293
103.2496,32.3911,89.0461,68.7159
102.9737,30.9274,89.5980,69.1641
104.2001,30.3654,87.1452,70.2880
119.1539,21.6632,79.5190,75.3139
136.4780,27.2752,71.6898,78.7185
150.3193,29.3877,67.6871,79.2293
154.6903,28.9536,63.5687,80.0977
157.3419,32.9044,62.7831,76.7135
156.0577,33.2650,60.9632,73.7983
155.1580,35.0953,62.7627,68.0178
161.1386,57.2563,63.1562,64.8782
162.5165,64.4961,68.4653,60.4797
162.3241,66.2009,72.9095,57.0703
161.9563,65.8869,75.6883,55.6550
158.0776,66.2422,73.1338,59.0692
155.0365,70.4159,66.7421,65.2747
159.2588,68.4870,60.3764,71.2115
155.6409,71.0951,55.1891,74.2774
158.1577,72.3868,54.2222,73.7272
161.1618,73.0594,54.2412,72.3819
166.1732,72.7387,56.1521,71.0345
156.2679,71.7148,53.9681,71.0828
157.7303,70.8480,53.0080,70.8516
179.2005,71.5165,58.7045,69.5146
176.9001,71.8694,63.3053,68.8088
174.1443,70.7763,66.7368,68.9150
172.8741,69.5795,69.2773,69.1724
170.9104,68.4936,71.0245,69.1638
168.8484,67.5454,72.9407,68.8527
167.2436,66.7175,73.9176,68.2756
166.0191,65.7548,74.1278,67.9623
166.0520,65.8703,74.0621,67.7313
165.2772,64.7592,73.3791,67.7210
163.1749,63.7089,73.1407,67.6000
162.1166,63.7834,73.0413,67.4510
162.2043,63.8565,72.8659,67.3049
154.0237,64.1073,73.7782,66.8033
152.4125,62.9676,74.7873,66.8694
151.4996,62.6783,74.3833,67.4480
148.8482,62.6678,75.2201,67.4691
146.3293,62.7101,75.7654,67.3845
143.9407,62.8789,76.0361,67.0468
143.0778,62.9649,75.5096,66.8749
142.0396,61.9359,75.3449,66.6916
143.1794,59.6811,75.3009,66.7297
143.0729,59.9133,75.5140,66.2653
143.3892,58.7732,74.8813,66.3140
145.8523,59.9669,74.4002,66.1490
147.0175,59.9989,74.2823,66.0851
149.2224,59.9577,74.2915,66.1675
154.7139,60.5320,72.1527,67.2300
138.6335,61.5211,71.3936,67.4464
155.3727,57.2015,68.5225,69.5269
158.1539,55.9707,65.1340,71.9885
161.0318,53.5431,61.5369,74.6849
163.4249,52.5054,58.8935,76.7604
165.6696,52.8368,56.5357,78.2293
168.0230,52.1379,53.9444,79.6270
170.3958,51.4329,51.2926,81.0371
171.3985,52.1685,49.2871,81.6366
174.7018,52.8298,46.7724,82.3598
176.8596,53.6039,44.4710,82.8259
178.9686,53.4651,42.2348,83.1034
179.6889,53.5550,40.7943,82.9236
181.2952,54.3765,39.5016,83.2005
182.8130,54.2470,38.3674,83.4595
185.1286,53.1560,37.5068,83.7561
185.1597,52.2685,37.4448,83.6565
185.2031,52.3333,37.3580,83.5269
186.4552,52.4038,36.7225,83.3860
186.4164,53.6073,36.8000,82.8344
186.5643,54.7833,36.5043,82.3313
187.7913,55.9016,35.8864,81.9309
187.7639,56.1472,35.9413,81.4397
187.7787,56.3085,35.9118,81.1171
187.8171,56.4435,35.8349,80.8471
187.8989,56.4150,35.6714,80.9041
189.0773,56.1921,35.1155,81.3498
189.1283,56.0116,35.0135,81.7109
189.1655,56.1189,34.9391,81.4963
189.2963,55.9541,34.6775,81.8259
189.3956,55.9200,34.4788,81.8941
189.4759,55.9167,34.3183,81.9007
190.5593,56.8143,33.9430,81.8969
190.6081,56.5444,33.8453,82.4368
190.6297,56.3814,33.8020,82.7627
190.5261,55.4435,34.0093,82.8438
190.2242,55.5988,34.6132,82.5332
189.9462,56.7070,35.1691,82.1227
188.8910,56.9191,35.4697,81.6985
189.2163,58.0433,34.8192,81.2590
189.5918,59.2920,34.0681,80.5527
189.1995,59.7909,33.0852,79.5549
188.7078,60.2714,32.3329,78.5939
189.1562,61.3587,31.4360,78.1276
188.6534,61.5290,30.7559,77.7870
188.9873,61.5942,30.0882,77.6567
188.4218,61.6187,29.5643,77.6078
187.5593,61.7577,29.6445,77.3298
186.5828,61.6604,29.9551,77.5243
186.4955,60.9062,30.1298,77.3821
185.9378,61.0788,29.5935,77.0368
185.3315,61.0697,29.1689,77.0552
185.4242,61.1499,28.9834,76.8947
185.5788,61.0175,28.6742,77.1594
185.7161,60.9474,28.3998,77.2998
185.8231,61.8374,28.1858,77.1390
185.9608,62.6260,27.9103,77.1751
186.0885,63.4931,27.6550,77.0496
186.1951,63.4037,27.4417,77.2285
186.2758,63.4314,27.2803,77.1731
186.4297,64.2457,26.9725,77.1418
186.4931,65.1065,26.8457,77.0115
186.5595,65.1088,26.7129,77.0069
186.6880,65.1302,26.4559,76.9642
186.7342,65.2314,26.3635,76.7618
186.7975,65.3083,26.2369,76.6080
187.7134,65.3258,25.9754,76.5730
187.7437,66.1860,25.9148,76.4176
187.7507,66.1401,25.9008,76.5093
187.7889,66.1147,25.8244,76.5602
187.8193,66.0848,25.7636,76.6199
188.6362,66.1148,25.6917,76.5600
189.4234,66.0818,25.6769,76.6259
189.3918,66.0315,25.7401,76.7266
190.1761,66.0035,25.7344,76.7825
190.9247,65.2218,25.8008,76.7824
190.9197,65.2737,25.8107,76.6786
190.9229,64.5797,25.8043,76.5031
191.7438,63.8347,25.7236,76.4321
191.7574,63.9095,25.6963,76.2826
192.5521,63.8652,25.6626,76.3712
192.5389,63.7923,25.6891,76.5170
192.4839,63.7156,25.7992,76.6703
192.4887,63.8224,25.7895,76.4567
192.5158,63.1384,25.7352,76.2648
192.5730,62.2258,25.6209,76.5337
192.6236,62.1053,25.5198,76.7748
192.6348,62.0074,25.4974,76.9705
192.6301,61.8742,25.5067,77.2370
192.5775,61.8498,25.6119,77.2858
192.5336,60.9466,25.6998,77.5236
192.4419,59.9934,25.8831,77.8565
192.2350,59.6972,26.2968,78.4489
191.3136,59.3701,26.5421,79.1031
191.0525,58.2693,27.0642,79.6933
190.6844,58.0076,27.8005,80.2168
190.3094,58.0423,28.5505,80.1473
189.8491,59.0458,29.4712,79.8031
188.6179,60.9328,30.2588,79.3783
185.3233,60.8505,31.8001,77.8603
184.7151,62.0691,33.0163,77.1115
183.6501,64.8222,35.1463,75.0038
182.9729,70.5630,38.2069,72.0522
181.5222,72.5678,41.1083,69.7583
180.6353,77.3998,44.6134,67.0195
178.7493,79.6659,48.3854,64.2364
177.1471,81.6285,51.5896,62.0804
175.5181,82.3596,54.8477,60.6182
174.0157,81.7243,57.8526,60.0710
171.6774,80.7966,60.6721,60.0694
168.6045,79.3320,63.0151,61.0973
168.2874,77.9970,65.6037,61.8127
166.9131,76.4168,68.3524,62.9667
164.2214,74.9215,71.6681,63.8897
162.8004,74.6955,74.5101,64.3419
161.6068,74.5886,76.8974,64.5555
161.2593,74.3422,79.8178,65.0485
159.4025,74.2547,83.5314,65.2234
155.0113,72.8641,87.6375,65.6664
151.8684,71.6296,91.5153,65.7275
148.0138,69.3703,94.2886,65.3102
148.1903,68.1618,96.4387,65.2243
150.4070,68.2646,99.6072,65.0187
149.4399,68.4293,104.1195,64.6892
149.8414,68.5634,108.5969,64.4209
148.7960,70.0532,113.3901,64.1437
147.4857,70.1435,118.7796,63.9632
146.3442,70.1253,123.9079,63.9995
153.8214,71.1877,129.4027,64.7961
2
0
0
0
0
1
166.4469,60.3866,22.5766,49.9626
167.2821,58.6971,22.0281,53.3416
171.5385,58.4779,21.6425,56.1022
173.1091,57.3120,20.8891,58.4339
173.9562,56.6208,20.4085,59.8164
175.2486,55.9383,20.2733,61.1813
176.9578,57.1480,20.5797,61.2452
177.2623,58.0167,21.2189,60.7560
178.0090,59.7440,22.2312,59.8071
177.4513,63.2341,23.3465,59.1150
177.0440,65.5433,24.1612,58.2997
177.4522,70.2697,24.6152,57.7401
180.4838,72.1724,24.9042,56.4756
180.8800,76.8526,25.3690,54.6586
185.1657,78.6300,26.7097,52.3428
188.8232,81.9885,29.2222,50.5395
188.6247,82.9141,32.1088,48.6884
183.1326,87.0778,32.9676,46.6895
186.4982,87.7510,33.7352,45.3430
187.7788,83.6296,34.8999,44.8920
191.6550,71.5709,35.9260,47.6897
197.6284,58.5833,34.4875,51.3351
184.0605,73.5632,33.3780,50.9654
188.1475,72.2508,33.1300,50.9482
190.4238,70.7553,32.5274,51.3061
190.8030,69.3534,31.7689,52.7979
193.6321,67.9173,31.3964,53.0273
196.9641,68.2025,31.3252,52.4570
197.1273,68.7874,30.9988,51.2871
191.0121,66.8891,32.9415,48.6539
190.0166,69.7889,34.9325,46.6913
189.7193,70.6743,35.5271,46.2026
187.4537,68.7598,34.9210,47.4630
188.4554,61.1517,32.9177,51.0366
189.6369,57.6378,30.5547,54.1212
191.4779,54.3746,28.1931,56.6861
191.5441,43.3805,26.7430,58.9085
190.4893,38.9545,26.2028,58.4864
189.5992,39.7085,27.9831,56.9785
190.1572,39.7665,30.8222,55.5441
188.4869,39.9825,34.1627,53.7661
187.0280,37.4052,37.0805,50.6642
184.2811,36.7473,39.8189,47.8470
170.0076,34.2503,43.5418,44.5662
164.4212,34.8251,45.0022,42.0291
166.8441,31.8843,44.2675,42.4293
165.6073,40.3596,44.0105,43.2268
167.9520,24.8090,42.0689,45.4780
163.4399,36.0290,40.0655,47.8498
165.0548,32.9908,38.2188,49.7767
163.5668,23.7054,35.6638,51.7544
164.6154,19.0778,33.5665,54.1555
165.4994,19.1579,31.7987,55.3673
163.5911,19.8713,30.1748,55.3005
164.3047,20.1426,28.7478,56.0894
164.8670,21.7725,27.6231,56.7851
164.0963,23.4372,27.8552,56.0743
164.4020,50.0840,27.2439,54.8974
163.7313,51.2045,27.3101,53.9314
165.1456,55.9775,27.0057,53.2201
166.8730,57.8078,26.0436,54.5453
168.3582,61.0527,25.5716,55.5501
168.9194,69.4612,24.4492,56.3104
169.5962,72.5532,23.0956,56.3604
170.2635,73.3434,21.7609,56.0035
170.6608,70.3902,20.9663,55.9370
168.0742,63.6077,22.6015,54.1705
167.7374,65.2856,24.4582,51.9978
166.0062,65.9435,26.7363,49.4976
163.1679,58.3931,28.8516,46.7923
160.7423,56.1278,31.3371,44.2257
159.0650,57.4251,33.5062,41.6312
158.5695,56.5830,33.3157,40.9524
159.2829,53.1017,31.8888,42.0748
153.0557,56.0220,30.3991,43.2062
155.7225,55.4462,28.5296,44.3580
155.4201,55.5067,26.8524,45.3779
147.5376,61.2472,26.8241,44.0497
148.7240,63.6340,26.6670,42.5997
147.2747,64.1865,26.3149,41.4948
143.9389,64.8725,27.6806,40.1228
145.2656,73.1931,30.3437,38.3672
136.9295,73.7588,31.8928,37.2359
136.8185,79.3088,31.0269,37.0141
136.1570,80.5366,30.2089,36.6995
136.5595,80.7196,29.4040,36.3335
138.1077,77.5843,28.3752,36.4013
141.1621,76.4762,27.3571,36.5813
144.8873,75.8314,26.9368,36.8665
145.0007,72.6105,26.7098,37.2979
145.1478,71.2885,26.4157,37.9330
146.2288,71.5850,26.2723,38.3491
146.4682,70.8203,25.7936,38.8654
147.8459,70.4197,25.0641,39.6665
149.2108,70.0436,24.3602,40.4188
151.0861,69.6846,23.6463,41.1367
151.3557,70.4119,23.1071,41.7038
151.5639,71.3340,22.6908,41.8798
152.2856,71.1770,22.2529,42.1939
152.5105,71.4660,21.8032,42.6185
152.6353,71.8803,21.5535,42.7912
152.8536,71.7438,21.1170,43.0641
153.0920,72.1297,20.6401,43.2882
153.3112,72.0444,20.2017,43.4589
153.5366,72.4991,19.7510,43.5350
154.1534,72.5204,19.4961,43.4924
154.7341,72.5048,19.3085,43.5237
154.9716,71.9587,18.8336,43.6450
155.0937,71.8615,18.5894,43.8394
155.2066,71.2113,18.3636,44.1769
155.3014,70.9896,18.1740,44.6202
155.3549,70.2189,18.0669,45.1950
155.3945,69.9965,17.9877,45.6398
155.4191,68.7300,17.9386,46.2167
154.8775,67.9242,18.0363,46.8427
154.8453,67.1973,18.1007,47.3003
155.7280,65.8758,17.3393,47.9355
156.5606,64.4603,16.6733,48.7678
156.8473,64.0117,16.1000,49.6649
157.6129,64.6747,15.5702,50.3418
157.7644,64.8118,15.2671,51.0687
157.8500,64.4113,15.0960,51.8698
158.4106,65.0321,14.9888,52.6564
158.9053,64.1654,15.0225,53.3666
158.6955,65.0986,15.4422,53.5677
158.3558,64.6905,16.1216,53.3394
157.3758,67.0669,17.0277,52.8023
156.9848,66.3122,17.8098,52.1857
156.5292,66.1183,18.7208,51.5048
163.8440,68.5341,19.1465,52.0501
165.7142,67.1728,19.7694,52.5909
164.9362,68.3938,20.2156,53.4786
163.1938,68.0838,20.3086,54.0986
165.6799,68.3669,21.0421,54.6734
164.0047,67.0674,20.9049,56.1100
160.7628,67.9153,20.3042,56.7756
161.6643,66.2206,19.6806,57.8061
158.5415,67.7777,18.8297,58.2402
158.8008,69.8340,18.3110,58.8211
158.9086,68.4831,18.0956,59.1788
158.9442,69.0990,18.0243,59.1201
158.9306,69.0232,18.0514,59.2717
158.8128,69.6485,18.2872,59.1947
158.8188,68.3630,18.2751,59.4120
158.8278,69.4912,18.2571,59.5151
158.8438,70.6095,18.2251,59.6402
158.8406,71.8249,18.2315,59.5736
157.5593,69.1047,18.4316,59.1078
157.5047,70.9757,18.5407,58.9007
157.4496,72.9295,18.6510,58.5254
163.5910,74.2011,19.2836,58.3304
161.7302,73.0200,19.4562,58.3267
161.6062,74.3531,19.7041,58.0328
151.5045,72.3701,20.9250,57.2530
149.0100,73.9405,22.3216,56.5071
148.2366,75.4500,23.8683,55.9119
146.7912,76.6579,25.5283,55.9577
145.4458,76.0301,26.9586,55.9526
144.7646,75.7182,28.3209,56.5764
142.4696,74.5544,30.2743,57.5856
139.9485,74.2032,32.5828,58.2881
138.3547,73.8592,34.3538,58.9760
137.8796,72.2768,35.3040,59.2270
138.1070,72.1265,36.3258,59.5276
138.2318,71.4705,37.5746,59.3411
137.8350,71.2306,38.3682,59.8210
136.9158,70.1927,38.6697,60.3597
137.3385,67.4509,37.8242,61.1929
139.8239,62.2659,34.4019,63.8208
141.2770,61.2344,31.4957,65.8838
143.2246,59.9985,29.1100,66.8461
144.0217,60.3220,27.5157,67.6808
144.5678,59.5750,26.4235,69.1747
144.8565,59.7934,25.8460,70.2054
144.9034,60.8988,25.7524,70.9380
144.9131,61.8338,25.7329,72.0291
144.7680,62.2215,26.0231,72.7494
143.9985,61.5662,26.0507,74.0601
143.8887,61.0049,26.2704,75.1826
143.8209,61.4103,26.4060,75.9224
143.0742,61.0562,26.3359,76.6305
142.9756,60.7162,26.5331,77.3106
142.8264,60.4356,26.8313,77.8719
141.9845,61.1932,26.9161,77.9558
141.8016,61.0323,27.2818,78.2775
141.6074,61.0973,27.6703,78.1476
141.5549,60.9592,27.7753,78.4238
141.2988,61.1133,28.2874,78.1155
141.1427,60.4665,28.5997,77.7800
141.1968,60.7088,28.4915,77.2955
142.0617,61.0645,28.3827,76.5842
142.9050,62.0080,28.3049,76.3059
143.6959,62.1092,28.3266,76.1035
144.3955,62.3102,28.5283,75.7015
144.4769,62.4448,28.3656,75.4323
144.5236,61.7637,28.2722,75.2025
144.5186,61.7760,28.2822,75.1779
145.2328,61.8844,28.4408,74.9611
145.1546,61.1930,28.5970,74.7573
145.1355,61.3793,28.6352,74.3846
145.1092,61.4087,28.6878,74.3258
145.1259,62.2014,28.6544,74.3225
145.1866,61.9949,28.5331,74.7355
145.5391,62.9324,27.8280,74.4454
145.2320,62.9935,26.8741,74.3232
142.5780,64.2080,25.9849,73.4435
138.4070,66.3838,26.7242,72.1330
139.6659,67.7639,27.2369,70.8880
136.4052,68.2630,27.7320,69.8899
137.3233,68.6028,28.8979,69.2102
137.5532,69.5121,29.9503,68.9037
137.5227,68.1988,30.0112,70.0040
137.8536,68.0599,30.8927,70.2819
139.1390,68.7337,31.4475,70.4970
