1
469.8533,219.5598,57.2934,74.8804
470.0661,219.5850,56.8678,74.8300
470.2427,219.5890,56.5145,74.8220
470.3257,219.5886,56.3486,74.8228
470.4216,219.5901,56.1568,74.8197
470.4210,219.5667,56.1580,74.8666
470.4008,219.5361,56.1983,74.9277
469.4145,219.5150,56.1114,74.9699
469.4231,219.4953,56.0941,75.0095
469.4314,219.4610,56.0776,75.0781
469.3979,219.3847,56.1444,75.2307
468.3011,219.3119,56.2746,75.3763
467.2213,219.3016,56.3664,75.3969
466.1552,219.2236,56.4292,75.5527
465.0339,219.1343,56.5987,75.7315
465.0154,219.0272,56.6356,75.9457
463.8653,218.9023,56.8536,76.1953
461.7082,218.7685,56.9883,76.4629
461.6785,218.6565,57.0477,76.6870
459.5489,218.5595,57.1062,76.8809
458.4125,218.4795,57.2747,77.0410
458.3618,218.3588,57.3760,77.2823
456.1816,218.2235,57.5069,77.5530
456.0980,218.0800,57.6742,77.8400
453.8690,217.9390,57.8758,78.1221
452.7122,217.7920,58.0536,78.4161
450.4827,217.6434,58.2263,78.7133
450.4161,217.4780,58.3596,79.0440
447.1014,217.2809,58.5157,79.4382
447.0157,217.1312,58.6871,79.7375
444.7496,216.9485,58.8723,80.1029
442.4554,216.7665,59.0962,80.4671
441.2669,216.5875,59.2817,80.8250
440.0244,216.3358,59.5668,81.3283
437.6840,216.1579,59.8233,81.6843
435.3903,215.9458,59.9672,82.1083
434.1136,215.7723,60.2899,82.4555
431.7805,214.4599,60.4739,82.8391
430.5582,214.2843,60.6685,83.1902
428.1630,214.0799,60.9418,83.5989
424.6116,213.7840,61.2368,84.1908
424.4994,213.5508,61.4613,84.6572
419.7064,213.2589,61.8720,85.2410
419.6709,213.0327,61.9430,85.6934
414.8747,212.7415,62.2656,86.2759
414.8379,212.5411,62.3391,86.6766
411.1763,212.2391,62.6458,87.2806
409.8621,212.0070,62.9210,87.7449
407.3306,210.5362,63.2549,88.3218
403.6252,210.2625,63.5290,88.8692
402.3071,210.0250,63.7737,89.3442
398.4954,209.6975,64.1883,89.9991
395.9339,208.2436,64.4722,90.4874
393.3530,207.9555,64.7706,91.0637
391.9769,207.7326,65.0774,91.5093
386.7938,207.3639,65.6150,92.2467
385.4104,207.1050,65.9046,92.7646
382.7004,206.7464,66.3452,93.4817
380.0202,205.2145,66.6898,94.0376
376.0271,204.8556,67.1102,94.7555
374.5823,204.5283,67.4600,95.4101
370.4895,202.8692,67.9793,96.1729
367.6989,202.5257,68.4095,96.8600
364.8965,202.1993,68.8282,97.5127
362.0355,201.8145,69.3307,98.2822
357.8143,200.0886,69.8839,99.1043
356.2510,199.7685,70.3593,99.7447
350.5892,199.3456,71.0077,100.5905
348.9566,197.6881,71.5806,101.2131
345.9466,197.3788,72.1783,101.8316
340.1589,195.5642,72.8324,102.7306
338.5271,195.2602,73.3412,103.3386
335.4415,194.8619,73.9677,104.1352
332.3357,194.4579,74.5901,104.9431
327.7734,192.6550,75.2631,105.7317
326.0500,192.2940,75.8697,106.4538
321.3922,190.4931,76.6020,107.1945
319.6670,190.1197,77.1680,107.9412
313.4406,188.2134,78.0007,108.8489
311.6616,187.9242,78.6263,109.4271
309.8511,187.5386,79.2956,110.1985
304.9226,185.6504,80.2299,111.0006
301.5883,185.3283,80.8951,111.6448
298.1771,184.9232,81.6727,112.4550
294.7541,183.0113,82.4236,113.2313
292.8314,182.6763,83.1973,113.9012
289.3151,180.7450,84.0411,114.6694
284.2105,178.8004,84.8902,115.4387
282.2207,178.4697,85.7242,116.1000
278.6556,178.0947,86.5158,116.8501
276.6316,176.1266,87.3701,117.5926
273.0058,175.7555,88.1837,118.3347
271.0068,173.8040,88.9382,118.9942
268.9538,171.7969,89.7783,119.7423
265.2980,171.4697,90.5077,120.3968
263.2275,171.1220,91.3357,121.0923
261.1421,169.1035,92.1693,121.7921
259.0852,167.1144,92.9218,122.4089
255.2863,166.7845,93.7535,123.0688
253.1965,164.7604,94.5262,123.7102
252.8431,162.7406,95.2331,124.3206
250.7407,162.5096,95.9879,124.7828
248.6414,162.2215,96.7172,125.3589
246.5427,160.1683,97.4246,125.9754
244.4462,159.9437,98.1068,126.4246
242.3212,157.8979,98.8278,126.9872
240.1770,157.6836,99.5670,127.4157
239.8346,157.4669,100.2518,127.8493
237.6967,157.2434,100.9420,128.2962
235.5243,156.9935,101.6833,128.7961
233.3499,154.9104,102.4087,129.3388
233.0136,154.7276,103.0813,129.7045
230.8577,154.4918,103.7332,130.1760
228.6917,154.2510,104.3876,130.6577
228.3734,154.0104,105.0241,131.1389
226.1897,153.7422,105.6781,131.6753
224.0027,153.5416,106.3198,132.0766
223.7115,153.3290,106.9023,132.5018
223.4081,153.0937,107.5091,132.9722
221.1748,152.8360,108.1938,133.4876
220.9079,152.6053,108.7277,133.9492
218.7375,152.3596,109.2518,134.4406
218.5019,152.0487,109.7232,135.0623
218.2169,151.7761,110.2932,135.6075
215.9806,151.5280,110.8985,136.1037
215.7400,151.2759,111.3796,136.6078
213.5179,151.0296,111.9236,137.1005
213.2935,150.7961,112.3724,137.5675
213.0324,150.5225,112.8946,138.1147
210.8055,152.2511,113.4004,138.6055
210.5693,152.0216,113.8728,139.0645
208.3542,153.7718,114.3246,139.5423
208.1380,153.5974,114.7571,139.8911
207.9191,153.4014,115.1949,140.2832
207.7035,155.2393,115.6261,140.6257
207.4953,155.0013,116.0425,141.1017
205.2422,156.8315,116.5039,141.4861
205.0888,156.6673,116.8107,141.8145
204.9132,156.4742,117.1620,142.2007
204.7256,158.3399,117.5373,142.5490
202.4994,160.1539,117.8985,143.0121
202.3625,159.9694,118.1723,143.3810
202.2648,159.7604,118.3676,143.7990
202.1084,161.6961,118.6805,144.0513
201.9437,163.5435,119.0098,144.4894
201.7510,163.2826,119.3952,145.0111
201.5942,165.1719,119.7089,145.3915
199.3469,167.0778,120.0336,145.7497
199.2543,166.8880,120.2188,146.1292
199.1331,168.7710,120.4611,146.5526
199.0340,168.5459,120.6593,147.0028
198.9287,170.4513,120.8699,147.4021
198.7838,170.2437,121.1599,147.8173
198.6792,172.1535,121.3690,148.2284
198.5862,174.0818,121.5551,148.6120
198.4588,173.9009,121.8098,148.9739
198.3454,175.8542,122.0366,149.3263
196.0885,177.7489,122.2823,149.8049
196.0724,177.5625,122.3147,150.1777
196.0294,179.4756,122.4006,150.6371
195.9751,179.2599,122.5093,151.0684
195.9369,181.2342,122.5856,151.4224
195.8696,181.0051,122.7202,151.8805
195.8418,183.0213,122.7757,152.1664
195.7985,185.0114,122.8624,152.5098
195.7306,184.8181,122.9982,152.8964
195.6641,186.8301,123.1311,153.2109
193.4035,188.8251,123.3070,153.5663
193.3722,188.6435,123.3696,153.9295
193.3466,190.6480,123.4208,154.2807
193.3218,190.4455,123.4703,154.6858
193.3154,192.4797,123.4832,154.9910
193.2899,194.4633,123.5341,155.4022
193.2660,194.2646,123.5820,155.7994
190.9992,196.2554,123.7232,156.2102
191.0089,198.2677,123.7038,156.5867
191.0008,198.0876,123.7199,156.9467
190.9873,197.8955,123.7470,157.3311
190.9487,199.8529,123.8242,157.8348
190.9303,201.8973,123.8610,158.1735
190.9265,201.7194,123.8686,158.5292
190.9179,203.7473,123.8859,158.9123
188.7035,203.6063,123.8696,159.1942
188.6586,205.6507,123.9594,159.5545
188.6403,205.4824,123.9960,159.8910
186.4380,207.5261,123.9390,160.2653
186.4428,207.3118,123.9293,160.6940
186.4037,209.3875,124.0075,161.0155
186.4165,209.2063,123.9819,161.3778
184.1909,208.9725,123.9488,161.8456
184.2028,208.8051,123.9251,162.1804
181.9382,210.8468,123.9588,162.5925
181.9548,210.6429,123.9256,163.0003
181.9976,210.3923,123.8400,163.5013
179.7266,210.1508,123.8677,163.9845
179.7412,212.2299,123.8385,164.3484
177.4411,211.9685,123.9116,164.8710
177.4338,211.7462,123.9261,165.3156
175.1239,213.8016,124.0026,165.7483
175.1469,213.6200,123.9566,166.1114
172.8301,213.4178,124.0343,166.5159
172.8424,213.2149,124.0098,166.9217
170.5388,212.9886,124.0478,167.3743
170.5112,212.8019,124.1031,167.7476
168.1959,212.5556,124.1505,168.2401
165.8322,212.3493,124.2863,168.6527
165.7711,212.1950,124.4086,168.9615
163.4341,211.9700,124.4758,169.4114
161.0531,211.7755,124.6234,169.8003
160.9865,211.5886,124.7565,170.1742
158.6125,211.3301,124.8737,170.6912
156.2497,211.0762,124.9587,171.1989
153.8255,208.5166,125.1575,171.6685
151.3777,208.2687,125.3930,172.1643
148.9076,205.7261,125.6618,172.5781
148.7697,205.5092,125.9376,173.0119
146.3002,202.9197,126.1832,173.4977
146.2004,202.8521,126.3829,173.6328
143.7657,200.3145,126.5424,173.9980
141.3272,200.1765,126.7012,174.2741
138.9105,200.0609,126.8097,174.5053
136.4125,197.5267,127.0754,174.8434
136.2439,197.4054,127.4127,175.0860
133.7224,194.7912,127.7067,175.5655
131.2164,192.2515,127.9577,175.8839
128.7820,189.7126,128.0565,176.1917
126.3272,189.6046,128.1897,176.4077
126.2243,187.0811,128.3955,176.6729
123.7589,186.9837,128.5370,176.8676
121.2254,184.4550,128.8098,177.1305
118.6906,181.9188,129.0763,177.4001
116.2032,179.4029,129.2398,177.6205
116.1332,176.8481,129.3797,177.9128
113.6021,176.6825,129.6178,178.2439
111.0846,174.0500,129.8197,178.6759
108.5313,171.4810,130.0833,178.9708
106.0081,168.9379,130.2781,179.2054
105.9062,166.3825,130.4819,179.4577
103.3517,163.8358,130.7252,179.6855
100.7949,163.7198,130.9657,179.9174
98.2405,161.1164,131.1939,180.2435
98.1336,158.6212,131.4076,180.3446
95.5782,156.1207,131.6242,180.4514
93.0545,153.6258,131.7720,180.5415
92.9764,151.1782,131.9282,180.5335
90.3785,151.2009,132.2184,180.4882
87.8561,148.7266,132.3532,180.5268
85.3339,146.3009,132.4851,180.4657
85.2051,143.9460,132.7425,180.2617
82.6651,141.5572,132.9077,180.1242
82.4898,139.1300,133.2583,180.0631
79.9085,136.6199,133.5005,180.1628
79.7676,134.1007,133.7822,180.2753
77.2183,131.5320,133.9486,180.4804
74.7153,129.0257,134.0166,180.5551
74.5286,126.5539,134.3899,180.5584
72.0582,124.0563,134.3842,180.6070
71.8954,121.5663,134.7098,180.6400
69.5026,119.0879,134.5426,180.6438
69.4245,116.5251,134.6988,180.8191
69.3735,113.9404,134.8008,181.0330
66.9549,111.3558,134.6776,181.2419
66.9042,111.3276,134.7789,181.2982
64.4829,108.8586,134.6574,181.2722
64.4601,106.3423,134.7030,181.3430
64.4666,103.8172,134.6900,181.4297
62.0331,101.2849,134.5923,181.5296
61.9992,101.1574,134.6602,181.7847
62.0062,98.6705,134.6462,181.7888
62.0192,96.1695,134.6202,181.8214
62.0765,93.6566,134.5056,181.8778
62.1299,91.1255,134.3987,181.9716
62.1704,91.0977,134.3177,182.0272
59.7369,88.6445,134.2171,181.9660
59.6954,88.6880,134.3002,181.8789
59.6996,86.2888,134.2918,181.7123
59.7434,86.3452,134.2041,181.5995
59.8193,83.9019,134.0524,181.5267
59.9517,83.9593,133.7875,181.4121
60.0395,81.5543,133.6119,181.2725
60.1567,81.5821,133.3775,181.2168
60.3040,79.1682,133.0830,181.1048
60.4381,79.2133,132.8148,181.0145
60.6467,79.2335,132.3976,180.9741
60.8628,76.7438,131.9653,181.0334
61.0406,76.8031,131.6098,180.9147
61.2397,76.8833,131.2115,180.7545
61.5041,74.4274,130.6827,180.7689
61.7343,74.3887,130.2224,180.8463
62.0072,74.3905,129.6765,180.8427
62.2240,74.4375,129.2430,180.7487
62.4307,74.4584,128.8295,180.7068
62.6331,74.5245,128.4248,180.5747
62.7689,74.5839,128.1532,180.4558
62.9190,74.6437,127.8530,180.3362
65.5282,74.7055,127.4703,180.2127
65.8184,74.7835,126.8900,180.0567
68.4377,74.8264,126.4669,179.9709
68.7457,74.8417,125.8510,179.9403
71.3855,74.8466,125.3680,179.9305
71.6940,74.9254,124.7511,179.7728
74.3745,74.9431,124.1660,179.7374
74.6740,75.0128,123.5671,179.5980
77.2847,77.4586,123.0996,179.4602
79.9433,79.8457,122.5264,179.4300
80.2132,80.0012,121.9866,179.1191
82.7818,82.4595,121.5699,178.9229
85.4111,84.9328,121.0217,178.6870
87.9954,87.4452,120.5511,178.3599
90.6333,89.8352,119.9605,178.2652
93.2541,92.3785,119.3928,177.8527
95.7823,94.8567,118.9949,177.5546
98.2466,97.3571,118.7135,177.2009
98.2585,99.7548,118.6896,177.0428
100.4770,104.3977,118.8870,177.0260
100.3070,106.5886,119.2271,177.2817
102.8926,108.7120,118.7028,177.6820
105.9214,111.0125,117.2897,177.7252
111.5106,115.7885,115.3541,177.4161
114.4143,118.0910,114.1314,177.3957
117.2383,122.7437,113.0471,177.2182
119.9267,125.0450,112.2135,177.1586
127.1543,129.6991,111.3431,176.9070
129.6115,134.2258,110.9385,176.8734
131.9952,138.8569,110.6739,176.6164
136.5764,141.3550,110.5002,176.1147
138.5963,145.8503,110.9444,176.0919
140.6436,150.4580,111.3408,175.8586
145.2371,155.1590,111.1421,175.4451
147.4490,157.5065,111.2031,175.2347
152.0042,161.9459,111.0578,175.3211
154.2434,164.1765,111.0609,175.3412
158.8345,168.8005,110.8423,175.0569
161.0394,173.4123,110.9062,174.7809
165.6471,175.8337,110.6325,174.4090
170.0834,181.1726,110.6812,172.6524
174.6962,186.6728,110.3261,170.5224
176.9049,191.8889,110.3059,168.8849
181.4252,196.1743,110.0101,169.0591
186.3202,199.7190,108.9605,170.7099
189.0367,200.5943,107.9049,173.3365
191.9374,206.4114,106.5023,174.8992
196.9552,208.0335,105.2641,176.0537
201.7640,209.8809,104.4365,176.7539
208.4070,209.8100,104.3249,176.8957
212.8263,214.5945,104.2695,176.1101
217.0461,217.2550,104.5880,175.1680
223.4841,219.6445,104.8232,174.7594
227.5053,224.8991,105.5173,172.9868
231.6389,227.2620,105.9574,172.6147
235.7028,229.7053,106.5405,172.0835
243.7230,234.0538,107.9294,172.1011
245.5607,234.1789,108.6349,171.8509
251.5284,236.8593,109.8664,170.8790
255.0298,239.4684,111.6537,170.0558
258.4472,241.8602,113.6437,169.6847
263.9965,243.8640,115.8651,170.1173
271.6930,245.9912,118.4056,170.3461
272.8979,248.4191,120.5246,170.0192
278.4663,248.4145,123.0643,170.0284
279.6307,248.5848,125.3363,169.6877
287.8910,250.3609,127.3474,170.7685
289.2222,250.3799,129.3672,170.7305
292.9448,252.0868,131.3516,172.0313
299.3459,252.0772,132.8500,172.0506
300.7567,251.9259,134.8202,172.3531
307.0917,252.2185,136.6351,171.7679
308.5157,253.2234,138.6360,169.7582
317.1358,253.4085,140.7975,169.3879
316.0503,255.8828,142.9686,169.3190
319.7276,258.0801,145.4409,169.8379
323.7433,258.2363,147.3322,169.5256
325.2128,258.3740,149.3800,169.2502
329.3672,258.5058,151.1019,168.9866
333.4184,258.6934,153.0771,168.6115
335.0123,258.9130,154.9537,168.1721
339.4781,256.7530,156.1973,167.4047
341.4161,254.4782,157.4165,166.8589
343.5630,252.2590,158.2290,166.1911
345.6134,250.1605,159.2368,165.2796
345.3220,250.7903,159.8196,164.0200
349.7358,248.8936,161.1913,162.7135
351.3813,246.7520,163.0012,161.8959
352.9381,244.6313,165.0040,161.0208
357.2188,242.4639,166.7109,160.2215
358.9514,240.4197,168.3940,159.1617
360.6748,238.5853,170.1052,157.6726
359.8552,236.7648,171.7443,156.1527
361.6817,234.8378,173.2536,154.8444
361.0016,233.0078,174.6137,153.3395
362.9464,231.1832,175.8862,151.8268
362.3359,229.1609,177.1071,150.7140
361.7961,227.0652,178.1868,149.7470
361.4373,224.9935,178.9043,148.7312
361.3239,223.0580,179.1311,147.4480
361.3557,221.1243,179.0676,146.1783
361.3448,216.7062,179.0893,144.7838
361.2839,217.1759,179.2111,143.8444
361.1837,215.0005,179.4116,143.1152
358.6385,212.8289,179.4308,142.3873
358.6419,210.5926,179.4239,141.8004
356.3440,208.5340,178.9698,140.8677
354.0486,206.5447,178.5329,139.8183
354.2996,202.1018,178.0308,138.6958
352.1965,200.1126,177.2587,137.6960
350.0429,198.1503,176.6158,136.6704
348.0608,196.1824,175.6566,135.6827
348.6777,194.2825,174.4226,134.5896
346.6812,192.3549,173.5595,133.5887
344.7276,190.3188,172.6399,132.8341
342.7118,188.4742,171.8711,131.7229
340.8757,186.6167,170.7728,130.6674
339.1004,187.1106,169.5868,129.6795
337.3424,185.1704,168.4005,128.8576
335.4928,183.4151,167.4288,127.6973
333.4782,181.7792,166.8208,126.3321
331.4341,180.1422,166.3034,125.0005
329.5762,178.2845,165.4434,124.1400
327.6400,176.3579,164.7669,123.4444
325.7023,174.3280,164.1153,122.9772
323.7740,172.2734,163.4624,122.5768
319.6792,170.0856,162.6659,122.4593
317.7218,167.6638,162.1018,122.8240
315.8581,165.3390,161.3528,122.9973
314.1232,163.1849,160.3548,122.8377
312.4002,160.8073,159.3509,123.1430
310.7132,160.7413,158.2854,123.2750
309.1276,158.5300,157.0311,123.2722
307.4818,156.4468,155.9164,123.0324
305.8141,156.5758,154.8665,122.7743
304.2806,154.4494,153.5687,122.6621
300.4863,154.3763,152.4707,122.8083
298.8746,154.2283,151.3652,123.1042
297.1864,151.9709,150.4251,123.3024
295.4273,151.8165,149.6379,123.6113
293.6521,149.5446,148.8900,123.8567
292.0110,149.5031,147.8815,123.9399
290.3385,147.4373,146.9501,123.7950
288.5651,147.5355,146.2370,123.5985
286.7102,145.6003,145.7011,123.2233
282.7225,143.6916,145.2140,122.8094
281.0641,143.9172,144.3135,122.3582
279.4644,144.0817,143.3170,122.0291
277.6156,142.0623,142.8393,121.8927
275.9831,141.9990,141.9386,122.0192
274.3124,140.1493,141.1261,121.5647
270.7443,140.2033,139.9943,121.4568
269.2840,140.1744,138.8002,121.5146
267.8229,140.2142,137.6252,121.4351
266.3634,138.2383,136.4664,121.3092
264.8330,138.4411,135.4696,120.9034
263.2227,138.5729,134.6545,120.6400
261.5176,138.7272,134.0457,120.3314
259.7437,136.9135,133.5891,119.9542
258.1574,137.1226,132.7702,119.5359
256.5057,137.2646,132.1017,119.2520
254.9287,135.4667,131.2986,118.8908
255.4486,135.4063,130.2589,119.0116
253.7806,135.5282,129.6703,118.7677
252.0853,135.6241,129.1494,118.5759
250.2841,135.8150,128.8516,118.1942
248.4852,135.9380,128.5598,117.9481
246.6613,134.1295,128.3266,117.6842
246.9265,134.0661,127.7961,117.8109
245.2236,134.1437,127.3348,117.6556
243.5531,134.1270,126.8186,117.6891
243.8252,134.1835,126.2742,117.5761
242.0746,134.1549,125.9359,117.6332
240.3398,132.2897,125.5704,117.5285
240.6380,132.3953,124.9741,117.3172
238.9367,132.4891,124.5614,117.1297
239.1546,132.6530,124.1257,116.8018
237.4551,130.8707,123.7309,116.5728
235.6727,131.0200,123.5119,116.2742
235.8225,130.9966,123.2123,116.3210
234.0879,130.9779,122.9097,116.3584
234.2654,130.8973,122.5547,116.5196
232.5230,128.7557,122.2748,117.0382
232.7035,128.7720,121.9137,117.0054
232.9492,128.8916,121.4223,116.7663
231.1870,128.9213,121.1961,116.7068
231.3425,129.0552,120.8850,116.4391
231.4982,129.0160,120.5735,116.5175
229.8389,128.8713,120.1587,116.8070
229.9654,128.9962,119.9057,116.5572
230.1138,129.0728,119.6089,116.4040
230.1382,129.2618,119.5600,116.0260
228.3727,129.4007,119.3811,115.7481
228.3183,129.5683,119.4899,115.4130
226.4717,127.7899,119.4839,115.2707
226.5737,127.8196,119.2800,115.2113
226.6858,127.8339,119.0559,115.1826
226.7723,127.9000,118.8827,115.0504
226.9398,128.0520,118.5478,114.7464
227.1014,126.0524,118.2245,115.0719
227.2765,125.8831,117.8744,115.4105
227.4388,125.4340,117.5498,116.3086
227.6377,124.8790,117.1519,117.4185
227.8196,124.4951,116.7883,118.1863
227.9076,124.4693,116.6123,118.2381
226.1019,124.6357,116.5251,117.9051
226.0463,124.7787,116.6364,117.6193
225.9593,124.9153,116.8104,117.3460
225.8488,123.1798,117.0313,117.1296
225.8922,123.2570,116.9446,116.9752
226.0159,123.3270,116.6972,116.8352
227.9742,121.4065,116.4583,116.9985
228.1842,121.4343,116.0383,116.9428
230.1620,121.4231,115.7517,116.9652
232.0628,119.5005,115.6149,117.1457
232.1529,119.5070,115.4346,117.1326
234.1218,119.5756,115.1594,116.9954
237.9630,117.7321,114.7889,117.0265
239.8780,117.7424,114.6094,117.0059
241.8147,117.7840,114.3835,116.9226
243.6762,117.7302,114.3030,117.0302
247.3772,117.6718,114.1870,117.1471
249.2161,115.6987,114.1521,117.4503
251.1024,115.6763,114.0268,117.4951
254.7840,115.6149,113.9553,117.6179
256.5986,115.6790,113.9729,117.4897
260.2544,115.7584,113.9513,117.3310
262.0838,115.8294,113.9345,117.1889
265.7475,115.8758,113.8865,117.0961
269.4425,115.8721,113.7713,117.1034
273.0829,114.0289,113.7620,117.1542
276.6624,114.0428,113.8757,117.1264
278.4339,113.9934,113.9705,117.2253
283.8481,113.9062,114.0645,117.3995
285.6857,113.7836,114.0343,117.6447
289.2429,113.7410,114.2167,117.7300
292.8335,113.5488,114.3407,118.1143
296.4188,113.3408,114.4912,118.5304
300.0624,113.1286,114.5429,118.9547
303.7420,112.9881,114.5376,119.2357
307.4064,113.0596,114.5715,119.0928
310.9408,113.0520,114.8619,119.1079
314.5538,113.0241,115.0046,119.1638
316.2319,112.9143,115.3360,119.3833
323.4969,112.8177,115.5909,119.5766
325.2491,112.7527,115.7899,119.7065
328.8217,112.6778,116.0616,119.8564
332.3720,112.5530,116.3911,120.1060
334.0737,112.4179,116.7121,120.3762
339.4742,112.2409,117.1116,120.7302
341.1161,112.0993,117.5735,121.0134
346.5127,111.9055,118.0517,121.4010
348.1447,111.6760,118.5585,121.8599
353.5877,111.4676,119.0306,122.2768
355.1946,111.3024,119.6168,122.6071
356.7895,111.1978,120.2416,122.8163
362.3278,111.1188,120.6479,122.9744
363.9078,111.0121,121.3243,123.1878
367.4033,110.8635,122.0345,123.4850
370.8906,110.7522,122.7928,123.7076
372.4598,110.5933,123.5362,124.0253
375.9444,110.4484,124.3642,124.3151
377.5294,110.3228,125.1105,124.5664
381.0217,110.1924,125.9897,124.8272
382.6650,110.1114,126.6529,124.9892
386.1980,109.9526,127.5127,125.3067
389.8128,111.7909,128.2457,125.6116
391.5165,111.4923,128.8360,126.2086
393.1534,111.2488,129.5786,126.6958
394.7774,111.0340,130.3664,127.1253
396.3776,112.8483,131.2210,127.5516
398.0013,112.5995,132.0487,128.0493
399.6276,112.2522,132.8919,128.7438
401.2906,111.9785,133.6861,129.2913
402.9044,113.8458,134.5997,129.6979
404.6525,113.5966,135.2653,130.1963
406.4025,113.3240,135.9457,130.7415
406.0898,115.1013,136.5711,131.3864
407.8878,116.8630,137.1946,132.0827
407.6638,116.5264,137.6427,132.7558
407.4256,116.2140,138.1191,133.3806
409.3597,117.9408,138.5264,134.2024
409.1851,117.5566,138.8756,134.9708
409.0080,119.3458,139.2297,135.7049
408.8103,121.1614,139.6251,136.4034
408.6302,120.8055,139.9852,137.1151
408.4853,122.5964,140.2752,137.8971
408.4215,124.4608,140.4026,138.5488
408.3384,126.2994,140.5688,139.2646
408.2339,128.2016,140.7779,139.8671
408.1919,127.8871,140.8619,140.4959
405.9805,129.8633,140.8539,140.9745
406.0331,131.8101,140.7486,141.5191
403.8454,133.8452,140.6789,141.8940
403.8068,135.8756,140.7561,142.2831
401.5193,137.9264,140.8737,142.6389
399.2140,139.9328,141.0197,143.0909
396.9124,141.9820,141.1489,143.4666
394.6343,143.9885,141.2228,143.9357
390.1132,145.9965,141.2838,144.4102
387.9033,148.0345,141.2045,144.8333
383.4191,152.3301,141.1641,145.2510
381.2891,154.3642,140.9137,145.6933
376.8537,156.4035,140.7579,146.1280
374.7085,158.5639,140.5305,146.3248
370.3116,165.1270,140.2900,146.7502
365.8253,167.2913,140.2226,146.9415
361.3492,169.3779,140.1309,147.2902
359.1773,171.3885,139.9486,147.7950
352.4335,175.6746,139.8434,148.2849
347.9180,177.6304,139.8003,148.9102
345.6443,179.6919,139.8018,149.3333
338.8063,184.0275,139.8196,149.7674
334.2517,186.1449,139.8093,150.0925
327.4153,188.3103,139.7882,150.3262
322.8460,192.5760,139.7908,150.9307
318.2816,194.6953,139.7646,151.2697
311.4033,196.7972,139.7744,151.6482
306.7958,198.8980,139.8125,152.0350
299.8351,201.0787,139.9490,152.2686
295.0912,203.2845,140.2351,152.4578
285.6934,205.4099,140.5973,152.8153
280.7102,207.5919,141.3244,153.0711
273.4218,209.7184,141.9954,153.4532
266.0641,211.8606,142.7553,153.8208
258.6106,211.6424,143.6532,154.2571
251.0842,211.4907,144.6338,154.5605
243.4293,211.4136,145.8104,154.7147
233.2310,211.5186,147.2783,154.5047
227.6053,211.6197,149.0254,154.3026
214.8334,211.6451,150.6860,154.2517
208.9424,211.6859,152.8639,154.1700
195.7072,209.1763,155.1584,154.3542
192.0562,209.0588,157.5862,154.5891
175.9926,208.8729,160.2169,154.9610
172.3313,206.1315,162.5763,155.4806
158.2881,203.2672,165.6205,156.2006
154.2862,200.3879,168.5567,156.8917
142.3163,197.4670,171.9990,157.6092
138.1011,194.5029,175.2400,158.3479
125.8184,191.4468,178.7987,159.2085
121.4794,188.2649,182.1561,160.2516
106.2102,184.9943,185.7471,161.4033
104.5761,181.8236,189.0151,162.2811
97.3300,175.7363,192.4509,163.3993
90.0324,172.4309,195.8475,164.4109
82.8034,169.1666,198.9698,165.2715
78.3774,163.2415,202.0918,165.6618
74.0666,160.0700,204.9291,166.2204
67.0510,156.9700,207.2863,166.5835
62.9985,150.6978,209.5125,167.3699
62.0876,147.6028,211.3342,167.6341
58.4292,144.6022,212.6930,167.6773
54.9052,141.6373,213.7615,167.6274
54.5862,138.8571,214.3995,167.1927
51.4203,136.1212,214.7334,166.6667
51.5107,130.4621,214.5525,165.9962
51.8133,127.7195,213.9473,165.5007
52.2619,125.0717,213.0501,164.8329
52.8412,122.3564,211.8915,164.3247
53.6211,119.8179,210.3318,163.4888
54.5504,117.3565,208.4732,162.5363
55.5787,117.9728,206.4165,161.3037
56.7847,115.6926,204.0045,160.0842
60.8713,116.4406,201.5546,158.5882
65.1470,114.2746,198.6647,157.2587
69.4464,112.3174,195.6615,155.5776
70.9030,113.0928,192.7483,154.0268
75.1367,113.9189,189.7333,152.3746
79.4781,112.1588,186.4300,150.5152
83.6511,113.0829,183.3828,148.6671
87.8330,113.9859,180.2409,146.8610
94.4554,114.9377,177.2852,144.9574
98.5313,115.9709,174.2016,142.8911
102.5373,116.9826,171.1771,140.8677
106.4745,117.8665,168.2110,139.0998
110.3853,118.6968,165.2235,137.4393
114.1937,119.4705,162.3681,135.8918
117.9114,120.1156,159.6251,134.6017
123.8518,120.7177,157.0029,133.3974
127.4126,121.2461,154.4506,132.3405
130.9073,121.7932,151.9742,131.2464
134.2898,122.3619,149.6665,130.1091
137.5843,122.7880,147.4808,129.2569
142.9908,125.5048,145.3792,128.1788
144.0166,126.0120,143.3275,127.1645
147.0750,126.5799,141.4686,126.0288
150.0651,129.2575,139.6992,124.8844
152.9610,129.7675,138.0723,123.8642
157.8613,132.3745,136.5187,122.7738
158.5441,132.7747,135.1531,121.9734
161.2247,135.2685,133.8398,121.0337
163.8247,135.6358,132.6523,120.2992
166.3644,136.0355,131.5552,119.4996
166.8651,138.3675,130.5538,118.7882
169.3384,138.6249,129.5328,118.2734
171.6870,138.8656,128.7369,117.7921
172.0361,141.0623,128.0389,117.2800
172.3140,141.2259,127.4831,116.9529
174.5798,141.3749,126.7998,116.6547
174.8323,141.5508,126.2949,116.3030
176.9872,141.6554,125.8048,116.0938
177.1756,143.6828,125.4279,115.8477
177.2941,143.7224,125.1910,115.7684
177.4007,143.7830,124.9777,115.6473
