1
335.4043,119.1992,18.9398,25.5390
329.7498,118.7094,19.0724,25.1216
324.5852,119.2005,18.9865,24.8337
319.7644,117.5784,18.9886,24.6353
317.4731,117.3040,18.7722,24.4984
313.0822,116.1416,18.7149,24.1034
308.3299,117.3837,18.7980,23.6383
303.7671,117.0856,18.5829,23.5672
299.3182,117.5916,18.8665,23.2179
296.8278,115.8377,19.2144,22.7545
294.2172,115.2373,19.1528,22.6347
291.6128,115.3191,19.1016,22.4711
288.2772,115.4611,19.2313,22.1869
285.7313,114.5422,19.1084,22.0692
283.4884,115.6934,19.0578,21.7111
278.7210,115.4675,18.9674,21.5211
276.7690,115.9416,19.0476,21.2103
274.5669,115.6808,19.0155,21.0980
274.3585,116.3948,18.8008,20.9330
270.0826,116.3763,18.5956,20.9701
267.6358,116.7668,18.5067,20.8118
263.1538,116.7882,18.1868,20.7691
259.3391,116.8810,17.8454,20.5834
255.5505,117.1507,17.5602,20.6488
252.7214,117.4744,17.8075,20.6027
245.9991,115.6760,17.9533,20.5725
240.2682,117.5579,17.8944,20.4469
234.2489,116.0834,17.8637,20.3786
230.0728,116.5383,17.7890,20.6725
224.6481,116.1193,17.7437,20.9054
220.4548,116.6294,17.6164,21.1014
213.6891,116.6014,17.7472,21.1575
210.3695,116.4910,18.2656,20.7661
208.7197,113.2149,17.8791,21.1748
206.5878,119.0670,17.8415,21.1456
202.7262,118.7637,17.5903,21.1387
198.9800,120.0355,17.7714,21.0323
197.8999,113.2133,17.4895,21.2447
186.8581,119.2742,17.6393,21.3082
182.1807,117.2431,17.8042,21.0818
178.1026,117.5508,18.0066,21.0782
172.2493,116.3093,18.0275,21.1012
167.6786,118.3366,17.9330,21.3566
163.2940,119.1805,18.0483,21.5233
158.9300,123.1958,18.0602,21.5861
156.4883,123.4683,17.9538,21.6649
154.3686,119.0845,17.8305,21.7072
152.1013,124.3832,18.0118,21.6820
148.6796,126.5872,17.9865,21.6449
146.9362,126.9822,18.3560,21.4783
146.9397,129.2286,18.3491,21.3734
147.6833,129.2947,18.1121,21.2411
147.8942,130.9266,17.6902,21.6930
151.6404,125.6041,17.6307,21.8080
154.7687,126.3916,17.5762,22.0936
155.9617,129.7798,17.6851,22.1781
156.3078,128.7086,17.6197,22.4400
156.8642,132.5850,17.7663,22.2440
146.0200,144.1090,17.4363,22.4724
146.1254,145.2536,17.2255,22.6921
2
0
0
0
0
1
172.8316,137.3040,17.4453,19.9136
175.5625,137.7882,17.2757,20.1214
180.2087,139.3075,17.3993,20.0252
183.4088,139.9767,17.4782,19.8649
187.1417,140.6942,17.6534,19.6054
194.6184,141.6992,17.9505,19.3549
197.7624,142.6587,18.1235,19.1982
203.8214,142.7568,18.3470,19.0019
208.2013,144.5954,18.4095,18.8536
213.7154,144.6228,18.5305,18.7987
218.1224,144.9595,18.5345,18.7133
223.3962,145.1754,18.5453,18.8680
231.0009,146.2495,18.6546,19.0767
233.6758,146.1869,18.6523,19.2017
229.2639,153.2559,18.5346,19.3705
234.9385,152.6808,18.5263,19.3270
239.6732,152.7318,18.5943,19.2250
245.5574,153.1176,18.7370,19.0489
264.0523,148.6784,19.2351,19.0014
268.8588,147.7000,19.2565,19.1518
274.6455,148.4961,19.1753,19.3743
277.6469,148.3789,19.2433,19.6087
281.4565,148.5627,19.5780,19.8528
286.7514,148.6508,19.5445,20.2976
287.7831,148.8850,19.3631,20.4566
290.3719,146.9713,19.2018,20.5218
293.3358,147.1966,18.9033,20.6967
293.4652,145.7222,18.6445,21.1516
295.4815,145.6160,18.3704,21.3640
296.5396,143.8198,18.1301,21.8300
297.1922,146.2107,18.0822,22.0772
297.4937,144.9506,18.1108,22.0708
297.5597,144.7423,17.9788,22.4874
297.9689,143.3651,17.7967,22.6968
299.6210,143.6183,17.6751,22.8268
301.5606,142.7277,17.6149,22.6984
300.9694,143.1512,17.5303,22.4850
300.4182,141.5937,17.3747,22.4552
299.5513,142.5893,17.2307,22.3419
299.4934,142.0800,17.3465,22.1168
299.8212,142.2053,17.3112,21.8662
301.4210,141.6182,17.1912,21.8086
300.8094,141.9092,17.1882,21.8395
301.3774,141.9479,17.2792,21.7622
301.2696,142.1077,17.4949,21.4426
301.7812,141.8809,17.6966,21.2837
303.8735,141.8400,17.8043,21.3657
304.1269,141.3384,17.9137,21.1364
305.6223,142.2432,17.9953,21.1702
305.6337,140.7322,17.9724,21.1108
306.9460,140.6544,17.8078,21.2663
306.9820,140.6357,17.7358,21.3037
307.0629,140.5545,17.5739,21.4661
307.3814,139.0475,17.5509,21.4098
307.4222,139.9067,17.4693,21.5299
307.4364,138.7566,17.4409,21.3768
307.1743,138.8100,17.3547,21.2701
307.8225,138.2251,17.2732,21.2249
309.9686,138.4650,17.2193,21.3505
309.7025,139.0147,17.1450,21.4643
310.3648,138.3300,17.0345,21.6194
310.7742,138.2921,16.8233,21.6952
311.7879,137.9186,16.6121,21.8370
311.9039,137.8111,16.3802,22.0520
312.2914,137.0922,16.2086,22.2826
314.2475,131.4556,15.9221,22.6788
314.0065,129.8540,15.7984,22.8542
313.7275,135.6189,15.7504,22.8416
315.5289,142.3009,15.7786,22.7915
315.5157,135.9485,15.8051,22.7936
315.2488,134.6899,15.7334,22.8894
316.1821,136.8434,15.6838,22.8217
316.2220,134.6601,15.6039,22.9619
315.6468,130.0451,15.5451,23.1235
317.7734,133.6049,15.5341,23.2761
318.0000,142.8399,15.6892,23.0502
317.9175,143.1808,15.8540,22.9757
318.0275,136.8331,15.6341,23.4928
317.4864,134.2305,15.4902,23.7935
316.2679,133.5356,15.4666,23.9530
316.9066,131.3565,15.4234,23.9911
316.7968,132.3978,15.6430,23.7594
317.1129,132.1510,15.6281,23.6359
317.7647,131.5908,15.5546,23.5260
317.7574,131.3100,15.5692,23.4755
318.0968,131.2160,15.5022,23.6634
318.7188,130.0020,15.4850,23.6378
317.5273,131.1004,15.4169,23.2791
317.8293,129.3720,15.4191,23.0986
317.4803,130.9484,15.5136,22.9635
318.0655,130.1190,15.5494,22.8131
317.4805,130.4174,15.5165,22.8178
317.8002,130.0473,15.4781,22.9570
316.6812,129.6045,15.3065,23.2402
316.9402,129.6564,15.3923,23.1363
311.8122,122.7712,15.3859,23.6258
312.7768,121.0402,15.2894,24.0333
311.5594,119.7753,15.2625,24.1014
314.5415,126.3223,15.4581,23.9431
314.6229,122.0724,15.2954,24.4233
314.3458,120.7597,15.2282,24.5633
314.6486,127.3134,15.2451,24.5245
314.6855,126.9182,15.1711,24.6928
315.0558,127.8138,15.0539,24.7715
314.7663,127.8102,15.0104,24.7788
314.7819,129.0312,14.9791,24.8241
315.1105,126.0691,14.9440,25.1503
314.8275,127.2164,14.8837,25.3607
314.5297,126.1776,14.8509,25.5533
314.4963,124.8323,14.9177,25.7211
313.5685,123.4513,14.8705,25.9460
313.1437,123.7781,15.0832,25.9291
312.7980,122.0770,15.1344,26.1304
312.4148,122.3642,15.2568,26.2002
312.3404,123.0474,15.4055,26.1279
312.2748,124.0565,15.5368,26.0555
312.2594,122.1764,15.5676,25.9173
312.2008,123.9142,15.6847,25.6828
312.1558,123.6493,15.7747,25.5658
311.8055,121.7925,15.8288,25.4008
311.4412,122.2216,15.9125,25.1874
311.7632,122.0205,15.9117,24.9465
312.0864,121.7549,15.9048,24.8383
312.0287,120.5961,16.0203,24.6049
311.6571,121.3810,16.1271,24.3073
311.6371,119.8061,16.1671,24.2896
311.3350,119.8118,16.1376,24.2782
312.9521,119.8066,16.0695,24.2888
313.3035,121.3083,15.9990,24.4467
314.3539,120.8655,15.7986,24.6987
314.9799,121.7777,15.8142,24.7761
316.2681,123.0232,15.7791,24.8262
315.9034,122.5849,15.8730,24.4319
312.3619,116.4933,16.0135,24.6236
308.7745,112.2990,16.1885,24.7396
310.3304,115.9202,16.2816,25.1892
311.5375,116.2978,16.4647,25.0833
308.8726,109.6271,16.5883,24.7585
307.8307,110.3306,16.7284,24.6475
308.1358,108.4360,16.7666,24.5450
304.4971,108.9867,16.9195,24.7391
309.1754,106.9364,16.7070,24.9207
303.6095,107.5865,16.7487,24.9253
304.1170,105.7002,17.0400,24.7791
304.5483,105.1456,16.8331,25.2327
305.1100,104.7636,17.0281,25.3374
304.1018,105.2231,17.0525,25.7464
304.3709,104.0513,17.1848,26.0785
303.9405,104.2399,17.3680,26.3790
303.5498,105.2288,17.4640,26.4570
302.4024,104.4919,17.6948,26.5546
300.1367,104.5622,18.0662,26.4141
301.1001,104.8679,18.2315,26.5001
302.1236,104.5233,18.2887,26.4880
299.9851,104.4709,18.3526,26.5928
301.0332,103.7359,18.3709,26.6530
298.4151,104.0559,18.6649,26.7190
299.4746,104.3408,18.6815,26.8612
297.5573,104.3271,18.9446,26.8886
297.5344,104.7379,18.9904,26.7859
295.2803,105.2662,19.1889,26.4476
293.8203,104.5117,19.2433,26.5240
292.3167,104.8733,19.3766,26.5191
290.4557,103.0870,19.4959,26.4889
288.5372,104.2134,19.7225,26.4023
289.2866,104.1544,19.6727,26.5204
287.8029,104.8978,19.7383,26.4845
286.6819,103.7102,19.8022,26.6816
286.6464,104.8317,19.8733,26.6288
285.5884,106.0128,19.7981,26.4577
284.9602,105.2094,19.6014,26.6114
285.0906,102.9866,19.3406,26.7030
284.8978,102.8213,19.0034,27.0336
283.1336,101.1954,18.9207,27.3964
282.5013,101.6309,18.7327,27.9782
282.1776,101.1884,18.6480,28.1311
280.7821,102.0569,18.5074,27.8600
279.6276,101.8493,18.6371,27.5487
277.4398,102.6166,18.6690,27.4618
278.0992,101.9190,18.7966,27.4108
276.6017,103.0765,18.8934,27.2693
275.2068,103.1622,18.7873,27.0978
273.2850,103.7198,19.0329,26.7024
273.1307,102.4938,19.3415,26.2835
271.2499,103.7307,19.5210,25.9590
269.0152,103.5251,19.7038,25.6558
267.2658,104.0114,19.6386,25.3961
265.1657,103.7263,19.5923,25.2584
264.4907,104.3451,19.5325,25.4306
263.4507,102.9933,19.4929,25.3080
262.3592,103.6967,19.5638,25.3093
259.9127,104.3781,19.5202,25.3570
260.3193,103.2925,19.4122,25.4124
257.3145,105.5795,19.0831,25.7687
258.1084,105.8269,18.9039,25.9782
256.2166,106.5516,18.4598,26.6425
254.6592,108.0241,18.0380,27.2343
254.4485,107.4357,17.7500,27.7018
254.5053,106.6347,17.6365,27.8809
252.8093,103.9979,17.4673,28.1687
250.4357,109.0719,17.2185,28.7266
250.1822,107.8046,17.0077,29.1076
249.5532,109.3984,16.8257,29.5198
248.1397,108.5657,16.7607,29.7392
247.4248,109.9647,16.7403,29.8416
247.0688,105.6028,16.7261,29.8500
244.1199,115.2202,16.8146,29.4955
241.3246,125.9142,17.3481,29.0579
241.4814,121.0722,17.7594,28.5922
241.8495,117.8255,17.7483,28.5612
242.2273,118.5653,17.7170,28.5302
240.9868,117.6822,18.0280,28.1265
249.0557,124.8815,18.5074,27.4550
248.8961,125.1918,18.8265,26.8345
249.1063,124.0376,19.1224,26.2776
249.0353,126.0545,19.2644,25.8075
248.6271,126.2555,19.3728,25.4055
248.2624,126.4400,19.3987,25.0366
247.5360,126.1883,19.4548,24.8415
247.1476,124.9655,19.5354,24.5020
2
0
0
0
0
1
239.3276,116.9985,14.7647,22.1631
239.1321,116.2880,14.5771,22.4268
237.6626,116.8881,14.6188,22.3857
238.0020,116.1794,14.5196,22.6439
235.8662,116.8918,14.7189,22.3826
234.7975,115.3561,15.1130,21.9671
232.8548,117.0020,15.5097,21.5826
231.0010,117.7215,15.7243,21.3079
230.0544,117.2298,15.8729,21.1281
229.8531,117.1215,16.2755,20.7635
225.9870,118.4345,16.4388,20.4666
227.1506,116.4529,16.4329,20.3673
226.3853,116.0286,16.2274,20.6374
224.6692,114.5166,16.1825,20.7638
220.9203,115.6797,16.1311,20.7605
222.3922,114.1478,16.0864,20.9251
220.4055,115.6084,15.9885,20.9121
219.9173,114.3841,15.8054,21.0413
217.3484,115.8291,15.7339,21.0454
211.7004,116.0160,15.4761,21.2493
210.9687,116.8512,15.2099,21.3084
207.8155,116.5752,15.2123,21.2874
209.1312,116.8882,15.4450,21.2343
205.9447,116.6107,15.4838,21.2134
205.1812,117.0123,15.8586,20.9863
202.6750,116.3421,16.2405,20.5903
200.8174,116.4758,16.4817,20.3229
192.6371,119.6932,16.6355,20.2550
187.0820,121.2280,16.7208,20.0867
183.8013,119.3059,16.9129,19.8776
180.2097,119.9856,17.1492,19.6760
187.0841,115.1398,17.3104,19.5147
183.2010,109.9406,17.5409,19.4792
179.0468,107.8956,17.6903,19.4896
175.5209,108.6585,17.7179,19.7198
171.6228,113.1056,17.8525,19.6661
168.4077,108.6010,17.7853,19.8152
163.5167,115.8193,17.5048,20.1766
160.3667,118.3709,17.2814,20.4106
159.0449,115.9609,16.9597,21.0791
156.7962,117.5685,16.6718,21.4528
155.6204,115.0316,16.6266,21.7329
153.8275,115.6117,16.5959,21.7782
150.5785,117.3257,16.4615,21.9679
147.5804,118.2064,16.4214,22.0174
144.8719,118.7784,16.4047,22.0810
143.6192,117.9103,16.4926,22.0039
139.9064,119.5642,16.6619,21.7195
138.2691,119.0495,16.9209,21.5426
139.3921,115.5829,17.0934,21.2203
133.0761,118.2322,17.0730,21.3440
132.7358,117.7252,17.1497,21.1500
130.0073,117.5181,17.1858,20.9617
127.3618,117.5444,17.0766,20.9092
128.5799,115.7127,17.0303,20.9881
122.0498,115.6132,16.9365,21.1869
121.6983,114.2424,17.0401,20.9314
116.6479,114.5009,16.9887,21.0117
126.4535,128.1296,17.0980,21.2435
122.7286,128.9317,17.3128,21.4481
2
0
0
0
0
1
91.2737,114.4937,13.2810,15.9072
87.7815,116.2267,13.3774,15.6555
84.2985,114.6703,13.4906,15.5702
79.6874,116.3312,13.5657,15.4500
75.9323,114.7110,13.7686,15.4936
71.2392,116.3150,13.9424,15.5099
66.0279,115.5788,14.1647,15.5913
60.0996,115.8093,14.3097,15.5987
54.8741,114.5157,14.4011,15.8316
49.7963,115.7021,14.5614,15.8385
44.2741,114.4592,14.5971,15.9312
37.5550,115.9289,14.5772,15.8758
34.4387,113.1972,14.5768,16.0649
31.7885,113.8417,14.5707,16.2232
27.1515,114.4655,14.6341,16.4299
37.0017,111.3177,14.4935,16.3687
33.4047,110.9175,14.4005,16.1975
30.0874,110.9858,14.2921,16.0608
