1
220.7543,150.6829,180.4913,174.6342
220.9097,150.7849,180.1805,174.4303
221.0600,150.8683,179.8800,174.2634
221.0881,150.8966,179.8239,174.2068
221.0815,150.8977,179.8370,174.2045
221.0416,150.8636,179.9168,174.2728
220.9277,150.7925,180.1445,174.4150
220.8551,150.6977,180.2897,174.6047
220.7024,150.6422,180.5952,174.7156
220.4892,150.5397,181.0216,174.9207
223.1176,150.4263,181.3701,175.1474
222.9889,150.3215,181.6275,175.3569
222.8577,150.1417,181.8898,175.7166
222.7794,147.2171,182.0463,175.9345
222.7453,146.9907,182.1146,176.3872
222.6714,146.7026,182.2625,176.9634
222.5750,146.3703,182.4552,177.6281
225.1474,146.0454,182.9809,178.2778
224.7685,145.6999,183.7387,178.9689
226.9792,145.2297,185.0290,179.9093
226.3414,144.8151,186.3047,180.7385
228.5295,141.5547,187.7085,181.4792
227.9653,141.2583,188.8368,182.0720
227.4092,140.8651,189.9491,182.8585
226.9689,140.4051,190.8298,183.7783
226.5820,137.1317,191.6035,184.4262
226.3606,136.6824,192.0462,185.3247
226.1953,136.1805,192.3770,186.3286
225.9751,132.7631,192.8174,187.1996
225.5461,132.1530,193.6753,188.4199
225.0431,131.4756,194.6812,189.7746
224.5063,130.8443,195.7550,191.0372
226.9587,127.1792,196.9412,192.2764
226.4330,126.5524,197.9925,193.5299
226.0442,125.9129,198.7703,194.8088
225.6391,122.3232,199.5804,195.7903
225.1662,121.7889,200.5261,196.8588
224.6134,118.2591,201.6318,197.6606
224.1076,117.7085,202.6434,198.7617
223.7019,114.0144,203.4547,199.8287
223.4641,113.5267,203.9305,200.8041
226.3936,113.1087,204.4451,201.6402
226.1174,109.4917,204.9975,202.4791
225.8832,109.0054,205.4660,203.4516
225.5943,105.2333,206.0438,204.5561
225.3395,104.5510,206.5534,205.9209
225.1361,103.8916,206.9602,207.2395
225.0849,100.0559,207.0625,208.3882
225.0791,99.5579,207.0742,209.3842
225.1741,95.7967,206.8841,210.3483
225.3151,95.3058,206.6021,211.3301
225.5698,94.8871,206.0927,212.1674
225.7191,91.3195,205.7941,212.7160
225.9422,91.1439,205.3480,213.0672
226.2889,90.9277,204.6545,213.4997
223.4063,87.4186,203.8349,213.9331
223.8334,87.1908,202.9808,214.3887
224.4818,87.0762,201.6839,214.6178
222.0206,87.0524,200.0513,214.6655
222.8420,86.8930,198.4084,214.9843
223.5837,86.7663,196.9251,215.2378
224.2932,83.3600,195.5061,215.5611
225.0936,83.1465,193.9052,215.9881
226.0399,83.0680,192.0126,216.1451
223.8247,83.1368,190.0182,216.0075
225.1781,83.1940,187.3114,215.8931
226.6678,83.2470,184.3320,215.7872
225.0444,83.2938,181.2826,215.6936
226.5298,83.2750,178.3117,215.7312
228.0004,83.3818,175.3706,215.5175
229.5908,83.5018,172.1898,215.2775
228.2206,83.6869,168.8378,214.9074
229.9495,83.7931,165.3799,214.6949
231.7141,84.0466,161.8508,214.1879
233.4594,87.2459,158.3602,213.6967
235.2643,87.6138,154.7504,212.9611
237.1338,87.9588,151.0113,212.2710
236.1423,91.1713,147.2938,211.5466
237.8721,94.3615,143.8341,210.7946
239.5870,94.8990,140.4044,209.7197
241.3505,98.1357,136.8773,208.7329
243.1038,101.3258,133.3708,207.7658
244.9220,101.8223,129.7345,206.7729
246.9618,105.0173,125.6547,205.6473
249.0624,108.0988,121.4536,204.6635
251.1091,110.9938,117.3602,203.9672
253.2126,111.4521,113.1531,203.0507
258.0043,112.1212,108.4988,201.7125
260.1549,115.0276,104.1975,200.7294
262.1960,117.8507,100.1153,199.8246
264.0904,120.5197,96.3267,199.1446
268.2141,120.9637,92.6612,198.2566
269.6870,121.4196,89.7156,197.3448
270.9423,124.1727,87.2048,196.2789
272.0353,126.9937,85.0188,195.0180
272.9320,127.5647,83.2255,193.8759
275.9360,130.3920,81.4934,192.4973
276.5854,133.0795,80.1946,191.3477
277.1719,135.7450,79.0217,190.2023
279.7384,136.2213,78.0370,189.2498
280.0302,138.6133,77.4534,188.5829
282.3842,140.9321,76.8426,188.0425
282.5099,143.2310,76.5911,187.5230
284.5753,143.4869,76.5269,187.0113
284.5309,143.8034,76.6157,186.3783
286.4085,146.2112,76.9110,185.6133
288.2548,146.6145,77.2630,184.8066
287.9578,146.9578,77.8571,184.1199
289.5489,147.2470,78.7146,183.5416
291.0482,147.5072,79.7628,183.0213
290.4643,147.7300,80.9307,182.5755
291.8409,147.9572,82.2491,182.1212
291.1091,148.1759,83.7128,181.6837
292.6115,148.4526,84.8156,181.1305
291.9871,148.6264,86.0645,180.7828
293.4466,148.6788,87.2810,180.6780
295.0370,148.7314,88.2555,180.5728
294.5093,148.7792,89.3109,180.4771
293.6230,148.8523,91.0836,180.3309
295.0459,148.9014,92.4539,180.2328
296.5158,148.8464,93.7522,180.3427
295.7977,148.8844,95.1884,180.2668
295.0664,148.7688,96.6511,180.4980
296.5238,148.9614,98.0507,180.1128
295.7284,149.2518,99.6414,179.5320
294.9357,149.5361,101.2267,178.9634
294.1519,149.6308,102.7943,178.7740
295.5505,147.3048,104.3907,179.0324
294.7975,147.0579,105.8968,179.5262
294.0346,146.9723,107.4225,179.6973
293.3230,146.8166,108.8458,180.0087
292.7362,144.4768,110.0194,180.1741
291.9750,144.3566,111.5417,180.4145
291.0769,144.0590,113.3380,181.0098
290.0567,143.6693,115.3783,181.7892
289.2212,141.1521,117.0493,182.1730
288.7044,140.9526,118.0830,182.5721
288.1449,138.5162,119.2019,182.7375
287.4572,138.4342,120.5774,182.9015
286.7247,138.2742,122.0424,183.2215
285.8496,138.2123,123.7926,183.3452
284.8356,138.1689,125.8205,183.4320
283.5764,138.0428,128.3389,183.6843
282.4151,137.9484,130.6616,183.8729
278.9716,135.3835,132.6130,184.0672
278.0055,135.3250,134.5453,184.1843
274.4971,135.2999,136.5578,184.2346
273.4393,132.7779,138.6736,184.2405
269.9400,132.9175,140.5996,183.9614
269.0535,133.1116,142.3725,183.5732
265.6128,133.2902,144.1313,183.2159
264.7380,133.4140,145.8807,182.9684
261.3015,133.5552,147.5833,182.6860
257.9052,133.5400,149.1822,182.7163
257.2920,133.4138,150.4086,182.9687
256.7132,133.3439,151.5662,183.1086
253.5313,133.2512,152.6653,183.2941
250.2592,133.2276,153.9244,183.3412
249.6377,133.2198,155.1673,183.3567
246.2261,133.1821,156.6642,183.4322
242.7919,133.0688,158.1807,183.6588
242.1094,132.9941,159.5457,183.8082
238.6508,132.9538,161.0593,183.8887
235.0661,132.8854,162.7993,184.0257
231.5648,132.8977,164.3428,184.0010
231.0219,132.9285,165.4285,183.9394
227.7689,135.8969,166.4345,183.5026
227.1232,136.0156,167.7259,183.2651
223.7508,136.2215,168.9447,182.8533
223.0282,136.4579,170.3898,182.3805
219.5466,136.7625,171.7985,181.7714
219.0690,139.7863,172.7536,181.2911
218.5567,140.0463,173.7782,180.7713
215.2216,140.3192,174.8653,180.2255
214.7467,140.4247,175.8150,180.0143
211.4848,143.3749,176.7355,179.7176
210.9834,143.4345,177.7382,179.5982
210.3521,146.4525,179.0008,179.1895
209.9007,146.8445,179.9035,178.4055
209.5013,147.4175,180.7023,177.2597
209.2112,148.0522,181.2825,175.9902
208.7914,148.6790,182.1222,174.7365
208.5099,149.2304,182.6852,173.6337
208.2232,152.5343,183.2585,172.6368
208.1459,153.0897,183.4131,171.5262
208.1344,153.6286,183.4361,170.4484
207.8564,153.9964,183.9922,169.7127
207.5386,157.0506,184.6279,169.1733
207.3865,157.4530,184.9320,168.3685
207.4434,157.8549,184.8181,167.5648
207.7024,158.1823,184.3002,166.9100
210.5711,158.6049,184.0919,166.0646
213.4345,159.3557,183.8777,164.5630
213.7630,159.8295,183.2207,163.6155
216.8745,162.8186,182.4575,163.0971
217.2287,163.2253,181.7491,162.2836
220.1503,163.4810,181.3214,161.7723
223.1940,163.9335,180.6350,160.8674
226.2643,164.4083,179.8700,159.9176
229.3756,164.7300,178.9961,159.2742
232.4621,164.9861,178.1479,158.7622
235.3969,165.1544,177.5818,158.4255
238.1678,165.3293,177.3294,158.0756
240.9989,165.4577,176.9469,157.8188
243.7868,165.6035,176.6408,157.5274
246.6121,165.7666,176.2506,157.2011
249.3846,165.9351,175.9548,156.8642
252.1218,166.0874,175.7194,156.5596
254.8718,166.1756,175.4500,156.3831
257.5301,166.1705,175.3569,156.3934
260.1438,166.2161,175.3518,156.3022
262.7918,166.2749,175.2765,156.1846
265.4298,166.3295,175.2182,156.0754
268.0210,166.3811,175.2509,155.9720
270.5849,166.4048,175.3370,155.9246
273.1905,166.3032,175.3403,156.1279
275.7678,166.1289,175.4035,156.4766
278.2451,165.9027,175.6733,156.9289
280.6369,165.7528,176.1253,157.2288
283.0448,165.4591,176.5571,157.8161
285.4658,165.0632,176.9787,158.6080
287.9787,164.6995,177.2357,159.3352
290.5481,164.3244,177.3953,160.0856
293.1535,163.9177,177.4975,160.8989
293.0805,163.5368,177.6434,161.6606
295.5040,163.2428,178.1385,162.2488
297.9044,162.9116,178.6967,162.9111
300.3191,162.4559,179.2453,163.8226
300.0396,161.9445,179.8045,164.8452
302.4201,158.8318,180.4696,165.6443
302.1990,158.3925,180.9120,166.5230
304.6416,157.9823,181.4970,167.3434
304.5115,157.6457,181.7571,168.0167
304.4485,157.2962,181.8832,168.7155
307.0921,156.9194,182.1161,169.4691
306.9957,156.3565,182.3090,170.5950
306.7968,155.6808,182.7068,171.9464
306.6432,154.9935,183.0140,173.3210
306.4482,154.3633,183.4039,174.5815
309.0846,153.7707,183.7683,175.7666
309.0686,153.2468,183.8003,176.8144
309.1162,152.8552,183.7052,177.5976
309.2317,152.4649,183.4742,178.3782
309.4250,152.0695,183.0876,179.1691
309.6959,151.6574,182.5457,179.9932
309.9889,151.2815,181.9597,180.7451
310.3560,150.8251,181.2256,181.6578
310.7582,150.3978,180.4211,182.5125
311.1529,149.9803,179.6317,183.3474
311.5446,149.5848,178.8483,184.1385
309.0487,149.1969,178.1239,184.9142
309.5445,148.8682,177.1324,185.5716
307.2713,148.5204,175.9672,186.2672
307.9228,148.0938,174.6642,187.1205
305.8321,147.5814,173.1492,188.1452
306.6901,147.0786,171.4331,189.1509
304.8611,146.6030,169.4144,190.1021
303.0360,146.1870,167.4051,190.9340
301.2116,145.8434,165.4139,191.6212
302.3167,145.5023,163.2037,192.3035
300.6973,145.2636,160.8488,192.7809
299.0673,144.9411,158.5454,193.4259
297.5808,144.5639,155.9823,194.1802
296.1215,144.2500,153.3948,194.8081
297.4097,144.0190,150.8183,195.2701
293.5208,143.9500,147.7183,195.4081
295.0374,144.0667,144.6851,195.1746
291.5756,144.2583,140.9339,194.7914
290.5288,144.4823,137.7575,194.3435
292.0635,144.4765,134.6882,194.3551
291.1448,144.4193,131.3652,194.4695
287.7869,144.3871,127.8667,194.5337
289.3311,144.5127,124.7784,194.2827
288.5796,144.6902,121.2866,193.9277
287.8211,144.9913,117.8726,193.3255
287.0878,145.4111,114.4746,192.4859
286.3963,145.8968,111.0627,191.5144
287.9752,146.3683,107.9050,190.5714
287.4704,146.8394,104.2595,189.6292
286.9804,147.2607,100.6603,188.7867
286.5527,147.7411,97.0106,187.8259
286.0591,148.3076,93.5697,186.6929
285.3801,148.8448,90.5754,185.6185
284.7752,149.2882,87.5005,184.7316
284.2626,149.7543,84.3075,183.7995
285.5169,150.1367,81.7990,183.0346
284.7143,150.4955,79.3105,182.3171
283.9005,150.9300,76.8985,181.4480
282.9690,151.2199,74.7773,180.8682
283.8612,151.5549,72.9928,180.1983
284.7018,151.9748,71.3116,179.3585
283.6704,152.3670,69.5196,178.5740
284.3288,152.8273,68.2029,177.6535
284.9858,153.3243,66.8888,176.6594
285.4067,153.7153,66.0471,175.8774
285.6963,154.0157,65.4678,175.2767
285.9089,152.5202,65.0426,174.5763
285.9773,152.8614,64.9058,173.8939
286.0396,153.2988,64.7811,173.0191
287.8807,153.7087,64.7457,172.1993
287.8427,153.9745,64.8215,171.6678
287.7931,154.3026,64.9208,171.0116
287.6583,154.6361,65.1904,170.3445
289.3291,154.9945,65.4645,169.6276
289.1506,155.2554,65.8214,169.1059
288.9810,155.4939,66.1606,168.6288
290.6381,155.7162,66.4548,168.1843
292.3069,154.1766,66.7243,167.6562
292.1707,154.4901,66.9969,167.0292
292.0101,154.7090,67.3181,166.5915
291.8477,154.9168,67.6430,166.1758
293.5597,155.1443,67.8184,165.7209
295.2248,155.3674,68.0842,165.2746
294.9580,153.6221,68.6179,165.1709
294.7726,153.8380,68.9888,164.7390
296.4079,154.0284,69.3207,164.3583
296.1932,154.1623,69.7502,164.0904
296.0299,154.2551,70.0768,163.9050
295.9037,154.2963,70.3293,163.8225
297.6581,154.4354,70.4336,163.5443
297.5062,154.5018,70.7374,163.4114
297.3100,154.6286,71.1297,163.1579
297.1124,154.7529,71.5250,162.9092
298.7554,154.8710,71.8601,162.6731
298.5031,154.8996,72.3647,162.6158
298.2963,154.9722,72.7783,162.4707
299.9260,155.0308,73.1555,162.3535
299.6595,154.9971,73.6887,162.4208
299.4458,154.9733,74.1160,162.4685
299.2124,154.9796,74.5827,162.4560
298.9687,154.9444,75.0703,162.5263
298.7562,154.9015,75.4952,162.6121
300.3597,154.7965,75.9747,162.8221
300.1566,154.6873,76.3810,163.0405
299.9866,154.6154,76.7208,163.1843
299.8243,154.5268,77.0454,163.3615
301.5977,154.4524,77.2231,163.5103
301.5068,154.3278,77.4049,163.7595
301.3934,152.3103,77.6317,164.0579
301.2712,152.2659,77.8761,164.1468
301.1018,152.2086,78.2149,164.2614
302.7807,152.1664,78.6150,164.3457
302.4712,152.0258,79.2340,164.6270
302.2193,151.9076,79.7378,164.8634
302.0259,151.7677,80.1247,165.1431
301.8077,151.6410,80.5611,165.3965
301.5622,151.4326,81.0521,165.8134
301.2894,151.2086,81.5976,166.2614
301.0176,150.9578,82.1412,166.7630
300.7213,150.7097,82.7338,167.2591
302.4032,150.5043,83.2502,167.6699
302.1256,150.2802,83.8054,168.1181
301.8861,150.0417,84.2845,168.5952
301.6729,149.7968,84.7108,169.0850
301.4348,149.5347,85.1870,169.6093
301.2082,149.2728,85.6403,170.1329
300.9939,148.9967,86.0688,170.6851
300.7381,148.6454,86.5804,171.3878
300.4585,148.2509,87.1396,172.1768
300.1930,147.8539,87.6708,172.9707
299.8969,147.4107,88.2629,173.8571
299.5978,146.9619,88.8611,174.7547
299.2863,146.4905,89.4840,175.6975
298.9070,146.0421,90.2426,176.5943
298.4967,145.5868,91.0632,177.5049
298.0464,145.0966,91.9639,178.4853
297.6280,144.7452,92.8007,179.1882
297.1573,144.4159,93.7421,179.8468
296.7135,144.0317,94.6296,180.6151
296.2894,143.6709,95.4779,181.3368
295.8413,143.2862,96.3740,182.1062
295.3676,142.8851,97.3215,182.9084
294.9007,142.4670,98.2552,183.7447
294.4342,142.0796,99.1882,184.5193
293.9240,141.6593,100.2085,185.3599
293.4034,141.2322,101.2500,186.2142
292.8886,140.7847,102.2794,187.1093
292.3606,140.3202,103.3355,188.0383
291.7849,139.7400,104.4870,189.1987
288.9053,139.1733,105.6695,190.3320
288.3025,138.6676,106.8751,191.3433
287.7155,138.1265,108.0490,192.4255
287.0807,137.5622,109.3186,193.5542
286.4517,137.0205,110.5766,194.6375
283.4391,138.8369,111.8411,195.7654
282.8952,138.3482,112.9289,196.7430
282.3981,137.8517,113.9231,197.7359
279.3254,137.2538,115.2050,198.9317
278.6860,136.6788,116.4839,200.0817
275.4878,136.0196,117.9387,201.4000
274.7345,135.4493,119.4452,202.5407
273.9426,134.8946,121.0290,203.6502
273.1946,134.4159,122.5251,204.6075
269.7890,133.8692,124.2253,205.7010
266.2575,133.2703,126.1323,206.8986
265.3447,132.7125,127.9579,208.0143
261.8002,132.1441,129.7938,209.1512
260.9554,131.6389,131.4832,210.1614
257.4641,131.0865,133.1214,211.2662
256.6575,130.6470,134.7346,212.1452
253.0757,130.2562,136.4696,212.9270
252.1135,129.8531,138.3940,213.7331
251.1818,129.4187,140.2575,214.6018
247.5078,128.9907,142.0478,215.4579
246.5166,131.4030,144.0303,216.2336
242.7949,130.9046,145.8288,217.2304
241.8582,130.3922,147.7022,218.2551
238.1231,129.8664,149.4362,219.3068
237.1912,129.4702,151.3000,220.0993
233.4697,129.1232,152.9192,220.7932
232.5793,128.7773,154.7001,221.4850
228.5382,128.4787,156.8815,222.0823
224.2987,128.2626,159.4146,222.5143
220.0843,128.0227,161.8494,222.9941
219.0296,127.8051,163.9587,223.4294
214.9890,127.6679,165.9573,223.7037
213.9703,127.6179,167.9948,223.8038
209.8954,127.6525,169.9903,223.7345
205.8156,127.6983,171.9638,223.6430
201.7218,127.8276,173.9348,223.3845
200.6954,128.0031,175.9876,223.0334
196.6030,128.2446,177.8996,222.5504
192.5016,128.5555,179.8058,221.9287
191.5809,128.8668,181.6473,221.3059
187.4482,129.1801,183.5746,220.6794
186.5016,129.5073,185.4678,220.0250
182.3655,129.8215,187.3600,219.3966
178.2478,130.1408,189.1948,218.7581
177.5184,130.4668,190.6536,218.1060
176.7911,130.8190,192.1082,217.4016
172.8852,131.2110,193.4741,216.6176
168.9799,131.6061,194.8292,215.8274
168.2858,131.9601,196.2174,215.1194
164.4657,132.3318,197.3815,214.3760
163.9787,132.7207,198.3554,213.5981
163.6413,133.1331,199.0303,212.7734
160.1223,133.6544,199.5842,211.7309
159.9020,134.2218,200.0246,210.5959
159.7530,134.8382,200.3227,209.3632
156.4576,135.5283,200.4621,207.9830
156.4415,136.1680,200.4943,206.7036
156.5356,136.8502,200.3061,205.3391
153.5436,137.4946,199.9022,204.0503
153.9171,138.1706,199.1552,202.6984
154.2771,138.8786,198.4351,201.2823
154.5458,139.6440,197.8978,199.7516
154.7226,140.3364,197.5442,198.3667
155.1121,141.0968,196.7652,196.8460
155.6017,141.9048,195.7860,195.2301
156.0729,142.6709,194.8436,193.6977
156.5406,143.5002,193.9082,192.0391
157.0980,144.1596,192.7934,190.7204
157.7269,144.9116,191.5355,189.2163
158.3477,145.5806,190.2940,187.8784
158.9934,146.1923,189.0026,186.6549
159.6333,146.9388,187.7229,185.1619
160.3083,147.7469,186.3727,183.5459
160.9989,148.5298,184.9916,181.9799
161.6872,149.3340,183.6149,180.3715
162.4755,150.1138,182.0383,178.8121
163.3208,150.9380,180.3479,177.1636
164.1054,151.8333,178.7786,175.3730
167.6197,152.7361,177.3271,173.5674
168.3348,153.6341,175.8968,171.7714
169.0220,154.4770,174.5225,170.0856
172.6050,155.4018,172.7833,168.2360
173.4458,156.2972,171.1017,166.4452
177.0575,157.1024,169.1938,164.8348
177.9317,157.8371,167.4455,163.3653
181.3630,158.5084,165.7924,162.0228
184.7404,159.0760,164.1999,160.8876
185.5353,159.7116,162.6102,159.6163
188.9534,160.2928,160.8484,158.4540
192.3043,160.8990,159.1749,157.2415
193.2135,161.5309,157.3564,155.9777
196.5558,162.2173,155.6062,154.6049
199.8614,162.9386,153.8802,153.1623
200.6623,163.8163,152.2785,151.4069
203.8851,164.6475,150.6152,149.7446
206.9671,165.3858,149.1815,148.2680
209.9803,166.1198,147.8392,146.8000
213.0288,166.9067,146.3821,145.2262
213.6279,167.5622,145.1840,143.9151
216.5217,168.1416,143.9492,142.7563
219.4303,168.6818,142.6469,141.6760
222.3490,169.2317,141.2870,140.5762
225.2667,169.8452,139.8904,139.3492
225.9836,170.5168,138.4567,138.0060
228.8883,171.0887,137.0009,136.8621
231.7130,171.7558,135.6643,135.5280
234.4987,172.5129,134.3637,134.0138
235.1568,173.1101,133.0476,132.8193
240.1354,173.6095,131.4641,131.8206
240.7152,174.1117,130.3046,130.8162
243.4144,174.5512,129.0183,129.9371
246.0551,175.0650,127.8148,128.9096
248.6010,175.5246,126.7660,127.9904
251.1698,176.0497,125.6403,126.9401
251.7075,176.5803,124.5649,125.8790
254.2594,177.1216,123.4051,124.7965
256.7682,177.6131,122.2961,123.8134
259.2907,178.0744,121.1268,122.8908
259.8496,178.5642,120.0090,121.9112
262.3296,178.9755,118.8589,121.0887
262.8499,179.3530,117.8181,120.3335
265.2303,179.6737,116.8078,119.6921
265.7550,179.9685,115.7584,119.1027
266.2443,180.3307,114.7798,118.3781
268.5344,180.6578,113.8713,117.7239
268.9997,181.0124,112.9406,117.0149
269.4305,181.4057,112.0791,116.2282
271.5884,181.7337,111.3585,115.5721
271.9890,182.0930,110.5573,114.8536
272.4030,182.3402,109.7294,114.3592
272.7842,182.6231,108.9668,113.7934
273.1921,182.9397,108.1510,113.1602
273.6196,183.2744,107.2960,112.4909
274.0301,183.6465,106.4751,111.7467
274.4218,184.0645,105.6917,110.9105
274.7970,184.3850,104.9412,110.2696
275.1214,184.5498,104.2925,109.9400
275.5291,184.7583,103.4771,109.5230
275.9250,185.0196,102.6852,109.0004
276.3322,185.3672,101.8710,108.3052
276.7078,185.7289,101.1197,107.5818
277.0980,186.0370,100.3393,106.9655
277.4686,186.3009,99.5981,106.4378
276.1789,186.4888,98.9332,106.0620
276.5446,186.6383,98.2018,105.7631
275.3019,186.7589,97.4758,105.5217
275.7160,186.9394,96.6476,105.1608
274.5080,187.0844,95.8863,104.8707
274.9237,187.3273,95.0547,104.3849
273.7944,187.5950,94.1735,103.8496
272.7215,187.8672,93.2017,103.3052
273.1470,188.2074,92.3508,102.6249
272.0588,188.4530,91.4577,102.1335
271.0509,188.7227,90.4259,101.5942
271.4911,188.9206,89.5456,101.1984
271.9216,189.1169,88.6845,100.8057
269.3719,189.3866,87.8188,100.2664
269.7137,189.4795,87.1351,100.0805
268.6167,189.7246,86.3828,99.5904
267.5027,189.9549,85.6839,99.1297
267.8757,190.1698,84.9379,98.6999
266.7717,190.3831,84.2559,98.2734
267.1567,190.6006,83.4860,97.8385
266.1610,190.8277,82.6241,97.3842
265.1532,191.0171,81.8074,97.0054
264.0879,191.2408,81.1245,96.5580
264.3884,191.3345,80.5236,96.3705
263.3015,191.4807,79.9144,96.0783
262.2525,191.6675,79.2437,95.7045
261.2325,191.8087,78.5316,95.4222
261.5956,191.9732,77.8056,95.0932
260.6603,192.1091,76.9567,94.8214
259.7087,193.5538,76.1584,94.6335
260.1273,193.6733,75.3211,94.3945
260.5355,193.8052,74.5048,94.1306
259.6175,193.9942,73.6897,93.7527
258.7564,194.1167,72.7796,93.5077
259.1328,194.3226,72.0269,93.0959
259.5325,194.5489,71.2274,92.6432
258.6107,194.7361,70.4960,92.2688
258.9299,194.8829,69.8576,91.9753
259.1948,195.0300,69.3277,91.6811
258.2213,195.2219,68.7452,91.2973
258.4535,195.4598,68.2808,90.8216
258.6857,195.6487,67.8164,90.4436
257.7025,195.7870,67.2970,90.1671
257.9923,195.9540,66.7174,89.8330
258.2906,196.1257,66.1208,89.4897
258.5847,196.3302,65.5325,89.0807
258.8387,196.5582,65.0246,88.6247
259.1023,196.7793,64.4974,88.1826
259.3569,196.9969,63.9882,87.7474
259.6135,197.1578,63.4749,87.4255
259.8795,197.3108,62.9429,87.1195
260.1231,197.3560,62.4557,87.0291
261.5600,197.4195,61.9280,86.9020
261.8181,197.4986,61.4118,86.7438
263.2069,197.4861,60.9589,86.7690
263.3960,197.5227,60.5807,86.6957
264.8264,197.6116,60.0302,86.5179
266.2093,197.6530,59.5628,86.4351
267.5570,197.6721,59.1566,86.3969
268.8755,197.6394,58.8018,86.4623
270.1786,197.6562,58.4730,86.4286
271.4727,197.7017,58.1560,86.3377
272.7576,197.6754,57.8509,86.3902
273.9475,197.7665,57.7313,86.2080
276.3121,197.8991,57.5134,85.9429
277.5178,197.9406,57.3501,85.8599
278.7138,197.9928,57.2021,85.7555
281.0579,198.1435,56.9941,85.4541
283.3838,198.1982,56.8064,85.3447
286.8278,198.2739,56.6002,85.1933
287.9550,198.2587,56.5675,85.2236
291.3654,198.2862,56.4111,85.1687
292.4926,198.2923,56.3748,85.1565
295.8774,198.3025,56.2570,85.1361
298.0521,198.2818,56.3378,85.1775
301.3885,198.2177,56.3158,85.3058
302.4219,197.1013,56.4676,85.3199
305.7076,196.0300,56.5602,85.2412
309.0399,194.8822,56.5604,85.3152
312.3141,193.6282,56.6803,85.6004
314.4084,192.3436,56.9497,85.9405
316.4840,192.0485,57.2758,86.5309
319.6762,190.6367,57.6503,87.1016
321.7392,188.1440,58.0596,87.5515
324.9521,186.6322,58.4778,88.2936
328.1058,182.8821,59.0686,88.8957
330.1939,181.2288,59.5289,89.8841
334.5179,179.5394,60.2442,90.9220
336.5895,176.6786,60.8375,91.9071
338.6481,174.9131,61.5062,93.0452
343.0704,173.0660,62.3463,94.3182
345.1451,170.0145,63.1054,95.5126
347.2569,168.0565,63.8515,96.9437
350.4769,164.8207,64.9679,98.3778
353.8089,161.6647,65.9805,99.5719
354.6644,160.8879,66.8631,101.1257
358.0273,157.4501,68.0325,102.7379
361.4157,155.3627,69.2819,104.2372
362.2400,154.3704,70.3519,106.2218
367.1013,151.6031,71.6945,108.9900
367.9661,149.1388,72.7952,111.0885
371.6242,147.9422,74.1192,113.4817
373.9864,145.3691,75.2709,115.6898
376.3342,144.1603,76.5560,118.1074
378.7380,142.9385,77.8445,120.5510
382.5985,141.5898,79.4420,123.2486
383.5578,140.2787,80.6967,125.8705
386.0704,138.8385,82.1386,128.7511
387.0478,139.0984,83.4845,131.5320
389.6968,139.4317,84.9163,134.2303
390.7645,139.8189,86.2101,136.8851
391.8954,140.2670,87.4389,139.4796
393.0847,140.8554,88.6103,141.8526
394.3282,143.2423,89.7283,144.2890
395.6722,145.7665,90.7004,146.5609
395.2231,148.4923,91.5988,148.5302
396.7969,149.4744,92.2059,150.3209
396.6131,154.4147,92.5737,151.8157
396.5927,157.6436,92.6144,152.9984
396.6548,160.9940,92.4902,153.9748
396.8328,166.4581,92.1342,154.5996
397.0824,168.1322,91.6350,155.1058
395.6146,175.7819,90.7172,155.2200
396.0795,177.7461,89.7874,155.1312
393.0797,183.6401,88.1420,154.8107
392.0442,187.7150,86.4232,154.2406
389.3577,192.0282,84.2918,153.1186
388.6464,196.3844,82.0150,151.8046
386.2957,200.8932,79.4346,150.0690
384.0750,205.4378,76.7336,148.1221
381.9597,208.3166,73.9718,145.8607
379.9894,212.8046,71.0819,143.7153
378.1370,215.6681,68.1188,141.3222
374.7704,218.5859,65.1095,138.7343
373.0342,223.1740,62.2670,135.8727
371.3684,226.0251,59.4666,133.2365
365.1379,227.4196,57.0348,130.4475
364.7086,230.1454,54.9980,127.8913
361.6641,231.5548,52.6199,125.0724
358.7058,232.9175,50.3178,122.3471
356.9535,234.1090,48.5038,119.9642
352.6672,235.4364,46.7057,117.3092
349.6548,236.6227,45.1633,114.9366
347.8513,237.6374,43.8489,112.9073
344.9434,237.5863,42.4409,110.6014
341.9335,237.2697,41.4119,108.8851
340.0804,235.7081,40.5051,107.3954
337.2007,235.4346,39.4581,105.6737
335.4345,232.7896,38.5399,104.2878
331.6247,231.5691,37.4042,102.3510
331.0430,231.5027,36.4269,100.3432
328.3003,229.2562,35.6296,98.5535
325.5403,228.1865,34.9870,96.5845
323.7850,226.8672,34.4687,95.1941
321.9799,224.6796,34.1085,93.6140
319.1849,222.3996,33.8304,92.3058
317.3852,221.2830,33.5652,90.6744
316.5428,217.1289,33.3459,89.4618
313.8686,216.7745,33.0458,88.2878
313.0276,215.2529,32.8671,87.6099
311.2746,213.0438,32.6779,86.4850
309.5191,212.3068,32.5326,86.1309
308.6595,210.8405,32.4315,85.4225
307.7805,208.5044,32.3808,84.6694
306.9703,207.5258,32.2045,84.8299
306.1176,203.8508,32.1140,84.9963
305.3067,203.8830,31.9392,84.9320
304.5190,202.9576,31.7221,84.9902
303.7107,201.0481,31.5492,85.2302
302.8587,200.3120,31.4634,84.9125
301.9993,200.5027,31.3984,84.5312
301.9817,199.6831,31.4337,84.3933
301.9150,199.7370,31.5670,84.2855
