1
311.6696,290.8676,61.6607,45.2648
311.7962,291.1240,61.4076,44.7521
311.8900,291.2314,61.2201,44.5372
311.9828,291.2702,61.0344,44.4596
312.0757,291.2039,60.8486,44.5921
312.1478,291.0537,60.7044,44.8925
312.1655,290.8628,60.6690,45.2743
312.9638,290.6809,60.7363,45.6381
312.9896,290.5315,60.6848,45.9371
313.0113,290.3943,60.6413,46.2113
313.0710,290.1448,60.5219,46.7104
313.9413,289.8071,60.4666,47.3859
313.9886,289.3801,60.3719,48.2398
314.1480,288.9381,60.0531,49.1238
314.2947,288.5042,59.7599,49.9916
314.3543,287.3517,59.6405,50.5700
314.5538,286.9414,59.2416,51.3906
314.7933,286.4854,58.7625,52.3024
315.0238,285.1920,58.3016,53.1411
314.3320,284.7850,57.9306,53.9550
314.5939,284.2809,57.4069,54.9632
314.0183,283.7260,56.7886,56.0732
314.3182,283.1747,56.1887,57.1756
313.7593,282.6348,55.5212,58.2554
313.2103,281.2690,54.8277,59.1955
311.8201,280.8169,54.0175,60.0995
311.2405,279.4992,53.3801,60.9385
310.7021,279.0415,52.6577,61.8539
309.3609,278.6158,51.7363,62.7053
308.7998,277.3383,51.0582,63.4602
307.3780,276.0493,50.3004,64.2373
306.8122,274.7731,49.6315,64.9894
305.2685,273.4840,49.1169,65.7666
303.5756,272.2211,48.8939,66.4879
301.0190,271.8581,48.5720,67.2140
299.1498,269.6425,48.6752,68.0102
297.9167,268.5593,49.3103,68.3453
294.6463,266.6573,50.3106,68.4559
293.1442,266.7190,51.4501,68.3323
290.6129,264.8114,52.7493,68.3843
287.8265,263.7505,54.5149,68.6024
285.0695,261.7013,56.1576,68.8295
283.1033,260.5942,58.1242,69.0778
280.2694,258.5651,59.7893,69.1335
278.5565,257.6432,61.1860,68.9483
276.5627,255.7310,63.1252,68.6759
273.5866,253.8799,64.9272,68.2278
271.6868,251.9228,66.6301,67.9485
269.8221,250.9734,68.2402,67.7279
267.9938,246.9039,69.7554,67.3019
266.0873,246.0821,71.4102,66.7872
265.2955,245.2334,72.9938,66.3086
264.6413,243.3748,74.3021,65.6397
263.0391,242.6988,75.3039,64.7888
261.3722,240.9397,76.4330,63.8979
260.8875,239.2218,77.4025,62.9182
260.3621,238.5920,78.4532,61.9709
259.8491,236.8127,79.4792,61.1143
259.4226,236.1532,80.3321,60.2240
258.9193,235.4374,81.3388,59.4478
259.5419,233.6564,82.3039,58.5890
260.1778,234.0660,83.2432,57.7698
260.8684,233.3754,84.0735,56.9395
261.4773,232.6969,85.0662,56.0861
261.9872,230.9167,86.2575,55.2241
262.4911,230.2092,87.4642,54.4245
263.2360,229.4824,88.1936,53.6588
264.0929,228.8007,88.6973,52.8051
265.9202,227.0539,89.4634,51.8777
266.6756,226.3096,90.1586,51.1602
267.3858,225.5797,90.9425,50.4159
268.0584,223.7507,91.8003,49.6676
268.7987,222.8889,92.5227,49.1882
270.6065,223.0432,93.3180,48.8796
271.2198,222.1989,94.3033,48.3564
272.8685,221.3023,95.4404,47.9324
274.3801,219.2797,96.8706,47.5242
274.9261,218.3683,98.0189,47.1065
275.5335,217.4479,99.0541,46.6974
276.1194,217.6351,100.1404,46.3231
277.9272,216.6638,101.0592,45.9984
278.5080,215.7268,102.1725,45.5973
279.0352,214.8005,103.4023,45.1659
280.7766,213.8839,104.5079,44.7049
281.2621,213.0640,105.8392,44.0425
281.7714,212.0604,107.1301,43.7401
283.4958,210.9593,108.3271,43.6195
284.0201,209.9224,109.6165,43.3552
285.6408,208.9394,111.0788,42.9694
286.0502,207.9462,112.6259,42.5899
286.3578,206.8513,114.3921,42.3984
286.6044,205.7328,116.3021,42.2321
287.0443,205.8624,117.8499,41.9730
287.4317,206.0300,119.5200,41.6377
287.8554,205.0252,121.1352,41.1847
288.3392,203.9654,122.6452,40.8268
288.7841,202.8867,124.2479,40.4916
289.2437,202.9828,125.8378,40.2994
288.3550,201.8073,127.6151,40.1223
288.6683,201.8345,129.5386,40.0680
288.9567,201.9264,131.5383,39.8842
289.1872,200.9000,133.6785,39.3356
288.1536,199.7761,135.7457,38.9620
287.1464,199.8320,137.7601,38.8502
287.4413,199.7811,139.8404,38.9521
286.3185,198.5225,142.0860,38.7679
285.5225,198.6047,143.6779,38.6036
284.7639,198.6826,145.1951,38.4477
284.1372,198.7394,146.4486,38.3342
283.4250,198.7707,147.8730,38.2716
282.6831,198.7675,149.3567,38.2780
281.9692,198.7535,150.7844,38.3060
281.2156,198.7285,152.2917,38.3559
279.1463,198.5854,153.5651,38.6422
278.6529,198.3037,154.5520,39.2056
276.9124,197.9362,155.1198,39.9407
275.2505,197.5147,155.5087,40.7836
273.7910,196.9603,155.4717,41.8925
270.9012,196.2866,155.2979,43.2399
269.5467,196.9180,155.0073,44.9764
268.2441,196.1074,154.5847,46.5977
265.6709,196.7177,153.6271,48.4291
264.5682,197.3268,152.7603,50.2832
263.5257,196.3758,151.7512,52.1852
261.2695,196.8616,150.0348,54.3279
260.6746,197.3918,148.0958,56.3965
258.5729,198.0980,146.0225,58.1223
257.9876,197.3690,144.0534,59.5804
256.1263,196.6901,141.5019,60.9382
255.8176,197.3848,138.9951,62.6730
255.8890,196.7978,135.7338,63.8470
256.0560,197.7101,132.3082,65.1141
256.2107,196.9479,128.9351,66.6385
258.0072,196.2713,125.3420,67.9916
258.2498,195.5865,121.8459,69.3613
259.8992,194.9550,118.5471,70.6242
261.6030,194.3465,115.1396,71.8414
263.2867,193.8699,111.7721,72.7944
265.1064,193.4422,108.1326,73.6498
266.7597,193.0707,104.8261,74.3928
268.4531,192.7453,101.4394,75.0438
271.5155,192.4182,98.0860,75.6980
274.5378,192.2903,94.7725,75.9538
280.0726,192.2318,91.7564,76.0708
282.7824,190.8170,88.9769,76.2602
286.7966,189.7061,86.1489,75.8819
290.8119,188.5678,83.2191,75.6080
296.0265,187.4388,80.2915,75.3656
299.7314,186.2522,77.7836,75.2876
303.2820,185.1686,75.5033,75.0444
308.0722,184.1635,73.0355,74.6839
311.4934,182.0620,70.8455,74.2342
317.1010,181.1236,68.7686,73.8266
321.4650,180.2229,66.7764,73.3828
324.5164,179.3134,65.0868,72.9951
328.7884,178.4327,63.0636,72.5829
332.9223,177.5493,61.2004,72.2148
336.9819,175.7592,59.3788,71.5966
340.8806,173.9964,57.7625,71.0015
345.7561,173.3597,56.1120,70.2497
348.4547,172.7185,54.6884,69.5453
352.1743,172.0983,53.1080,68.8327
355.6735,170.5398,51.8587,68.1171
359.0638,169.9151,50.7331,67.4814
362.3947,169.3636,49.6422,66.7274
364.7001,168.6795,48.6868,66.2680
366.0392,167.9727,47.8136,65.8767
371.0306,167.3857,46.7543,65.2659
371.4572,166.7027,45.9013,64.8737
373.5888,166.0520,45.1141,64.4372
374.7843,165.3508,44.4417,64.1210
376.7981,165.4823,43.8193,63.8581
377.0869,165.6319,43.2417,63.5588
378.1161,164.8886,42.8575,63.3711
379.1253,164.1297,42.5042,63.2239
379.3076,163.3851,42.1396,63.0560
379.5143,163.4401,41.7264,62.9460
379.6888,162.6306,41.3772,62.9253
379.7969,162.6784,41.1610,62.8295
378.3192,161.8327,40.8591,62.8922
376.7638,161.7954,40.7205,62.9670
375.1779,161.7595,40.6453,63.0387
371.1292,162.4414,40.6265,63.2981
370.2973,162.2988,40.6635,63.5833
366.1478,162.9338,40.8038,63.9450
361.9122,164.3341,41.0774,64.4235
360.1863,164.9110,41.2268,64.9209
355.0449,166.2892,41.5426,65.4868
350.6418,167.5773,41.9742,66.2605
346.1593,170.5677,42.4705,67.0546
340.7439,171.8045,43.0179,68.0089
335.2523,175.6227,43.5771,69.0591
330.4523,176.7344,44.3649,70.3606
324.5982,180.5439,45.3028,71.7168
320.3623,184.2641,46.4504,73.4318
313.3019,185.3139,47.4397,75.0841
307.8965,191.1023,48.6645,76.9274
303.3252,193.0621,49.9461,78.9036
298.4547,199.0441,51.6219,81.0537
293.4583,202.0458,53.3088,83.3563
288.2493,207.4913,55.1701,85.3002
283.8834,212.9215,57.3038,87.6360
278.2528,218.3930,59.4852,90.3130
274.8323,224.2640,61.6332,92.6500
272.4391,230.3407,64.0023,95.0008
268.6851,237.5794,66.5261,97.9677
265.9256,244.0521,69.4665,100.4939
264.3967,250.7007,72.5242,103.1889
262.7061,258.9795,75.9055,105.9274
261.0279,264.7642,79.2618,108.6266
259.2444,272.3481,82.8288,111.1577
258.9377,281.5896,86.4890,114.0021
263.4123,285.1055,90.1394,116.4200
264.7088,293.7940,94.0391,118.5208
272.5666,297.9325,98.3744,120.2694
273.8035,302.3997,102.7785,121.6516
280.2801,309.1151,107.4813,122.3456
287.0046,314.1952,112.1194,123.0378
293.8455,319.6259,116.9491,123.2831
302.6913,321.7147,121.9546,122.8884
311.7718,323.9584,126.9282,122.2568
319.0041,326.5525,132.0837,120.9927
328.4690,329.3488,137.0608,119.3846
336.3652,330.4931,141.4489,117.0959
346.3285,331.8247,145.9247,114.4327
350.3463,331.5252,150.1671,110.9390
362.4241,331.2990,154.7133,107.2912
364.4073,327.5520,158.9652,102.4578
376.8088,325.8893,162.8117,97.5977
379.3250,318.5263,165.9167,91.9803
384.0410,317.3284,168.5428,86.3372
387.3199,310.1123,169.9078,80.9629
390.7588,305.0786,170.8063,75.4776
398.2890,295.6809,170.9666,71.4421
398.6067,291.9729,170.3311,67.6497
399.2264,281.9361,169.0918,65.7664
401.8650,278.6676,167.4224,65.0876
402.8734,268.0093,165.4056,64.9731
404.0502,262.6178,163.0521,65.1340
401.5931,251.9453,160.9467,65.4202
401.1509,248.2769,158.3465,65.7879
398.9036,237.6873,155.9339,66.2452
396.7943,234.1465,153.2987,66.4732
396.4880,227.2955,150.5185,66.6041
392.6954,220.5324,148.0393,66.7110
388.9994,215.5594,145.4692,66.6949
387.1102,209.0381,142.6815,66.6051
385.1537,205.7786,140.1126,66.6422
381.6777,199.5756,137.4520,66.2315
379.7687,194.8568,134.9536,66.1946
374.7395,191.7434,132.5276,66.1790
372.8071,187.0569,130.2219,66.2961
369.2274,183.8644,128.2204,66.5741
367.2897,179.2690,126.0380,66.6779
362.2679,176.3327,124.0867,66.5530
361.7437,173.5724,122.1675,66.1381
358.3651,170.9130,120.1273,65.5920
356.3497,168.1635,118.3720,65.3048
349.9746,165.4319,116.8111,65.0437
350.6129,164.1223,115.5345,64.8282
347.1614,161.3875,114.0011,64.6734
343.6099,159.9932,112.7436,64.6752
341.4735,158.6213,111.4799,64.6508
339.3885,155.9904,110.1516,64.4146
335.8015,155.9991,109.1496,64.3969
333.6840,153.2846,107.9642,64.4056
330.1414,153.3365,106.9713,64.3018
329.2467,153.4190,106.0844,64.1368
327.0756,152.0627,105.1062,64.1893
323.5370,152.0645,104.2438,64.1856
322.6039,150.7778,103.4764,64.1255
320.3799,150.7986,102.6821,64.0839
319.4536,150.8522,101.9262,63.9766
317.1963,150.9257,101.2497,63.8295
314.9394,150.9559,100.5976,63.7693
313.9284,150.9796,100.0474,63.7218
312.9290,150.9998,99.4832,63.6814
311.9693,151.0758,98.8485,63.5295
309.6459,151.0880,98.4114,63.5051
308.5346,151.1669,98.0990,63.3472
307.4415,151.1624,97.7575,63.3563
306.3785,152.4819,97.3607,63.2400
305.3052,152.4841,96.9924,63.2355
305.4738,152.5222,96.6554,63.1593
303.1735,155.0200,96.2500,63.1695
303.2569,155.0401,96.0833,63.1292
302.1694,156.2432,95.7645,63.2170
301.1058,158.7789,95.4011,63.1266
301.1472,158.8037,95.3184,63.0769
301.1705,160.0444,95.2718,63.0769
301.2116,162.5905,95.1896,62.9463
301.2726,162.6183,95.0675,62.8908
300.0745,163.9138,94.9891,62.7744
300.0402,167.6391,95.0578,62.7382
300.0169,167.7275,95.1043,62.5613
299.9668,170.2228,95.2045,62.5102
299.9021,171.4733,95.3340,62.4795
299.8030,172.7739,95.5322,62.3500
299.6837,175.2714,95.7708,62.3001
299.6408,176.5952,95.8565,62.1279
299.5186,180.2715,96.1011,62.1964
299.3488,182.6912,96.4406,62.3141
299.2853,188.8103,96.5675,62.5038
300.2259,192.6864,97.1771,62.2237
299.9578,200.1682,97.7133,62.2307
299.5501,206.3560,98.5286,62.3714
298.9740,212.5043,99.6808,62.6640
299.5822,221.1316,101.0043,63.1888
298.7446,229.8503,102.6796,63.7311
297.8315,238.5934,104.5058,64.4634
298.1068,247.2198,106.5973,65.7059
296.8523,256.2065,109.1063,66.5924
295.3495,265.5261,112.1119,67.1792
295.1192,274.9809,115.3738,67.8783
293.2776,284.6002,119.0569,68.6703
291.2202,294.4417,123.1718,69.4944
288.9984,304.4572,127.6155,70.4952
287.8380,313.3684,133.0233,71.1963
284.5271,321.0829,139.6452,71.6624
280.9109,329.2451,146.8776,71.7596
277.2050,334.5187,154.2894,71.3882
273.3643,338.5372,161.9708,70.3381
269.5292,341.0539,169.6411,68.8913
265.5821,344.0232,177.5352,66.6245
261.6248,343.5958,185.4498,63.7348
257.6572,329.4050,193.3851,61.6735
253.1923,316.3283,202.3148,60.6637
248.2731,299.5540,212.1534,62.3052
246.7283,280.9384,219.4009,66.2723
237.4187,260.7301,225.0174,72.0153
226.7755,239.2086,228.2244,78.8994
226.0492,216.7273,229.6769,86.3299
218.3626,191.0831,230.5097,93.9972
220.1089,167.0110,232.0132,102.1733
219.6203,142.1771,232.9903,110.5408
219.3491,119.3333,233.5329,118.9653
219.2159,106.9075,233.7992,127.3846
219.3746,91.5821,233.4818,135.5320
220.0256,84.8663,232.1798,143.2038
221.3106,81.5844,229.6097,149.7677
223.1691,75.9053,225.8928,155.1845
225.4601,73.8823,221.3109,159.2306
228.2476,72.6686,215.7358,161.6579
228.4840,75.1535,209.3351,162.6161
232.0615,81.2380,202.1801,162.1389
232.7824,85.0616,195.0096,160.2203
236.9437,95.1320,186.6870,156.8420
240.4395,102.4186,179.6955,153.0782
244.2221,112.6618,172.1302,148.3009
247.1443,117.1220,166.2859,144.4231
250.3682,126.8262,159.8380,139.6848
252.8042,133.4828,154.9660,135.8000
255.0260,139.8811,150.5225,132.1566
256.9016,145.9293,146.7713,128.9587
258.5208,151.7179,143.5329,126.0613
259.9068,155.1179,140.7607,123.5048
261.1176,158.2597,138.3391,121.3806
262.2099,161.1791,136.1546,119.6297
263.0743,161.9281,134.4258,118.1316
265.7941,162.5020,132.9614,116.9840
268.2836,162.9141,131.9165,116.1597
268.6665,163.1715,131.1508,115.6449
270.8744,163.3562,130.6196,115.2755
274.9284,163.3816,130.2525,115.2246
276.9796,163.3151,130.0142,115.3576
279.0177,161.1475,129.8003,115.8305
281.0576,158.8965,129.5872,116.4657
285.0959,156.5517,129.2576,117.2819
287.1572,155.9859,129.0162,118.4136
289.2536,153.4511,128.7191,119.5875
293.3123,150.7588,128.4210,121.0624
295.3872,149.9412,128.1996,122.6976
299.5073,147.0750,127.8613,124.4792
301.6440,146.0869,127.5617,126.4554
305.8353,142.9960,127.1796,128.6369
308.1023,141.8751,126.6742,130.8787
312.4679,138.5837,126.0546,133.4057
314.7340,137.3392,125.6079,135.8947
317.0989,135.9970,124.9955,138.5790
319.5903,134.6286,124.1622,141.3158
322.1840,133.1920,123.1534,144.1891
324.9028,131.7038,121.9225,147.1654
327.7337,130.1429,120.4938,150.2872
330.6042,128.5397,119.0106,153.4937
331.3985,126.8421,117.4219,156.8888
334.4402,127.2434,115.6473,160.3949
337.5812,127.6101,113.6980,163.9944
338.5736,125.8287,111.7132,167.5571
339.5860,126.1693,109.6885,171.2518
340.6258,126.5027,107.6089,174.9827
341.7481,126.7895,105.3641,178.8276
340.7878,127.0415,102.8469,182.7615
339.8592,127.3494,100.2505,186.5992
338.8046,127.6586,97.8940,190.4467
337.4589,128.0881,96.1034,194.0697
335.6817,128.6490,95.1537,197.4519
333.4599,131.5759,95.0603,200.6722
333.1573,132.3501,95.6655,203.7062
327.9975,133.1025,96.7108,206.8385
324.8864,134.0953,98.2321,209.5539
319.1740,135.2597,100.1226,211.9922
313.2796,136.5920,102.2401,214.1631
307.2291,138.0699,104.5328,216.1116
301.0787,139.6838,106.8886,217.8562
294.8411,141.4661,109.2860,219.3304
291.1704,143.4009,111.5255,220.5629
284.8042,145.4334,113.9402,221.6567
278.4019,147.5125,116.3120,222.7150
271.9947,147.2131,118.5807,223.3138
265.5661,149.6366,120.7965,223.7875
261.9430,149.5335,122.6771,223.9937
255.5912,149.4997,124.5792,224.0613
252.0295,152.2976,126.2683,223.8996
245.7436,152.3284,127.9189,223.8381
245.0688,152.6011,129.2685,223.2927
241.6712,155.4836,130.5611,223.0303
238.3199,155.6491,131.7433,222.6992
235.0626,155.7977,132.7222,222.4021
234.6395,155.8051,133.5684,222.3873
234.2959,155.8221,134.2555,222.3533
234.0280,155.8154,134.7914,222.3667
233.8244,158.5988,135.1985,222.3820
233.7154,158.5652,135.4166,222.4491
233.7111,158.5107,135.4252,222.5582
233.7809,158.3390,135.2855,222.9016
236.6692,158.2258,135.1073,223.1280
239.6434,160.9646,134.7577,223.2492
242.5915,160.6138,134.4562,223.9508
245.5408,163.0497,134.1576,224.6790
251.4474,162.5683,133.5561,225.6417
254.5474,164.8898,132.9661,226.6087
257.6806,166.8997,132.3142,228.2034
263.7484,168.7882,131.4324,230.0533
269.9158,167.8522,130.3766,231.9254
273.2158,169.7956,129.4260,233.6878
279.4441,168.9789,128.2876,235.3212
285.6858,170.9656,127.1316,237.0116
291.9962,170.1329,125.8487,238.6770
295.4006,169.4060,124.7112,240.1308
301.7151,168.5780,123.4286,241.7867
308.0185,167.9043,122.1727,243.1340
314.3093,170.1034,120.9381,244.4095
317.5461,169.5302,120.1352,245.5559
323.3340,168.9629,119.9065,246.6903
328.5327,168.5488,120.8817,247.5187
330.2944,168.3172,123.0734,247.9818
334.3561,168.1836,126.4700,248.2491
335.3884,168.1409,130.2281,248.3344
336.1239,168.1731,134.6457,248.2699
339.5247,165.2323,139.7711,248.1881
339.7873,162.2828,145.2954,248.0375
339.9471,162.4491,151.1171,247.7050
340.0451,159.6120,157.1554,247.1447
336.9360,156.8368,163.3737,246.3677
336.8441,150.7939,169.9769,245.6146
333.5261,147.9647,176.6129,244.7554
330.1562,145.1383,183.3528,243.7942
326.7317,142.3639,190.2019,242.6331
323.2958,139.6423,197.0735,241.2725
319.8359,137.0018,203.9933,239.6593
316.3685,134.4363,210.9281,237.8093
309.3922,131.9418,217.8173,235.7347
302.4018,129.4534,224.6568,233.5704
295.4217,127.0502,231.4012,231.1608
288.5608,128.3746,237.8386,228.5122
281.7463,126.1670,244.1238,225.5836
271.4203,127.8195,249.9848,222.2785
264.9390,129.5972,255.5134,218.7231
251.1339,131.5198,260.7356,214.8780
244.8981,133.5830,265.7259,210.7515
235.0939,135.7790,270.3521,206.3595
225.5040,138.1219,274.5513,201.6737
219.9545,140.6722,278.1725,196.5732
207.1701,143.3270,281.3954,191.2637
202.0432,146.0472,284.2397,185.8231
189.6924,152.6788,286.8555,179.9218
185.0720,155.4707,288.7940,174.3380
177.0898,162.1950,290.2833,168.1269
165.9258,165.0833,291.1472,162.3503
162.1998,171.8324,291.5300,155.9216
155.2632,178.3811,291.4728,149.7892
148.7208,180.9717,290.8399,144.6079
145.9914,186.6399,289.5387,140.0318
140.1366,188.0131,287.9250,137.2853
137.9762,188.5073,285.6554,136.2969
132.8553,191.5123,282.8172,136.8269
130.9980,190.7591,280.0240,138.3332
126.0606,192.9337,276.9124,140.4772
124.3203,194.9142,273.9085,143.0010
122.6493,196.6938,270.7663,145.9258
121.0282,195.0605,267.5205,149.1925
119.5085,196.6104,264.0639,152.5887
118.1406,198.1281,260.2973,156.0556
120.0822,199.5994,256.4141,159.6182
118.8573,201.0251,252.3567,163.2739
117.7192,202.4580,248.1252,166.9159
119.7473,200.7054,244.0690,170.4211
121.8546,202.2681,239.8543,173.7974
123.9846,200.6672,235.5943,176.9991
126.1097,199.1572,231.3442,180.0191
128.3533,200.9467,226.8570,182.9055
130.5951,199.6614,222.3734,185.4762
132.9450,198.4628,217.6736,187.8734
135.3182,197.4574,212.9271,189.8842
140.8500,199.7558,208.2044,191.6282
143.1737,198.9811,203.5570,193.1776
148.6770,198.4116,198.7978,194.3167
154.0557,197.9261,194.2311,195.2876
159.3806,197.5582,189.7154,196.0234
161.5259,197.3220,185.4248,196.4959
166.7200,194.2643,181.0504,196.5975
171.7977,194.2690,176.8410,196.5880
176.7741,191.5808,172.7668,196.0857
181.5716,191.7275,168.9776,195.7923
186.3027,189.1936,165.2560,195.1195
190.9306,186.7488,161.6706,194.3388
195.4814,184.3708,158.1695,193.4943
199.9453,182.0632,154.7727,192.5786
204.3260,179.8605,151.4733,191.5219
208.6204,177.7540,148.2768,190.3425
212.7810,175.7149,145.2779,189.0986
216.8142,173.6903,142.4659,187.8933
220.7656,171.6710,139.7534,186.7418
224.6083,169.6911,137.1963,185.5732
228.3267,167.7006,134.8281,184.4855
231.9521,165.7267,132.5907,183.4200
232.9703,163.7393,130.5542,182.4344
236.3673,161.7308,128.6722,181.5393
239.6907,159.7829,126.8928,180.5677
242.9244,157.8293,125.2489,179.6515
246.0703,155.8834,123.7395,178.7608
246.7330,153.9593,122.4142,177.8649
249.6683,151.9695,121.2523,177.1359
252.5348,147.6973,120.1976,176.3237
253.0697,145.7589,119.1277,175.5518
255.8249,143.7844,118.2367,174.8814
258.5060,141.7402,117.4689,174.3755
258.8169,141.9079,116.8470,174.0399
259.0497,139.8763,116.3816,173.5444
261.5006,137.7535,116.0232,173.2465
261.6447,137.8375,115.7349,173.0785
261.7297,135.7357,115.5650,172.7563
264.0030,133.6075,115.5365,172.4946
263.9878,133.7214,115.5669,172.2668
263.8976,131.6455,115.7474,171.9079
263.7516,129.5462,116.0393,171.5980
263.5543,129.6972,116.4339,171.2962
263.2679,127.5790,117.0068,171.0220
262.9315,127.7367,117.6794,170.7066
262.5696,125.6848,118.4034,170.2881
262.1082,125.7652,119.3261,170.1273
261.6538,123.6885,120.2348,169.7399
261.1045,123.8507,121.3335,169.4155
260.5135,121.7402,122.5156,169.0735
259.8792,121.9421,123.7842,168.6697
259.2171,122.0903,125.1083,168.3734
258.5063,119.9748,126.5299,167.9951
257.7304,120.2798,128.0816,167.3852
254.5264,120.5435,129.8470,166.8577
253.5677,118.5330,131.7643,166.2153
252.5947,118.9590,133.7103,165.3633
249.2625,119.4034,135.6716,164.4745
248.1907,117.4800,137.8151,163.6001
247.0903,118.0304,140.0160,162.4992
243.5450,118.6160,142.3459,161.3280
242.3920,119.2462,144.6520,160.0676
241.2543,119.9778,146.9273,158.6044
237.5838,120.7994,149.4576,156.9613
236.3508,121.7063,151.9235,155.1474
234.9994,120.2208,154.6264,153.2827
233.5095,121.2124,157.6062,151.2995
231.9664,122.2754,160.6924,149.1736
230.3972,123.4380,163.8308,146.8484
228.7843,124.5933,167.0565,144.5377
227.0705,125.7706,170.4842,142.1832
225.2534,127.0340,174.1183,139.6563
223.4200,128.3841,177.7852,136.9561
221.5892,129.8207,181.4469,134.0830
219.7154,131.2754,185.1945,131.1736
220.2684,132.8218,189.0523,128.0807
218.3252,134.3905,192.9388,124.9434
216.3686,138.5800,196.8520,121.5416
214.4836,140.1676,200.6221,118.3664
214.9709,144.5764,204.6290,114.5305
212.9894,149.0002,208.5919,110.6586
210.9517,153.3966,212.6673,106.8340
208.9145,157.6898,216.7417,103.2094
206.7737,161.7570,221.0232,100.0337
204.6402,165.4850,225.2904,97.5432
202.4312,168.7188,229.7083,96.0591
200.3027,171.4849,233.9654,95.5480
198.1796,173.8811,238.2114,95.8289
196.0324,176.0395,242.5058,96.6519
193.8192,180.5810,246.9324,98.0012
191.8549,182.3375,250.8609,99.7920
189.9721,184.0469,254.6265,101.7657
188.1031,185.7269,258.3646,103.8876
186.2312,187.4204,262.1083,106.0742
181.4777,191.8676,265.9489,108.5127
179.6804,193.5867,269.5434,110.8399
177.7854,198.2914,273.3334,113.1473
176.0371,200.1480,276.8301,115.3884
171.2934,202.0797,280.2730,117.5695
169.5876,204.1095,283.6845,119.6426
168.0282,203.1850,286.8033,121.4916
163.0934,205.3867,290.3763,123.3850
161.3256,207.7988,293.9118,124.9427
159.6349,207.1038,297.2932,126.3327
157.7999,209.8753,300.9634,127.3237
156.2349,209.4438,304.0933,128.1866
154.5887,212.5700,307.3856,128.5995
152.8900,212.4416,310.7830,128.8562
151.1947,216.0104,314.1736,128.4924
149.9191,216.2588,316.7249,127.9955
148.9893,216.6816,318.5844,127.1499
147.6515,220.9372,321.2601,125.4944
146.5346,221.9356,323.4939,123.4976
145.7411,223.0671,325.0808,121.2347
149.1612,224.2661,325.0836,118.8365
153.7425,229.6622,322.7206,114.8440
161.1021,231.6983,321.3885,110.7719
168.1102,237.5817,320.5734,105.6056
165.0665,243.3024,320.1661,100.6587
165.7288,245.4523,318.8416,96.3588
170.0534,247.6324,316.4919,91.9987
174.5558,256.2668,313.6723,87.1005
182.4019,258.1974,310.0883,83.2392
187.7766,263.0172,305.2697,79.5308
196.5510,267.1835,299.3077,76.9914
205.0254,267.8372,293.6819,75.6840
216.6015,271.0164,287.2029,74.8834
222.5325,270.9167,280.7924,75.0828
228.4288,270.2694,274.3651,76.3773
237.1376,266.5293,267.5453,78.5586
243.4803,260.1050,260.1032,80.9203
252.2571,253.5791,252.9133,83.6086
260.7975,247.0184,246.0907,86.4718
266.6458,240.5042,239.4783,89.3319
275.0606,234.0969,232.7313,92.0637
280.8562,227.6132,226.1337,95.0442
286.5312,221.2724,219.7353,97.8227
294.6577,212.5319,213.2981,100.5799
299.6391,208.8641,208.1980,103.0530
304.9556,200.2474,202.3961,105.7928
310.0554,191.9681,196.9898,107.9713
314.5961,188.6631,192.6595,109.8301
319.5938,180.9148,187.3829,111.1705
324.2579,173.2870,182.7178,112.4366
328.3315,168.2115,179.1858,113.3574
332.2791,163.3090,175.8682,114.0071
336.0829,158.3228,172.7995,114.9017
339.6855,153.4058,170.1021,115.7202
343.0808,148.6003,167.7922,116.3698
346.2303,146.0402,165.9498,117.0333
347.0452,141.3486,164.3200,117.5371
347.6737,138.8410,163.0630,118.1289
348.3672,136.3292,161.6760,118.7384
348.9296,136.0646,160.5513,119.2675
349.4052,135.8806,159.6001,119.6356
352.0414,133.5965,158.7137,119.8177
