1
191.7874,177.6477,48.4252,83.7047
192.0047,177.7135,47.9907,83.5730
192.1084,177.7875,47.7833,83.4251
192.2197,177.7642,47.5607,83.4715
192.3034,177.7407,47.3932,83.5185
192.2749,178.7603,47.4502,83.5212
192.2620,178.6970,47.4761,83.6479
192.2596,178.6149,47.4807,83.8121
193.2745,178.4918,47.4988,84.0583
193.2912,179.5962,47.4653,83.9011
193.2204,179.4697,47.6068,84.1542
194.1978,180.5044,47.7070,84.1396
194.1542,181.5018,47.7943,84.2013
195.1134,181.3888,47.9346,84.4272
196.0356,181.2751,48.1547,84.6547
195.9567,182.2978,48.3125,84.6810
196.8670,183.2545,48.5667,84.8422
197.7421,184.1545,48.8980,85.1236
198.6668,185.0732,49.1397,85.3776
198.5896,185.9875,49.2941,85.6480
199.4792,186.8177,49.6206,86.0932
200.4260,187.6983,49.8448,86.4498
202.3860,187.5317,50.1787,86.7830
203.2856,188.5149,50.5170,86.9542
203.0934,189.4966,50.9014,87.1367
203.9748,190.4190,51.2936,87.4469
204.8177,191.2697,51.7742,87.9118
206.7442,192.1778,52.2838,88.2768
207.5412,193.1047,52.8852,88.6184
208.3743,194.0601,53.4296,88.9182
209.1779,194.9780,54.0464,89.3065
209.9917,195.9293,54.6593,89.6444
211.9298,196.8941,55.2945,89.9706
213.8997,197.8664,55.8974,90.2972
214.6607,198.7939,56.6616,90.7285
216.5688,199.7499,57.4565,91.1221
217.2649,200.6776,58.3891,91.5913
219.1173,202.8112,59.3790,92.0188
219.7877,203.7902,60.4085,92.4313
220.4625,203.5811,61.4526,92.8493
222.2883,204.5797,62.6356,93.2695
224.1311,205.6810,63.8368,93.5102
224.6615,206.7478,65.2429,93.8436
225.1899,207.8107,66.6812,94.2128
228.1575,208.9412,68.3195,94.4763
227.3110,208.7203,70.0124,94.9183
228.9077,209.8613,71.9988,95.2261
230.5232,212.3229,74.0221,95.5572
230.8198,212.1949,76.0939,95.8132
231.0699,213.3978,78.2966,96.1100
232.6844,214.6327,80.5534,96.3833
234.2427,215.8843,83.0042,96.6637
234.3614,215.6635,85.5942,97.1053
236.0150,216.9507,88.0384,97.4066
236.0906,218.2556,90.8067,97.7163
237.6969,218.1223,93.5308,97.9828
239.3894,219.5806,96.1773,98.0820
239.4847,221.0645,99.0459,98.1733
239.6470,221.0085,101.8271,98.2853
241.4626,221.0202,104.4984,98.2621
241.6276,222.6156,107.3610,98.2639
243.4645,222.6658,110.1621,98.1634
243.7049,222.6902,112.9605,98.1146
244.0407,224.3711,115.6110,98.0749
246.0644,224.4956,118.2881,97.8258
246.3207,224.5309,121.1751,97.7553
246.6178,224.6841,124.0237,97.4489
248.6721,224.8141,126.8781,97.1889
248.9699,226.6989,129.8033,96.9402
249.2983,226.8367,132.7080,96.6645
249.6283,226.9956,135.6488,96.3468
249.9660,227.1170,138.6139,96.1038
252.1658,227.2694,141.5765,95.7992
252.5140,227.3973,144.6009,95.5433
252.8920,227.5755,147.6070,95.1869
253.3345,227.8309,150.5231,94.6762
253.7451,228.0824,153.5383,94.1731
254.1902,228.3671,156.5209,93.6037
254.6157,228.6239,159.5776,93.0902
255.1004,228.9018,162.5526,92.5344
253.5963,229.1422,165.5609,92.0536
254.1048,229.4555,168.5592,91.4269
252.6258,229.8194,171.5172,90.6992
253.1219,230.2362,174.6050,89.8655
251.5555,230.6628,177.7379,89.0122
252.0646,231.0689,180.8620,88.2001
250.6009,231.5329,183.7894,87.2722
251.2315,232.0138,186.7286,86.3104
249.8633,232.4620,189.4651,85.4139
248.4477,232.8832,192.2962,84.5715
247.0171,233.3052,195.1574,83.7275
245.6317,233.6868,197.9283,82.9642
246.2635,231.9173,200.9945,82.1735
244.8657,232.2852,203.7902,81.4376
243.4377,232.6261,206.6461,80.7559
242.0428,233.0233,209.4359,79.9613
240.4720,231.3179,212.5775,78.9302
239.0694,231.7173,215.3828,78.1315
237.6842,232.0990,218.1532,77.3680
236.3141,232.4093,220.8933,76.7474
234.8878,232.7049,223.7460,76.1563
233.4419,233.0699,226.6377,75.4263
231.8020,231.3209,229.9175,74.3188
230.3142,231.6234,232.8932,73.7138
228.8097,232.0278,235.9022,72.9049
227.2429,232.4688,239.0358,72.0230
223.3653,230.7237,242.0721,70.7945
222.0430,231.1526,244.7167,69.9366
220.8585,229.3845,247.0859,68.7126
219.3283,229.7958,250.1462,67.8900
214.8728,227.7637,254.2588,67.1558
210.5316,225.4967,258.0987,66.8473
209.2534,225.5785,260.6552,66.6837
208.1607,223.4257,262.8405,66.0658
207.0730,221.3182,265.0159,65.3384
205.8942,221.4565,267.3735,65.0617
201.8231,219.3435,270.5287,64.3008
197.7484,217.0532,273.6615,63.8647
196.2030,214.7177,276.7523,63.4837
192.1582,214.7142,279.7538,63.4905
191.1443,209.8358,281.7815,62.9869
190.6785,206.9835,282.7132,63.5427
189.8100,206.5794,284.4503,64.3509
188.3315,206.2639,287.4071,64.9820
189.6938,203.6167,289.9485,65.0105
188.8212,200.7922,291.6936,65.3576
188.0117,197.7587,293.3126,66.0918
184.6271,194.4006,294.7122,67.4382
183.5013,190.7829,296.9638,69.2585
183.1685,190.3680,297.6292,70.0882
184.8237,187.4200,299.8256,70.4777
183.7594,184.8051,301.9542,70.1626
185.3266,184.7053,304.3884,70.3622
182.1266,181.7605,305.1820,70.6452
182.3322,181.3508,304.7707,71.4646
180.0506,178.1967,303.7009,72.1398
177.6812,174.9138,302.8089,73.0748
177.9235,174.2583,302.3242,74.3857
175.3255,170.9840,301.8659,75.2800
175.4528,167.9348,301.6111,75.7132
175.4747,165.4889,301.5673,74.9355
175.9095,163.0958,300.6978,74.0674
176.0081,163.0425,300.5005,74.1740
176.1942,160.0733,300.1285,74.4876
176.7767,157.0506,298.9635,74.9074
177.5639,156.7165,297.3890,75.5757
178.1970,153.6344,296.1228,76.1320
178.6715,153.4521,295.1739,76.4967
179.2449,150.5384,294.0271,76.7299
179.6958,150.6362,293.1252,76.5344
177.4418,147.9266,292.0673,76.3875
177.8980,147.7840,291.1549,76.6727
178.4046,144.9502,290.1417,76.7995
179.0398,144.6340,288.8712,77.4319
179.6993,141.6775,287.5522,77.8217
180.3204,141.3828,286.3101,78.4112
178.3868,138.3217,284.6717,79.0280
179.0212,137.8876,283.4030,79.8961
179.7339,137.3970,281.9776,80.8773
180.5804,134.2509,280.2846,81.6790
181.4181,133.7836,278.6093,82.6136
182.3440,130.7115,276.7574,83.2826
183.1520,130.3133,275.1414,84.0791
183.8818,129.8548,273.6817,84.9961
184.8294,126.6975,271.7867,85.8611
185.7473,126.1680,269.9507,86.9201
186.8730,122.9180,267.6994,87.9880
185.0565,122.2954,265.9128,89.2332
186.0203,121.6913,263.9851,90.4413
187.0730,121.0734,261.8798,91.6773
188.1569,117.7490,259.7120,92.9219
189.1804,117.0999,257.6649,94.2201
190.3183,116.4674,255.3892,95.4851
188.8115,115.8215,253.0226,96.7768
189.8993,115.2280,250.8470,97.9638
190.9754,114.6598,248.6948,99.1003
192.0675,111.4691,246.5105,100.1328
190.4370,110.8739,244.4356,101.3231
191.5127,110.3778,242.2842,102.3154
192.5489,109.9076,240.2117,103.2557
193.6556,109.4732,237.9984,104.1246
192.0459,109.0444,235.9343,104.9821
193.0710,108.5474,233.8839,105.9761
191.3292,107.9959,232.1111,107.0792
192.3165,107.4269,230.1364,108.2171
193.2385,106.8732,228.2924,109.3245
194.1293,106.3423,226.5109,110.3863
192.3954,105.8090,224.7525,111.4530
193.1968,105.2824,223.1498,112.5061
193.9990,104.7475,221.5454,113.5760
194.8378,104.1762,219.8678,114.7186
193.0446,103.5907,218.2506,115.8896
193.8638,103.0796,216.6121,116.9118
194.5069,102.5141,215.3259,118.0428
192.6480,101.9224,213.8501,119.2261
193.3891,101.3865,212.3679,120.2979
194.2669,100.8963,210.6123,121.2784
195.0349,100.4003,209.0762,122.2703
195.8508,99.9572,207.4444,123.1565
196.6385,99.4560,205.8690,124.1590
194.8777,98.9130,204.2333,125.2449
195.6961,98.5341,202.5966,126.0027
196.4361,98.1488,201.1165,126.7734
197.1136,97.7420,199.7614,127.5871
197.8235,97.2280,198.3418,128.6150
198.5393,96.7495,196.9101,129.5719
199.2716,96.2877,195.4454,130.4955
199.8964,95.8852,194.1959,131.3005
200.5927,95.5657,192.8033,131.9396
198.7589,95.1896,191.3793,132.6918
199.4131,94.8590,190.0709,133.3529
200.0635,94.5236,188.7702,134.0238
200.7274,94.1980,187.4423,134.6750
201.3218,93.8369,186.2536,135.3972
202.0511,93.5769,184.7949,135.9171
202.7141,93.2329,183.4691,136.6051
203.3472,92.9008,182.2028,137.2694
204.0470,92.5575,180.8032,137.9560
204.7735,92.2170,179.3501,138.6369
205.3723,91.8585,178.1525,139.3540
205.9515,91.4980,176.9942,140.0750
206.6542,91.2116,175.5887,140.6477
207.3354,90.8984,174.2264,141.2741
208.0956,90.6273,172.7061,141.8163
208.8033,90.3140,171.2905,142.4430
209.4134,89.9688,170.0703,143.1333
210.0123,89.6442,168.8726,143.7825
210.4609,89.2889,167.9753,144.4932
210.9521,88.9192,166.9929,145.2325
211.4305,88.5295,166.0362,146.0119
211.9726,88.1301,164.9519,146.8107
212.6240,87.7413,163.6491,147.5883
215.9695,87.3864,161.8579,148.2982
216.6659,87.0480,160.4652,148.9749
217.4379,86.6356,158.9211,149.7998
220.5955,86.2595,157.4672,150.5520
221.2136,85.8450,156.2310,151.3810
224.3506,83.1137,154.8011,151.9995
224.8556,82.7716,153.7911,152.6837
225.3753,82.4535,152.7517,153.3197
225.9974,82.1870,151.5075,153.8528
229.0661,81.8763,150.1788,154.4742
229.5698,79.1655,149.1715,155.0983
232.5698,78.7626,147.9630,155.9041
235.5127,78.3674,146.8619,156.6944
236.0004,77.9488,145.8865,157.5317
238.9821,75.1722,144.7005,158.3074
239.5154,74.8063,143.6339,159.0393
242.4610,74.5319,142.5077,159.5881
243.0056,74.2323,141.4184,160.1872
245.9628,73.8588,140.2516,160.9344
246.4653,71.0666,139.2466,161.7784
249.4070,70.6258,138.1003,162.6600
252.3651,70.2057,136.9165,163.5003
252.9796,69.8103,135.6875,164.2911
255.8326,69.4252,134.7001,165.0611
258.8292,66.6858,133.4216,165.8253
259.4137,66.3324,132.2526,166.5322
262.4457,65.9845,130.8862,167.2279
265.4660,63.2696,129.5316,167.9719
268.5930,62.9846,127.9528,168.5418
271.6205,62.7122,126.5560,169.0866
274.5472,62.4037,125.3465,169.7036
275.1178,62.1404,124.2052,170.2302
280.3304,59.6077,123.0253,170.6731
280.7881,59.3053,122.1099,171.2779
283.5833,59.0567,121.1235,171.7750
286.3770,58.8509,120.1314,172.1866
289.1591,56.3727,119.1522,172.5579
291.9521,56.1763,118.1410,172.9507
292.4960,55.8736,117.0530,173.5561
295.0483,55.6790,116.5033,173.9454
297.6675,55.4842,115.8165,174.3350
300.3549,55.2909,114.9877,174.7216
303.0629,52.7936,114.1097,175.1781
305.8748,52.5901,113.0163,175.5851
308.6605,52.3353,111.9630,176.0946
311.4091,52.1453,110.9738,176.4747
314.2168,51.9223,109.8558,176.9206
316.9771,51.7088,108.8203,177.3477
319.7150,51.5410,107.8187,177.6833
322.4268,51.4111,106.8575,177.9430
327.4622,51.1965,105.6867,178.3722
328.0584,51.0314,104.4942,178.7023
333.0522,50.8265,103.3493,179.1122
335.6945,50.6698,102.4728,179.4256
336.1229,50.4900,101.6159,179.7852
341.0892,50.3219,100.4604,180.1215
343.7067,50.2404,99.5994,180.2844
346.4171,50.1541,98.5400,180.4570
349.2057,50.0656,97.3090,180.6340
351.8755,50.0432,96.2969,180.6788
354.4435,50.0192,95.4718,180.7268
357.0229,50.0375,94.6104,180.6903
359.6675,50.0849,93.6035,180.5954
362.3625,50.2062,92.4768,180.3528
365.0685,50.3035,91.3055,180.1583
369.9246,50.3615,90.0280,180.0422
372.5892,50.5014,88.8923,179.7623
375.2165,50.6675,87.8075,179.4302
377.9769,52.9792,86.4329,178.9531
380.5897,53.2211,85.3227,178.4692
383.1919,53.3349,84.2071,178.2415
385.8624,53.5196,82.9324,177.8722
388.5023,55.5795,81.6910,177.7910
391.2767,55.7446,80.1580,177.4607
393.9896,55.7711,78.7161,177.4077
396.6265,57.8407,77.4002,177.2264
399.3055,59.9894,75.9743,176.8612
401.8665,60.1847,74.7539,176.4706
402.4342,60.3592,73.6186,176.1216
404.8666,62.4938,72.6029,175.7016
407.2941,62.7286,71.5730,175.2318
409.7266,64.9141,70.5081,174.6609
412.0858,65.2384,69.5624,174.0123
414.3510,67.4311,68.7786,173.3735
414.5521,67.7637,68.3764,172.7084
416.6382,69.9234,67.9109,172.0957
418.6587,72.0779,67.5596,171.4761
418.6063,72.4534,67.6643,170.7252
420.4413,74.7072,67.6597,169.8829
420.2557,76.8981,68.0309,169.1544
421.8952,77.3562,68.4012,168.2381
421.5285,77.7705,69.1347,167.4095
423.0317,80.0093,69.7721,166.5757
422.6645,80.5230,70.5065,165.5484
424.0831,82.7521,71.3105,164.7316
423.6871,84.9999,72.1026,163.8795
424.9905,85.4633,73.1411,162.9528
424.4199,87.6351,74.2823,162.2593
423.8029,89.9266,75.5163,161.3365
424.9905,92.2612,76.8093,160.3354
426.2411,94.6579,77.9844,159.2183
425.6320,95.0546,79.2025,158.4249
425.0254,97.3691,80.4157,157.4857
426.3075,99.6857,81.5485,156.5495
425.7260,100.1493,82.7116,155.6223
427.1089,102.5799,83.6549,154.4703
426.5358,104.9460,84.8011,153.4464
425.9875,105.5247,85.8976,152.2889
427.3400,108.0189,86.9071,151.0149
426.7743,108.6445,88.0384,149.7637
426.2075,111.1362,89.1720,148.4936
425.6651,113.5515,90.2568,147.3764
425.1772,116.0196,91.2327,146.1554
424.6738,118.4096,92.2394,145.0887
425.9806,120.8447,93.3401,143.9327
425.4537,121.4718,94.3938,142.6785
424.9050,122.0208,95.4912,141.5804
424.4381,124.4452,96.4250,140.4474
424.0241,127.0017,97.2529,139.0485
423.5775,127.6769,98.1462,137.6981
422.9233,130.1408,99.4545,136.4713
422.3925,132.7166,100.5163,135.0237
421.8840,133.4374,101.5332,133.5820
421.3674,135.9901,102.5665,132.1707
422.6987,136.5440,103.5932,131.0629
422.1727,139.0471,104.6452,129.7456
421.7119,141.4919,105.5668,128.5419
421.2136,142.0955,106.5633,127.3348
420.7922,142.6016,107.4061,126.3226
420.4458,145.0549,108.0989,125.0938
420.0638,147.5855,108.8630,123.7023
419.6292,148.2876,109.7321,122.2983
419.1924,150.7691,110.6058,120.9878
418.8192,151.3459,111.3520,119.8343
418.4676,153.6976,112.0554,118.7711
418.0900,154.1951,112.8105,117.7760
417.7689,156.6096,113.4528,116.5781
417.5391,157.2097,113.9124,115.3778
417.1615,159.6089,114.6675,114.1903
416.8412,160.2623,115.3081,112.8836
416.4502,162.7023,116.0901,111.5970
416.1368,163.2919,116.7169,110.4179
415.8042,165.5797,117.3821,109.4187
415.4305,166.0395,118.1297,108.4992
415.0964,168.5028,118.7976,107.1408
414.7980,169.2051,119.3946,105.7362
414.5242,169.7946,119.9422,104.5572
414.2529,172.1907,120.4848,103.2984
413.9941,172.8645,121.0023,101.9507
413.7415,175.3861,121.5075,100.4155
413.3907,176.1373,122.2090,98.9131
412.9766,176.8769,123.0373,97.4339
412.5650,179.4159,123.8606,95.8219
412.2232,180.0692,124.5441,94.5154
413.6476,182.5041,125.1369,93.0872
413.3288,183.1528,125.7746,91.7897
413.0055,185.5251,126.4211,90.4610
412.6520,186.1336,127.1281,89.2438
412.3690,188.5432,127.6941,87.8191
412.0856,190.9765,128.2610,86.3318
411.7709,191.6720,128.8904,84.9408
413.1214,192.4502,129.5389,83.3844
412.7465,194.8277,130.2887,81.9628
412.4104,195.5351,130.9610,80.5480
413.7887,197.9151,131.5114,79.0952
413.4963,198.8003,132.0962,77.3248
413.1498,201.2521,132.7892,75.6907
412.9644,201.9834,133.1601,74.2282
414.2194,204.2826,133.8829,72.8626
413.9571,204.9218,134.4075,71.5841
415.1992,207.3430,135.1294,69.9478
414.9700,209.6438,135.5878,68.5346
414.8219,211.7755,135.8839,67.4421
416.2100,213.7964,136.2640,66.5567
415.9105,214.3997,136.8631,65.3502
415.6281,216.8373,137.4278,63.6092
415.2527,219.1730,138.1786,62.0498
416.4215,221.6182,138.9367,60.2552
416.0695,224.3044,139.6406,57.9578
415.7592,225.0626,140.2613,56.4414
417.1750,225.7669,140.4564,55.0329
416.9012,228.0323,141.0038,53.5063
416.7823,230.1456,141.2416,52.2644
416.4452,232.2287,141.9160,51.0638
416.1715,235.9444,142.4633,49.5398
417.5637,239.5378,142.6128,48.2207
417.5114,241.2833,142.7174,47.6414
417.4984,244.3251,142.7434,47.3634
417.3832,245.8039,142.9737,47.3040
417.1490,247.0524,143.4422,47.7071
417.0468,249.5914,143.6466,48.4578
416.8944,250.5697,143.9513,49.4321
416.8117,251.4736,144.1166,50.5774
416.6662,252.2125,144.4077,52.0759
416.6982,253.0092,144.3437,53.4902
416.9792,253.7887,143.7816,54.9635
418.8713,254.5651,143.0483,56.4613
419.0095,253.6532,142.7719,58.2850
418.9248,254.3992,142.9412,59.8887
420.1898,255.0811,143.5377,61.6514
420.1524,255.6502,143.6126,63.6795
420.0593,254.5645,143.7988,65.8509
420.1228,255.1053,143.6717,68.0132
420.3559,255.7682,143.2056,69.9674
420.6177,256.3992,142.6820,72.0126
420.9803,257.0079,141.9567,74.1301
421.1850,255.9531,141.5472,76.2397
421.5372,256.6336,140.8429,78.2697
421.7811,257.3420,140.3550,80.2681
421.9920,258.1640,139.9334,82.0661
422.1066,257.2464,139.7041,83.9013
422.3598,259.8644,139.1978,85.6530
422.5990,261.0294,138.7192,86.8388
422.7343,262.0614,138.4487,88.3032
422.7937,261.0266,138.3299,90.3728
422.9719,259.9692,137.9735,92.4876
423.5185,259.1746,136.8804,94.0768
424.0272,260.2118,135.8629,95.6239
422.7348,261.1677,134.8160,97.3438
423.3119,262.0596,133.6618,99.2042
422.0823,261.0757,132.4640,101.1719
422.5435,262.0472,131.5416,102.9000
423.2217,263.1599,130.1851,104.3597
423.8610,264.2714,128.9066,105.8247
424.2940,263.1679,128.0406,108.0316
422.8192,262.1110,127.2758,110.1455
423.0432,261.0539,126.8277,112.2597
421.5462,260.1714,126.0584,114.0246
421.9671,261.4393,125.2166,115.2686
422.4136,262.7922,124.3235,116.3492
420.9227,262.3795,123.5158,117.1744
421.3399,261.9255,122.6815,118.0825
419.9442,263.3650,121.6813,118.9949
420.4488,263.0000,120.6723,119.7250
419.0545,264.4217,119.6750,120.6673
419.5793,263.8134,118.6255,121.8839
420.0926,263.3201,117.5988,122.8704
418.6872,264.7441,116.6229,123.8092
419.3148,264.1662,115.3677,124.9650
419.9103,263.6074,114.1767,126.0826
418.5466,264.9831,113.1216,127.1137
417.2567,264.4966,111.9199,128.0867
417.8711,264.0916,110.6911,128.8967
418.4486,263.6669,109.5360,129.7460
417.1335,265.0544,108.4014,130.7359
417.6523,264.7095,107.3637,131.4258
416.3259,266.1915,106.2610,132.2173
416.8251,265.8119,105.2626,132.9767
415.5152,265.4431,104.1368,133.7141
415.9988,265.0726,103.1696,134.4551
414.6461,264.6281,102.1412,135.3441
415.1827,264.3448,101.0678,135.9109
413.8901,265.9043,99.9311,136.5136
414.4040,265.6799,98.9034,136.9624
414.9524,265.4541,97.8065,137.4140
413.6136,265.1380,96.7931,138.0462
412.2563,264.8462,95.8237,138.6299
412.7886,264.5451,94.7591,139.2321
411.4425,264.2919,93.7831,139.7383
411.8900,265.8712,92.8880,140.2394
410.5057,265.6910,92.0044,140.5998
410.9276,265.4603,91.1605,141.0614
409.5604,265.3082,90.2592,141.3655
409.9790,265.0844,89.4219,141.8132
408.5903,264.8802,88.5812,142.2215
408.9298,266.5401,87.9022,142.5118
407.5191,266.4470,87.1207,142.6980
406.1202,266.3316,86.3257,142.9286
406.4732,266.2290,85.6199,143.1339
405.1327,266.1879,84.7269,143.2161
405.5023,266.2024,83.9878,143.1871
404.1262,266.1205,83.1929,143.3509
402.7533,266.1436,82.4028,143.3048
403.1042,266.1692,81.7010,143.2535
401.7300,266.1851,80.9400,143.2217
402.1296,266.2358,80.1407,143.1203
400.8552,266.2722,79.2088,143.0475
399.4700,266.2602,78.5155,143.0716
399.7494,266.2664,77.9566,143.0591
398.4178,266.2219,77.1772,143.1481
398.7077,266.2061,76.5974,143.1798
397.3969,266.1879,75.7980,143.2161
397.6481,266.2569,75.2956,143.0782
396.2811,266.2133,74.6323,143.1653
394.8732,266.2876,74.0608,143.0168
395.0391,266.4539,73.7291,142.6841
393.7172,266.5166,73.0082,142.5588
393.8696,266.6469,72.7035,142.2983
390.8534,266.6924,72.0535,142.2072
390.9063,266.7550,71.9476,142.0820
390.9951,266.9087,71.7700,141.7746
389.4977,266.9488,71.4476,141.6944
387.9070,267.0105,71.3182,141.5709
386.1742,267.1251,71.4771,141.3417
386.0552,267.2205,71.7150,141.1510
384.2930,267.3299,71.9321,140.9321
382.4847,267.3912,72.2409,140.8096
382.2092,267.4141,72.7919,140.7637
380.3607,267.3767,73.1686,140.8385
380.0799,267.4239,73.7302,140.7442
378.1620,267.5460,74.2301,140.5000
376.2233,267.7569,74.7664,140.0782
374.1914,267.9447,75.4860,139.7025
373.8583,268.0717,76.1523,139.4485
371.8072,268.2761,76.8960,139.0397
371.5063,268.4651,77.4979,138.6618
369.4309,268.6671,78.2787,138.2577
367.3848,268.8793,78.9938,137.8334
365.3422,269.0364,79.6960,137.5191
364.9690,269.2312,80.4423,137.1296
362.9133,269.4474,81.1565,136.6971
362.5861,269.6193,81.8110,136.3533
360.5376,268.1298,82.4992,135.9237
358.4787,268.2585,83.2032,135.6662
358.1719,268.3302,83.8167,135.5228
356.0612,268.4839,84.6080,135.2155
353.9212,268.7083,85.4492,134.7666
353.5667,268.9176,86.1582,134.3481
351.4514,269.1435,86.9373,133.8963
351.0992,269.4046,87.6415,133.3741
348.9636,269.5395,88.4509,133.1042
346.8919,269.7664,89.1229,132.6505
346.4438,269.9027,90.0193,132.3779
344.3148,270.1272,90.7908,131.9288
342.1639,270.3129,91.6001,131.5575
341.6176,268.8071,92.6927,131.0689
339.4424,269.0501,93.5324,130.5829
337.1937,269.2159,94.5125,130.2513
336.6899,269.5081,95.5200,129.6667
336.2120,269.7360,96.4759,129.2110
332.2475,269.9219,97.3153,128.8392
331.7937,270.1234,98.2230,128.4362
329.4787,270.3179,99.2915,128.0472
327.1998,268.7143,100.2763,127.6815
326.7015,268.8924,101.2728,127.3252
326.1865,269.0688,102.3029,126.9725
323.9329,269.2605,103.2046,126.5890
321.6733,269.5423,104.1098,126.0255
321.2021,269.7635,105.0522,125.5830
318.9136,270.0174,106.0006,125.0754
318.4766,270.2070,106.8748,124.6961
316.2011,270.3637,107.7815,124.3827
313.9728,270.5122,108.5845,124.0857
311.7536,268.8326,109.3608,123.7829
311.2835,269.0465,110.3009,123.3550
308.9778,269.1995,111.2341,123.0490
308.3955,269.3553,112.3988,122.7375
305.9425,269.5141,113.6028,122.4199
305.3635,269.6486,114.7607,122.1509
302.8504,269.8651,116.0565,121.7177
300.3622,270.0948,117.2887,121.2583
299.8187,270.3103,118.3757,120.8274
297.3439,270.6075,119.5583,120.2330
296.7558,270.8661,120.7346,119.7158
296.1311,271.1719,121.9840,119.1042
293.5207,271.4411,123.4081,118.5658
292.8478,271.7611,124.7540,117.9258
290.2212,272.1183,126.1859,117.2114
289.4964,270.4216,127.6355,116.7724
288.6838,270.8147,129.2606,115.9863
285.9063,271.1651,130.9548,115.2854
285.0797,271.5341,132.6082,114.5475
284.2455,271.7267,134.2766,114.1622
281.4115,271.8310,136.0353,113.9537
280.5081,272.0356,137.8421,113.5445
279.6522,272.1833,139.5539,113.2489
278.7513,272.4750,141.3557,112.6656
275.7714,272.8265,143.3215,111.9627
274.7314,273.3535,145.4015,110.9086
273.6233,273.8009,147.6177,110.0139
270.6073,274.1843,149.6033,109.2471
269.6934,274.4554,151.4311,108.7049
266.7619,272.6447,153.2114,108.2435
265.6115,272.8673,155.5120,107.7983
264.5254,273.2065,157.6844,107.1198
261.2532,273.4514,160.0776,106.6300
259.9508,273.7013,162.6825,106.1303
256.5378,273.9016,165.2988,105.7296
253.0423,274.2035,168.0475,105.1258
249.8450,274.4050,170.1687,104.7228
246.5453,274.6386,172.4699,104.2557
243.1976,274.8560,174.8406,103.8209
241.9219,275.2294,177.3919,103.0741
238.3280,275.5978,180.2019,102.3373
236.9272,275.9289,183.0035,101.6751
233.3226,276.2411,185.7755,101.0507
229.8671,276.6182,188.2190,100.2964
226.3976,276.9726,190.6676,99.5877
225.1336,277.3185,193.1956,98.8959
219.3083,277.6195,195.7671,98.2938
215.6680,277.9752,198.4809,97.5825
214.4087,278.3910,200.9996,96.7509
208.5253,276.4681,203.5331,95.9801
205.0806,277.0100,205.7824,94.8963
201.4634,277.5439,208.3629,93.8285
200.2208,277.9850,210.8482,92.9463
197.0608,278.2122,212.4749,92.4919
191.6634,278.6215,213.8522,91.6733
186.2283,278.9547,215.2938,91.0070
185.2738,276.9522,217.2028,90.2886
182.0457,277.2772,218.9208,89.6385
178.9188,277.5470,220.4233,89.0990
175.5670,277.9163,222.3634,88.3604
169.7785,276.0291,224.3841,87.3566
166.7654,276.5668,225.6211,86.2811
163.6997,277.0937,226.9647,85.2273
155.7247,277.6252,228.5505,84.1644
152.5557,275.7749,230.0969,83.0733
149.3116,276.2100,231.7912,82.2031
146.0110,276.7157,233.5898,81.1918
142.7130,277.2101,235.3761,80.2030
139.4867,277.7357,237.0116,79.1517
136.3922,278.3064,238.3792,78.0104
130.8448,276.6219,239.8343,76.5596
127.7303,277.0490,241.2494,75.7054
124.5528,277.5160,242.7862,74.7713
121.5313,275.6918,244.0065,73.5969
118.4110,276.1239,245.4289,72.7328
115.4270,276.5726,246.5744,71.8354
112.5140,277.0620,247.5786,70.8565
109.7714,277.5874,248.2460,69.8057
107.1442,275.8934,248.6929,68.3861
106.9730,276.4059,249.0352,67.3612
104.5569,276.9556,249.0946,66.2618
102.0962,275.2812,249.2629,64.8577
99.6616,275.7943,249.4032,63.8313
97.2841,276.2616,249.4468,62.8968
94.9917,276.7025,249.3373,62.0149
92.8328,277.1523,248.9789,61.1155
90.6878,275.4387,248.6150,59.8886
91.0453,275.8322,247.9001,59.1016
89.0484,276.2277,247.2935,58.3107
87.0248,276.5600,246.7637,57.6461
87.3697,274.7984,246.0739,56.6126
87.6716,275.0981,245.4701,56.0132
85.7093,275.4205,244.8875,55.3683
83.8164,273.6623,244.1864,54.3980
84.2278,273.9148,243.3637,53.8929
84.6378,274.2528,242.5437,53.2169
82.7974,274.5929,241.8118,52.5367
83.1792,274.9144,241.0483,51.8938
81.4555,275.1764,240.1295,51.3697
81.9398,275.4121,239.1609,50.8984
80.2724,273.6546,238.1749,50.0927
80.6301,273.8258,237.4597,49.7503
81.0022,273.9853,236.7154,49.4314
81.3724,274.1345,235.9751,49.1330
81.8298,272.3487,235.0602,48.4625
82.2162,272.4721,234.2874,48.2157
82.5699,272.5943,233.5799,47.9713
80.8647,272.7193,232.8043,47.7214
81.1750,272.8361,232.1838,47.4877
81.4302,272.9545,231.6732,47.2509
81.7022,271.1781,231.1294,46.6582
81.9628,271.1993,230.6080,46.6158
82.2197,271.2426,230.0942,46.5293
82.5233,271.3003,229.4872,46.4138
82.7693,271.3463,228.9951,46.3218
82.9478,271.3833,228.6382,46.2478
83.1955,271.4435,228.1427,46.1274
83.3950,271.5053,227.7436,46.0038
81.5104,271.5532,227.4464,45.9080
81.6350,271.6027,227.1972,45.8090
81.7587,271.6590,226.9497,45.6964
81.8211,271.6782,226.8250,45.6580
81.8824,271.6930,226.7023,45.6284
81.9446,271.7077,226.5779,45.5989
81.9464,271.7508,226.5744,45.5128
