1
311.7803,288.0038,60.4393,49.9925
312.0162,288.1707,59.9677,49.6586
312.1756,288.2225,59.6489,49.5549
312.3268,288.2209,59.3463,49.5581
312.3510,288.1591,59.2981,49.6819
312.5173,288.1359,58.9653,49.7283
311.7953,288.1159,58.6992,49.7682
311.0012,288.7794,58.5807,50.1479
310.9154,289.3983,58.7524,50.6211
310.9415,289.0710,58.7002,51.2756
310.1926,288.7639,58.4669,51.8898
309.4338,288.4354,58.2474,52.5470
308.6286,289.0047,58.1137,53.1525
307.8850,288.5659,57.8491,54.0302
307.1396,288.2665,57.5784,54.6289
305.5555,288.7185,57.2127,55.4918
304.0424,289.2021,56.6892,56.2995
304.2926,288.8459,56.1888,57.0117
302.7243,289.3124,55.7602,57.8615
300.3156,288.9326,55.2097,58.6210
299.8161,289.4392,54.4163,59.4003
296.5590,288.9262,53.7628,60.4263
296.9453,288.4710,52.9902,61.3366
294.6192,288.8364,52.2446,62.4051
292.2682,288.4449,51.5355,63.1882
288.9977,287.9589,50.8590,64.1600
289.2856,287.5602,50.2833,64.9576
286.0653,286.9618,49.4793,66.1544
285.3965,286.5200,49.0008,67.0379
281.9922,286.0464,48.5218,67.9851
280.2711,285.7428,48.3073,68.5922
275.7634,284.5700,48.1528,69.1039
274.5549,283.4004,48.7307,69.6039
270.4478,282.3253,49.5197,69.8978
268.8604,281.2454,50.8208,70.1839
265.2751,280.1833,52.2930,70.4086
262.4641,279.1441,54.0608,70.5600
259.6093,277.1507,55.8539,70.6303
256.7060,276.1485,57.6838,70.6463
253.7765,275.1123,59.5060,70.7003
251.9232,272.0919,61.1640,70.5953
250.0032,271.0912,62.9303,70.5232
248.1192,267.0392,64.5976,70.2241
246.2327,267.2555,66.2478,69.7915
244.3544,264.3138,67.8623,69.2484
243.6185,262.4543,69.3340,68.6490
242.9163,260.5823,70.7386,68.0469
242.2287,257.5921,72.1138,67.4709
241.5928,256.7458,73.3854,66.9657
240.9893,252.6484,74.5925,66.3216
240.4373,251.8623,75.6964,65.6758
241.0262,249.9844,76.7437,64.9817
241.5846,246.9771,77.8567,64.3063
243.4017,246.2134,78.6950,63.5975
245.1915,243.2849,79.5909,62.7416
247.0428,241.4498,80.3633,61.9367
250.0426,240.7366,81.0724,61.1267
251.9993,238.9441,81.6267,60.2441
257.2381,236.0200,82.2882,59.4089
258.1135,236.3907,82.7617,58.6675
264.5344,233.4595,83.2347,57.8724
265.3302,233.7588,83.8562,57.2739
269.3961,231.9130,84.5751,56.5402
272.4131,230.0246,85.1749,55.8944
275.4006,230.2491,85.8285,55.4453
279.4093,228.3469,86.6587,54.8259
282.2828,226.3690,87.5536,54.3539
286.2590,224.3828,88.4788,53.8874
288.0720,224.5481,89.3037,53.5569
292.0159,222.5452,90.3442,53.0985
293.7396,220.5492,91.3765,52.6107
298.8730,220.6472,92.3440,52.4148
299.4391,219.7025,93.4698,52.0463
304.4512,217.6075,94.7869,51.6998
305.0026,216.5553,95.9658,51.5223
308.9229,215.5314,97.3098,51.2741
310.4714,214.4885,98.8361,51.0481
313.1136,212.2378,100.5424,50.8891
315.8641,211.1296,102.0987,50.7532
317.3909,210.0064,103.7908,50.6266
321.2446,208.8395,105.6654,50.5648
321.5662,207.6682,107.4440,50.4858
324.2081,206.4638,109.4991,50.4483
326.9065,205.2847,111.5291,50.3310
327.0939,204.0229,113.6572,50.3514
329.7715,202.7767,115.9047,50.3097
329.8769,201.4892,118.2601,50.3185
332.6039,200.2266,120.6071,50.2434
333.9810,198.9095,123.1187,50.2448
335.2771,197.6143,125.8647,50.1660
335.2497,196.2263,128.6267,50.2347
336.5643,194.8190,131.4940,50.3011
336.5063,193.4043,134.4008,50.3398
337.8594,191.9492,137.3606,50.4169
337.8736,191.8897,140.2089,50.5360
339.1086,190.4353,143.5783,50.5252
339.0182,190.3641,146.7268,50.6675
338.7152,188.8310,150.3478,50.7186
336.8857,187.2622,154.0068,50.7885
336.7875,187.1584,157.3244,50.9960
334.8247,185.5319,161.2500,51.0771
332.9564,183.9310,164.9865,51.0497
331.1385,183.9083,168.6224,51.0951
329.2901,183.8804,172.3190,51.1508
327.2396,182.3838,176.4202,50.7566
325.3160,182.3775,180.2674,50.7692
323.2710,180.7624,184.3574,50.5069
319.6823,180.7447,187.9894,50.5422
316.1156,180.7047,191.5257,50.6222
312.4068,178.9156,195.2948,50.5520
307.1242,178.6492,198.4601,51.0848
303.7737,178.2779,201.4063,51.8274
296.5525,175.9204,204.4186,52.7324
293.4457,175.2424,206.7628,54.0884
282.7498,174.4191,208.5145,55.7351
280.0572,173.4762,209.9158,57.6207
273.3391,172.3970,211.2352,59.7793
270.8703,171.2340,212.0749,62.1053
256.2105,170.0555,212.3222,64.4622
256.4430,170.7850,211.8572,67.2037
244.1267,171.4718,211.0229,70.0746
242.5164,170.1512,209.9582,72.7158
230.4298,168.8362,208.2209,75.3458
229.4679,167.5542,205.8034,77.9098
220.0907,168.3946,202.7931,80.5819
217.5723,169.3867,199.1145,82.9554
213.0168,168.2199,195.1850,85.2889
208.8775,169.2222,190.4697,87.6156
207.0457,168.1620,185.5258,89.7360
203.2852,167.1908,180.2406,91.6785
202.3221,170.6102,173.7168,93.2898
203.2400,169.8484,167.7240,94.8132
202.2391,169.2569,161.5372,95.9963
203.4141,170.8452,155.1645,96.8424
204.6730,170.5748,148.7048,97.3831
207.6381,170.3409,142.7745,97.8509
210.5744,172.1086,136.9018,98.0885
213.4055,172.0888,131.2396,98.1280
216.1738,172.1937,125.7030,97.9183
218.9341,172.4782,120.1825,97.3491
221.6012,172.8588,114.8483,96.5880
225.7764,173.3568,109.8245,95.5921
231.3223,173.9290,105.1986,94.4475
236.8163,174.5587,100.4965,93.1883
242.0303,175.2371,96.1675,91.8314
247.1866,175.8133,91.7758,90.6789
250.5477,176.2743,87.9269,89.7570
258.0774,176.8152,84.0600,88.6751
262.3622,177.3707,80.9304,87.5643
269.3062,178.0677,77.6543,86.1702
274.7614,178.7413,74.4810,84.8231
280.0933,179.4775,71.3395,83.3505
287.4733,180.1585,68.7505,81.9885
291.0585,179.6068,66.3232,80.7204
296.9598,180.3024,63.7721,79.3292
302.6123,180.9931,61.4680,77.9478
307.9938,180.5449,59.4717,76.6526
312.1291,181.1825,57.6195,75.3774
319.1004,181.6548,56.2154,74.4328
321.9161,181.1457,54.6888,73.3985
327.7281,180.6794,53.1235,72.3195
332.3926,180.2088,51.6734,71.2909
335.9361,180.7078,50.3772,70.2929
341.2335,180.1991,49.2516,69.4165
344.6139,180.6214,48.0768,68.5717
348.8126,180.1753,46.9991,67.6342
352.8943,179.5914,46.0273,67.0040
356.0142,179.0327,45.1046,66.3491
358.1411,178.4457,44.3451,65.7759
362.7679,177.8426,43.7212,65.2562
364.7859,177.2527,43.1007,64.7282
367.6201,174.8425,42.5011,64.4800
369.5534,174.1759,41.9861,64.1374
371.4463,173.4622,41.5245,63.9027
372.4510,171.8949,41.1660,63.7354
375.1247,169.5646,40.7459,63.4688
376.0707,168.8838,40.4851,63.1990
376.9808,167.3689,40.2880,62.9829
377.0527,164.9968,40.1441,62.8777
377.1153,161.8253,40.0190,62.7708
377.1536,161.0185,39.9424,62.7755
376.3655,157.0128,39.9110,62.7490
373.1064,155.2679,40.0025,63.0254
368.2375,152.8080,40.0663,63.1084
363.2839,149.4206,40.2858,63.4245
357.4411,147.6240,40.6100,63.7716
350.6119,144.1317,41.1992,64.2217
342.9271,142.1741,41.7166,64.8364
333.4004,139.3461,42.4211,65.4882
322.8319,138.0140,43.2825,66.4626
313.8087,136.7219,44.1428,67.3283
301.1620,135.4074,44.9931,68.2113
289.9164,133.1334,46.2043,69.2127
276.6569,132.6372,47.4036,70.2049
263.9319,132.0643,48.8897,71.3508
249.8891,131.5170,50.5815,72.4454
236.4437,132.8452,52.3854,73.6486
222.5623,134.2377,54.4378,74.8190
207.2655,136.7766,56.6225,75.8288
193.5744,141.4301,59.0406,76.9236
178.3372,146.2146,61.7401,78.0373
165.9505,150.1328,64.5387,78.9908
149.7966,157.6648,67.4997,79.7289
137.7062,164.2310,70.8316,80.4957
124.0978,172.2973,74.2293,81.0364
111.3000,180.7016,77.8241,81.3396
99.2576,189.5235,81.8579,81.2403
86.8210,198.6338,86.1834,80.9990
75.3121,209.5219,90.7739,80.2827
67.3932,220.8501,95.8416,79.1666
62.0019,232.6665,101.1184,77.5569
53.5870,244.8741,106.7175,75.6031
50.6589,256.1140,112.5738,73.1485
46.2170,267.7235,118.5492,70.2871
42.9165,279.6044,125.1503,67.1711
39.1477,287.9988,132.6879,65.3528
37.0231,296.8595,140.0104,66.0714
39.6989,302.1368,147.4297,68.2877
41.3261,307.1469,154.1937,71.6255
45.4589,310.4676,159.9133,75.4729
50.6996,310.4291,164.0188,79.1967
54.5380,310.2906,167.6566,83.2452
64.8155,308.1706,170.4710,87.4851
65.6124,306.0023,172.8866,91.8217
79.1573,303.9278,174.6331,95.9707
80.8279,299.7757,175.5080,100.0588
93.5045,293.4339,175.9476,104.1447
95.8785,284.8204,175.5741,108.2482
105.2110,276.3488,174.6615,111.8771
110.4242,265.8722,173.2056,114.8893
118.0862,255.4984,171.4225,117.5824
125.9821,245.4349,169.2251,119.5835
131.7937,235.6039,166.6646,121.1202
137.6106,223.7715,164.0665,122.1957
143.5353,214.4640,161.2090,122.8269
149.3575,203.1687,158.4902,123.1034
155.1088,192.1363,155.8391,123.0394
160.8066,181.3658,153.2120,122.6593
168.5710,173.0348,150.6964,121.9704
171.7778,160.6067,148.5708,121.0986
179.2754,152.7707,146.2993,119.8055
184.4966,145.1706,144.2278,118.2640
191.5691,135.6239,142.4688,116.7142
196.5955,128.2735,140.5693,115.1086
201.4469,121.0633,138.9092,113.4433
206.2227,113.9320,137.2957,111.8298
210.9100,106.9352,135.7572,110.1511
213.5357,99.9479,134.3732,108.6563
219.8129,94.9006,133.2845,107.2854
222.4069,89.9285,131.8794,105.8807
228.5644,83.1580,130.7803,104.4670
230.9433,78.1679,129.7214,103.3507
235.1184,73.2235,128.7004,102.2457
237.4379,71.9686,127.6924,101.1246
241.6268,65.5457,126.5092,99.5809
243.8395,64.3069,125.6379,98.5045
248.0113,57.9357,124.3410,97.1534
250.1742,56.7102,123.4968,96.1231
254.0876,53.7811,122.5736,95.0776
256.2646,50.8714,121.6404,94.0555
258.3894,49.6456,120.7806,93.1171
260.5504,46.8146,119.8199,92.0563
264.3437,45.6136,118.8924,91.1289
266.4352,44.4753,118.0096,90.1053
268.4915,43.3192,117.1669,89.1474
270.5453,42.2282,116.3009,88.0880
270.9624,42.7199,115.4668,87.1045
272.9369,41.6058,114.7001,86.1505
274.8625,42.0943,114.0039,85.1735
276.7819,42.5967,113.2934,84.1687
278.6513,43.0794,112.6557,83.2032
280.5366,43.5385,111.9608,82.2851
281.0052,44.0122,111.0237,81.3375
282.9354,44.4004,110.1836,80.5612
284.8482,47.8073,109.3528,79.7370
285.2826,49.6905,108.4839,78.9393
287.1592,51.5504,107.6731,78.1618
288.9481,54.9138,107.0127,77.2696
289.3824,56.7471,106.1440,76.4957
289.7899,62.9865,105.3289,75.4837
291.5286,64.7483,104.6893,74.7980
291.9050,69.4561,103.9366,73.8325
293.6378,74.1241,103.2604,72.8649
293.9801,77.2335,102.5759,72.1728
294.3347,83.1858,101.8667,71.2341
294.5658,87.6747,101.4044,70.4023
296.1829,93.4760,100.8647,69.5780
296.5482,97.8670,100.1341,68.8144
296.7519,103.5059,99.7268,68.1332
296.9976,110.4173,99.2354,67.4690
297.2175,115.9893,98.7956,66.7783
297.4606,122.7681,98.3094,66.1971
297.6732,128.2493,97.8842,65.5477
297.8664,134.9277,97.4977,64.9964
298.0502,142.7920,97.1302,64.5447
298.2183,149.3296,96.7940,64.1349
298.3038,157.1159,96.6230,63.6898
298.4367,163.5805,96.3572,63.3169
298.5083,171.2403,96.2140,63.0036
298.5652,178.8629,96.1002,62.7205
298.5487,187.6571,96.1331,62.5429
298.5504,195.2706,96.1297,62.2247
299.6452,202.8025,96.4195,62.0375
299.3676,211.5151,96.9748,61.9770
299.0297,219.0624,97.6506,61.8101
299.8850,227.7703,98.4353,61.8613
299.4007,236.5182,99.4040,61.9207
300.0745,244.1118,100.5797,61.8737
300.6755,252.9479,101.9176,61.9821
299.7756,260.6029,103.7175,62.0433
301.2070,268.3181,106.0341,62.1511
301.4179,277.5030,108.2382,62.1630
300.1121,284.2465,110.8498,61.9701
301.4260,291.1219,113.6106,61.6904
301.2415,299.4885,116.7098,61.3385
300.9823,305.3408,119.9979,60.7131
300.7452,311.1971,123.2794,60.2297
301.8670,317.1656,126.7298,59.6805
300.0764,320.4026,130.3109,58.9820
300.7866,323.8733,134.7458,57.8958
300.1911,327.6633,138.9095,56.2613
298.3762,330.0551,142.5392,54.4815
297.9137,330.9820,146.4885,52.6278
297.4334,332.2139,150.4965,50.1640
298.4671,333.5913,154.5483,47.4091
296.0611,327.6870,159.3604,43.8852
295.6488,319.9231,163.2538,40.9999
293.2476,318.9860,168.0562,39.8050
291.5630,306.4667,171.4255,39.9336
289.5886,304.3252,175.3742,41.0533
287.6814,290.3080,179.1886,43.1674
285.8940,280.4962,182.7634,46.1216
282.8859,268.1533,185.3395,50.1664
281.5957,262.4748,187.9198,54.4179
279.0036,250.9276,189.4354,59.1689
276.6999,242.9075,190.2645,63.8742
274.6794,232.9010,190.4291,68.3812
272.9165,224.8332,189.9940,72.6344
271.3534,216.8034,189.0889,76.5999
269.8899,210.9688,187.9266,80.0907
268.8533,205.4008,185.8653,82.9578
265.5034,202.1612,184.2548,85.2818
264.0722,197.1469,182.9447,86.9653
260.7285,194.4979,181.2664,88.0806
261.6146,193.8736,179.4943,89.3292
260.4482,193.6881,177.6536,89.7002
257.6033,191.7279,175.0375,89.4676
257.0174,191.9256,172.0987,89.0723
256.0318,191.8991,170.0092,89.1253
256.8161,191.9862,168.4407,88.9510
257.7854,192.2131,166.5020,88.4972
257.0293,192.3517,164.0457,88.2201
256.3828,192.5851,161.4111,87.7532
255.6179,192.7173,159.0603,87.4888
254.6945,193.0105,157.0656,86.9024
253.9136,195.4487,154.8251,85.8280
254.6689,195.7948,153.3146,85.1358
255.3078,196.0877,152.0367,84.5500
253.9171,196.1023,151.1304,84.5210
254.2507,196.1592,150.4633,84.4071
254.4803,196.1781,150.0040,84.3693
254.5982,196.1891,149.7683,84.3472
254.7015,196.2296,149.5618,84.2662
254.7866,196.1434,149.3915,84.4387
252.9536,195.9632,149.4109,84.7990
251.0676,195.7020,149.5297,85.3215
249.0695,195.3429,149.8622,86.0396
247.0442,192.9977,150.2320,87.0493
246.8275,190.5199,150.6653,88.3015
244.8851,189.7748,150.8192,89.7916
244.8177,187.0276,150.9539,91.5275
242.9368,184.1818,150.9259,93.4292
241.0616,183.0963,150.8548,95.6003
239.1046,182.0517,150.9121,97.6895
237.1537,179.0010,150.9215,99.8984
235.3365,177.9078,150.6265,102.0848
233.4850,174.6653,150.3682,104.6085
233.7352,173.4295,149.8678,107.0800
232.2873,170.1268,148.7311,109.6529
232.6124,166.7390,148.0811,112.3712
230.9123,163.2455,147.3893,115.2663
231.2202,161.6964,146.7734,118.3644
229.5670,160.1199,145.9104,121.5174
230.0489,156.3611,144.9466,124.8281
228.5527,154.6357,143.6935,128.2789
229.2645,152.8057,142.2699,131.9388
230.2322,150.9620,140.3346,135.6263
231.1827,148.9665,138.4336,139.6172
232.1555,146.9268,136.4880,143.6966
233.1564,144.8308,134.4861,147.8886
234.4147,142.8401,131.9696,151.8699
235.6878,140.7176,129.4233,156.1150
236.9668,138.4306,126.8654,160.6891
238.4115,138.4366,123.9759,165.1975
239.8704,136.2066,121.0582,169.6576
241.3313,134.1248,118.1363,173.8212
242.9155,134.2550,114.9679,178.1376
244.5222,134.5661,111.7545,182.1042
244.0333,134.9094,108.1380,186.0122
245.5970,135.3175,105.0105,189.7875
246.9455,133.5287,102.3135,193.3652
247.8054,136.3835,100.5938,196.8571
248.1284,136.9667,99.9478,200.3133
248.0677,137.7549,100.0691,203.3989
247.6622,138.8761,100.8801,205.8657
246.9712,140.2410,102.2621,207.8953
246.0818,141.6790,104.0410,209.8324
245.0409,143.1494,106.1227,211.7637
243.9032,144.6759,108.3980,213.6474
242.6972,146.3301,110.8101,215.3423
241.4807,147.9369,113.2432,217.1985
240.3483,149.6975,115.5080,218.8164
239.1931,151.6944,117.8183,220.0242
238.0979,151.2264,120.0088,220.9603
237.0141,153.5659,122.1762,221.5918
235.9925,153.2691,124.2195,222.1853
235.0474,155.7189,126.1098,222.6861
234.2491,155.6434,127.7062,222.8372
233.5037,155.4978,129.1972,223.1282
232.8744,155.3077,130.4557,223.5085
232.4144,155.1929,131.3756,223.7382
231.9938,155.0655,132.2169,223.9930
231.6083,154.9676,132.9878,224.1886
231.3038,154.7495,133.5969,224.6250
231.1113,154.4563,133.9819,225.2113
233.7968,154.1020,134.2217,225.9200
233.7689,153.6696,134.2775,226.7847
233.8329,153.1135,134.1494,227.8969
233.8898,152.5904,134.0357,228.9431
236.8721,152.0169,133.7383,230.0901
237.0573,151.4762,133.3678,231.1714
237.2425,150.9142,132.9975,232.2956
240.4219,150.3683,132.3380,233.3874
240.6799,149.8233,131.8219,234.4774
243.9333,149.2725,131.0266,235.5789
244.3431,148.6480,130.2070,236.8278
244.6721,147.8782,129.5492,238.3675
247.9787,146.9810,128.6661,240.1620
248.3660,146.2932,127.8915,241.5376
248.7510,145.6487,127.1216,242.8265
249.1057,142.1992,126.4123,243.9712
252.5701,141.5414,125.2423,245.2869
253.0373,140.7706,124.3079,246.8284
253.5927,140.0621,123.1970,248.2454
257.1602,139.3210,121.8281,249.7277
257.8319,138.7734,120.4847,250.8229
258.5305,135.4698,119.0876,251.6733
259.1808,135.0686,117.7869,252.4758
259.4524,134.6629,117.2437,253.2872
259.2822,134.3260,117.5840,253.9611
258.6428,134.1725,118.8629,254.2680
257.5985,134.2271,120.9514,254.1589
256.2060,134.2285,123.7365,254.1561
254.7557,131.2288,126.6371,254.2936
253.2039,131.2558,129.7406,254.2397
251.4155,131.3580,133.3174,254.0352
249.4109,131.5190,137.3266,253.7133
247.2410,131.5367,141.6664,253.6778
245.1198,131.8263,145.9088,253.0987
242.8514,132.2254,150.4457,252.3004
240.3455,129.6549,155.4575,251.1499
237.7947,130.3356,160.5590,249.7886
232.1326,128.0437,165.4595,247.9485
229.5105,128.9463,170.7036,246.1432
226.8814,129.9149,175.9618,244.2061
224.0977,130.9408,181.5293,242.1543
217.8647,131.9798,187.3400,240.0762
211.5270,129.7207,193.2975,237.8762
208.5517,130.7828,199.2481,235.7522
205.6292,131.8793,205.0930,233.5592
202.6692,133.0249,211.0130,231.2679
199.8722,134.3132,216.6070,228.6913
197.1277,135.6260,222.0961,226.0658
190.9719,137.1706,227.3500,222.9765
188.3945,138.7090,232.5049,219.8996
185.9024,140.2002,237.4889,216.9174
183.4125,141.8152,242.4689,213.6874
180.9639,143.4771,247.3659,210.3635
178.6582,145.2972,251.9773,206.7233
176.5130,147.2685,256.2678,202.7807
174.5328,149.1620,260.2282,198.9936
172.7886,151.2369,263.7166,194.8439
171.0780,153.5239,267.1378,190.2699
169.4078,155.8352,270.4781,185.6473
167.9116,158.2486,273.4705,180.8206
163.0947,160.6940,275.9875,175.9297
162.2570,163.2581,277.6630,170.8016
161.6115,165.8637,278.9540,165.5904
161.4528,168.5488,279.2713,160.2202
161.4279,171.2569,279.3211,154.8039
161.5821,174.0306,279.0127,149.2564
162.0309,176.8814,278.1150,143.5550
162.8798,179.7828,276.4172,137.7521
163.8337,182.4820,274.5095,132.3536
165.0367,181.9943,272.1034,127.0203
166.4784,180.9879,269.2201,122.8524
168.0882,179.3164,266.0005,120.1296
170.0526,176.7314,262.0716,119.3283
171.7925,173.5058,258.5919,119.8793
173.3508,172.7876,255.4753,121.3157
174.9959,171.8109,252.1851,123.2689
179.7923,167.5519,248.4172,125.9621
181.9698,166.2445,244.0622,128.5769
184.1812,161.7763,239.6394,131.7159
186.5804,157.2421,234.8409,134.9983
188.8341,155.5348,230.3336,138.4128
191.4385,151.0636,225.1248,141.5935
194.0777,149.4501,219.8463,144.8204
196.4664,147.7702,215.0690,148.1803
198.7388,143.2032,210.5241,151.6181
200.9995,138.6665,206.0028,155.0074
203.1821,136.9835,201.6375,158.3735
205.5178,135.6153,196.9661,161.1098
207.7298,131.6706,192.5421,163.3674
209.9605,130.6264,188.0808,165.4556
212.3199,129.5646,183.3619,167.5793
214.6102,125.7554,178.7813,169.6725
216.7272,124.7608,174.5474,171.6617
218.7643,120.8139,170.4732,174.1033
221.0602,119.9885,165.8814,175.7542
223.4303,119.3293,161.1411,177.0726
228.2125,118.6983,156.9015,178.3347
230.1793,118.2671,152.9679,179.1969
234.4963,117.8944,149.5608,179.9425
236.0563,117.5879,146.4407,180.5554
240.1156,117.3286,143.4647,181.0740
241.6367,117.3046,140.4224,181.1221
242.9541,117.2219,137.7877,181.2873
246.8539,117.0472,135.0012,181.6369
248.2582,117.2064,132.1926,181.3185
249.4757,117.6317,129.7576,180.4679
252.8848,118.0553,127.8084,179.6205
253.7958,118.4951,125.9865,178.7410
254.5954,118.7527,124.3872,178.2259
255.2600,118.9321,123.0581,177.8671
258.3111,121.5408,121.6752,177.3688
259.1056,122.1016,120.0863,176.2473
259.7694,124.9592,118.7585,175.1777
260.4503,127.7869,117.3967,174.1299
261.0736,132.9868,116.1501,172.8685
261.5516,135.9256,115.1942,171.5204
262.0059,138.7430,114.2856,170.3790
262.3221,146.1735,113.6532,168.9012
264.5806,146.8979,113.5645,167.4525
264.7414,152.1657,113.2430,165.7270
267.2740,155.0562,112.5515,164.3198
267.2218,162.2052,112.6558,163.0450
269.5319,165.0182,112.3593,161.7426
272.0378,170.2366,111.6466,159.9038
274.3002,175.2287,111.3811,158.4386
278.8136,182.4482,110.8203,156.6984
281.2396,187.0579,110.1657,155.8738
283.4799,194.1909,109.8591,154.1299
285.5649,199.3891,109.8317,152.0189
287.6971,204.2301,109.6777,150.5575
292.3372,209.3350,108.5685,148.5187
293.0362,212.3565,107.1705,146.5120
295.3413,219.6310,106.5433,143.9120
299.2217,224.6850,106.6487,141.6703
303.1291,227.6836,106.6357,139.5740
304.8456,234.6122,107.0713,137.3227
306.6941,239.8253,107.2156,134.5792
308.8472,244.9323,106.7111,131.9685
310.8440,249.9105,106.4710,129.5190
314.7796,255.1177,106.0237,126.5285
316.7415,259.8185,105.7586,124.4443
320.3635,262.6435,105.7590,122.4166
320.1593,270.6379,106.1674,120.7915
321.9437,271.4615,106.1710,119.1443
323.5815,274.4003,106.4421,116.8135
327.0151,277.4153,106.6046,114.2983
326.8919,280.2009,106.8512,112.2055
326.8341,283.0190,106.9667,110.0186
328.5977,286.1377,106.8566,107.1982
328.2607,289.3545,107.5306,104.1355
330.0695,292.7642,107.2462,100.6495
330.1763,294.2590,107.0326,97.6599
329.8501,295.6943,107.6849,94.7891
329.8867,297.6001,107.6118,90.9777
331.3928,299.2047,107.7241,87.7685
331.1297,300.6896,108.2504,84.7986
330.6865,302.3709,109.1368,81.4360
328.7795,302.8894,109.9576,77.4057
325.7068,302.0243,110.2241,73.2572
324.4848,302.4178,109.7934,69.5953
321.6655,301.2805,109.8174,66.2555
318.8309,301.5059,109.9837,63.0533
317.4790,298.1961,109.9877,58.8734
312.0790,298.5063,110.2732,55.6245
309.5347,295.4367,110.2081,51.4562
301.8196,294.5151,110.6172,48.2924
299.3538,288.9147,110.6411,44.7696
293.2725,289.4809,110.8444,41.2454
287.5021,284.2256,110.7274,37.7666
281.7337,283.7998,110.9300,34.0846
277.2472,276.4572,111.0947,31.1532
269.8512,270.3823,110.8376,28.2538
263.6307,266.5906,110.7286,25.3788
256.4037,259.0354,110.9353,24.2066
240.9985,254.1914,115.5419,23.8162
254.0706,257.7198,124.6278,27.1212
258.6162,248.3237,131.3780,30.0720
255.3320,240.9275,137.9465,32.7937
254.3693,234.5805,142.4300,35.2549
255.1504,228.1411,146.2036,37.4621
256.4525,224.3645,149.1248,39.4899
256.8027,214.8408,151.2666,41.4847
259.1901,212.4517,152.3114,43.3532
261.4365,206.9592,153.7375,45.4596
263.8504,199.8433,154.9475,47.6159
266.7613,197.2532,155.2776,49.7202
268.5473,190.0058,154.8250,51.7370
276.0338,187.4324,155.6024,53.7337
275.9561,183.2782,155.7577,55.6471
279.4573,179.0676,155.2244,57.5993
281.2558,174.7962,154.8896,59.6176
287.7233,170.5542,155.1295,61.5141
289.4324,167.8979,155.0424,63.4956
292.8043,163.6199,155.0291,65.3212
296.1325,160.8809,155.1674,67.4019
299.6405,158.2161,155.0240,69.2952
301.5236,155.5753,154.7252,71.1093
308.6329,152.9625,154.4865,72.8399
308.9037,150.3016,153.9449,74.6400
314.5015,147.7246,153.3849,76.2487
316.4527,145.0669,153.0475,77.9992
320.1487,144.1245,152.8358,79.8841
322.0709,143.2160,152.6110,81.7011
325.8019,140.5474,152.4439,83.3909
327.7273,139.6934,152.2671,85.0988
329.7043,138.8870,152.0134,86.7116
331.6466,138.1041,151.8530,88.2774
335.4167,135.4113,151.8095,89.9146
337.3570,134.6404,151.7041,91.4565
337.4638,133.8870,151.4906,92.9632
339.3699,133.0867,151.5003,94.5639
341.3737,132.3273,151.3417,96.0827
341.4739,131.5535,151.1414,97.6302
343.5241,130.7985,150.9359,99.1402
345.6437,130.0307,150.6138,100.6759
347.5744,129.2699,150.6901,102.1974
349.4893,128.5557,150.8245,103.6258
349.3802,129.9251,151.0425,104.8769
351.3452,129.2295,151.1265,106.2681
351.4107,128.6185,150.9954,107.4901
351.3967,130.0516,151.0235,108.6800
353.2233,129.4394,151.4464,109.9045
353.0126,128.9249,151.8677,110.9334
354.8843,130.5813,152.2505,111.7466
354.6770,130.0850,152.6650,112.7394
354.4814,129.6043,153.0562,113.7007
354.3173,131.2942,153.3844,114.5103
354.1935,130.8299,153.6321,115.4389
354.0872,130.4390,153.8447,116.2207
353.9754,130.0509,154.0683,116.9970
353.8065,129.7064,154.4060,117.6860
353.6198,131.6368,154.7794,118.1003
353.5416,131.4546,154.9358,118.4647
353.4673,131.3125,155.0844,118.7490
353.3943,131.1585,155.2304,119.0570
