1
228.6588,171.6582,200.6823,156.6836
228.7472,171.7991,200.5056,156.4018
228.7977,171.8176,200.4046,156.3649
228.8150,171.8324,200.3699,156.3353
228.7883,171.8350,200.4235,156.3300
228.7584,171.7820,200.4832,156.4359
228.7045,171.6704,200.5909,156.6591
228.6030,171.5611,200.7941,156.8777
228.5499,174.2790,200.9002,157.0641
228.4780,174.1724,201.0440,157.2771
228.3529,174.0688,201.2942,157.4844
228.2479,173.9551,201.5041,157.7117
228.1665,173.8552,201.6671,157.9115
228.0802,173.7608,201.8395,158.1004
227.9428,176.4704,202.1145,158.3391
224.9201,176.3154,202.4939,158.6491
224.8158,176.1734,202.7025,158.9331
224.6866,176.0580,202.9609,159.1639
221.6556,175.8944,203.3306,159.4911
221.5255,175.6684,203.5908,159.9431
221.4059,175.4048,203.8300,160.4702
218.3903,175.1578,204.1343,160.9644
218.2321,174.9150,204.4506,161.4498
217.9418,174.6462,205.0312,161.9874
214.8441,174.4321,205.4567,162.4157
211.6528,171.1677,206.0562,163.1612
211.4136,170.7888,206.5345,163.9190
211.1502,170.4031,207.0612,164.6903
208.0305,167.0241,207.4559,165.6036
207.9605,166.5053,207.5958,166.6411
207.8618,165.9444,207.7932,167.7628
207.7785,165.3733,207.9598,168.9052
207.7144,164.8394,208.0881,169.9729
207.6632,164.3117,208.1904,171.0282
207.7028,163.7759,208.1113,172.0999
207.8209,163.2934,207.8750,173.0650
207.9133,162.7297,207.6903,174.1923
208.0831,162.1456,207.3507,175.3605
208.1895,161.5206,207.1378,176.6105
208.3674,160.9409,206.7821,177.7699
208.5024,160.3147,206.5120,179.0224
211.7121,159.7590,206.1601,180.1336
214.9778,159.0528,205.7088,181.5461
215.2366,155.4159,205.1910,182.7243
218.5374,151.7852,204.6959,183.8794
221.8481,148.1432,204.1915,185.0462
222.0299,144.4566,203.8280,186.2917
222.2831,140.8497,203.3215,187.3634
225.5347,140.2482,202.9696,188.5664
225.7520,136.5863,202.5350,189.7253
225.9129,136.0192,202.2131,190.8596
229.2050,132.2407,201.8185,192.2270
229.3654,131.5910,201.4977,193.5265
229.4852,127.7884,201.2581,194.9111
229.5376,127.0211,201.1533,196.4457
229.6036,126.2864,201.0213,197.9151
229.6527,125.5858,200.9230,199.3163
229.7118,124.9489,200.8048,200.5901
229.7564,124.3103,200.7157,201.8672
229.8351,120.4397,200.5583,203.2687
229.8836,119.7495,200.4613,204.6491
229.7084,119.0263,200.8117,206.0954
229.6256,118.2581,200.9772,207.6317
226.3239,117.5501,201.1460,209.0478
226.2793,116.8316,201.2354,210.4849
226.1200,116.0706,201.5539,212.0068
222.5986,115.2574,202.0844,213.6332
222.3192,114.3669,202.6431,215.4142
218.7522,113.4718,203.1944,217.2043
218.5794,109.3604,203.5400,218.8077
214.9498,108.4302,204.1492,220.6680
214.7841,107.5297,204.4805,222.4690
214.6581,106.6676,204.7325,224.1932
214.5967,105.7703,204.8553,225.9878
214.5838,101.5742,204.8810,227.5971
214.5686,100.7294,204.9116,229.2868
214.6550,99.9558,204.7388,230.8340
214.8290,99.2292,204.3908,232.2871
215.0382,98.5801,203.9723,233.5854
215.3003,97.9709,203.4482,234.8038
215.6295,97.3777,202.7898,235.9901
215.9559,96.7625,202.1369,237.2206
219.7062,92.6626,201.5499,238.5069
223.4762,88.5608,200.9337,239.7866
223.8496,87.9926,200.1869,240.9230
227.6927,83.8913,199.4401,242.1863
228.1296,83.3527,198.5661,243.2635
228.5333,79.3015,197.7587,244.4169
228.9384,75.3079,196.9485,245.4505
229.3489,74.6668,196.1276,246.7327
229.7715,74.1009,195.2824,247.8643
230.2124,73.4755,194.4007,249.1153
230.6572,72.9733,193.5110,250.1196
231.1210,72.4887,192.5833,251.0888
231.6004,72.0007,191.6245,252.0648
232.0751,71.6069,190.6752,252.8525
232.5627,71.1416,189.7000,253.7830
233.1096,70.6773,188.6062,254.7117
230.2083,70.2450,187.4467,255.5763
230.7982,69.8598,186.2670,256.3465
231.4331,72.9030,184.9973,257.2087
232.0368,72.4746,183.7898,258.0655
229.1882,75.4229,182.5533,259.1025
229.8656,78.4112,181.1985,260.0549
230.4701,81.3676,179.9894,261.0634
231.0624,84.3186,178.8048,262.0775
231.6306,87.1792,177.6685,263.2685
232.2680,86.5796,176.3937,264.4676
229.4731,89.4361,175.0755,265.6626
230.1495,88.8764,173.7227,266.7820
230.8748,91.7547,172.2722,267.9236
231.5420,94.6513,170.9378,269.0216
232.1304,94.1015,169.7609,270.1213
229.2014,96.9562,168.7368,271.2939
229.7616,99.9479,167.6165,272.1929
230.2631,99.4962,166.6135,273.0964
230.7188,99.0266,165.7021,274.0356
231.1671,101.9859,164.8054,274.9892
231.6500,101.5762,163.8396,275.8085
232.1008,104.6165,162.9381,276.5952
232.5423,104.2343,162.0550,277.3596
232.9744,107.3487,161.1908,277.9908
233.4010,110.4381,160.3376,278.6669
233.8008,110.1158,159.5380,279.3115
237.7502,113.2968,158.4855,279.7958
241.5995,112.9998,157.6226,280.3899
245.3570,116.2088,156.9375,280.8016
245.6445,115.9812,156.3624,281.2569
249.3457,115.7272,155.7811,281.7649
252.9901,118.9699,155.3110,282.0981
253.1775,118.8298,154.9363,282.3784
256.8237,118.6565,154.4572,282.7249
260.3933,118.5092,154.1283,283.0196
267.4366,118.5537,153.6598,282.9305
274.4212,118.6992,153.2898,282.6395
277.7830,115.4487,153.3552,282.3515
281.0908,112.2479,153.5256,281.9672
284.3106,109.0798,153.8692,281.5202
287.3762,105.9022,154.5204,281.0928
286.9732,105.9571,155.3264,280.9831
289.9653,105.9533,156.1416,280.9908
289.4843,105.8679,157.1036,281.1615
289.0211,105.6425,158.0300,281.6124
288.5210,105.3192,159.0302,282.2589
287.8359,105.0372,160.4003,282.8229
283.5183,104.8053,162.1226,283.2867
279.0618,104.5073,164.0865,283.8828
274.4584,104.1998,166.3020,284.4977
269.7872,103.8012,168.6064,285.2949
265.0248,106.9115,171.0424,286.1630
260.1547,106.3922,173.6399,287.2018
258.8035,105.8079,176.3423,288.3704
253.8350,105.2816,179.0143,289.4228
248.7919,104.8740,181.7750,290.2381
243.6923,104.5932,184.5901,290.7997
242.3492,104.4481,187.2764,291.0900
237.2925,100.6371,189.9009,291.2231
235.9551,100.6810,192.5757,291.1352
234.7137,97.0823,195.0584,290.7548
229.7059,93.5679,197.4606,290.1701
228.5321,90.1300,199.8084,289.4016
227.4061,90.6563,202.0603,288.3489
226.3191,87.4554,204.2343,287.0577
221.4579,84.3794,206.2474,285.5003
220.4343,81.3081,208.2946,283.9241
219.4653,82.0567,210.2325,282.4269
218.5165,79.0608,212.1302,280.6811
217.5464,76.0343,214.0703,278.9921
216.5911,73.0235,215.9809,277.2658
215.6496,73.9437,217.8640,275.4254
214.7939,71.0826,219.5753,273.3925
214.0115,68.3017,221.1401,271.2026
213.1751,69.3352,222.8130,269.1356
212.3618,66.5330,224.4396,267.0014
211.6029,63.9302,225.9573,264.4749
210.8619,65.2074,227.4393,261.9207
210.1487,62.6471,228.8656,259.3394
213.3355,64.1244,230.1767,256.3849
216.5942,65.5841,231.3189,253.4655
219.8976,67.0216,232.3444,250.5905
223.1944,68.5387,233.3547,247.5562
222.7891,70.0831,234.1655,244.4675
226.1726,75.4992,234.9354,241.1725
229.6101,77.0702,235.5581,238.0303
232.9332,82.5064,236.3701,234.6161
232.5102,87.9267,237.2160,231.1926
232.1123,93.3521,238.0117,227.7181
235.4348,98.7650,238.7006,224.2262
234.9479,104.1873,239.6744,220.6708
234.4918,109.5532,240.5867,217.1871
233.9497,111.2330,241.6708,213.8274
233.2372,116.5666,243.0959,210.3300
232.5194,118.4015,244.5315,206.6604
231.7393,120.2042,246.0916,203.0549
230.9217,125.6818,247.7268,199.1647
230.1302,127.6185,249.3098,195.2914
229.2342,129.5014,251.1017,191.5255
228.3260,131.3387,252.9183,187.8510
223.9074,133.2385,254.8331,184.0514
222.9365,135.1558,256.7749,180.2168
221.9663,137.0914,258.7153,176.3455
220.9825,139.0465,260.6829,172.4354
219.9642,141.0682,262.7195,168.3920
219.0223,143.0708,264.6033,164.3867
218.1706,145.0523,266.3068,160.4238
217.3963,146.9786,267.8553,156.5711
216.6498,148.9138,269.3483,152.7009
215.8032,154.2717,271.0415,148.5676
215.0755,159.4512,272.4968,144.7458
214.4416,161.1049,273.7648,141.4385
213.7057,165.9937,275.2366,138.1161
212.9392,170.5832,276.7695,135.3563
212.2587,171.6357,278.1304,133.2513
214.7436,172.2829,279.5380,131.9569
214.1080,172.6963,280.8090,131.1301
213.5167,172.8748,281.9918,130.7730
212.9371,172.8470,283.1510,130.8288
215.6580,172.6012,284.1173,131.3203
215.1654,172.1992,285.1024,132.1242
217.8742,171.6140,286.1440,133.2947
217.3168,167.5405,287.2587,134.9470
219.9713,166.6983,288.4896,136.6314
219.4852,165.7401,289.4618,138.5477
219.0137,164.7455,290.4048,140.5370
218.5535,163.6618,291.3253,142.7043
218.1845,162.5498,292.0632,144.9283
217.8263,161.3669,292.7796,147.2941
217.3638,160.1868,293.7046,149.6545
216.9651,158.9251,294.5021,152.1777
216.6133,157.6719,295.2056,154.6842
212.7653,156.4039,295.9037,157.2202
212.4308,155.2118,296.5727,159.6043
208.6659,154.0148,297.0000,161.9983
208.5016,156.3641,297.3287,164.4494
204.6876,155.1651,297.7602,166.8474
204.5359,153.9785,298.0636,169.2206
