1
177.9393,67.5534,52.1215,234.8932
178.2905,67.6731,51.4190,234.6539
178.5214,67.7190,50.9571,234.5620
178.6029,67.7484,50.7942,234.5033
178.6161,67.7318,50.7677,234.5363
178.6597,67.8354,50.6807,234.3291
180.9155,68.1948,50.4179,233.6105
180.8907,70.5040,50.4676,233.2260
185.3751,70.9177,49.9578,232.3986
185.2173,70.9635,50.2735,232.3069
189.5529,73.6068,50.0281,231.2332
189.3910,73.5317,50.3520,231.3834
193.6120,73.7765,50.3131,230.8938
195.4622,76.1601,50.8065,230.3206
197.3081,76.5457,51.3103,229.5495
199.1288,76.7672,51.8633,229.1064
203.1980,77.0040,52.1226,228.6328
204.8262,79.1390,53.0635,228.5600
206.5544,79.2184,53.8212,228.4013
210.4479,81.5771,54.4873,227.9103
212.0666,81.9869,55.4823,227.0908
213.7134,82.4294,56.4285,226.2059
217.4144,84.9242,57.5174,225.4617
221.1043,85.4183,58.6489,224.4735
222.6044,88.0508,59.9118,223.4715
226.3483,90.6690,60.9697,222.5079
227.8746,91.0154,62.1964,221.8152
231.6201,91.3781,63.2901,221.0898
235.4415,93.9944,64.2526,220.1598
237.0622,94.3893,65.3185,219.3701
241.0016,96.9824,66.0719,218.4999
242.6469,97.4555,67.0991,217.5536
246.6284,99.9356,67.7826,216.9169
250.4829,100.3368,68.7275,216.1145
254.3245,102.8232,69.7103,215.4747
256.0183,103.1792,70.6646,214.7626
261.9638,105.6031,71.8219,214.2642
263.5722,105.8154,72.9684,213.8396
265.1372,108.3104,74.2167,213.2279
268.7777,110.6452,75.7205,212.9507
272.4914,111.1025,77.1246,212.0360
276.2710,111.8701,78.4214,210.5008
280.1440,114.4552,79.5345,209.7602
282.0188,114.8924,80.2238,208.8857
285.8883,117.4326,81.3623,208.2442
287.6273,117.5922,82.3343,207.9249
293.8948,117.7862,83.1875,207.5370
297.8110,120.2633,84.3000,207.0551
301.9646,122.7255,84.9634,206.6160
303.8893,125.2112,85.6048,206.1354
308.1490,125.2774,86.0758,206.0031
310.0728,127.5142,86.7299,206.0311
316.4797,129.6648,87.4573,206.2436
318.3909,129.8501,88.1644,205.8730
322.6788,132.4714,88.6624,205.1671
324.6315,133.2760,89.2924,203.5580
331.1940,133.7557,89.7369,202.5986
333.2425,136.3916,90.1570,201.8439
337.2463,138.8063,91.1766,201.5281
339.0128,139.1850,92.1703,200.7706
343.1143,139.5080,93.0340,200.1247
344.9259,142.0104,93.9499,199.6590
351.6249,141.9366,94.1965,199.8065
354.1465,144.1495,93.7080,199.9354
356.5710,143.9637,93.4070,200.3071
361.1829,143.6076,93.2795,201.0192
363.5690,145.6869,93.0637,201.4170
370.2004,145.5981,93.4759,201.5945
372.3889,145.5568,93.6670,201.6772
376.8440,147.7240,93.9022,201.9155
378.8935,147.7868,94.3835,201.7898
383.2546,147.8987,94.8348,201.5660
385.3294,147.8711,95.2768,201.6212
389.8521,147.9066,95.4312,201.5501
391.9461,148.0166,95.8450,201.3303
396.5027,150.2416,95.9429,201.4859
398.7381,150.2030,96.0818,201.5630
403.4007,150.0707,95.9828,201.8276
405.6762,152.1146,96.0470,202.3550
410.4518,152.1065,95.7441,202.3713
412.8362,152.0448,95.5943,202.4948
415.2109,152.0220,95.4632,202.5404
419.9482,152.0202,95.2218,202.5438
422.2678,151.9228,95.1950,202.7387
426.8923,151.7683,95.1757,203.0477
429.2645,151.6531,95.0502,203.2780
431.6412,151.4503,94.9171,203.6836
434.0049,151.3505,94.8134,203.8832
438.7660,151.2362,94.5407,204.1119
441.1416,151.0341,94.4130,204.5161
443.4709,150.8193,94.3814,204.9456
445.9049,150.7222,94.1461,205.1399
448.3720,150.6037,93.8433,205.3770
450.8915,150.5501,93.4338,205.4842
455.8510,150.3919,92.7629,205.8005
458.2070,150.2127,92.6676,206.1589
460.6721,149.9801,92.3577,206.6241
463.0616,149.7986,92.2002,206.9871
465.5198,149.8118,91.9079,206.9607
468.0416,147.4043,91.4830,207.1572
470.5941,147.1742,90.9918,207.6173
473.0905,147.0395,90.6110,207.8868
475.6333,146.9827,90.1346,208.0002
478.1510,144.4566,89.7017,208.4502
480.6209,141.9857,89.3631,208.7907
483.0705,141.8370,89.0641,209.0880
485.5067,141.7120,88.7909,209.3381
485.6199,139.3009,88.5646,209.5623
488.1108,139.0223,88.1800,210.1194
490.5870,136.4724,87.8260,210.6207
490.7552,136.2212,87.4896,211.1231
493.1967,133.7560,87.2074,211.4530
495.6454,133.5180,86.9103,211.9289
497.9524,130.9697,86.8985,212.4235
500.2388,128.5089,86.9346,212.7362
500.2174,128.4531,86.9773,212.8477
502.5207,126.0384,86.9872,213.0606
504.8245,123.5694,86.9993,213.3789
504.8658,123.4165,86.9168,213.6847
507.2607,120.8492,86.7543,214.1918
507.3291,118.5453,86.6175,214.1678
509.8703,118.4686,86.1642,214.3212
509.8723,115.9078,86.1601,214.8196
512.2572,115.8352,86.0208,214.9648
512.3750,113.4652,85.7852,215.0749
514.9682,111.0117,85.2260,215.3545
515.0994,110.9017,84.9637,215.5745
517.5937,108.7055,84.5948,215.3473
520.1461,108.9835,84.0999,214.7913
520.1627,109.0945,84.0668,214.5692
520.1829,109.5855,84.0263,213.5873
520.1952,109.7510,84.0018,213.2563
522.3424,107.5172,84.2766,213.1546
522.2427,105.3059,84.4759,213.0044
522.0805,105.6795,84.8004,212.2573
524.3827,106.3009,84.7652,211.0145
524.5117,107.0733,84.5072,209.4697
524.7126,107.9176,84.1053,207.7811
524.9305,108.5213,83.6695,206.5737
525.1562,109.4426,83.2181,204.7311
525.3231,110.3705,82.8844,202.8753
525.4276,111.2201,82.6753,201.1761
525.4623,111.9916,82.6061,199.6330
525.7095,113.0606,82.1115,197.4951
526.1428,113.9337,81.2449,195.7488
526.4171,115.0836,80.6964,193.4491
526.5656,116.6899,80.3994,190.2365
526.6071,118.2235,80.3164,187.1692
524.8267,121.9190,79.7497,183.9057
523.2342,123.7891,78.8644,180.1656
523.7116,127.4265,77.9096,176.8911
522.4438,131.1453,76.5091,173.3898
521.0417,135.0131,75.4523,169.5150
518.1137,139.2744,73.7365,164.7784
518.3696,143.0460,73.2248,160.9222
515.5789,147.4711,71.5618,155.6941
512.9307,151.9253,69.8244,150.3028
511.6838,156.0803,68.9099,145.4009
510.5668,159.8374,67.8231,141.2075
506.6047,166.5646,66.0252,137.4752
505.0976,170.1976,65.8845,133.3642
502.6331,175.3602,64.6284,129.2240
501.3598,180.1465,64.1649,125.6715
498.7660,185.0028,63.4526,121.8592
497.3563,188.3719,63.3900,118.0029
491.8535,190.3226,63.0995,114.1013
491.5129,198.1457,63.7807,109.5012
489.4436,202.0367,65.2143,104.4243
487.5378,205.8972,66.3723,99.3568
483.3172,210.1091,67.0227,93.5299
481.8770,214.0219,67.3834,88.2240
479.5351,217.5921,67.1771,83.5287
477.1982,220.8775,67.1114,79.3278
475.0935,228.3146,66.7124,75.9741
470.6813,230.8874,66.5535,73.0745
469.4288,237.4272,66.8601,70.9860
466.9356,238.7795,67.5054,68.2816
462.8258,239.9179,67.1716,66.0047
462.2249,242.8488,68.3733,64.3374
459.6471,244.0744,69.3495,61.8863
455.7833,247.9609,70.8796,60.3108
454.1552,250.6907,72.0715,58.9798
451.5336,252.1595,73.1921,58.1035
448.8717,253.3716,74.3876,57.7436
447.2254,255.3605,75.6034,57.9190
444.5378,255.0436,76.7824,58.5528
442.9317,255.8238,77.8683,59.1189
440.9561,255.5881,79.6673,59.5903
438.9709,256.3299,81.4503,60.2940
438.2167,255.9133,82.9586,61.1272
436.4083,255.6388,84.3130,61.6762
434.8294,256.5930,85.1785,62.0598
434.4645,256.5453,85.9083,62.1553
433.2047,256.6044,86.1038,62.0370
431.9132,256.6080,86.3616,62.0299
431.6718,256.5620,86.8443,62.1219
430.3745,256.5836,87.1012,62.0788
430.3773,256.5825,87.0957,62.0809
430.3132,256.6328,87.2237,61.9804
430.4245,256.8000,87.0011,61.6460
430.5620,256.9117,86.7262,61.4225
430.8276,255.8299,86.1949,61.2615
430.9684,255.8366,85.9134,61.2483
431.1559,254.6931,85.5384,61.2257
431.3438,253.6248,85.1626,61.0592
430.4274,253.6768,84.7006,60.9551
429.4467,253.7623,84.3756,60.7841
429.7627,252.5778,83.7437,60.8747
427.7386,252.6858,83.2513,60.6588
426.9337,251.5736,82.6017,60.6238
426.1491,250.5663,81.9222,60.3896
425.3430,249.5412,81.2996,60.2050
423.3911,249.6801,80.7591,59.9271
422.6480,249.7906,80.0356,59.7063
420.7805,248.7732,79.3810,59.5462
418.9013,248.8874,78.7750,59.3178
418.1678,247.8981,78.0726,59.1272
414.3322,247.9657,77.1221,58.9920
413.8186,247.0180,76.0104,58.7486
412.1704,245.9996,75.0712,58.6674
409.5952,245.0366,73.9150,58.4913
405.9483,245.0882,72.8825,58.3881
405.3140,244.1612,72.0870,58.1780
403.8070,244.2662,71.0041,57.9680
400.2322,243.3819,70.0397,57.7083
398.7435,242.5078,68.9983,57.4470
393.1215,242.6343,68.3072,57.1940
392.4141,241.6353,67.7476,57.2175
391.0028,241.7994,66.6376,56.8894
385.4947,240.8955,65.9912,56.7533
385.0251,240.0263,64.9988,56.5601
381.4180,240.1250,64.5603,56.3627
378.0130,240.2035,63.7575,56.2058
375.7028,239.1610,62.7132,56.4025
373.1817,239.2385,62.1298,56.2474
368.8453,238.4176,61.4844,56.0255
366.5240,237.5341,60.5768,55.9426
364.1145,236.7446,59.8921,55.6869
358.1462,236.9515,59.0898,55.2732
357.5765,237.1074,58.4285,54.9615
354.3037,236.1341,57.8322,55.1225
351.0597,235.3908,57.2056,54.8304
346.1975,234.6365,56.3445,54.5748
345.7304,234.8597,55.5320,54.1283
340.1397,235.0254,54.6250,53.7971
339.6160,235.2261,53.9650,53.3956
334.0400,234.5610,53.2820,53.0350
331.8763,233.7885,52.5866,52.9058
328.1325,233.0531,51.7677,52.7152
324.2103,233.0423,51.3852,52.7370
322.0896,233.0773,50.7075,52.6670
317.4796,233.2989,50.1604,52.2237
316.0966,232.6784,49.7017,51.8524
311.4594,232.8763,49.3809,51.4567
307.6668,232.9464,49.0266,51.3164
305.6298,232.3379,48.3604,50.9534
300.3497,232.4207,47.9735,50.7878
298.9622,232.5243,47.6382,50.5805
293.6927,231.8780,47.3512,50.3266
292.3088,231.8967,47.0430,50.2891
287.2032,231.9493,46.5260,50.1839
285.9517,231.2023,45.9836,50.1553
280.8376,231.2905,45.6164,49.9789
280.2569,231.3961,45.2727,49.7676
275.1869,231.3885,44.9388,49.7829
273.1044,230.6419,44.6302,49.7848
268.7304,230.7035,44.4605,49.6616
267.4074,230.0255,44.1430,49.5359
262.3782,230.0841,43.8790,49.4188
261.7108,230.1861,43.7451,49.2148
256.6493,230.2594,43.6249,49.0682
255.2466,230.3000,43.5123,48.9870
250.3074,230.3593,43.1983,48.8685
249.7865,230.3842,42.7910,48.8185
244.8734,230.4585,42.5238,48.6700
244.2234,229.8428,42.3885,48.4661
240.0383,229.9154,42.1789,48.3209
239.3990,229.9430,42.0331,48.2656
235.8428,230.0095,42.0396,48.1327
233.7814,230.0531,41.9048,48.0454
230.9731,230.1197,41.8586,47.9122
230.2575,230.1354,41.8767,47.8808
225.3807,229.4335,41.7413,47.8720
225.4135,229.5583,41.6759,47.6224
223.9994,229.6187,41.6930,47.5015
220.4930,229.6164,41.6863,47.5061
219.7583,229.6074,41.7519,47.5241
217.6898,229.6356,41.6733,47.4677
216.3010,229.6648,41.6448,47.4093
215.5984,229.6100,41.6482,47.5188
214.1537,229.6683,41.7309,47.4023
212.7689,229.6368,41.6945,47.4653
211.3643,229.6895,41.6970,47.3599
210.6638,229.7455,41.6962,47.2480
209.9420,229.7690,41.7398,47.2010
209.2341,229.6980,41.7556,47.3429
208.5757,229.7184,41.6700,47.3021
208.5965,229.7538,41.6285,47.2314
207.9037,229.7306,41.6152,47.2778
207.9690,229.7243,41.4848,47.2904
207.9893,229.7535,41.4441,47.2319
207.9459,229.8403,41.5309,47.0582
207.9340,230.0068,41.5548,46.7254
207.1839,229.4908,41.6653,46.3677
207.1239,229.0238,41.7854,45.9157
206.4113,228.5038,41.8298,45.5750
206.3205,227.8426,42.0114,45.5214
205.7269,225.9662,41.8203,45.1396
204.8982,223.4675,42.1086,44.6603
204.8448,223.2128,42.2153,45.1696
204.1410,219.7288,42.2469,45.2579
203.9480,219.2626,42.6330,44.8125
203.2389,218.1183,42.6742,44.3470
202.2097,213.5355,43.3624,43.9202
201.3097,212.8995,43.7878,43.8177
200.9117,208.6311,44.5837,42.6973
200.4742,207.6360,45.4588,41.9386
199.7008,203.2699,45.6295,41.0383
198.1482,203.3879,46.0060,40.8023
196.7160,198.4551,46.1375,41.1028
195.6319,193.7647,46.9325,40.8707
193.8864,191.5303,47.6596,41.1937
193.0396,189.2867,47.9549,42.8842
190.4267,184.1825,48.8907,44.5127
189.8938,178.9416,49.9565,46.1715
188.8382,175.7347,50.5542,48.0446
187.5867,169.6968,51.5046,50.8048
186.9785,166.4986,52.7209,53.9789
185.6699,159.8486,53.6578,57.1972
184.9720,157.3468,55.0538,60.4553
183.4288,150.0808,56.3214,64.0760
181.9656,146.2389,57.3529,67.9696
180.2225,141.3074,58.8672,71.9172
178.3931,135.4483,60.4691,75.4074
177.5974,132.2489,62.0604,79.6697
175.8251,125.7705,63.3775,83.7157
173.9028,122.6563,64.9110,87.6333
173.4977,118.3203,65.7214,91.5140
172.9557,112.7799,66.8054,95.1914
171.2309,109.7165,67.7136,98.7769
170.8313,105.3943,68.5127,102.2003
168.9972,100.9393,69.5057,105.7598
168.3962,97.8419,70.7077,109.2094
167.8264,94.7924,71.8474,112.4914
165.9916,84.7257,72.6317,115.3130
165.7024,83.2798,73.2101,118.2048
165.2669,82.0003,74.0810,120.7638
165.1886,81.7408,74.2376,121.2828
165.0019,77.2619,74.6109,124.1273
164.6752,74.2974,75.2645,126.9509
164.4239,71.8571,75.7670,128.6731
162.5647,69.2379,76.2930,130.7190
162.2412,66.5608,76.9400,132.8415
162.0231,65.4966,77.3761,134.9699
160.1309,64.6926,77.8474,136.5779
159.8422,62.5803,78.4248,137.4576
159.7034,61.9092,78.7025,138.7997
159.5104,61.5109,79.0884,139.5963
159.1954,59.1073,79.7185,140.9927
158.8549,56.1452,80.3993,143.4748
158.6799,55.7116,80.7494,144.3421
158.4012,55.4004,81.3069,144.9644
158.2388,55.1227,81.6317,145.5199
158.0845,54.7233,81.9402,146.3187
157.8239,54.5231,82.4614,146.7190
157.6034,56.4456,82.9024,146.4475
157.5671,56.7986,82.9749,145.7415
157.3681,56.7309,83.3730,145.8770
157.1284,56.5168,83.8525,146.3051
157.0819,58.6668,83.9455,145.5962
156.7720,60.5158,84.5651,145.4803
156.5162,60.4095,85.0767,145.6928
157.9520,62.0371,85.8079,146.0404
157.6780,62.2526,86.3559,145.6093
157.3687,62.7626,86.9745,144.5893
157.1161,65.2775,87.4796,143.1779
156.9625,67.8537,87.7870,141.6313
156.8161,70.2763,88.0798,140.3741
156.7427,72.5995,88.2265,139.3018
158.4259,75.0044,88.4205,138.0523
158.3123,75.5436,88.6477,136.9739
158.1846,77.9362,88.9031,135.7215
157.8721,80.2687,89.5283,134.5746
157.6329,82.6901,90.0065,133.2431
157.2819,84.9849,90.7086,132.1527
157.0812,87.4612,91.1100,130.6946
156.8647,89.8096,91.5430,129.4767
156.8177,92.2954,91.6370,127.9729
156.7350,94.8273,91.8024,126.3558
156.6912,97.4621,91.8900,124.5110
158.2028,99.7095,92.2650,123.4142
157.9427,103.5536,92.7853,122.5014
157.8541,106.1372,92.9623,120.7164
159.2368,108.3209,93.5550,119.7070
158.9816,110.4890,94.0654,118.7228
158.7439,112.7396,94.5407,117.5670
158.2144,116.5187,95.5997,116.6795
159.4973,120.4263,96.3728,115.5420
159.1101,122.6851,97.1472,114.3583
160.4651,125.1577,97.7652,112.7412
159.9683,127.6961,98.7587,110.9774
160.9547,130.1330,100.0875,109.4050
160.6029,132.7446,100.7912,107.4802
159.9923,135.0849,102.0124,106.0790
159.3569,135.9136,103.2830,104.4216
160.3215,138.3719,104.6249,102.7759
159.5328,140.7356,106.2023,101.3147
158.6539,143.1576,107.9600,99.7385
157.8510,144.3387,109.5658,97.3761
157.1886,146.9290,110.8907,95.4531
156.8088,149.2218,111.6502,94.1148
157.6255,152.8568,113.2543,93.3197
157.4164,153.4807,113.6726,92.0718
157.1364,154.2943,114.2324,90.4446
156.6081,158.3117,115.2890,88.8454
156.1830,158.8183,116.1393,87.8324
157.5061,161.1318,116.6974,86.4097
157.1989,163.6990,117.3120,84.4649
157.8698,166.3345,119.1372,82.3609
156.8837,167.1255,121.1094,80.7789
155.8742,169.4245,123.1283,79.3445
155.1176,171.8474,124.6415,77.6686
154.5294,174.2880,125.8179,75.9517
153.9389,176.6716,126.9990,74.3377
154.8907,179.0003,128.2387,72.8236
154.0655,181.2679,129.8892,71.4245
153.3155,183.6548,131.3892,69.7875
152.6775,184.6379,132.6651,67.8213
152.1477,187.0397,133.7248,66.1333
151.3948,189.3971,135.2305,64.5207
152.2424,191.8618,136.6315,62.6872
151.6541,194.4073,137.8081,60.6807
151.0454,195.2852,139.0254,58.9248
152.0280,197.6299,140.1131,57.2884
151.7200,199.8850,140.7291,55.8175
151.4299,202.1164,141.3093,54.3770
152.4736,204.3965,142.2266,52.8214
152.0912,206.6931,142.9914,51.2181
153.5989,209.0071,142.9478,49.5619
153.9037,211.3122,142.3381,47.8929
153.7890,213.4473,142.5676,46.5246
154.9792,215.4754,143.0673,45.3486
154.8630,217.4666,143.2999,44.2319
154.7012,219.6526,143.6235,42.7083
156.3538,220.0446,143.1429,41.9243
157.8293,223.4225,142.9952,40.7753
157.7002,225.4360,143.2534,39.5281
158.6108,226.0239,144.1924,38.3523
159.4533,228.1353,145.2587,36.8807
159.1833,228.7525,145.7987,35.6462
160.5376,230.8200,145.8126,34.2339
161.8572,232.7622,145.8693,33.0453
163.4045,234.6421,145.4484,31.9593
165.2167,236.3578,144.4712,31.1750
167.1617,238.1351,143.1994,30.2387
167.8736,238.5287,141.7756,29.4515
169.8622,240.3581,140.3457,28.3400
171.8720,240.7965,138.8319,27.4632
172.5627,242.3073,137.4506,26.9092
174.0661,243.7750,136.8814,26.4115
169.3750,246.0139,134.1638,26.7736
169.9514,247.5471,130.6218,26.0964
171.8954,248.1997,131.3871,24.7912
171.4623,249.6877,132.2533,24.1271
167.9901,250.7451,132.2654,24.3232
170.3649,251.8876,132.1454,24.3530
173.5591,254.2279,132.6984,24.2998
179.4760,254.3497,132.4666,24.0563
187.3060,252.5767,132.9934,22.9774
189.6262,251.7699,132.9498,22.2927
194.0956,252.1446,133.1480,21.5433
194.9698,253.5538,133.6715,20.9970
194.7136,254.8879,134.1840,20.5971
194.8072,256.0696,133.9969,20.5012
194.9851,257.2112,133.6409,20.4811
196.3668,257.2571,133.1353,20.3891
197.7419,257.2932,132.6339,20.3170
199.1699,257.3289,132.0183,20.2456
201.7057,256.4197,131.4077,19.8335
202.2590,257.5017,130.3010,19.8833
204.7618,257.5756,129.6945,19.7355
206.2935,257.6501,128.8192,19.5865
207.6270,257.7722,128.3254,19.3422
209.9930,256.8472,127.9161,19.0309
211.1372,256.8132,127.7771,19.0990
211.0475,256.7582,127.9565,19.2090
213.3199,257.7583,127.7188,19.3623
213.3481,257.7957,127.6625,19.2876
214.3417,257.8027,127.8263,19.2735
215.4680,257.8446,127.7268,19.1897
216.2362,256.9210,128.3404,18.8869
216.0595,256.8676,128.6939,18.9937
217.9781,256.8140,129.1756,19.1009
217.7668,256.7706,129.5981,19.1877
216.5003,256.7867,129.9552,19.1556
217.7368,256.7411,129.6625,19.2468
217.8019,256.6802,129.5322,19.3685
217.8973,256.6479,129.3414,19.4332
217.9707,256.6548,129.1946,19.4192
217.8590,256.6986,129.4180,19.3317
217.7841,256.7046,129.5679,19.3198
217.9704,256.7080,129.1952,19.3129
217.8870,256.7136,129.3620,19.3017
217.7584,256.7256,129.6192,19.2776
217.7238,256.7018,129.6884,19.3254
217.5991,256.6701,129.9378,19.3887
217.5527,257.6591,130.0306,19.5952
217.4059,257.6628,130.3242,19.5878
218.4720,257.6043,130.3860,19.7049
218.4444,257.6375,130.4410,19.6386
218.6177,257.6572,130.0945,19.5990
217.6139,258.7433,129.9110,19.6177
217.5911,258.7787,129.9567,19.5470
217.5825,258.7918,129.9739,19.5207
217.6637,258.8276,129.8116,19.4493
217.8634,258.8260,129.4122,19.4524
218.1041,259.8125,128.9307,19.6580
218.0868,259.8795,128.9652,19.5241
217.0174,259.8945,128.9304,19.4940
219.1136,259.8960,129.0833,19.4909
217.6599,259.9300,129.8159,19.4231
217.0319,259.9154,131.0719,19.4522
215.4592,259.9829,132.0159,19.3171
215.0033,260.0653,132.9277,19.1523
216.5858,260.0508,134.2048,19.1815
218.2744,259.9030,135.3062,19.4771
217.5921,259.7553,136.6710,19.7723
218.0579,259.6208,138.0245,20.0413
219.9630,259.5374,138.8330,20.2082
217.3127,259.5794,139.4860,20.1242
212.7428,260.6444,139.3009,20.3255
209.4446,262.4447,138.8991,21.3902
207.4613,261.9901,140.5172,22.2995
208.6080,260.4914,140.6129,22.9078
210.5828,259.0767,139.0658,23.3345
202.2690,257.7422,138.9660,23.6141
207.4534,255.5155,138.1724,23.2797
210.1096,253.4780,139.9885,22.6025
213.0092,252.4192,141.3529,22.3323
213.4631,252.3441,142.8464,22.4824
217.6041,250.9366,144.2643,22.8725
219.3399,249.3538,145.6975,23.5857
219.7593,247.7841,147.3451,24.2386
220.0100,246.3369,149.3658,24.6108
221.4936,244.8775,151.5140,24.9720
223.1143,243.1746,153.4617,25.7831
223.1265,241.4763,156.0749,26.5422
223.0249,238.4183,156.2780,27.2803
224.6739,236.7984,155.6864,27.8138
226.4642,235.0748,157.5232,28.5522
227.5540,234.7379,158.0925,29.2261
228.1573,232.9406,159.6555,30.0507
228.7532,230.9613,161.2717,31.2015
227.8586,227.6495,163.0608,32.1196
228.7439,224.2188,164.1859,33.1898
232.2004,222.1632,166.0692,34.3688
233.0618,218.7790,167.3278,35.1746
235.6232,215.1460,168.2339,36.4117
236.8229,213.0579,168.8855,37.5368
238.3392,209.6283,168.9348,38.2323
239.7136,206.0200,169.2820,39.2571
241.0571,203.8757,169.7153,40.4253
242.2727,201.7204,170.4329,41.5872
245.0617,197.9596,171.2170,42.7467
246.4488,194.1714,171.6569,43.8949
247.9259,190.2786,171.9447,45.1965
251.2121,187.9385,171.9137,46.6061
252.8736,183.9931,171.8873,47.9033
254.7292,181.7655,171.4970,49.0377
258.1242,177.7102,171.3798,50.4755
258.7658,175.2658,170.0967,52.0026
262.7622,171.0338,168.8474,53.7231
263.6380,168.6140,167.0957,55.1770
265.6585,166.2261,166.4424,56.5651
270.9879,163.8194,165.9947,57.9748
271.6352,159.6669,164.7001,59.4337
272.1965,157.1353,163.5775,61.0660
276.2588,154.4715,162.3416,62.9493
278.3860,151.9771,161.5478,64.4776
282.1825,147.8730,160.9076,65.7330
284.4037,145.5383,159.9547,66.9127
286.8638,144.6100,158.5313,68.7693
289.4442,140.1328,156.8795,70.7056
291.9298,139.2451,155.4275,72.4810
296.1883,134.8286,153.9690,74.2556
296.9319,132.3294,152.4817,75.7152
299.1258,131.4335,151.6364,77.5069
301.4306,130.0334,150.5877,80.3073
304.0573,126.9111,148.9281,82.9581
304.6390,125.9195,147.7648,84.9411
305.4668,123.1125,146.1093,86.9242
306.4197,120.5537,144.2034,88.4016
307.1636,117.9771,142.7155,89.9182
307.7215,115.3631,141.5999,91.5064
308.1968,114.4952,140.6492,93.2421
308.5904,111.8710,139.8621,94.8262
308.9604,111.1227,139.1219,96.3229
309.3865,110.4389,138.2698,97.6904
309.9716,107.7725,137.0996,99.3209
310.6234,105.1808,135.7961,100.7931
311.2265,104.4477,134.5898,102.2593
311.8496,101.8017,133.3435,103.8302
312.2994,101.0149,132.4440,105.4038
312.7857,100.1955,131.4715,107.0425
313.2981,99.3184,130.4466,108.7967
313.8291,96.4939,129.3845,110.6820
314.4041,95.7402,128.2345,112.1894
315.0186,94.9689,127.0057,113.7320
313.8914,92.2386,125.4702,115.4028
314.6528,91.5235,123.9475,116.8330
313.4725,90.7112,122.5166,118.4577
314.1433,89.9165,121.1751,120.0472
312.8892,89.0478,119.8845,121.7845
313.5803,88.2493,118.5023,123.3816
312.3931,87.4267,117.0678,125.0268
313.0870,86.6162,115.6798,126.6477
311.8858,85.8679,114.2672,128.1443
310.7540,83.2308,112.7148,129.6026
311.4402,82.6037,111.3425,130.8568
310.2458,82.0890,109.9200,131.8861
310.9599,81.6265,108.4919,132.8111
309.7685,81.1200,107.0796,133.8241
308.5483,80.4824,105.7320,135.0993
309.2126,79.7560,104.4033,136.5521
307.8950,78.8630,103.2526,138.3382
306.6597,78.1110,101.9285,139.8421
305.4818,77.4675,100.4887,141.1292
304.3063,76.8275,99.0481,142.4092
303.1075,76.3250,97.6587,143.4141
303.8118,75.7713,96.2501,144.5215
302.6033,75.2023,94.8944,145.6595
301.4069,74.5300,93.5202,147.0042
300.1493,73.8093,92.2711,148.4455
298.9099,73.2647,90.9849,149.5347
297.7341,72.9022,89.5770,150.2597
296.6483,72.5956,88.0020,150.8730
295.5056,72.3766,86.5583,151.3109
294.4163,72.1154,85.0258,151.8334
293.3014,73.7253,83.5627,152.3063
292.1518,73.3397,82.1871,153.0775
290.9155,72.8074,80.9971,154.1421
289.6433,72.2854,79.8835,155.1861
288.4971,73.6273,78.5219,156.1564
287.2223,72.8917,77.4267,157.6277
285.9173,72.1049,76.3893,159.2012
282.8732,71.4456,75.1727,160.5197
283.1373,70.6355,74.6447,162.1400
281.8606,69.9333,73.5334,163.5445
278.7562,71.1054,72.4109,164.8658
277.5462,70.5440,71.1659,165.9887
276.2498,70.0453,70.0994,166.9861
274.9478,71.5131,69.0485,167.7053
273.5904,71.1992,68.1168,168.3330
270.5192,70.9081,66.9809,168.9153
269.0765,72.3513,66.2393,169.6561
266.0233,72.1653,65.0966,170.0281
264.6641,71.9338,64.2055,170.4911
263.3114,71.8207,63.3110,170.7173
261.9855,71.7126,62.3757,170.9335
259.0615,71.6517,61.0769,171.0553
257.8390,73.3947,59.9704,171.1208
256.5978,75.0275,58.9203,171.3876
253.5350,74.6934,58.0116,172.0558
252.0457,74.3800,57.4803,172.6826
250.5327,74.0843,56.9970,173.2740
248.9789,73.7889,56.5956,173.8649
245.6550,75.3022,56.2237,174.3481
244.1615,75.2439,55.7009,174.4648
242.5883,75.0485,55.3452,174.8556
240.9984,76.6384,55.0241,175.1767
239.3889,78.2368,54.7435,175.4794
236.1193,78.3136,54.2854,175.3259
234.4952,78.1077,54.0455,175.7377
232.8701,78.0257,53.8063,175.9017
229.6409,79.7543,53.2900,175.9318
228.1798,79.9741,52.7339,175.4922
226.6240,80.1623,52.3838,175.1158
225.0436,80.1249,52.0947,175.1907
223.4495,80.2381,51.8375,174.9641
221.8156,81.8173,51.6675,175.2435
220.1451,81.6895,51.5703,175.4990
218.4701,81.6078,51.4801,175.6623
216.8158,81.3864,51.3478,176.1052
215.1659,81.2068,51.2031,176.4644
213.4898,82.7971,51.1082,176.7308
211.9130,82.8315,50.8129,176.6620
210.2324,82.7453,50.7315,176.8345
208.5708,82.7169,50.6114,176.8912
206.9187,82.7847,50.4737,176.7556
206.8626,82.8602,50.5859,176.6046
205.1562,82.8395,50.5612,176.6459
205.1011,84.6624,50.6713,176.4378
203.5117,84.7195,50.4134,176.3235
203.4405,84.6618,50.5559,176.4389
203.4288,84.5899,50.5792,176.5827
201.8006,84.5296,50.3986,176.7033
201.6974,84.4566,50.6050,176.8494
201.6060,84.3096,50.7879,177.1434
201.5564,84.2622,50.8871,177.2382
201.5321,84.2098,50.9357,177.3430
