1
279.5269,223.4860,144.9462,49.0279
279.5469,223.4983,144.9062,49.0034
279.5377,223.5056,144.9246,48.9889
279.5079,223.5211,144.9842,48.9577
279.4693,223.5466,145.0613,48.9067
279.3873,223.5964,145.2254,48.8073
279.3441,223.6162,145.3118,48.7677
279.3241,225.2370,145.3518,48.4864
279.3047,225.3183,145.3905,48.3237
279.2832,226.9168,145.4336,48.0800
279.2466,226.9517,145.5067,48.0102
279.3314,228.5566,145.3373,47.7496
279.2936,228.6590,145.4129,47.5450
277.8268,230.2759,145.4071,47.2505
277.6570,230.3936,145.7467,47.0150
276.2288,232.0179,145.6686,46.7008
276.1694,232.1668,145.7874,46.4030
276.0338,233.8248,146.0587,46.0106
274.4519,233.9947,146.3021,45.6710
274.2765,235.7716,146.6530,45.0346
272.6288,235.9725,147.0376,44.6329
272.3615,237.7415,147.5721,44.0037
270.5988,239.4893,148.1930,43.4127
270.5108,239.7398,148.3690,42.9116
268.6620,243.0262,149.1709,42.1301
268.5945,243.2314,149.3060,41.7195
266.8546,243.5202,149.8992,41.1420
266.6365,246.8913,150.3354,40.1679
266.4266,247.1856,150.7552,39.5793
264.6989,250.4908,151.3438,38.7023
264.5811,250.7034,151.5794,38.2771
263.0437,252.4935,151.8007,37.5506
262.8578,252.7336,152.1725,37.0705
261.0687,254.5766,152.9116,36.2234
259.4357,254.8474,153.3443,35.6819
257.5913,258.2547,154.2042,34.5252
257.3163,258.4728,154.7541,34.0889
255.5552,260.2991,155.4584,33.2544
255.3649,262.1369,155.8389,32.3905
255.0383,263.9175,156.4921,31.6296
253.5197,264.2043,156.7348,31.0561
253.2722,266.0029,157.2297,30.2458
253.2032,266.2696,157.3677,29.7123
252.9697,276.3235,157.8349,28.9900
252.8819,276.6876,158.0104,28.2620
251.4472,277.0665,158.1299,27.5041
251.3773,277.4390,158.2698,26.7592
251.2713,277.8660,158.4817,25.9052
249.7346,278.3203,158.8455,24.9965
248.1330,278.7532,159.3523,24.1306
247.7906,279.1338,160.0371,23.3696
231.6212,288.5912,160.2119,23.2170
246.1697,288.9291,160.5913,22.5412
247.4484,289.1969,160.7052,22.0057
247.3628,289.5182,160.8764,21.3630
247.4715,289.7653,160.6590,20.8690
247.4795,289.9817,160.6430,20.4361
247.3579,290.1792,160.8862,20.0411
247.2716,290.2876,161.0587,19.8244
246.0442,290.3316,160.8911,19.7362
247.3494,290.2497,160.8991,19.9002
276.0612,290.1760,161.1562,20.0476
247.4294,300.4561,160.5949,20.5145
247.3386,300.2681,160.7765,20.8905
248.6544,300.0129,160.7853,21.4010
248.5167,299.7618,161.0606,21.9031
248.5031,299.5075,161.0879,22.4117
249.7208,299.1864,161.3279,23.0539
251.0839,298.9107,161.2937,23.6054
251.0827,298.6302,161.2960,24.1662
252.3672,298.3357,161.4406,24.7554
252.2416,298.0289,161.6919,25.3689
252.0900,297.7118,161.9951,26.0031
253.3882,297.2797,162.1589,26.8673
254.5614,298.2564,162.5921,27.6935
256.0744,297.6201,162.3683,28.9663
256.0935,297.0711,162.3299,30.0642
258.7631,297.8866,162.6813,31.2783
258.6465,297.2314,162.9143,32.5887
260.1031,296.6048,162.9040,33.8419
261.5463,297.4379,162.9445,35.1028
262.9290,298.3119,163.1312,36.3067
264.4839,297.6706,162.9991,37.5894
266.1399,297.0172,162.6876,38.8961
269.2667,298.0284,162.4764,39.8950
269.3828,297.3458,162.2442,41.2601
272.4073,298.2662,162.3151,42.4792
274.0027,297.5692,162.2083,43.8731
275.5984,296.9001,162.1256,45.2115
277.1048,296.2217,162.2455,46.5682
278.6366,297.1666,162.3417,47.8382
280.1989,296.5323,162.4017,49.1068
283.4809,297.4852,162.2561,50.4101
285.1548,296.8255,162.1396,51.7295
286.8568,296.1298,161.9894,53.1210
288.4629,297.1001,162.0544,54.4577
291.6744,296.5031,162.2369,55.6516
293.3994,297.5032,162.1139,56.9785
296.7983,296.8063,162.0151,58.3724
298.4126,297.7912,162.1599,59.7760
300.1440,297.1344,162.0979,61.0894
303.6189,296.4982,161.9953,62.3620
305.1259,295.7856,162.4263,63.7872
308.5552,295.1979,162.5211,64.9625
311.8203,296.2669,162.9892,66.3235
313.4377,295.6764,163.2843,67.5045
315.1657,295.0635,163.3837,68.7303
318.6411,294.4610,163.5901,69.9353
320.3706,293.7491,163.7339,71.3591
322.2305,293.0837,163.6443,72.6899
324.1477,292.4823,163.4621,73.8928
329.3524,291.6905,164.0649,75.4764
331.1144,290.8863,164.2482,77.0849
332.8852,291.9319,164.4447,78.7315
334.6230,291.2107,164.7386,80.1741
336.4080,290.4813,164.9676,81.6329
338.1928,289.7102,165.2257,83.1751
340.0515,288.8972,165.3663,84.8010
343.9566,288.0567,165.3326,86.4820
345.7646,287.1635,165.6333,88.2685
347.7006,286.3230,165.7131,89.9494
351.7602,285.5768,165.5573,91.4417
353.8047,284.7758,165.4731,93.0439
355.8636,283.9167,165.3865,94.7621
358.2087,283.2136,164.7551,96.1682
358.4392,282.4878,164.2940,97.6198
362.7148,281.7149,163.9251,99.1657
364.9263,280.8105,163.6137,100.9744
365.1479,280.0663,163.1706,102.4628
367.3938,279.3616,162.8346,103.8722
369.6595,278.4238,162.4774,105.7478
370.0342,277.7210,161.7281,107.1535
372.4535,277.1710,161.1021,108.2535
372.5911,276.7346,160.8268,109.1262
372.6212,276.1556,160.7667,110.2843
374.7103,275.3550,160.8384,111.8854
374.7145,274.4612,160.8299,113.6729
376.9893,273.5681,160.5872,115.4593
377.1200,272.7090,160.3258,117.1775
377.3669,271.9110,159.8322,118.7735
377.6635,271.0514,159.2389,120.4927
378.0543,270.2437,158.4573,122.1081
380.6364,269.4644,157.7022,123.6667
381.0535,268.6056,156.8679,125.3842
381.5181,267.8444,155.9387,126.9066
382.0790,267.2464,154.8169,128.1026
382.7688,264.6575,153.4374,128.8300
383.4764,264.3263,152.0222,129.4924
384.2551,263.9948,150.4647,130.1555
384.9265,261.4152,149.1221,130.8983
385.6864,261.0766,147.6021,131.5755
386.4260,260.8316,146.1229,132.0654
386.9900,258.3927,144.9950,132.5637
385.4065,255.9314,143.7921,133.1164
386.1523,255.6280,142.3004,133.7232
384.6362,253.1395,140.9863,134.3539
383.1046,252.8656,139.7138,134.9018
383.8691,250.5589,138.1848,135.1906
382.4771,248.3574,136.6637,135.2886
381.1064,248.2678,135.1224,135.4677
379.8458,245.9559,133.3824,135.8304
378.5453,245.9661,131.7439,135.8098
379.3175,243.7654,130.1995,135.9980
378.0872,241.6510,128.4682,136.0350
376.8478,239.5347,126.7820,136.1026
375.5930,237.5721,125.1524,135.8885
374.3043,237.6375,123.6197,135.7577
373.0475,233.5791,122.0497,135.7075
373.8990,233.6883,120.3469,135.4889
370.7626,231.8977,118.5653,135.0430
369.5011,230.1855,117.0967,134.4758
368.2802,228.4779,115.5791,133.9316
367.1407,226.8262,113.9314,133.3083
366.0108,223.1045,112.3006,132.9706
362.9496,221.3399,110.7048,132.6406
363.6674,219.7310,109.2692,132.0302
358.9030,216.2700,107.4106,131.3605
359.5587,214.5917,106.0993,130.9618
356.4498,212.9960,104.8610,130.4250
357.0082,209.4458,103.7440,130.1259
354.0426,205.7390,102.3210,130.1851
352.8314,204.0952,101.0885,129.8178
351.5879,202.5776,99.9462,129.2238
348.6322,199.3074,98.6543,128.5609
347.2976,197.8421,97.7531,127.9212
344.3068,194.7049,96.6428,127.1035
344.7157,193.1978,95.8251,126.6023
340.0792,190.0658,94.6149,125.8775
340.3680,188.7317,94.0373,125.0823
337.2074,185.5399,93.4743,124.5816
335.7836,184.0781,92.8967,124.0800
334.2493,180.8096,92.5572,123.8008
329.3878,177.5695,92.0854,123.4844
329.5885,175.9912,91.6838,123.2552
328.0058,172.6493,91.4735,123.1877
326.4062,169.2497,91.3014,123.2443
323.0669,167.5737,91.2414,123.2270
321.2961,165.8410,91.4151,123.3244
319.6066,160.6969,91.4216,123.4954
317.7063,159.0145,91.8472,123.4851
314.3551,155.8874,91.7858,122.9755
312.5816,154.2886,91.9597,122.7999
310.6287,149.4934,92.4921,122.2704
308.9284,148.1226,92.5188,121.6381
306.9876,145.0686,93.0355,121.0166
304.9731,141.8559,93.7010,120.7147
303.3268,140.4079,93.6236,120.2407
301.3131,135.5229,94.2895,119.9265
301.0589,135.7032,94.7979,119.5658
299.2139,131.0610,95.1179,118.7397
297.1939,129.7108,95.7951,118.0775
295.1555,126.6406,96.5084,117.4908
292.8866,123.5213,97.6802,116.9974
292.3932,122.1401,98.6670,116.3825
290.2548,118.9591,99.5601,115.9771
288.0067,115.9935,100.6645,115.1246
287.6124,111.3946,101.4531,114.1333
287.0104,111.7774,102.6570,113.3677
282.8393,107.1477,104.1974,112.4244
282.1210,105.7410,105.6340,111.8271
279.6631,102.7714,107.1256,110.9178
278.8105,101.6114,108.8309,109.8042
277.9545,97.0507,110.5429,108.5964
275.4306,95.5785,112.1395,108.0898
274.5576,94.2266,113.8855,107.3254
273.5138,91.1697,115.9732,106.4727
270.7444,89.9233,118.0097,105.4633
267.7540,86.8203,120.4726,104.6337
266.6138,85.4790,122.7531,103.7734
265.5447,84.1768,124.8912,102.8135
262.8938,81.1121,126.6114,101.7797
261.7495,79.7250,128.8999,100.9625
260.4425,78.5252,131.5139,99.7489
257.4049,77.4498,133.9557,98.2664
256.0727,72.8858,136.6203,96.4556
255.2204,73.5744,138.3248,95.0785
254.3883,74.5598,139.9890,93.1077
253.5266,72.3469,141.7124,90.2289
252.5466,73.3566,143.6724,88.2097
251.4959,70.9571,145.7739,85.7576
250.4887,70.3584,147.7883,83.3396
247.8218,69.9407,149.5177,80.5707
246.8589,69.4773,151.4435,77.9150
246.0208,70.6819,153.1197,75.5058
243.3553,70.1610,154.9026,72.9995
242.4215,69.6486,156.7703,70.4938
241.7435,70.9353,158.1261,67.9204
241.0793,72.2407,159.4546,65.3096
240.2489,72.1467,161.1154,62.0364
239.5756,73.5904,162.4621,59.1489
237.3068,75.0010,163.6058,56.3278
236.5826,74.9455,165.0542,53.0798
236.1064,76.4150,166.0066,50.1408
233.8242,77.9774,167.2917,47.0161
233.3175,79.5902,168.3051,43.7905
232.8593,81.1031,169.2215,40.7646
232.4798,82.5413,169.9804,37.8883
231.9588,83.9716,171.0226,35.0277
231.4709,85.3114,171.9984,32.3481
231.0934,86.5136,172.7533,29.9436
232.2216,87.6423,173.4844,27.6862
232.0658,88.5107,173.7960,25.9494
231.9267,89.2722,174.0741,24.4265
231.7784,89.7142,174.3707,23.5424
231.5247,89.7906,174.8780,23.3896
232.8450,89.4491,175.1231,24.0726
232.6641,88.8189,175.4848,25.3331
232.5615,88.0597,175.6901,26.8514
232.4702,87.1583,175.8727,28.6542
232.4454,86.0960,175.9222,30.7788
232.4105,84.9873,175.9919,32.9962
232.4954,83.7505,175.8221,35.4698
232.5682,82.4969,175.6766,37.9771
232.7588,81.1108,175.2954,40.7492
234.6734,81.2681,174.6994,43.6679
234.8565,79.8425,174.3331,46.5189
234.9406,80.0443,174.1649,49.4446
236.8926,78.7363,173.6427,52.0605
239.0741,79.0453,172.7027,54.8656
239.4718,79.3574,171.9072,57.7030
241.6658,78.1346,171.0216,60.1487
241.9576,76.8302,170.4379,62.7573
242.3926,77.2260,169.5681,65.5389
244.6615,75.9850,168.6409,68.0209
246.9127,76.5257,167.7803,70.5813
247.4273,75.4719,166.7510,72.6890
249.6047,74.4011,166.0935,74.8305
249.9427,73.3644,165.4175,76.9039
252.0593,72.2823,164.9361,79.0681
254.4452,71.2691,163.9470,81.0945
254.9046,70.2633,163.0283,83.1061
257.3773,69.3383,161.9075,84.9562
259.8169,68.4471,160.8685,86.7384
262.2348,69.5236,159.8880,88.4408
262.6687,68.5656,159.0203,90.3568
263.1767,67.7368,158.0043,92.0144
265.4857,66.9188,157.2892,93.6505
267.8154,66.1660,156.5497,95.1562
268.2319,65.4268,155.7166,96.6345
270.6190,64.7446,154.8891,97.9989
272.9852,64.1432,154.1140,99.2017
273.2363,63.4825,153.6117,100.5231
275.4157,62.8341,153.2332,101.8198
275.6790,62.3072,152.7067,102.8736
277.8597,61.7413,152.3509,104.0055
280.1424,61.2558,151.8047,104.9764
280.3740,60.8038,151.3414,105.8804
282.6344,60.4052,150.8555,106.6777
282.9448,59.8984,150.2347,107.6912
285.1896,59.4471,149.7930,108.5940
285.4003,59.0217,149.3717,109.4447
285.6926,58.5968,148.7871,110.2945
288.0211,58.1525,148.1989,111.1831
290.1268,57.6632,148.0617,112.1617
290.3556,57.1648,147.6042,113.1585
292.4996,56.7359,147.4138,114.0164
292.6270,56.4287,147.1590,114.6306
292.8973,56.1195,146.6183,115.2491
295.2061,55.9367,146.1173,115.6147
295.5681,55.7264,145.3932,116.0352
297.7023,57.4488,145.2353,116.7011
297.8947,57.2046,144.8505,117.1894
298.1310,56.9711,144.3780,117.6564
300.4386,58.8128,143.8838,118.0942
300.6130,58.4478,143.5350,118.8242
300.8940,60.2032,142.9731,119.4404
301.0540,59.9060,142.6530,120.0348
301.2405,59.6476,142.2801,120.5516
301.5501,59.4291,141.6609,120.9885
301.8741,61.3277,141.0128,121.3243
302.1397,61.0691,140.4816,121.8415
302.6322,63.0224,139.4967,122.0635
305.0377,62.9149,138.8026,122.2784
305.2993,62.7878,138.2793,122.5326
305.6125,64.6628,137.6529,122.8881
305.9907,64.6263,136.8964,122.9611
306.3152,66.6177,136.2474,123.0691
306.6686,66.5350,135.5406,123.2344
306.9468,68.4815,134.9842,123.4155
307.2880,70.4353,134.3018,123.5761
307.6274,70.3619,133.6230,123.7229
307.8203,72.1927,133.2372,124.1132
308.1364,72.1596,132.6051,124.1795
308.4218,72.1131,132.0341,124.2726
308.6594,74.0476,131.5590,124.4393
308.8695,75.8981,131.1388,124.7695
309.2000,75.9113,130.4777,124.7430
309.5146,77.9308,129.8488,124.7230
309.9072,79.9181,129.0634,124.7571
310.3748,80.0443,128.1284,124.5047
310.6661,81.9746,127.5456,124.6226
310.9222,82.0418,127.0334,124.4881
311.2196,84.0267,126.4386,124.4793
311.3797,84.0641,126.1184,124.4044
311.6417,85.9354,125.5945,124.6072
311.9681,85.8970,124.9417,124.6840
312.2723,87.7986,124.3332,124.8118
310.7248,87.8667,123.5048,124.6757
310.9026,89.7870,123.1490,124.7433
311.0932,89.9375,122.7679,124.4424
309.4258,92.0269,122.2097,124.1566
309.5856,94.1172,121.8900,123.8558
309.7794,94.1862,121.5024,123.7178
308.0894,94.2026,121.0208,123.6850
308.3622,96.0593,120.4751,123.8252
306.7372,98.0564,119.8780,123.6781
307.1121,98.1303,119.1282,123.5303
307.5258,98.3202,118.3009,123.1505
307.9370,100.3791,117.4785,122.8349
306.2709,102.4426,117.0264,122.4922
304.5260,102.5931,116.7445,122.1912
304.7237,102.8264,116.3490,121.7246
304.9458,103.0044,115.9049,121.3684
303.3024,103.3330,115.4553,120.7113
301.4437,105.2069,115.4538,120.6825
299.6820,105.4171,115.2588,120.2621
299.9022,105.5872,114.8184,119.9218
300.1533,105.7532,114.3162,119.5899
298.5605,107.5495,113.8183,119.6807
298.8019,109.2839,113.3357,119.8886
299.0519,109.1164,112.8357,120.2236
297.3459,108.8610,112.5780,120.7345
295.5936,110.3970,112.4088,121.3361
295.8516,110.1709,111.8927,121.7883
294.2391,111.8010,111.4386,122.2073
292.7545,111.4881,110.7294,122.8330
293.0903,111.5496,110.0577,122.7100
291.5129,111.5476,109.5482,122.7141
289.9649,111.6269,108.9881,122.5555
290.2768,111.5894,108.3642,122.6304
288.7197,111.7485,107.8424,122.3124
288.9626,111.7642,107.3566,122.2808
287.0837,111.7622,107.5001,122.2850
285.2989,111.6539,107.4529,122.5016
283.6361,111.5961,107.1591,122.6171
283.7261,111.6114,106.9791,122.5865
282.0560,111.6281,106.7061,122.5530
280.4531,111.6093,106.3038,122.5907
278.6788,109.6983,106.2500,122.8102
276.9595,109.5901,106.0838,123.0268
275.2922,107.7335,105.8127,123.1343
273.6714,107.6081,105.4513,123.3851
273.8970,107.4045,105.0002,123.7923
270.5591,107.3495,104.4762,123.9024
270.6953,107.1717,104.2036,124.2579
269.1029,105.0383,103.7940,124.9304
265.8260,104.7782,103.1516,125.4506
264.2530,104.5564,102.7018,125.8942
262.6545,104.3478,102.3037,126.3114
260.9963,104.1046,102.0248,126.7978
259.4063,104.0147,101.6065,126.9777
257.8600,103.8162,101.1048,127.3746
256.2778,103.8645,100.6772,127.2780
252.9495,102.0639,100.1663,127.2954
251.4303,101.9433,99.6289,127.5367
249.8587,101.8548,99.2016,127.7136
248.2566,101.7027,98.8392,128.0179
244.6781,101.4235,98.8660,128.5762
242.9266,101.3333,98.7949,128.7568
241.3283,101.1879,98.4158,129.0475
239.8067,101.0452,97.8850,129.3329
238.2739,100.8283,97.3809,129.7666
236.7370,100.6174,96.8867,130.1884
235.3111,100.4872,96.1721,130.4488
232.1418,102.2215,95.3935,130.5390
230.7283,102.2356,94.6733,130.5107
229.2827,102.1516,94.0297,130.6786
226.0441,102.1090,93.4529,130.7639
224.5112,102.0097,93.0000,130.9624
221.2022,101.8641,92.5894,131.2536
219.6261,101.6883,92.2298,131.6052
218.0661,101.5332,91.8384,131.9155
214.8481,103.1211,91.2553,132.2493
213.3248,102.9623,90.7970,132.5668
211.7994,104.5552,90.3458,132.8831
210.2117,104.4243,90.0217,133.1450
206.8667,106.0607,89.7158,133.3701
205.4137,106.0476,89.1255,133.3964
204.0177,105.9991,88.4305,133.4934
202.4910,105.9195,88.0070,133.6525
199.2607,105.8263,87.5233,133.8389
196.0732,107.4343,86.9645,134.0899
194.6278,107.3714,86.3940,134.2156
193.2211,107.2431,85.7538,134.4722
191.7596,108.8010,85.2300,134.8033
188.6853,110.4113,84.4925,135.0256
189.0128,110.3378,83.8374,135.1726
185.7729,111.9839,83.4669,135.3057
184.2990,111.8272,82.9936,135.6190
182.8486,113.3944,82.4768,135.9023
179.7605,113.2466,81.8266,136.1980
178.3913,113.1854,81.1582,136.3204
177.0081,114.6799,80.5276,136.7286
175.6320,116.3001,79.8870,136.8808
172.6216,117.9121,79.1397,137.0408
172.9063,117.8332,78.5705,137.1988
169.8897,119.2649,77.8707,137.7018
168.5061,119.1922,77.2760,137.8470
167.1609,120.7454,76.6123,138.0948
167.3588,120.7137,76.2165,138.1581
164.3916,122.2190,75.4698,138.4881
162.9950,123.6614,74.9303,138.9360
161.5251,125.0740,74.5401,139.4407
160.1615,126.6085,73.9363,139.7026
157.2979,126.5580,73.0150,139.8037
157.5524,128.0957,72.5060,140.0383
156.2595,128.1445,71.7873,139.9406
154.8845,129.9142,71.2463,139.6920
153.4749,130.0870,70.7878,139.3464
151.9548,131.8550,70.5631,139.0753
150.5684,133.5011,70.0788,139.0400
150.7563,133.5564,69.7029,138.9296
147.9247,135.2038,68.8862,138.8747
148.0654,135.2169,68.6049,138.8486
146.7621,135.2454,67.9916,138.7916
145.3378,136.6522,67.6318,139.1863
145.5491,138.1282,67.2093,139.4421
144.2766,138.0530,66.5500,139.5926
142.8236,139.4323,66.2609,140.0290
142.9867,139.3444,65.9347,140.2047
141.6169,140.8088,65.4812,140.4691
140.2223,142.3049,65.0813,140.6660
140.3808,142.2254,64.7643,140.8250
139.0446,143.7394,64.2548,140.9787
139.2075,143.6629,63.9291,141.1317
137.9080,143.5268,63.3566,141.4040
138.0209,145.1522,63.1308,141.3187
136.6800,145.0671,62.6522,141.4889
135.2073,146.6320,62.4434,141.5133
135.3032,146.6810,62.2516,141.4155
135.3345,146.6107,62.1889,141.5559
135.4233,146.5616,62.0113,141.6541
135.5573,148.0865,61.7434,141.7499
135.6874,148.0965,61.4832,141.7299
134.3312,149.5022,61.0584,142.0556
134.3364,149.4602,61.0479,142.1397
134.3938,149.4311,60.9331,142.1978
134.4546,149.4324,60.8115,142.1953
134.5582,149.3656,60.6044,142.3288
134.6658,149.3706,60.3892,142.3187
134.7335,149.3902,60.2538,142.2796
134.7151,149.3214,60.2905,142.4172
134.7790,149.2951,60.1627,142.4698
136.3763,149.2283,60.0927,142.6033
136.4693,150.7388,59.9068,142.7076
136.4780,150.6452,59.8893,142.8949
138.0431,150.5786,59.8850,143.0281
138.1053,150.5008,59.7605,143.1836
139.6859,150.4714,59.7271,143.2425
141.3416,150.4564,59.5438,143.2724
141.3338,150.3306,59.5594,143.5240
142.8186,151.8238,59.7187,143.6667
144.3757,151.7087,59.7386,143.8968
145.9930,151.5899,59.6415,144.1344
147.5488,153.0758,59.6694,144.3020
149.1581,152.9633,59.5930,144.5271
150.6411,152.8310,59.7712,144.7917
152.2132,152.7228,59.7782,145.0081
153.8318,152.6416,59.6953,145.1704
155.3706,154.1725,59.7730,145.2640
156.8469,154.1681,59.9783,145.2728
159.9744,155.6130,60.0469,145.5448
161.5081,155.5052,60.1463,145.7603
162.9715,155.3122,60.3914,146.1463
166.1012,156.8006,60.4954,146.3513
169.3002,156.6664,60.4703,146.6197
170.8115,156.4820,60.6376,146.9884
174.0467,157.8428,60.5638,147.4651
175.6127,157.6178,60.6354,147.9150
178.9833,157.3846,60.3174,148.3815
182.2354,158.7003,60.2383,148.9626
185.4156,158.6521,60.3172,149.0591
186.8837,158.7051,60.6034,148.9529
191.9250,160.1443,60.1986,149.3006
193.3499,160.0866,60.5724,149.4159
198.3028,160.0581,60.3628,149.4730
199.6868,161.5598,60.8241,149.6987
204.6084,162.8741,60.7026,150.3107
207.6765,162.5904,61.0610,150.8781
209.1016,162.2527,61.4727,151.5535
214.1507,163.4423,61.2113,152.4532
217.2872,163.1180,61.5126,153.1017
220.4543,162.7557,61.7823,153.8265
223.5767,164.2164,62.1718,154.2221
226.8538,165.5833,62.2772,154.8182
231.9089,165.3901,62.1877,155.2046
233.2445,165.1921,62.8609,155.6007
238.2004,164.7953,63.0348,156.3943
241.1954,166.0607,63.7977,157.2399
244.4731,165.8985,64.0468,157.5643
249.5545,165.6140,64.1182,158.1332
252.8604,166.9429,64.3482,158.8964
256.1131,168.1390,64.7146,159.9401
261.3824,168.1369,64.5486,159.9442
262.7993,168.1131,65.1692,159.9919
268.1220,169.7085,64.9228,160.2675
271.3573,169.7091,65.3842,160.2662
274.6421,171.2957,65.7628,160.5671
279.6530,171.1777,66.1967,160.8031
282.9786,171.0178,66.5381,161.1228
286.5211,170.7559,66.4672,161.6467
291.7608,172.3237,66.5277,162.0245
294.9698,172.1207,67.1492,162.4303
298.2172,171.9103,67.7279,162.8513
303.3649,173.4796,68.0918,163.2657
306.7071,173.2484,68.5384,163.7281
309.9583,173.0301,69.1962,164.1647
313.2943,174.7835,69.7204,164.2560
316.5438,174.6082,70.4387,164.6065
321.9401,174.4531,70.5256,164.9167
323.3557,174.2481,71.3270,165.3269
326.8232,175.7271,71.6971,166.0213
332.0150,175.4372,72.3210,166.6012
333.4578,175.2472,73.1240,166.9813
338.7679,175.1785,73.6285,167.1185
342.0867,176.9082,74.4293,167.3783
345.5155,176.6827,75.0458,167.8294
347.0833,176.6031,75.6644,167.9885
352.5029,176.5093,76.1279,168.1762
354.0111,176.3628,76.8899,168.4692
357.4409,176.1839,77.6224,168.8270
358.9621,176.0266,78.3942,169.1415
362.5869,175.7610,78.8088,169.6728
364.3734,175.5516,79.0829,170.0916
367.9837,177.2662,79.5784,170.5203
371.5943,177.1558,80.1031,170.7412
373.2229,177.0996,80.7311,170.8535
374.9175,177.1243,81.2398,170.8042
378.4574,177.0605,81.9721,170.9317
380.1437,177.0955,82.5201,170.8618
381.9176,177.0341,82.9015,170.9846
383.7038,177.0574,83.2667,170.9379
385.4471,176.9584,83.7235,171.1359
387.2623,176.8714,84.0471,171.3099
389.1435,176.7283,84.2468,171.5961
389.0422,176.6267,84.4494,171.7994
390.8555,176.5120,84.7993,172.0287
390.7436,176.4367,85.0230,172.1794
392.6304,176.2439,85.2414,172.5650
392.5205,176.1239,85.4612,172.8049
394.4255,176.0119,85.6597,173.0289
394.2854,175.8683,85.9399,173.3161
394.1451,175.7779,86.2205,173.4970
394.0200,175.6836,86.4707,173.6855
395.8971,173.5747,86.7555,173.8644
395.8094,173.5591,86.9309,173.8955
395.7663,173.5344,87.0171,173.9450
397.7396,173.5015,87.1228,174.0108
397.6667,173.3928,87.2686,174.2281
397.5360,173.3290,87.5299,174.3557
399.4940,171.2866,87.6811,174.3734
399.3949,171.2646,87.8794,174.4174
399.2771,171.2420,88.1149,174.4626
399.1621,171.1671,88.3448,174.6125
399.0223,171.2245,88.6245,174.4976
398.8767,171.2701,88.9157,174.4065
398.7905,171.3288,89.0882,174.2891
400.7151,171.3796,89.3318,174.1874
400.6571,171.3710,89.4480,174.2047
400.6035,171.3263,89.5550,174.2940
400.5453,171.3387,89.6715,174.2692
400.4410,171.3656,89.8801,174.2153
400.2942,171.3365,90.1738,174.2737
400.2046,171.2831,90.3529,174.3804
400.0616,171.3329,90.6391,174.2808
399.9488,171.3348,90.8645,174.2770
399.9406,171.3022,90.8810,174.3423
399.8858,171.2883,90.9906,174.3701
399.8168,171.2910,91.1286,174.3647
399.7008,171.2834,91.3605,174.3798
401.6685,171.3575,91.5588,174.2317
401.6518,171.4321,91.5920,174.0825
401.6439,171.4912,91.6079,173.9643
401.6619,171.5692,91.5718,173.8083
401.6028,171.6393,91.6901,173.6682
401.6010,171.6863,91.6938,173.5741
401.5929,171.7801,91.7099,173.3865
401.5913,171.8448,91.7131,173.2570
401.5820,171.8823,91.7316,173.1821
401.5355,171.9379,91.8247,173.0709
401.4310,172.0041,92.0337,172.9385
401.3518,172.0719,92.1921,172.8029
401.2630,172.1197,92.3696,172.7072
401.1861,172.1424,92.5235,172.6618
401.1182,172.1860,92.6592,172.5747
401.0816,172.2793,92.7324,172.3880
401.0708,172.3373,92.7540,172.2720
401.0587,172.4037,92.7782,172.1392
401.0538,172.4953,92.7881,171.9561
401.0436,172.6023,92.8084,171.7420
401.0606,172.7719,92.7744,171.4029
401.0849,172.9569,92.7258,171.0329
399.0829,173.1068,92.6222,170.7330
399.0393,173.2153,92.7093,170.5161
399.0336,173.3103,92.7207,170.3260
399.0304,173.4152,92.7272,170.1161
399.0067,173.5432,92.7746,169.8603
398.9746,175.7282,92.8388,169.5813
398.9373,175.8699,92.9134,169.2980
398.9607,176.0132,92.8666,169.0115
397.0704,176.1966,92.5669,168.6447
397.0577,176.3061,92.5923,168.4257
397.0435,176.4411,92.6208,168.1557
396.9922,176.5296,92.7234,167.9786
396.9446,176.6752,92.8186,167.6875
396.9071,176.8015,92.8935,167.4348
396.9382,176.9584,92.8314,167.1210
396.9603,179.1295,92.7872,166.8307
395.0914,179.3251,92.4783,166.4393
395.1388,179.4987,92.3834,166.0922
395.1139,179.6060,92.4333,165.8776
395.1266,179.6963,92.4079,165.6970
395.1494,179.8008,92.3622,165.4881
395.1169,181.8470,92.4274,165.4153
395.2500,182.0426,92.1611,165.0239
395.3286,182.1805,92.0038,164.7482
395.4043,182.2717,91.8524,164.5657
395.4926,184.3922,91.6758,164.3220
395.5801,184.4538,91.5009,164.1988
393.6660,184.4398,91.3432,164.2269
393.7158,184.4723,91.2437,164.1619
393.7685,184.5294,91.1382,164.0477
393.7695,184.5792,91.1362,163.9481
393.7914,184.6657,91.0923,163.7750
393.8371,184.8055,91.0010,163.4955
393.8628,184.9137,90.9496,163.2791
393.8887,184.9853,90.8978,163.1360
393.9421,185.0847,90.7911,162.9370
392.0259,187.1043,90.6683,162.8530
391.9496,187.1423,90.8209,162.7769
391.8948,187.1687,90.9305,162.7242
391.8638,187.1818,90.9926,162.6980
391.8524,187.1918,91.0154,162.6780
391.8478,187.1997,91.0245,162.6621
391.8766,187.2233,90.9668,162.6149
391.9164,187.2656,90.8873,162.5304
391.9354,187.2833,90.8493,162.4950
391.9554,187.3070,90.8093,162.4477
391.9396,187.2733,90.8408,162.5150
391.9604,187.3095,90.7992,162.4425
