1
117.4360,53.8661,107.8480,98.2178
109.3353,48.5392,111.0723,92.6505
104.9959,45.7405,113.3413,88.6329
101.4669,40.4064,114.0499,86.6022
100.0254,30.9935,113.7803,86.5131
100.3503,22.5794,113.1306,87.6068
102.5657,15.7595,111.8545,88.6273
109.1222,13.2173,111.3492,90.5598
115.7866,10.4944,110.7221,92.8302
125.5546,8.9691,110.4008,95.8808
130.9611,7.5076,109.3275,98.8037
142.8404,7.7489,108.5051,101.5977
152.8944,11.4881,108.2466,104.0442
161.1958,17.1132,108.3589,106.1658
172.3569,26.5025,109.6846,107.6570
180.3491,29.2793,110.8137,108.9488
189.5625,36.3003,113.1517,108.7500
197.1627,40.8946,115.4230,106.5501
199.3140,46.6880,118.1101,101.9532
198.2153,59.6827,120.3076,96.7432
200.1964,62.3769,123.1716,91.3547
200.5965,66.9469,125.7403,85.5838
202.5145,74.0878,128.5302,81.2406
201.1441,77.2872,131.2710,78.1243
199.8444,75.7686,133.8705,77.8906
198.7852,68.3030,135.9888,79.5994
194.3074,66.9942,134.8466,82.2171
203.3593,60.9960,133.7083,84.0341
182.5996,81.6812,127.5349,86.9500
174.2355,83.4186,120.7250,90.2004
176.5027,78.8015,116.1908,92.8087
176.1594,69.3325,113.5911,95.3158
204.8082,34.0358,112.1679,96.8880
195.7654,29.1593,110.5134,96.7710
189.9239,25.8789,105.8838,100.0692
188.8051,15.9327,101.6351,103.7463
2
0
0
0
0
1
195.1201,147.6468,59.0391,60.1200
194.0340,147.2494,61.2113,60.9148
194.2825,149.2778,62.6376,62.6277
195.8829,156.2282,63.3820,64.5084
195.7913,163.6745,65.5793,65.7280
196.9508,171.3353,67.3959,66.9490
198.7960,179.6280,67.9369,67.2888
201.6521,187.6646,68.6133,66.1223
204.5180,197.1729,69.2467,64.0795
209.2241,205.3918,70.3307,62.3364
212.1082,213.6495,70.8273,60.4390
217.4135,221.6115,70.5446,58.9740
223.7026,229.3792,70.1921,57.7021
228.7126,237.3118,70.2307,55.9186
233.7041,243.7419,70.1647,54.9588
240.9375,249.1406,71.4322,53.9954
247.0721,254.6229,72.9562,52.8832
255.2331,256.9742,74.4130,52.1313
263.1432,261.4912,76.4585,51.0377
275.4429,261.5424,77.8307,50.9354
283.9348,258.9220,78.9975,52.1427
294.0525,252.5196,79.3054,54.6758
304.3521,242.1608,77.6153,58.5853
308.5606,226.6121,73.4776,64.0070
316.4928,206.5939,70.5962,69.4221
319.6052,188.3089,68.7813,72.9173
323.1729,170.1523,68.3398,75.7619
333.9246,150.3731,64.9848,79.0231
339.0054,140.3943,63.8839,78.5944
349.2146,123.7062,63.6323,80.6000
357.4014,105.9089,67.6656,79.9155
348.2376,106.3001,67.4163,76.8111
355.8032,95.8016,65.9058,79.6472
378.9454,59.7518,65.4138,80.7686
386.0751,57.7352,64.9477,80.2042
400.5428,65.6269,65.6875,80.3996
386.3771,88.5504,71.0422,75.9105
376.2784,101.7256,75.0422,72.6992
381.2666,113.0894,76.6987,70.9105
376.1723,124.3942,75.2667,71.5420
2
0
0
0
0
1
333.9005,14.7972,102.1733,103.2858
319.8642,17.0136,101.1259,108.5597
306.4297,21.4827,101.5819,112.8280
290.8167,24.6196,102.4296,116.6803
276.9425,29.8408,102.5882,120.0328
262.7744,30.6588,102.8991,121.8999
251.4991,31.8062,104.2279,123.1421
248.6935,31.7593,106.2617,123.2358
236.4146,32.1348,109.1494,122.4848
233.2406,32.9008,111.8511,120.9529
224.2770,34.2045,115.1163,118.3455
221.2280,35.9344,117.5379,114.8858
214.3180,37.3702,120.3775,112.0140
207.5127,36.7999,123.0107,109.4956
205.2739,35.8228,123.8283,107.7898
199.5790,35.9431,124.2821,107.5493
196.3403,37.4140,123.4624,108.2559
191.5425,36.6898,122.1165,109.7043
181.0599,38.0029,121.1853,110.7276
173.9690,39.3984,120.7622,111.5877
162.2894,44.3324,122.1714,109.0364
154.1577,49.7174,123.8764,105.5457
140.3589,54.4187,126.2036,99.7532
125.9264,58.4746,130.2027,95.1936
107.6304,52.5126,134.9452,92.9624
121.6851,96.7809,128.2788,97.3455
121.1414,103.5966,122.2767,101.4380
85.7138,105.7170,119.2277,104.2357
90.3016,110.9336,113.5692,107.8710
74.9227,87.6585,112.9445,109.0908
63.1392,75.3760,115.5325,109.1803
61.9905,65.0847,117.8298,108.5323
63.5276,59.6686,118.3198,108.6725
63.6866,55.9634,118.0017,108.9351
55.2841,135.5313,113.3680,110.5886
54.8283,143.8811,110.7530,111.5232
58.2239,139.9106,107.4622,112.4633
63.1727,125.7528,104.4908,113.0735
72.9389,116.8905,102.0863,113.6706
82.8307,104.7551,99.2851,114.1656
94.2568,101.6134,96.5893,113.7302
107.8436,88.0164,92.5812,114.4493
120.7225,77.9446,89.6139,115.0582
125.1719,70.1920,90.3658,114.4788
128.4231,61.4836,93.5245,112.5737
138.9776,54.8587,95.1107,112.8548
141.7104,44.0921,96.1891,114.7556
153.7210,43.7489,95.3993,118.7607
157.8785,35.0881,93.8193,122.6120
163.6751,34.9775,92.4286,126.2340
166.1801,36.6091,90.8517,129.8374
170.2285,36.9282,89.6786,132.6608
179.1732,41.8530,89.2144,133.2664
175.0937,51.0549,90.4006,132.2946
185.4077,56.5021,90.7214,131.8746
185.3130,56.5263,90.9107,131.8262
183.6991,58.3129,90.6457,131.7459
183.8307,65.4329,90.3825,131.4548
183.9535,70.8347,90.1369,131.0868
185.7741,77.9110,89.9646,130.8097
189.6650,83.0642,89.1065,130.8888
192.1194,88.0858,87.6465,131.1922
194.3324,96.5830,86.6497,131.3436
194.7122,91.3060,85.8900,131.6531
195.1361,96.2862,85.0423,131.9133
195.6260,99.5759,84.0625,132.1272
197.7328,102.8759,83.2323,132.2940
200.7820,102.0768,80.5060,133.8923
210.0705,104.9809,78.6794,134.7843
214.4674,106.2686,76.5506,135.5412
215.1557,108.6752,75.1739,134.0356
214.1217,111.9062,73.9801,130.8355
214.7307,115.5532,72.7620,126.7358
215.5081,119.3670,71.2073,122.2209
215.9218,131.1645,70.3798,116.7430
