1
441.5955,177.3563,40.9346,45.3724
436.8061,177.2311,41.0024,45.6227
434.6260,176.7198,41.2714,46.6455
429.4742,175.7633,41.8879,47.1746
428.3546,175.5422,42.7252,47.6167
422.3806,174.5043,43.2959,48.2704
418.8034,172.1658,43.2429,48.6229
416.6607,170.6823,43.1900,50.1440
414.3998,167.1751,43.3054,51.2830
410.7188,165.7559,43.2261,52.6332
409.9126,161.6388,43.3307,53.3286
408.2067,161.5252,43.7022,53.5558
405.5536,160.4714,44.4196,54.1336
405.4955,158.7037,44.5356,54.5688
403.1783,157.4708,44.4939,55.4758
403.0418,154.8009,44.7670,56.0998
402.8267,153.6253,45.1972,56.8651
405.2158,152.7503,45.2330,57.0105
410.4380,147.5229,44.4333,56.2130
416.0899,142.5751,44.2053,56.6151
420.8791,138.2628,45.7199,57.3161
426.4275,133.9100,47.5836,57.9214
437.5102,131.8261,48.6510,58.7704
448.4056,129.6336,48.8276,58.0860
450.4762,129.4381,49.7327,56.7948
461.3919,122.9191,51.3747,58.0960
469.7491,119.4445,53.6148,59.8757
478.2760,112.8926,56.2135,62.2601
489.9662,106.8112,57.0795,65.0973
501.0654,108.9344,57.9574,66.6201
510.3638,102.5094,58.9672,67.7061
515.9248,100.5363,59.8072,69.6585
523.9649,77.9948,62.0631,69.9198
524.0206,72.6603,64.0294,70.2010
519.4354,71.4689,64.7464,70.4706
509.8028,72.8770,64.8513,69.7832
494.1432,80.1320,64.3725,70.1124
478.4109,78.5841,64.0762,71.0908
455.2789,81.9875,63.5265,72.7956
432.2586,84.7946,62.3646,73.6181
410.0202,93.5233,61.9092,73.2776
388.3556,102.5276,60.5706,74.4124
369.5341,110.5810,60.0011,75.2890
355.1548,114.4353,58.9795,76.0891
339.4831,120.3261,58.4809,77.0442
325.0079,129.8033,57.6220,77.2531
315.9835,136.2895,56.6054,76.9909
304.4398,139.8774,56.6175,76.1083
293.1383,136.3638,56.2906,74.7975
280.4832,117.3883,56.8901,75.6823
269.6089,84.3512,57.8136,75.1163
256.5501,49.2055,58.8640,72.2946
242.5157,26.9003,60.1165,71.5239
225.8558,6.9817,62.3694,72.0096
199.9572,2.9237,63.4105,71.6663
169.1823,-0.7240,65.4267,70.4569
142.7886,0.7854,66.8653,69.5776
117.0184,2.8455,68.9879,69.7545
99.0916,17.4193,69.8829,71.1958
66.3324,33.3386,68.7506,70.4607
52.2468,37.6306,68.4224,72.8380
41.5257,59.9229,69.8459,70.5151
33.1138,62.1449,71.1968,68.2815
35.1203,62.6005,71.5766,67.3705
56.1189,68.7652,73.3373,65.9805
76.5856,71.8711,74.0750,66.3483
109.5965,79.7922,74.3698,65.9800
132.8978,79.9659,74.1614,65.6325
154.0019,75.6414,73.7618,65.4799
174.5933,79.4693,74.2235,64.3994
185.7175,81.3616,73.7916,64.9781
204.3953,89.9150,73.5683,65.3453
233.8205,97.6864,73.7577,65.1091
247.9596,108.7202,73.8952,64.8997
261.0726,116.0788,73.8842,65.4748
274.2035,118.9824,73.9461,66.2485
288.1570,122.2334,74.7295,66.3673
302.3189,123.3786,75.2790,66.2979
297.7862,115.4974,75.4306,66.4613
308.9810,103.8401,75.3749,67.4419
320.2739,89.5300,75.2714,69.0834
339.2395,74.2859,75.9775,70.0254
372.0284,67.5088,77.0644,69.7870
387.6971,56.9546,78.0937,70.0882
408.4262,57.8815,78.6244,70.5671
419.4527,67.5802,80.0577,69.9587
427.3267,81.7803,80.8374,69.8920
437.4560,94.9824,81.9280,69.5812
434.8233,101.9530,82.4254,69.9438
440.5842,105.4964,82.8911,70.0496
436.8808,106.2014,83.0788,71.0459
427.0021,103.7165,83.4336,71.1651
412.1239,95.1553,83.9975,71.2586
392.4815,90.7347,84.1956,70.3280
367.9446,85.1976,84.6497,69.2473
346.8782,96.4821,83.2128,73.3043
320.5060,100.7610,81.7580,74.6008
296.6693,100.8720,80.1975,74.3788
279.2962,78.8901,78.4360,76.9673
303.1147,59.4615,77.2971,76.6682
303.5732,70.2858,78.8048,76.8414
303.0238,92.2756,79.9035,79.4324
267.2525,78.8974,83.6971,78.5871
261.1017,90.1154,85.7773,79.1492
262.1436,97.0046,86.2902,83.5480
262.1280,97.5095,86.3216,85.2127
262.6364,100.0631,85.3046,85.5081
263.8223,108.2269,82.9329,85.3205
262.4709,113.7542,80.3365,82.2146
261.7159,123.2661,76.7269,81.1095
259.5566,126.8830,73.5894,78.8464
254.0499,134.0697,70.2015,76.4741
255.6097,138.4717,67.0819,74.5981
258.1635,142.8322,64.2047,72.5682
263.8491,143.7763,61.4450,70.6800
268.9613,145.6589,59.5383,68.9942
272.4994,147.2784,58.5306,67.7781
278.1139,148.9643,57.2403,66.3940
281.5866,152.4745,56.1320,65.2107
285.9903,159.0829,54.9628,63.4512
289.8528,165.0659,52.8287,62.6667
296.1823,171.2307,49.2556,64.8747
291.2477,173.3231,48.3660,62.4829
294.5503,180.2957,46.9871,60.7325
297.0117,182.6482,45.4503,59.4133
301.6987,187.0437,44.3149,57.2132
306.3737,189.5370,42.9431,55.4178
309.4000,192.7269,41.5280,53.6757
312.2293,193.4390,40.3582,52.2515
316.4002,194.9053,39.2933,50.7743
