1
34.1974,57.4715,68.4102,88.6245
39.2354,62.8347,68.2057,90.2375
46.4186,71.1915,71.2632,88.4586
49.9123,74.1717,71.8108,87.5215
60.7030,77.7350,70.2785,87.9132
71.0346,78.6408,69.5139,88.5890
81.4494,82.9085,68.5664,89.9946
92.2338,87.5370,66.9282,93.1942
103.0155,88.5132,65.4697,96.2682
111.5076,88.9698,66.2339,97.8904
120.3232,88.5354,66.6108,98.7592
125.7215,87.9150,66.1819,100.0000
128.6432,84.4930,65.5453,101.6371
134.2621,81.2588,64.7773,102.8707
136.7737,78.5800,65.0002,102.9822
144.4734,74.6576,65.3713,102.9418
147.3069,69.5075,64.9723,102.7058
157.8723,65.2691,64.8321,103.3112
174.6388,65.0450,65.4961,101.1288
191.4877,66.6009,65.7150,98.0170
205.9649,68.1935,67.5511,94.8319
223.5511,69.5096,68.0532,92.1995
236.2754,69.1839,67.7696,90.3344
253.7052,68.6069,67.6785,89.0050
266.0800,68.7298,67.5462,88.7592
278.8447,70.0008,66.5752,88.6730
288.0049,68.6447,65.3255,88.9466
289.4568,67.5775,64.8439,88.6586
290.8504,65.2962,64.4668,88.4011
284.9764,64.8605,64.2149,89.2725
275.4447,65.2701,64.0058,90.8623
264.5011,63.4311,64.0260,92.1106
249.5953,62.6119,64.4509,91.3001
237.5971,61.1328,64.0109,91.8147
220.3077,60.3556,64.3714,93.3692
206.2284,63.2418,65.3206,95.0174
189.7852,69.5043,65.5230,95.0633
177.8377,72.3281,66.7542,94.4520
168.2880,78.0848,65.6192,95.5851
157.5982,107.2065,66.7776,92.9504
148.6159,102.9656,67.1934,91.4043
139.9160,103.3277,67.1612,90.6800
131.0400,101.5833,67.5617,91.6901
124.8073,90.0023,67.5235,94.8466
122.7250,87.3409,66.5923,97.6214
119.3514,84.7950,65.6161,100.1387
115.6307,83.8249,65.2691,102.0789
112.7697,83.0057,65.7523,103.7173
110.5722,82.4052,67.4953,104.9183
109.6143,81.9259,69.4111,105.8769
110.4916,83.8734,70.4019,107.4729
118.7460,84.3631,70.6086,109.2794
128.2462,82.7969,71.3235,109.5953
150.0529,76.4460,70.2071,110.9646
165.8883,76.9050,69.7213,110.0466
186.9732,67.8322,69.7485,108.5004
207.8059,70.3856,69.9395,108.9744
222.6438,70.9894,68.2711,110.5675
241.0180,71.6872,67.8783,111.9684
254.0267,66.8178,67.1588,110.4638
268.0941,68.2064,66.7874,110.4629
280.5626,70.5076,66.7811,111.4007
290.1781,72.6311,67.0377,112.7216
299.1683,67.4982,68.7126,111.7556
303.0218,59.2648,69.4708,111.2921
302.5829,55.1458,70.3485,111.0475
301.9201,52.3566,71.6743,110.9487
291.5068,55.2708,72.4858,113.6981
279.3408,59.9823,73.5058,115.9313
262.7515,62.9146,74.0748,118.9601
239.0905,71.8109,76.1073,119.2833
224.8564,72.1344,77.0518,118.6363
200.4648,73.2981,79.8711,116.3089
171.0068,75.0326,83.4174,112.8399
145.6037,78.6141,84.9120,111.8408
123.1148,80.3189,86.6130,114.6136
104.0379,71.4612,89.9930,116.5228
81.1859,67.3898,93.5055,118.1746
63.4988,66.7701,95.6010,122.7420
43.2277,58.8566,98.3932,124.8415
28.0869,57.6145,100.6001,123.8165
8.7283,63.0723,104.0233,123.4890
1.0338,66.3032,105.0939,124.1864
-10.4092,73.4783,102.7270,127.8742
-9.5498,72.1098,101.0081,130.6111
-9.1247,71.2806,100.1578,132.2695
-8.9453,67.1935,99.7991,133.1406
-5.5728,59.8269,100.3720,133.2381
-2.8185,59.7818,102.2030,133.3283
-2.0636,63.6097,104.3942,133.0747
0.5223,65.6260,106.6881,132.7749
1.2033,67.9041,109.0917,131.9842
4.4437,67.3553,110.1952,133.0818
16.1513,72.2973,109.7413,134.6785
20.9174,75.4364,107.8973,136.0884
31.4786,77.1099,105.9544,136.5774
35.0937,78.4062,102.5358,137.7966
45.5223,80.4049,100.5516,137.5738
55.9104,81.8383,98.4686,138.4455
65.2857,79.3204,98.3062,139.7637
76.9870,79.3792,97.3128,139.6460
101.0295,79.9017,97.5452,134.8844
118.1622,81.5680,96.1162,131.5518
134.8068,82.9224,94.9970,128.8430
160.7544,84.5118,95.8261,125.6642
191.0748,90.7979,94.3472,127.0125
219.1376,97.6020,90.3689,130.7866
233.8628,97.6764,88.6639,134.1060
258.7773,94.2687,87.6934,133.9416
280.2155,96.3515,86.4723,133.2473
299.2516,100.0372,86.2454,132.7569
312.1522,100.0317,87.8792,132.7679
325.3249,98.1242,89.1876,133.1261
337.7716,91.0528,88.6812,133.3336
337.9584,87.0229,88.3075,134.4362
338.5981,82.9930,87.0282,135.5181
336.7638,74.5847,87.2130,134.9157
332.6795,68.3150,88.4259,133.5437
317.8609,70.3828,90.2432,132.8855
302.3170,62.3698,93.3489,131.4227
286.7524,64.1044,96.2622,131.4805
272.9479,67.3071,98.8408,132.2267
264.5815,74.8265,101.0563,135.3346
253.6592,79.0410,104.3364,138.0442
246.5970,81.2638,107.0375,141.2142
245.5721,76.1505,109.0872,143.6404
246.2875,73.6292,107.6565,144.7125
244.8022,73.5759,106.6634,144.8190
236.1758,70.1197,108.1205,143.8335
220.3262,65.2889,112.1150,141.6218
191.9586,59.3472,113.0030,141.5378
169.4365,59.6484,114.0228,140.9354
156.6796,60.4822,115.4797,139.2678
150.8609,63.1860,115.0948,137.8676
152.8416,65.4236,115.1130,137.3720
165.8641,65.7845,116.8741,136.6502
193.0446,65.2071,114.3761,137.8050
206.9796,67.5903,110.3086,140.9728
215.0524,85.7198,106.0123,144.2118
228.4017,86.5570,102.8881,146.4666
228.8343,86.0985,102.0228,147.3834
229.1988,87.3281,101.2938,148.8357
229.5189,88.6252,100.6536,150.1627
225.8068,93.8073,100.2167,151.5902
217.1214,100.0468,101.8084,150.9457
211.6261,107.9347,104.8760,151.0160
196.6248,104.5117,106.7849,149.8352
198.5339,100.2171,106.9937,150.3702
204.6925,95.0913,102.7536,156.5833
209.0443,93.5670,98.1118,163.6939
221.0809,82.7544,94.4909,168.9574
232.7248,80.5536,91.7389,173.3590
247.9031,77.6043,90.2574,175.1325
263.8342,74.5446,87.2743,177.1264
277.5713,71.7393,84.4197,178.6338
286.2697,69.8273,83.3252,178.3821
288.2523,73.5600,83.4128,179.0223
292.2522,66.4417,83.5404,181.0679
291.8570,66.4395,84.3309,181.0723
291.4155,66.4955,85.2138,180.9602
289.3688,66.0335,85.1838,181.8844
283.5816,65.5707,84.3493,182.8098
273.8415,65.6734,83.1537,182.6044
260.6628,77.6819,84.8436,179.1438
256.6902,86.1227,88.6983,174.5334
252.8103,90.3706,92.3682,170.1276
251.2359,86.4259,95.5170,165.7525
249.0405,78.0203,99.9078,162.1779
233.3344,76.1414,102.6333,161.8375
228.6504,65.8607,103.7238,161.7053
243.1281,107.4356,108.0082,157.5001
241.8100,106.3521,110.6445,155.5040
225.0223,79.6912,114.9851,154.5327
211.1309,63.6354,117.3702,152.7808
209.9627,64.5984,119.7067,150.8548
220.7544,80.0166,119.3920,154.0483
169.3938,55.6367,123.2707,151.2381
150.5225,58.9220,126.4745,148.9850
149.1865,61.8668,129.1465,147.4297
150.9264,61.4868,130.0199,148.1898
155.7048,63.0699,129.2208,149.4024
156.1368,64.9685,128.3570,149.9901
155.2668,68.0933,125.7168,152.5007
159.6826,58.3873,121.2615,158.7838
169.8632,72.2363,118.5014,161.8875
170.8762,77.7044,116.4753,164.1583
175.6799,72.3106,115.6749,166.1391
172.7573,72.1763,117.0997,166.4077
183.4199,72.8259,118.0134,169.5563
183.4226,71.8363,118.0081,171.5356
184.8938,78.7177,115.0658,175.9335
202.5639,78.5818,111.6283,180.7630
219.6329,79.6165,109.4962,183.2659
221.4984,79.8138,110.3391,182.8711
224.9560,81.5336,112.5879,179.4316
227.5206,72.3706,116.5958,174.9151
227.7632,67.3159,120.6781,171.3214
227.9094,70.9479,124.9669,168.6384
223.9621,71.7963,128.2506,166.9416
220.6873,69.8811,130.1615,166.1333
221.8238,68.7917,127.8884,168.3122
233.9573,65.9328,122.2363,174.0300
245.7274,61.4579,117.2871,178.3320
252.4040,55.6461,113.1949,180.6945
252.6802,51.5095,112.6426,179.7726
248.6869,46.0315,116.0546,177.0051
233.1021,46.4532,119.6836,176.1616
233.6194,54.1167,123.2868,174.7478
234.3266,62.8555,121.8724,175.9738
233.6937,66.3616,118.4671,178.3038
226.1600,71.8535,114.9355,181.2693
212.0642,63.3357,115.3153,179.7637
193.6716,56.3103,115.1475,179.9571
170.6451,56.4251,115.0084,179.7275
150.8263,49.4629,117.7384,175.1981
132.3143,48.6680,118.0350,172.1970
131.9156,40.1916,114.2815,175.4980
131.6611,35.8191,110.2527,179.7050
133.1064,34.4894,107.3621,182.3643
134.1152,30.7995,105.3446,185.2199
147.6657,31.9764,105.4379,187.3985
155.3849,35.6564,108.2644,184.6047
156.6963,42.2157,110.2143,185.2045
171.0405,49.0543,109.2137,189.9858
189.8567,34.9391,108.9308,190.2041
209.6257,58.3972,106.7297,194.6262
215.1865,57.0776,104.9983,197.2653
220.9718,57.9103,102.8362,200.3043
223.6310,60.0141,102.2295,200.8085
223.5690,68.2370,102.3535,198.4888
222.9860,69.2309,103.5195,196.5010
216.9784,70.3865,106.1994,194.1898
194.1790,74.0808,109.6825,191.4807
178.7583,70.2480,112.3310,189.7487
175.2450,68.5572,114.6397,188.4124
174.3755,66.2490,116.3788,188.2917
171.7665,75.6324,116.8324,188.5826
172.3227,72.3205,115.7200,190.4301
172.6908,59.2937,114.9838,192.5575
202.3215,50.9128,118.1809,190.1013
205.4366,54.3796,116.7722,192.8111
205.4704,49.8667,116.7047,192.1601
218.7362,58.3066,114.3111,194.5905
220.1121,71.1785,111.5593,197.7870
223.6373,74.4440,109.3329,200.9041
224.5950,77.5106,107.4176,204.4351
227.9417,78.0909,105.5753,208.1257
228.4320,77.3901,104.5948,209.5273
225.3597,68.6607,105.8622,207.4768
217.2508,69.5296,107.4723,205.7391
204.8493,73.5115,107.9184,207.5181
187.3963,77.1300,108.4880,210.0915
176.1803,78.2271,111.1088,207.8973
174.9359,78.7465,113.5975,206.8585
173.9250,84.2288,115.6193,205.8795
173.0488,89.3639,117.3718,205.6351
176.8365,80.1502,119.8744,203.9064
206.3329,74.4492,121.5512,200.1410
204.4904,78.6368,120.2081,201.8220
217.9939,78.6961,118.3535,201.7033
218.4221,76.4454,117.4970,201.2074
218.6996,72.0085,116.9420,200.1302
197.2703,58.5214,120.1996,197.4037
191.1537,56.8697,122.5037,195.7424
182.9964,56.9168,123.8829,195.6483
174.5451,45.2616,125.7850,193.9580
160.5086,45.2514,128.8250,193.9784
164.2896,45.9425,131.3780,192.5962
165.5546,45.6820,133.9272,193.1171
167.0961,46.0649,135.9734,192.3513
168.7506,46.6606,137.8158,191.1600
165.0237,49.5343,140.1060,190.5763
163.6675,54.2978,142.8184,191.4340
160.4629,55.5292,143.9777,194.2211
158.1788,55.9872,143.2346,198.6163
146.6331,38.1232,144.8629,196.7839
128.8544,36.9223,148.2320,193.8209
75.4452,43.7477,152.9314,190.9195
73.6103,47.4729,156.6011,188.8757
71.8361,48.3565,160.1495,187.1086
75.6642,43.5828,163.4224,185.7270
114.6638,37.8669,162.3617,186.1676
140.0725,39.0929,160.9134,189.2010
169.7946,54.5781,162.0694,191.2853
187.4428,61.1445,160.1323,194.8320
209.0676,66.7253,155.9659,200.4204
213.8614,57.3738,151.9798,202.3190
231.8336,52.6161,149.4278,200.7037
232.9690,50.6475,147.1570,199.1417
233.9516,54.1617,145.1918,197.5515
232.9554,54.1223,141.8024,197.6304
229.1571,56.8419,138.7445,197.5184
225.0879,59.5002,136.3323,197.4770
223.3862,59.3577,134.5011,197.7621
224.8815,59.1361,131.5104,198.2052
225.7144,59.7795,129.8446,196.9184
226.0858,60.5139,129.1018,195.4496
223.2738,61.2767,129.6415,193.9240
219.7048,67.2358,131.7093,192.1465
215.5362,73.1937,134.9686,190.3863
212.0206,73.7320,136.8947,189.3097
204.8179,70.8552,135.9387,189.9428
203.7285,72.5059,133.0031,191.7558
203.0734,73.2682,129.2199,195.3246
206.2766,72.7379,127.8979,196.3853
209.0121,73.2537,127.5053,195.3535
209.4135,71.2301,126.7024,194.3444
210.4004,68.5872,124.7287,194.6025
214.3122,65.8075,121.9037,195.1634
221.0053,64.6358,118.4369,197.5068
222.2895,64.3251,115.8686,198.1281
220.6536,62.4035,114.2382,197.0691
193.3135,47.8548,120.3293,192.1543
166.4970,40.4154,125.0784,187.4794
152.1439,45.2156,129.2967,182.7766
150.6464,46.9497,132.2917,179.3084
165.8163,46.0436,136.2037,176.2275
197.1079,62.9615,137.4514,176.7623
214.3376,60.9432,132.6233,180.7989
231.9673,57.5923,131.8123,182.5794
246.5325,54.6909,132.2911,183.4474
247.1417,53.6225,131.0728,185.5841
239.7837,51.0539,125.9158,190.7215
219.0756,58.1405,127.6502,191.4290
215.1482,73.5407,130.5053,190.6267
173.2473,58.6812,133.7473,190.1358
158.0684,65.1068,133.6180,192.5281
160.8472,69.1716,133.1757,194.6289
163.2623,71.5809,133.4850,194.9497
169.5449,75.8930,131.2188,201.7740
187.4342,64.4845,131.9415,203.7332
204.3559,58.7627,129.6336,204.6649
211.8666,59.6394,125.0747,208.1428
208.7904,62.9814,126.0204,206.6654
198.8446,72.8996,130.3105,202.4306
172.1004,74.5960,131.7073,204.2470
172.3931,77.3763,131.1219,209.2059
175.6163,84.7621,129.9997,215.7306
196.8583,79.1392,130.7361,216.1713
219.0869,84.5197,129.6513,216.2534
236.8917,88.8468,131.8730,213.0036
264.0491,62.3388,136.8857,206.6920
267.6793,59.1671,140.3907,202.2700
258.7159,53.5801,136.8209,202.6957
239.5536,50.0740,132.5734,204.3863
220.2997,51.3894,128.8713,207.0317
210.2328,53.1883,127.9896,208.6878
173.7094,52.4327,132.6071,204.9352
153.8610,53.6622,135.3087,202.4763
130.4435,52.8701,139.7990,198.7673
125.6659,51.9917,144.0426,195.2126
127.0248,50.2752,146.6522,193.3182
127.6028,18.9874,145.4961,197.1402
105.4287,1.1318,146.8003,195.1879
96.8631,1.9321,147.8152,193.5873
83.7800,9.6367,147.1597,194.2711
147.3288,72.0777,143.4353,198.1264
147.6544,71.8495,142.7841,198.5828
141.1290,62.4361,145.1192,195.9780
111.9292,56.6141,149.9522,191.5520
103.7782,56.1801,155.5181,187.0520
104.4932,55.0703,159.4772,183.8825
120.7616,54.9623,159.3633,184.0985
118.9126,43.6720,157.6559,185.0578
