1
149.0359,217.8579,189.9282,31.2841
149.4303,218.0951,189.1395,30.8099
149.6925,218.3071,188.6151,30.3857
149.8974,218.5022,188.2052,29.9956
150.0046,218.6734,187.9907,29.6532
150.0692,218.8198,187.8617,29.3603
151.6390,218.9839,187.9070,29.0322
151.6407,219.1162,187.9037,28.7675
151.4754,219.2733,188.2343,28.4534
152.6429,219.3513,189.0713,28.2974
152.3178,219.4327,189.7214,28.1346
158.3165,229.1269,190.4687,27.8632
156.4300,229.3017,191.0506,27.5135
156.3028,229.4654,191.3050,27.1861
156.2023,229.6727,191.5061,26.7715
157.7028,229.8984,191.6884,26.3200
156.9587,230.0293,193.1765,26.0584
159.3401,230.0817,194.7975,25.9536
160.1552,230.0544,196.3794,26.0081
125.9395,230.0091,196.8750,26.0987
161.7742,242.9033,196.5672,26.2600
162.7937,242.8944,197.7711,26.2779
164.1120,242.8954,198.3941,26.2759
165.3470,242.9554,199.1925,26.1559
166.3988,243.1020,200.3657,25.8626
167.6559,243.0854,201.1384,25.8959
170.3759,242.9933,202.2951,26.0801
170.0754,242.7086,202.8961,26.6495
172.7914,254.1665,204.1400,27.0989
175.6133,253.7709,205.2244,27.8902
177.2656,253.3710,205.3150,28.6899
178.6987,252.9898,205.8614,29.4522
180.0205,252.5630,206.6534,30.3059
183.1183,251.9437,207.3852,31.5445
186.5162,251.2732,207.5867,32.8855
189.5575,252.5004,208.5607,33.9595
192.7177,251.8676,209.3667,35.2249
195.9155,254.9653,210.1701,36.2285
197.6656,254.1504,210.3003,37.8584
201.2651,253.3118,210.4305,39.5355
205.0146,252.4031,210.3302,41.3531
208.9459,251.4365,209.9346,43.2863
214.8110,254.1341,209.5014,45.4224
216.7367,253.0268,209.4509,47.6369
223.8718,253.8365,210.5524,49.8605
223.5856,252.7267,211.1248,52.0800
223.7986,251.6749,210.6987,54.1836
226.2618,250.5623,209.7576,56.4088
231.3593,249.7292,207.5904,58.0749
236.8004,249.0738,204.7376,59.3858
240.5993,248.3464,201.1385,60.8407
250.1763,247.4514,197.8845,62.6306
252.9916,246.7698,196.2160,63.9938
257.6166,246.0286,194.8926,65.4763
260.5011,245.0235,193.0952,67.4864
267.7645,242.3356,190.5165,68.8796
270.8188,239.3811,188.3789,70.8175
274.0382,236.4824,185.9157,72.6393
281.2871,235.7233,183.3363,74.1575
284.8550,233.1012,180.1634,75.4390
288.4401,232.5083,176.9330,76.6246
294.0824,229.8481,173.4768,78.0311
297.6152,229.3189,170.3000,79.0893
301.3266,226.7275,166.7383,80.4110
305.0494,224.2420,163.1251,81.5496
309.0194,221.9713,158.9841,82.2919
312.8594,219.8872,155.0556,82.7088
316.5273,219.6785,151.4205,83.1262
320.4607,215.7379,147.2080,83.6988
323.8931,215.5823,143.9449,84.0100
327.1505,213.6070,140.9888,84.4019
329.0206,211.7271,137.2487,84.6404
330.9299,209.6339,133.4300,85.3571
332.9039,207.6186,129.4821,85.9630
336.4782,205.8061,125.7089,86.2125
338.2843,204.0841,122.0968,86.3337
340.0402,202.5196,118.5850,86.1924
341.8083,201.0355,115.0488,85.9460
345.1929,199.5669,111.4365,85.7261
346.8032,199.9398,108.2159,84.9802
348.7198,197.0849,104.3828,84.6162
350.2406,195.6663,101.3412,84.4812
351.6248,192.7000,98.5728,84.5671
352.9191,191.4132,95.9842,84.2586
354.2659,190.5113,93.2906,83.2254
355.7452,188.1819,90.3318,82.3271
355.8380,188.7050,87.4280,81.2808
356.0908,187.6807,84.2660,80.6730
356.0825,186.5567,81.6853,80.3238
356.1861,184.5476,78.9269,79.2394
356.3509,185.0416,76.1065,78.2513
356.5289,185.3537,73.3196,77.6272
356.6584,185.5352,70.6838,77.2641
356.6245,184.5751,68.4224,76.8550
355.5035,183.7680,66.0904,76.1824
354.1598,184.0752,64.2997,75.5679
353.8791,184.3376,62.6603,75.0432
353.8304,184.6015,60.5913,74.5154
352.7265,184.8135,58.5494,74.0914
351.7711,185.1848,56.2897,73.3487
352.6042,185.5241,54.6235,72.6702
349.4691,185.0304,52.8954,71.6580
350.0502,185.2661,51.7332,71.1866
348.8025,185.6658,50.3692,70.3871
347.6045,185.9693,48.9751,69.7801
347.1213,186.7809,48.0785,68.1570
346.6220,186.8595,47.2533,66.1762
345.3644,188.4241,46.2085,64.8271
344.1997,189.3832,45.0530,64.6512
343.0707,190.0728,43.8695,64.9927
343.0598,190.1769,42.1850,64.7846
343.7769,191.1526,40.7508,64.5082
342.0613,191.6985,39.2410,63.4165
341.8009,192.0360,38.1564,62.7416
341.4005,193.3480,37.3801,61.6945
341.7666,194.2937,36.6478,61.3516
340.4809,194.3422,36.1572,61.2546
340.2628,195.2752,35.0723,60.9099
339.3013,195.6665,33.9996,60.1273
339.6845,195.7914,33.2332,59.8775
339.5258,196.7198,32.0993,59.4720
339.3306,197.7205,31.0639,58.8963
339.1282,197.9609,30.0691,58.4155
339.0085,198.7618,28.9330,58.1893
338.6389,199.1982,28.3197,57.3164
338.3514,199.5376,27.5656,56.6376
338.7801,199.9326,26.7082,55.8476
338.5005,200.2999,25.9877,55.1131
338.8085,201.7803,25.3716,54.6651
338.6725,202.1985,24.4046,53.8288
339.6646,202.6096,23.6304,53.0065
339.9349,203.1279,23.0897,51.9700
339.6706,203.4490,22.4585,51.3278
339.4347,204.0585,21.7907,50.1088
339.7828,204.5391,21.0945,49.1476
340.6790,205.1724,20.3859,47.8808
341.5528,205.6035,19.6915,47.0186
341.8136,206.0677,19.1699,46.0902
342.0668,206.4598,18.6635,45.3060
342.1899,206.8379,18.4171,44.5499
342.8698,206.8959,18.0275,43.4639
342.9731,207.3359,17.8209,42.5838
343.5614,207.8459,17.5753,41.5639
344.0223,208.4573,17.5655,40.3411
344.9438,209.0272,17.5108,39.2012
345.4001,209.0654,17.4748,38.2483
346.1778,209.2073,17.6436,37.1023
347.7482,209.4462,17.8964,35.7761
347.6789,209.5666,18.0350,34.7019
347.6546,208.9077,18.0836,33.5594
348.4784,209.5080,18.0442,32.3589
349.6436,209.7386,18.0709,31.1120
350.3664,209.9582,18.1607,29.9051
351.8052,210.1939,18.2883,28.6824
352.8260,210.2928,18.4521,27.7493
352.7751,210.4118,18.5539,26.7874
354.2247,214.7954,18.4991,27.2644
355.1710,209.5512,18.7587,26.2748
355.2842,205.6815,19.2389,25.5337
358.7212,203.7213,19.3983,25.2340
353.3845,208.5937,20.2526,24.6071
358.8430,205.8465,20.6253,23.7509
359.2675,200.9849,21.1732,22.9980
360.2224,202.6125,21.3498,22.5246
361.7320,202.4910,21.7850,22.0769
361.5718,199.9688,22.1053,21.5953
362.0949,200.2729,22.4355,20.9871
363.9317,198.1933,22.8643,20.3601
364.0457,198.1588,23.3166,19.7488
365.3497,195.8978,24.0967,19.5276
366.9686,195.3434,24.9753,19.2643
366.4799,194.3256,25.9528,19.2141
366.3811,194.1533,26.8595,19.5588
366.4568,191.5644,27.4370,19.6355
367.7806,190.4333,28.4831,20.4201
368.0791,188.5799,29.4212,21.0569
368.9653,187.4138,30.0252,21.8046
369.8138,185.2605,30.7693,22.8566
370.6550,184.2197,31.6134,24.0961
370.2747,180.9718,32.3742,25.3399
371.3126,180.3096,33.0198,26.6645
371.8766,179.2157,33.7691,27.9136
372.4663,175.5983,34.5302,29.3267
372.5996,174.9464,35.2683,30.6305
372.7215,172.7247,36.0617,31.9625
372.8578,171.0070,36.8598,33.2563
374.6015,168.7439,37.7877,34.4711
374.1685,168.1464,38.6538,35.6661
375.0107,165.0357,39.3097,37.2069
374.6914,164.5495,39.9483,38.1792
374.3770,160.8665,40.5771,39.3939
374.7756,159.5062,41.0393,40.8551
374.9886,159.0197,41.9030,41.8282
376.5589,157.2611,42.7182,42.7081
376.9669,155.3633,43.2473,43.8132
376.5668,154.2562,44.0477,44.6563
376.1118,151.6471,44.9577,45.6838
376.3927,150.2882,45.8231,46.9741
376.0333,149.4162,46.5420,48.7183
378.3181,147.6650,46.4727,50.7205
378.1336,146.6472,46.8415,52.7561
378.1127,144.9454,46.8833,54.5918
378.1784,139.8735,46.7520,53.5575
377.8933,139.8345,47.3222,53.6357
377.5987,138.8967,47.9114,53.9221
377.2356,137.9232,48.6376,54.2662
376.9718,135.2757,49.1652,54.7014
376.6359,134.2349,49.8369,55.1478
376.3338,131.4999,50.4411,55.6594
375.9060,130.3614,51.2968,56.2662
376.4305,128.3158,51.9412,56.9704
376.1185,126.1935,52.5653,57.7856
375.9183,124.1160,52.9656,58.4660
376.3909,121.9640,53.7748,59.2614
376.7640,118.8771,54.8081,60.0964
377.1471,117.4974,55.8510,61.0469
376.8730,115.2597,56.3992,61.8413
376.4315,112.9832,57.2823,62.6712
376.0298,110.6706,58.0855,63.5193
375.6272,106.4531,58.8907,64.2960
376.1925,105.0460,59.6996,65.1708
376.7937,101.7272,60.4632,65.9105
376.3577,100.2317,61.3353,66.9117
376.9689,95.7388,62.1319,67.8208
377.5833,94.3716,62.9491,68.5092
377.0494,90.8798,64.0169,69.2837
377.5934,88.3120,65.0279,70.2215
378.2209,84.7578,65.9024,70.9414
378.7949,83.3168,66.9090,71.6688
379.3327,77.4045,68.0153,72.5833
378.7337,75.8517,69.2133,73.4751
380.4279,73.1878,70.3187,74.3093
381.1438,70.6256,71.1642,74.8788
381.7195,67.9431,72.3126,75.6444
382.2681,64.0814,73.5451,76.3782
382.8766,62.5867,74.6891,77.0067
383.5074,57.4494,75.8163,77.7260
384.1447,55.9079,76.9596,78.3910
384.7962,53.2957,78.1031,78.7227
385.2969,50.8328,79.5715,78.7090
386.0005,46.9408,80.6569,79.0152
387.0182,47.1238,81.1358,78.6492
388.0250,44.4734,81.6384,78.9175
387.7983,45.6032,79.5635,76.6579
392.6323,38.6324,77.2759,78.2991
385.1602,31.0611,72.6201,78.7419
405.7255,33.0075,76.7696,79.6154
405.4398,52.1218,77.3410,78.3267
404.6955,55.6791,78.8296,76.1148
404.4383,49.9370,79.3440,75.3991
403.2502,42.6306,79.2835,75.3918
380.1164,47.5049,79.2739,75.3858
370.3192,58.5234,79.3852,75.2674
336.0369,59.5595,82.1979,73.1952
2
0
0
0
0
1
391.9633,20.0529,106.0303,84.9374
421.7911,18.7223,106.4300,84.5959
423.3133,18.6952,106.3890,84.6500
423.4375,17.0456,106.1406,84.9456
423.4650,13.9867,106.0857,85.0543
397.9175,36.5265,106.0868,85.0574
414.4496,22.9977,106.0841,85.0648
406.9374,24.4975,106.0801,85.0707
429.4820,1.9548,106.0765,85.0707
428.0112,-19.0483,106.0124,84.9979
453.4062,-6.9600,106.2816,84.8492
424.8865,-24.9146,106.2222,84.6960
456.0202,-11.0648,106.9928,84.0127
455.9062,-12.4835,107.2207,83.8476
452.5982,-1.6995,107.8301,83.3027
451.8747,-2.7778,109.2771,82.4556
451.8378,-20.8250,109.3510,82.4058
452.5196,2.3203,110.9997,81.3000
452.3383,3.3749,114.3816,79.1908
456.0913,3.8151,115.9829,78.3104
454.3379,9.2934,119.4897,76.4899
453.0081,12.2692,125.2169,73.6059
452.0969,12.7504,127.0393,72.6434
451.1258,2.2109,128.9815,71.9153
483.2922,4.3678,136.6768,70.7333
477.7592,4.4859,144.5182,70.4970
489.6064,6.3634,147.5078,70.0776
482.4776,7.9696,151.6499,70.2371
482.8593,9.5777,154.3214,70.4558
480.9304,7.2055,158.1792,71.7226
479.8806,6.2962,160.2787,73.5411
481.6577,19.1106,160.3430,73.2405
483.7656,11.1179,159.7411,74.7700
487.2127,10.5372,160.1109,75.9313
485.5529,28.6118,159.7729,76.3583
496.5349,28.3174,159.7698,76.9472
488.5797,14.3906,160.9988,79.1085
494.0675,16.0702,161.2006,79.4751
493.7151,16.8444,161.9053,81.6618
493.7429,25.9601,161.8498,82.3470
489.9153,24.0649,161.9165,82.3430
499.3650,37.4087,161.9931,82.2221
501.3594,33.5404,161.7986,82.3702
394.7698,11.1559,170.1032,81.6114
2
0
0
0
0
1
487.2075,105.1788,105.6274,28.8540
488.4357,106.5577,105.2007,28.1259
486.2024,114.0492,105.6473,27.2129
486.2834,114.5338,105.4851,26.2438
482.2779,122.7276,105.5825,25.6835
482.7122,123.6210,106.6832,23.8967
483.9284,124.1037,106.2009,22.9314
487.0497,132.3880,103.8083,21.7624
489.0638,132.9724,101.6491,20.5937
488.5586,140.6880,100.8434,19.6921
487.7595,140.7065,100.6542,19.6551
487.1352,148.1712,100.1186,18.9981
486.5108,148.0952,99.6038,19.1503
485.0170,155.3877,99.0722,18.6419
484.2668,155.7015,98.8303,18.0142
483.2100,163.1798,99.2173,16.8699
482.3756,163.3522,99.1769,16.5250
481.6592,170.5845,98.9078,15.6757
471.0227,171.5955,98.3247,15.3349
481.9891,178.7184,98.0547,14.4200
480.1731,184.5730,98.3981,14.2207
480.6897,184.5635,97.3648,14.2398
478.8297,191.1386,96.1916,14.1386
478.1264,191.2226,95.9852,13.9707
478.4332,196.9001,95.3716,13.8623
477.4012,196.8284,95.8395,14.0057
478.3474,203.0957,93.9473,14.3140
473.3452,202.8950,92.8538,14.7154
475.0666,209.1355,90.9892,14.8610
475.3972,209.8478,90.3280,14.9918
475.1349,215.8605,89.3037,15.3574
475.0985,215.4928,87.8346,16.0927
472.3637,221.4282,87.1598,16.5104
472.6195,221.7837,86.6482,17.3344
472.3210,226.6856,85.7015,18.3377
471.8822,227.0143,85.0288,19.2306
471.5265,230.6967,84.1822,19.6558
469.3344,231.7469,83.9037,20.6639
468.7788,236.1367,83.4451,21.3022
466.3074,236.4392,83.6619,22.2726
465.5782,241.8553,83.5236,22.6172
464.8999,242.3332,83.2791,23.2626
464.2979,246.7511,82.8730,24.0863
463.6249,247.8115,82.5996,25.2045
463.0055,252.3432,82.2020,25.9598
462.6426,252.6508,81.2830,26.9894
460.9925,254.5045,81.2819,28.2338
459.4429,256.5603,81.0345,29.1420
458.1833,259.5685,80.1812,29.8709
457.4832,260.6829,79.8942,31.0164
455.9837,264.5019,79.4858,31.8969
454.5457,265.6252,78.9347,33.0775
452.3079,266.9306,78.2305,33.9199
451.8592,269.2315,77.3964,34.5121
450.1878,272.3266,77.2798,35.2406
450.1578,274.4708,77.3399,36.1746
447.7107,275.7628,76.9601,37.1066
446.4284,277.1582,75.9872,37.8531
445.3033,279.4887,74.7025,38.4944
443.9488,282.4227,73.8922,39.6652
442.4516,283.6834,73.3510,40.6795
440.3510,285.0573,72.2204,41.4862
439.1052,286.5621,71.1636,42.0251
438.1603,286.7744,71.2857,43.3683
437.5085,289.7861,70.7972,44.5133
435.9428,291.0570,70.3203,45.5797
432.7299,293.3797,69.4870,46.3786
432.1758,293.9656,68.7797,47.0223
430.0453,298.1410,67.5939,47.7496
429.5422,298.5069,66.7904,48.8275
426.2134,300.0336,66.1870,49.4046
425.4476,301.3665,65.9030,50.3699
423.9182,302.7681,65.3081,51.2206
421.6259,305.1948,64.3973,51.8625
419.2681,305.6740,63.6283,52.7321
417.8940,307.8393,62.7156,53.8930
415.3914,308.1403,62.2156,55.1259
414.7917,308.6226,61.5681,56.0085
411.5201,310.1319,60.7069,56.6919
410.9796,311.6167,59.9393,57.4194
407.8058,312.2363,58.8947,58.0283
404.7234,313.6935,57.6943,58.7965
403.5231,314.4003,56.4260,59.2173
401.2509,314.8276,55.5073,60.1838
398.6335,317.0961,55.2775,61.1114
396.3018,317.4370,54.4440,62.2620
394.8113,317.9548,53.7513,63.0632
391.6309,318.5743,52.7595,63.6623
388.6744,319.3996,51.3470,63.8432
387.3942,320.0364,50.2847,64.3808
384.3973,319.7146,49.0690,65.0245
381.3871,321.2057,47.9201,65.6268
379.2968,321.8223,46.7525,66.1764
376.3777,322.1663,45.5035,67.2603
372.6212,321.7998,44.1789,67.9933
371.3545,322.3315,43.1993,68.6865
367.4518,322.7993,42.2522,69.5012
364.4727,322.4007,41.2231,70.2986
360.7108,322.8529,40.0408,71.1353
358.7523,323.3940,38.7569,71.7866
355.9396,323.0406,37.4971,72.4934
352.3351,322.7766,36.1558,73.0215
349.5796,322.6693,34.8882,73.2362
345.0197,322.3859,33.9533,73.8030
343.8961,322.8843,32.8652,74.4738
339.4647,322.6536,31.7781,74.9353
336.0468,322.6943,30.3848,74.8538
332.7390,323.1974,28.9009,75.4675
328.4782,323.8276,27.8095,75.8092
326.1018,323.4538,26.2127,76.5569
322.0287,323.5814,24.9441,76.3017
317.9563,322.7515,23.8352,76.4192
315.6844,322.6965,22.2847,76.5292
310.8905,322.7548,21.3980,76.4126
307.8863,322.6899,20.0156,76.5424
303.9849,322.5016,19.0945,76.9191
300.1945,321.9493,18.0242,76.5817
296.4727,321.1504,16.9675,76.7628
292.0531,320.5371,16.0139,76.5905
287.6633,319.2554,15.1467,76.3977
287.9830,318.5555,14.5073,76.4387
282.9465,317.8329,13.8071,76.5375
277.7791,315.0294,13.4679,76.8074
272.6223,314.6070,13.1311,76.3209
268.0604,314.4491,13.0297,76.6367
262.8305,313.8654,12.9273,76.4839
259.7834,311.7115,12.4409,76.8432
254.9960,309.6982,12.8358,76.9357
250.2705,312.0308,13.0429,76.2321
245.4395,309.2611,13.5004,76.5118
241.4265,306.4247,13.5594,76.8732
236.4353,305.4198,14.2036,77.5489
231.9541,303.6776,15.0293,78.3211
227.4498,302.2189,15.7397,78.4725
222.6328,298.5987,16.9796,78.7179
217.8064,298.6728,18.0735,78.5696
214.3940,297.0745,19.1164,78.8753
208.5959,291.9761,20.4249,78.7843
203.4616,292.5263,21.7340,79.1772
198.2370,290.1630,23.0426,79.3334
193.5842,288.9853,24.5977,80.1387
188.9894,285.5012,25.8356,79.1552
184.2673,283.7928,27.2837,79.3737
181.1288,281.8537,28.6743,78.3653
175.3780,281.4117,30.3383,77.6097
168.6057,278.1167,32.2718,77.5649
167.3820,276.0761,33.0266,76.5685
161.5554,272.8951,34.5308,76.1644
157.5351,271.5722,35.7228,75.3858
152.5662,269.2961,37.0524,74.7732
149.4603,266.8713,38.0567,74.4153
144.5934,265.4742,39.0511,73.7138
139.6942,262.7676,40.0757,73.8627
137.3151,259.5391,41.2850,73.2219
132.1917,257.6585,42.6035,73.4118
128.8754,255.7882,43.8037,73.5306
124.5558,252.3233,45.1114,73.1290
119.2157,250.6584,46.5468,72.7608
116.6794,245.3532,47.8845,72.1663
112.2556,244.5524,49.2085,71.8870
107.8334,242.8675,50.4583,71.4596
103.4049,240.9157,51.6641,71.5375
100.7581,237.2048,53.0900,71.2238
96.2467,235.3793,54.3029,70.9699
92.5616,232.6795,55.7677,70.4642
87.9619,230.9119,57.0291,70.0303
85.2410,228.0079,58.4741,69.8434
81.7370,226.2533,59.4259,69.3150
77.0245,224.3705,60.7471,69.0288
74.2451,221.4639,62.2207,68.7140
71.5703,218.6074,63.4476,68.2430
67.8396,216.7399,64.6884,67.8310
65.1275,214.7864,65.9390,67.5644
61.4525,211.7541,66.9820,67.3219
60.8503,209.8102,68.1864,66.9797
57.1249,207.8619,69.2514,66.6190
54.4197,205.8747,70.3826,66.3144
51.6779,202.8528,71.5614,65.9007
50.1190,201.8983,72.5148,65.6453
47.3315,198.7182,73.7396,65.4803
45.7694,198.9073,74.6723,65.1021
41.9795,195.8716,75.6524,64.5740
40.3699,194.9311,76.6652,64.2483
38.7786,192.8441,77.6307,63.9885
37.3945,193.0266,78.1714,63.6235
35.9099,190.8746,78.9106,63.4674
34.2859,188.6642,79.9197,63.4104
33.7736,188.7816,80.9443,63.1756
32.2677,187.7295,81.6908,63.0145
30.8778,185.8564,82.1966,62.2126
29.3193,185.9738,83.0447,61.9777
28.9006,185.0159,83.8822,61.6159
27.5388,183.0563,84.3211,60.9658
27.3403,183.2968,84.7182,60.4848
27.0039,182.3899,85.3909,60.0200
26.4903,182.4794,86.4182,59.8408
25.8820,180.4551,87.6348,59.3020
25.3048,180.6057,88.7892,59.0007
24.8435,179.6311,89.7118,58.6345
25.5651,179.6323,90.5920,58.6320
26.4080,178.6741,91.2426,58.2119
26.0007,178.5466,92.0571,58.4669
25.6292,177.3945,92.8001,58.4154
25.2944,176.3702,93.4698,58.0983
27.3578,175.4799,94.0842,57.5082
28.0661,175.7490,95.0374,56.9701
27.5794,175.9247,96.0107,56.6187
29.4891,174.7948,96.9584,56.4950
30.1946,174.8448,97.9429,56.3949
33.5356,174.9955,98.4862,56.0934
34.3715,174.0567,99.2256,55.5598
35.2509,174.3153,99.8801,55.0426
36.1053,174.5355,100.5853,54.6021
40.5398,173.5276,101.3840,54.2011
41.4274,173.6967,102.0306,53.8629
43.5122,173.8587,102.7121,53.5389
46.6849,174.0685,103.6566,53.1193
47.1436,173.0508,105.1760,52.7181
50.3534,173.1723,106.1123,52.4750
51.1767,173.1921,106.9272,52.4353
53.2961,173.2483,107.6336,52.3230
55.4473,173.3077,108.2935,52.2042
57.7518,173.4141,108.6618,51.9913
62.6168,173.6004,108.8930,51.6188
64.7188,174.7361,109.6632,51.8346
75.2156,175.8195,108.6871,49.6678
75.8886,175.1858,107.3411,48.4851
78.9603,175.7496,106.0174,47.3576
77.4831,176.2584,108.9718,48.7106
80.9391,175.6715,111.8095,49.8845
86.5702,175.3966,110.5442,50.4343
88.0073,175.5443,110.1606,50.1390
90.9217,175.8717,109.2913,49.4841
99.3166,176.3855,107.2354,48.4565
102.1131,176.8706,106.4578,47.4863
108.7254,177.6135,107.5100,46.0005
108.1746,178.0943,108.6116,45.0388
118.2592,178.7546,107.3811,43.7182
116.6186,179.9542,110.6622,43.6452
114.3617,186.3100,112.8040,45.1660
114.3875,185.0615,112.7525,45.2328
117.2174,185.1213,111.9537,45.1132
121.6723,186.1620,110.2945,45.4486
127.7279,186.0133,110.1777,45.7462
130.9737,187.0999,110.8936,45.9754
135.6863,187.0792,113.5531,46.0169
143.3526,187.1613,117.8685,45.8527
146.6597,187.2964,121.3148,45.5825
148.7540,188.5600,124.8056,45.6150
151.4948,188.6443,127.1550,45.4465
151.9742,190.1568,128.8372,45.0623
159.3651,190.2388,130.0030,44.8982
159.2918,190.1232,130.1496,45.1294
162.9862,189.8202,130.7945,45.7356
164.3650,190.3705,130.7350,44.6349
175.0854,191.5210,130.7120,42.3340
184.8242,192.8896,129.6779,39.5967
183.5519,193.7789,132.2224,37.8181
187.0672,194.3693,138.0547,36.6373
165.4036,203.1920,141.8928,40.0527
181.5355,201.8948,145.3893,42.6471
176.0277,200.6720,150.7077,45.0927
174.1096,199.8881,154.5439,46.6605
173.2886,198.1050,159.2385,47.1741
174.8621,198.2370,162.3485,46.9101
187.9463,198.8297,158.3531,45.7248
200.2634,199.7115,152.2533,43.9611
205.2216,200.5888,148.2769,42.2065
210.5978,201.1164,146.1679,41.1513
211.1014,201.3870,145.1607,40.6102
218.1146,201.2751,145.1707,40.8340
217.7952,201.2302,145.8096,40.9237
218.9188,201.2219,146.3847,40.9403
222.7662,201.2836,147.1822,40.8170
223.9593,201.4096,147.6356,40.5649
229.5617,201.4620,147.7963,40.4601
230.7266,203.1125,148.3080,40.0008
232.1470,203.1393,148.3075,39.9472
233.5501,203.1391,148.3404,39.9475
236.1735,203.0581,148.7731,40.1096
237.3227,204.5562,149.3234,39.9623
238.6936,204.6004,149.4354,39.8738
239.9375,204.6697,149.8014,39.7351
241.1512,204.8135,150.2302,39.4477
242.3324,204.9126,150.7247,39.2494
242.1686,205.0027,151.0522,39.0691
243.4459,205.1428,151.3589,38.7890
243.2803,205.2870,151.6901,38.5007
244.5399,205.3702,152.0302,38.3342
244.3212,205.3440,152.4678,38.3866
244.1716,205.3993,152.7669,38.2759
244.0235,205.4553,153.0631,38.1641
243.8613,205.5252,153.3876,38.0242
243.6855,205.6151,153.7392,37.8444
244.9495,205.6806,154.0869,37.7135
244.7110,205.7092,154.5639,37.6561
246.0021,205.7024,154.8654,37.6698
245.6685,205.6601,155.5327,37.7544
246.9294,205.6841,155.9100,37.7063
248.1359,205.7153,156.4006,37.6440
247.9662,205.7732,156.7399,37.5282
247.6750,205.7948,157.3223,37.4850
248.9689,205.8127,157.6537,37.4493
248.7320,205.9051,158.1275,37.2645
249.9832,205.8608,158.5513,37.3530
251.1026,205.8343,159.2461,37.4060
252.1089,204.3003,160.1782,37.5294
251.8532,204.0762,160.6896,37.9776
253.2445,203.8400,160.8827,38.4501
254.3386,202.2156,161.6819,38.7114
255.4614,201.9473,162.4398,39.2481
256.5407,200.3084,163.3057,39.5013
257.6818,198.6414,164.0648,39.7940
258.9278,198.4402,164.6304,40.1964
260.1453,198.2437,165.2686,40.5894
261.0840,196.6697,166.4810,40.6477
262.2154,196.5066,167.3259,40.9740
263.1379,193.3708,168.6066,40.9940
264.4023,193.2405,169.2220,41.2545
265.8764,193.0456,169.4316,41.6443
267.0934,191.2890,170.1657,41.9896
268.4507,189.4745,170.6359,42.4336
269.9448,189.2094,170.8477,42.9638
271.4657,189.0201,171.0189,43.3424
272.5645,185.7421,172.0439,43.4532
275.3512,185.4590,172.9487,44.0194
276.5844,185.2443,173.7448,44.4488
277.7155,183.4423,174.7645,44.7709
278.9413,181.5999,175.6150,45.1534
280.2162,181.3469,176.3869,45.6594
282.9719,177.8401,177.5591,45.9894
284.2532,177.5833,178.3611,46.5030
285.8173,177.3090,178.6184,47.0516
288.6020,173.6924,179.8481,47.4858
289.9517,173.4108,180.5737,48.0490
291.4185,173.1284,181.0859,48.6137
294.3176,171.1690,182.2149,49.0689
295.4312,169.1730,183.4759,49.5728
296.9037,168.8411,184.0461,50.2365
297.9771,166.7115,185.4352,50.9599
299.2210,164.5602,186.5164,51.6935
300.4327,162.4309,187.6911,52.3541
301.7037,162.0788,188.7759,53.0584
304.6799,159.9175,190.1343,53.7255
305.8783,157.6707,191.4246,54.5321
307.1879,155.4872,192.5257,55.1788
308.4099,153.2365,193.8298,55.9323
309.7250,152.8422,194.9799,56.7208
310.9576,150.5151,196.3262,57.5636
312.0198,148.1934,198.0477,58.3609
313.2533,147.6828,199.4660,59.3822
314.8200,145.3029,200.2569,60.2177
315.9807,142.8466,201.8864,61.1792
317.4163,142.2750,203.0071,62.3226
318.7387,139.9033,204.3912,63.0369
320.2373,137.4342,205.4557,63.9134
321.4660,134.9505,207.0913,64.7879
322.8855,134.3867,208.3847,65.9154
324.1262,131.8457,210.0748,66.8260
325.5977,131.2697,211.3440,67.9780
326.9930,128.6901,212.8048,68.8858
328.6743,125.9517,213.7312,70.0735
328.1712,123.3123,214.7373,71.0285
329.8672,122.7630,215.7010,72.1272
331.4901,122.1798,216.8448,73.2935
332.8870,119.4038,218.4780,74.4186
332.0249,116.5709,220.2021,75.6133
331.4136,115.9679,221.4247,76.8194
332.8555,113.1293,223.0976,77.9400
334.4814,112.4959,224.4469,79.2067
333.5594,109.6495,226.2907,80.2564
335.2314,109.0076,227.6353,81.5402
336.9082,106.0903,229.0127,82.6437
336.5177,105.5845,229.7937,83.6553
338.4497,102.7547,230.7300,84.5147
340.3844,102.2616,231.6897,85.5008
338.9939,101.7763,234.4707,86.4715
337.3768,101.2699,237.7048,87.4842
335.7548,98.3962,240.9490,88.2490
334.3828,97.9550,243.6930,89.1314
336.1055,97.5316,245.3456,89.9783
335.2196,94.6536,247.1175,90.5972
334.5965,94.2742,248.3637,91.3560
337.1962,93.9520,248.3694,92.0004
336.4396,93.5954,249.8824,92.7137
336.1534,93.3095,250.4550,93.2855
338.8802,90.4182,250.2712,93.7982
338.9980,90.2905,250.0356,94.0535
339.0044,90.1839,250.0228,94.2668
341.6109,90.0657,250.0911,94.5032
