1
211.2119,160.7003,263.5762,101.5994
210.9275,163.6205,264.1450,101.3666
210.8022,163.6683,264.3956,101.2709
210.7629,163.5794,264.4742,101.4488
210.5685,166.2289,264.8629,101.7675
207.6835,165.9832,265.0039,102.2589
207.3786,165.7812,265.6137,102.6629
207.2649,168.3760,265.8412,103.1293
207.1942,167.9973,265.9825,103.8866
204.4407,167.6715,265.8064,104.5382
204.3602,170.2421,265.9673,105.0893
204.3158,169.8419,266.0561,105.8898
204.3746,169.3785,265.9386,106.8166
201.5347,171.8408,265.8835,107.6268
201.5459,171.3050,265.8612,108.6984
201.5354,170.6978,265.8821,109.9128
201.6674,172.9457,265.6181,111.2063
201.7805,172.3231,265.3919,112.4515
201.8981,171.6576,265.1566,113.7825
202.0855,170.9692,264.7819,115.1592
202.1985,170.1586,264.5559,116.7804
202.2695,169.2993,264.4139,118.4990
202.3571,171.2941,264.2386,120.4292
202.3562,170.3116,264.2405,122.3942
202.2931,169.2147,264.3667,124.5880
202.3602,168.1409,264.2325,126.7355
202.3987,166.9512,264.1555,129.1149
202.4034,165.7494,264.1461,131.5185
202.5097,164.5829,263.9335,133.8516
202.5659,163.4514,263.8211,136.1145
202.5967,162.2238,263.7595,138.5698
202.7219,160.9630,263.5092,141.0913
202.7555,159.7388,263.4419,143.5397
202.9590,158.5535,263.0348,145.9102
203.2712,157.3081,262.4104,148.4011
203.5087,156.2238,261.9354,150.5697
203.7279,155.1135,261.4972,152.7903
203.9003,150.6892,261.1524,155.1710
204.1179,149.5893,260.7170,157.3709
204.3123,145.1278,260.3282,159.7603
204.4446,144.0101,260.0638,161.9956
204.6800,139.5183,259.5930,164.3777
204.8561,138.4124,259.2408,166.5895
205.0197,133.8980,258.9135,168.9521
205.1241,132.7932,258.7046,171.1616
205.2928,128.3278,258.3673,173.3582
205.3941,123.8827,258.1647,175.4825
205.4928,122.8853,257.9672,177.4773
205.5574,118.4595,257.8382,179.5009
205.5234,117.4294,257.9061,181.5610
205.3503,116.3886,258.2522,183.6428
205.0929,115.2969,258.7671,185.8261
204.6907,110.6281,259.5715,188.1858
204.1097,109.4777,260.7335,190.4866
203.6029,108.3775,261.7472,192.6871
202.9537,107.2719,263.0456,194.8983
202.3164,106.1993,264.3201,197.0435
201.6336,105.1107,265.6857,199.2206
204.6370,104.1098,266.9815,201.2224
203.9679,103.1451,268.3197,203.1518
203.3196,102.2116,269.6164,205.0188
202.7442,101.4380,270.7672,206.5661
202.0945,100.6887,272.0666,208.0647
201.5395,100.0988,273.1765,209.2446
204.9414,99.5620,273.9533,210.3180
204.4586,99.0650,274.9188,211.3121
203.9917,98.6329,275.8525,212.1762
207.3562,98.3005,276.7927,212.8410
206.7473,97.9698,278.0105,213.5024
209.9750,101.5829,279.2788,213.9999
209.3123,105.1444,280.6042,214.6280
208.7126,104.9364,281.8036,215.0440
208.0052,108.6933,283.2185,215.3370
211.3244,112.4205,284.4129,215.7156
210.7312,112.3719,285.5993,215.8129
210.1231,116.3511,286.8156,215.7316
213.5717,120.3910,287.8128,215.5460
212.9453,120.5017,289.0655,215.3247
212.4544,120.7450,290.0473,214.8381
215.9229,125.0673,291.0392,214.1224
215.4082,125.4240,292.0687,213.4089
214.9108,129.8586,293.0634,212.4758
214.4853,130.4427,293.9143,211.3076
214.1207,135.0989,294.6436,209.9250
213.7619,135.9328,295.3612,208.2570
213.3431,136.7724,296.1987,206.5780
213.0096,137.7254,296.8659,204.6719
212.6021,138.7189,297.6807,202.6848
212.2831,139.7423,298.3189,200.6380
207.9162,140.7904,299.2328,198.5419
203.5625,141.7995,300.1414,196.5238
203.1543,142.9562,300.9577,194.2102
198.8267,140.3839,301.8606,191.6025
194.5013,141.4933,302.7888,189.3836
193.9813,142.6851,303.8289,187.0000
189.6513,143.8646,304.8143,184.6409
189.0987,144.9497,305.9194,182.4708
184.7541,146.0919,306.9792,180.1864
184.2629,147.1853,307.9615,177.9997
179.8840,148.2652,309.1352,175.8398
179.3822,149.3784,310.1387,173.6134
175.0613,150.5670,311.2387,171.2362
174.6057,151.7277,312.1498,168.9148
170.4438,152.9384,312.9821,166.4934
170.0397,150.5445,313.7904,163.8190
169.6670,151.8066,314.5358,161.2948
165.6969,149.5255,315.0804,158.4613
165.3601,150.7945,315.7540,155.9235
161.3710,148.5401,316.4117,153.1117
161.1301,146.2033,316.8934,150.5038
161.0093,147.4274,317.1350,148.0556
160.8228,148.5297,317.5081,145.8511
160.6835,149.7811,317.7865,143.3482
160.6405,151.0655,317.8725,140.7793
160.5725,152.4223,318.0086,138.0659
164.0702,153.7676,318.0544,135.3752
167.4411,154.9401,318.3067,133.0302
167.2146,156.1065,318.7597,130.6975
170.3400,157.2779,319.4304,128.3547
173.4630,158.2883,320.0737,126.3338
176.4274,159.2129,321.0076,124.4847
175.9030,160.0354,322.0562,122.8397
175.3064,160.8940,323.2495,121.1223
178.1812,161.7148,324.3145,119.4809
177.5056,162.4329,325.6656,118.0446
180.2068,166.6317,327.0569,116.4407
179.7124,167.4110,328.0457,114.8820
179.2992,168.1252,328.8722,113.4536
178.8580,168.8757,329.7546,111.9527
181.7780,173.0735,330.6558,110.2983
181.6332,173.6803,330.9455,109.0847
181.3555,174.2540,331.5009,107.9374
181.0576,174.7565,332.0966,106.9322
177.3299,175.2465,332.8693,105.9524
173.7125,175.6364,333.4286,105.1725
170.1707,176.0035,333.8429,104.4382
166.7099,176.2611,334.1031,103.9231
163.3968,176.5346,334.0736,103.3762
163.5517,176.7927,333.7639,102.8598
160.3169,177.0327,333.6022,102.3799
157.2064,177.1822,333.2031,102.0808
157.4971,177.3844,332.6218,101.6765
157.8801,177.5121,331.8557,101.4212
158.4388,174.4510,330.7382,100.9657
158.9761,174.5128,329.6637,100.8420
159.4477,174.5163,328.7204,100.8352
159.8416,174.5483,327.9326,100.7712
160.2380,174.4938,327.1400,100.8802
160.5921,171.1065,326.4316,101.1540
164.0406,170.8178,326.0305,101.7314
164.2603,170.5528,325.5910,102.2614
167.6345,170.2477,325.3470,102.8717
170.8992,169.8952,325.3297,103.5766
174.1587,172.6805,325.3354,104.5308
177.2596,175.4810,325.6763,105.4723
177.1369,175.0247,325.9215,106.3848
177.0534,174.5418,326.0886,107.3508
176.8346,177.2796,326.5261,108.4801
176.6871,176.7667,326.8213,109.5058
176.5810,176.3004,327.0334,110.4384
176.3745,175.8539,327.4464,111.3314
176.1615,175.4503,327.8725,112.1386
176.0096,175.1323,328.1761,112.7745
175.9229,174.8034,328.3496,113.4323
176.0818,174.4937,328.0319,114.0518
176.3033,174.2309,327.5888,114.5774
176.5824,173.9782,327.0306,115.0828
173.4097,173.6595,326.6167,115.7203
173.7886,170.0605,325.8588,116.1532
174.1538,169.7430,325.1283,116.7882
