1
223.7284,108.3275,38.5432,99.4662
223.8823,108.1813,38.2355,99.7587
223.9108,108.0284,38.1784,100.0645
223.8889,108.0279,38.2221,100.0654
223.8419,108.0561,38.3162,100.0091
222.7440,109.2580,38.3885,99.7288
222.5459,109.1837,38.7848,99.8773
221.3211,109.2841,39.1044,99.6766
220.0881,109.2782,39.4375,99.6884
218.7569,110.4022,39.9609,99.5794
218.3763,111.5404,40.7221,99.4496
216.9914,112.5824,41.3334,99.5241
215.5065,113.5795,42.1328,99.7004
212.8722,114.5498,43.0272,99.9469
212.4506,114.5252,43.8704,99.9961
210.9070,115.6894,44.7355,99.8898
208.1895,115.7706,45.6990,99.7273
206.6677,117.0078,46.4922,99.5032
205.0288,118.3003,47.5092,99.1791
202.2056,119.7632,48.6076,98.5274
199.3816,121.2716,49.6885,97.7940
197.6153,121.5618,50.9297,97.2137
194.6870,122.9967,52.1777,96.6481
192.9276,126.5804,53.3791,96.4331
191.1821,127.8337,54.5354,96.2611
188.1740,129.2294,55.8478,95.8216
185.2357,129.4716,56.9890,95.3372
183.4199,132.0827,58.2408,94.8746
180.3945,132.3143,59.5036,94.4114
178.5500,133.8182,60.7844,93.8118
175.4700,137.8319,62.1031,93.0465
173.6082,139.3753,63.3956,92.3907
171.7695,140.9182,64.6304,91.7476
169.9019,143.7063,65.9122,91.0780
167.9838,145.3312,67.2841,90.2926
164.8124,149.4151,68.6771,89.5495
162.8435,150.9814,70.1286,88.9034
160.8357,153.8668,71.6440,88.1326
158.7205,155.4582,73.3616,87.4627
156.6878,158.4347,74.8968,86.5700
153.3536,160.3239,76.4830,85.3327
151.3658,163.4278,77.9113,84.2196
150.6258,165.2045,79.3913,83.2190
148.6119,170.7799,80.8584,82.3107
146.6050,172.5871,82.3027,81.2658
145.7912,174.3633,83.9303,80.2893
143.7432,177.5629,85.4402,79.0621
143.0840,179.5384,86.7586,77.7013
141.1141,184.1922,88.1095,76.1605
140.5934,186.2080,89.1509,74.7139
139.9566,189.5428,90.4244,73.2004
138.0171,192.8609,91.7303,71.7108
137.4205,196.2224,92.9236,70.1258
136.6969,199.5128,94.3707,68.6678
135.8537,202.8259,96.0571,67.1608
135.0555,204.8384,97.6535,65.6960
134.1418,208.1870,99.4809,64.1191
133.3917,211.4917,100.9811,62.6322
132.6824,214.7789,102.3997,61.1755
132.0546,216.6963,103.6553,59.8961
131.4630,218.7650,104.8386,58.3112
130.9055,222.1878,105.9536,56.5516
131.6812,224.2489,106.9314,54.9588
131.1305,227.7039,108.0330,53.0816
130.7136,231.1664,108.8667,51.1567
130.4081,233.2154,109.4778,49.5375
131.3563,236.6204,110.0407,47.6460
132.1572,238.5433,110.8730,46.2344
131.8278,240.5121,111.5318,44.7180
132.8315,243.7583,111.9281,43.0332
133.7840,245.7936,112.4024,41.3418
134.6871,247.8253,112.9518,39.6341
135.5922,249.7968,113.4741,38.0236
137.7486,251.7156,113.7826,36.4966
138.7758,256.0965,114.0153,34.5958
138.4840,256.6450,114.5990,33.4988
139.4198,257.3341,114.9703,32.1207
141.3937,260.4873,115.4679,30.2596
141.2522,261.0866,115.7509,29.0610
143.2273,262.8283,116.1526,27.7535
144.1104,263.4646,116.5431,26.4808
144.9898,265.2209,116.9221,25.1061
145.7628,268.1023,117.4926,23.5766
145.8433,268.6814,117.3317,22.4184
147.6724,270.2123,117.8135,21.4265
148.6124,270.6031,117.9907,20.6450
148.6266,271.0736,117.9624,19.7040
150.4836,272.5195,118.2988,18.8374
150.5810,272.9604,118.1039,17.9554
152.6160,273.2716,118.0185,17.3332
153.4709,274.5978,118.2874,16.6593
153.4060,274.9755,118.4171,15.9039
154.3912,275.2420,118.4020,15.3708
155.4290,275.3818,118.2705,15.0913
155.4324,275.6126,118.2636,14.6297
156.3528,275.7008,118.3501,14.4533
156.2075,275.9375,118.6407,13.9800
157.1136,276.1440,118.7475,13.5670
157.0842,276.2015,118.8064,13.4520
158.0238,276.2900,118.8377,13.2749
157.9093,276.4140,119.0665,13.0270
158.8021,276.5016,119.1862,12.8517
158.7564,276.6000,119.2777,12.6550
158.7913,276.5573,119.2079,12.7403
158.8913,276.4559,119.0079,12.9431
159.9068,276.4171,118.8796,13.0207
160.0024,275.4346,118.6884,13.0831
160.0335,275.3557,118.6263,13.2410
160.0083,274.3733,118.6766,13.3021
159.9627,274.2250,118.7678,13.5987
160.6749,270.4267,119.2565,13.5434
160.7792,270.2330,119.0479,13.9309
160.7945,269.9761,119.0171,14.4446
160.8150,269.7435,118.9762,14.9097
160.8214,268.5861,118.9634,15.2820
160.9455,268.3638,118.7151,15.7265
160.9029,266.2777,118.8004,15.9873
160.9411,264.9640,118.7240,16.6525
160.9867,263.5820,118.6328,17.4418
160.1518,262.2016,118.3133,18.2134
160.1773,260.8327,118.2624,18.9509
160.2932,259.4093,118.0306,19.7833
160.3465,256.9692,117.9239,20.6080
160.3795,255.4619,117.8580,21.5799
160.5426,253.9510,117.5318,22.5409
160.6414,251.3808,117.3341,23.5309
160.7405,249.7725,117.1359,24.6557
160.8916,248.0745,116.8338,25.9409
161.0282,245.2148,116.5606,27.3973
161.1035,243.4140,116.4100,28.8434
161.2048,241.6753,116.2073,30.1397
161.2347,238.7960,116.1475,31.4927
161.3273,236.9746,115.9624,32.9081
161.4568,235.1016,115.7033,34.4027
161.5493,232.0108,115.5183,36.0332
161.6178,228.9643,115.3814,37.5200
161.7907,226.9908,115.0355,39.1384
162.0343,223.8347,114.5483,40.7443
162.5304,221.9252,113.5561,42.1878
162.8313,218.7056,112.9544,43.8520
163.1052,216.7748,112.4065,45.3049
163.3452,214.7477,111.9266,46.9324
163.8119,211.4611,110.9931,48.6080
164.0819,209.3920,110.4531,50.2812
164.4533,204.7538,109.7103,52.0980
164.7743,203.8534,109.0683,53.8989
165.0591,200.4461,108.4987,55.6547
165.3724,198.2907,107.8721,57.4141
165.7663,196.1656,107.0843,59.0918
166.1953,192.7810,106.2264,60.6821
166.6706,189.3694,105.2758,62.2974
167.2482,187.2379,104.1205,63.9433
167.9061,183.8325,102.8049,65.4987
168.4773,181.7048,101.6624,67.1201
170.3506,179.5588,100.5598,68.7678
170.9257,176.0515,99.4096,70.4729
171.4952,172.6274,98.2706,71.9899
172.0661,170.4747,97.1289,73.6221
174.0913,168.2779,95.7610,75.3331
176.1048,166.0723,94.4236,77.0546
176.7877,162.5709,93.0577,78.6634
178.7500,160.3903,91.8350,80.3229
179.4471,156.7683,90.4409,82.1475
181.6358,154.6359,88.7805,83.6952
182.4847,151.1916,87.0828,85.1522
183.3220,149.0283,85.4082,86.7664
184.1625,146.8665,83.7272,88.3787
186.3641,143.3316,82.0341,90.0282
188.6318,141.0847,80.2077,91.8130
189.4942,138.9615,78.4828,93.3521
190.4878,135.5990,76.4957,94.6700
192.7664,133.5672,74.6301,96.0419
195.1164,132.7189,72.6126,97.7384
197.5213,129.3314,70.4782,99.1627
198.5309,127.3609,68.4590,100.4417
202.2819,125.2488,66.2528,102.0181
203.2647,123.2551,64.2872,103.3706
205.5269,121.2954,62.3850,104.6676
207.9359,118.0365,60.1767,105.9662
210.2403,116.1480,58.1594,107.1518
212.6008,114.2875,56.0130,108.2982
215.0283,112.5139,53.7126,109.2908
217.4100,110.7265,51.4784,110.3363
219.6721,108.8972,49.4601,111.4890
221.9587,107.1891,47.3740,112.4180
224.2698,105.5882,45.2156,113.1561
225.2034,104.0182,43.3484,113.8602
227.5037,103.6313,41.1605,114.6339
229.7293,100.8360,39.0935,115.4560
231.9377,99.3204,37.0350,116.1289
234.1982,97.7093,34.8443,117.0209
236.4179,96.1718,32.7073,117.7934
238.6090,94.6348,30.5985,118.5941
241.9797,93.2985,28.3471,119.0215
242.7528,91.9361,26.8009,119.5382
244.7822,90.7186,24.9279,119.7874
247.9238,89.5237,22.9509,120.0240
248.5250,88.1758,21.7485,120.6021
249.0951,87.9203,20.6084,121.1129
256.9601,86.6969,19.4862,121.4731
257.6074,85.6446,18.1915,121.5081
258.2130,84.8203,16.9802,121.1126
258.7148,83.7400,15.9767,121.2590
258.9897,83.5880,15.4268,121.5630
259.1497,83.6747,15.1068,121.3897
266.2048,80.8301,14.8564,121.1390
266.4178,79.9659,14.4304,120.8960
266.3925,79.3369,14.4808,120.1946
266.2937,79.5499,14.6786,119.7686
265.9568,79.5196,15.3524,119.8293
265.5737,78.7985,16.1185,119.3080
266.2396,77.9162,16.7586,119.1006
266.7673,77.1979,17.6851,118.5554
268.2628,76.3969,18.6802,118.1642
268.5536,76.5394,20.1064,117.8792
267.9114,76.6543,21.3908,117.6496
269.3495,76.0097,22.6232,116.8844
269.6849,75.3220,24.0201,116.1920
270.0067,75.5396,25.4618,115.7568
269.3730,75.6178,26.7293,115.6004
269.7672,75.7739,28.0703,115.2883
270.1728,75.0314,29.4097,114.6226
270.4341,74.1793,31.0538,114.1600
270.7255,74.3565,32.6622,113.8057
271.0739,74.5997,34.1818,113.3192
271.4332,73.5535,35.7007,113.1740
271.8499,73.7522,37.1310,112.7765
272.3176,72.8271,38.4801,112.3424
272.8018,73.0331,39.8145,111.9305
272.1546,73.2517,41.1089,111.4933
272.5900,73.6185,42.5765,110.7596
273.0704,73.9678,43.9700,110.0610
272.4515,73.0958,45.2079,109.4358
273.0223,73.4225,46.4485,108.7824
273.5503,72.5123,47.7873,108.2081
274.1192,71.4500,49.0595,107.9224
273.6370,71.6732,50.0241,107.4762
274.3852,71.9639,50.9663,106.8946
275.0609,72.1355,52.0617,106.5515
274.5515,72.3307,53.0805,106.1611
275.2800,72.4901,54.0961,105.8422
275.9839,72.6522,55.1738,105.5180
275.4888,72.8614,56.1640,105.0998
276.3069,71.7415,57.0381,104.8294
275.8487,71.8313,57.9544,104.6498
276.7692,72.0165,58.6476,104.2793
277.6341,72.0934,59.4583,104.1255
278.5176,72.3496,60.2432,103.6131
279.3853,72.6356,61.0655,103.0410
279.0101,72.9669,61.8160,102.3785
279.8838,73.3607,62.6345,101.5909
280.8091,73.8178,63.3518,100.6766
281.6686,74.3666,64.1992,99.5792
281.2892,74.8735,64.9579,98.5654
282.2470,75.4674,65.6040,97.3775
283.0671,76.0007,66.5182,96.3108
283.8965,76.5544,67.4129,95.2034
283.4333,77.0259,68.3394,94.2606
284.2777,77.4701,69.2029,93.3720
285.1116,76.6526,70.0884,92.4539
286.1087,77.0332,70.6477,91.6927
287.0276,77.3411,71.3611,91.0769
288.0335,77.5894,71.9027,90.5803
289.0268,77.7675,72.4707,90.2242
290.0571,77.8839,72.9684,89.9913
289.8046,78.1498,73.4734,89.4597
290.8329,78.3390,73.9796,89.0812
291.9142,78.5486,74.3821,88.6620
293.0626,78.8974,74.6504,87.9644
294.1232,79.1477,75.0880,87.4638
295.2228,79.4093,75.4467,86.9405
296.2857,80.9878,75.8767,86.3393
296.0838,81.3067,76.2805,85.7015
297.1767,81.6096,76.6445,85.0957
298.2510,83.1770,77.0421,84.5071
299.3054,83.4490,77.4767,83.9631
299.0551,83.7387,77.9774,83.3837
300.0958,84.0866,78.4367,82.6878
302.3299,85.5853,79.0428,82.2276
303.4509,85.9859,79.3404,81.4264
303.2289,86.3525,79.7843,80.6932
304.2406,86.6754,80.2882,80.0475
305.2365,88.3195,80.8214,79.2841
306.2390,88.5891,81.3376,78.7451
307.2349,88.9433,81.8667,78.0366
308.2414,90.5508,82.3718,77.3397
309.2626,90.8709,82.8442,76.6993
310.3480,91.1342,83.1853,76.1727
311.4112,92.7152,83.5680,75.5198
312.4104,94.2345,84.0741,74.9857
313.4316,94.4483,84.5356,74.5581
313.2334,94.6700,84.9319,74.1146
314.2570,94.9450,85.3881,73.5647
315.3240,96.4501,85.7553,73.0559
316.4180,96.7029,86.0664,72.5504
317.5450,98.2405,86.3079,71.9708
318.5743,98.4899,86.7394,71.4719
319.5714,100.0038,87.2339,70.9328
320.5240,101.5176,87.8162,70.3926
321.4670,101.7757,88.4179,69.8764
322.5118,102.0054,88.8168,69.4171
323.5066,103.5065,89.3145,68.9022
324.5102,103.7886,89.7936,68.3379
325.5410,105.2672,90.2164,67.8653
326.5477,106.7972,90.6863,67.2884
327.4984,107.0273,91.2661,66.8282
327.1344,108.4997,91.9940,66.3656
329.2843,108.7268,92.6654,65.9115
330.2387,110.2244,93.2451,65.4047
331.1211,111.7192,93.9691,64.9039
330.7809,112.0203,94.6495,64.3016
331.6896,113.4624,95.3237,63.9091
333.8275,114.9147,96.0388,63.5000
334.6609,115.1288,96.8714,63.0717
335.4357,116.6277,97.8263,62.5786
335.0007,118.1002,98.6964,62.1445
337.1587,119.6085,99.4134,61.6442
338.0360,121.1043,100.1776,61.1716
337.6112,121.2726,101.0273,60.8349
338.4508,122.6952,101.8773,60.5191
340.5132,124.0723,102.8256,60.3014
341.3275,125.5565,103.7442,59.8801
340.8446,125.7282,104.7099,59.5367
342.8825,128.4866,105.7581,59.1439
343.7381,128.6484,106.6177,58.8202
343.1584,129.9902,107.7772,58.7147
343.9612,131.4132,108.7648,58.4619
344.7565,132.8257,109.7777,58.2405
345.5050,134.1869,110.8955,58.1327
346.2553,135.5704,112.0240,57.9951
346.9893,135.6091,113.1995,57.9176
347.6578,137.0051,114.5219,57.7850
348.3761,138.4072,115.7618,57.6573
349.0262,141.2586,117.1540,57.3393
348.4605,141.2689,118.2853,57.3186
349.0896,142.7499,119.7507,57.0801
349.6613,144.2414,121.3478,56.8377
350.2879,145.7668,122.8544,56.5467
350.8319,147.2416,124.5428,56.3736
351.3448,148.7573,126.3152,56.1402
350.4779,150.2954,128.0490,55.8838
351.1432,151.8204,129.5587,55.6741
351.6456,153.3554,131.4123,55.4625
352.3560,154.9366,132.8730,55.1815
351.6353,156.5367,134.3144,54.8791
352.2676,158.1469,135.9628,54.5715
353.0113,159.8056,137.4068,54.1855
353.9009,161.4603,138.5728,53.8213
353.1105,163.1046,140.1535,53.4882
353.8930,164.7144,141.5606,53.2408
354.6023,166.3239,143.1299,53.0096
353.7359,167.8963,144.8628,52.8710
354.4625,169.5351,146.4380,52.6218
355.1784,171.1440,148.0528,52.4506
355.9708,172.8284,149.5344,52.1483
355.1285,174.5164,151.2191,51.8545
355.9356,176.2326,152.7058,51.5228
356.6252,177.9359,154.4424,51.2323
355.8142,179.6569,156.0644,50.9256
356.7104,181.4324,157.4249,50.5273
356.0005,183.2692,158.8447,50.0186
356.6739,186.7113,160.6735,49.4855
355.7911,188.5564,162.4390,48.9871
354.8558,190.3774,164.3097,48.5525
353.9573,192.2401,166.1067,48.0531
354.6856,194.0921,167.8920,47.5910
353.7012,195.9544,169.8608,47.1249
352.8870,197.8884,171.4893,46.5344
352.0071,199.8699,173.2490,45.8610
351.1646,201.8865,174.9339,45.1293
351.8954,203.8715,176.7838,44.4706
351.1309,205.9155,178.3129,43.7076
351.7258,207.9234,180.4548,43.0238
350.6182,209.9770,182.6702,42.2653
349.3663,212.0296,185.1739,41.5255
348.0167,214.0057,187.8731,40.9595
346.7179,217.8229,190.4707,40.1509
345.8646,218.1556,192.1773,39.4855
344.8680,220.2421,194.1705,38.7569
343.8375,222.3457,196.2316,38.0078
342.9120,224.4189,198.0825,37.3335
342.1374,226.4182,199.6318,36.8195
341.3171,228.4696,201.2723,36.2127
338.8000,230.4522,202.7997,35.7543
338.0071,232.5056,204.3854,35.1665
333.7352,232.7089,205.8707,34.7597
333.0198,234.8281,207.3015,34.0633
332.3314,237.0197,208.6783,33.2279
329.8921,237.2782,210.0066,32.7108
329.3039,241.3795,211.1830,31.6247
327.0304,241.7743,212.1773,30.8352
324.8084,242.1793,213.0706,30.0252
322.7486,244.3663,213.6436,29.1979
320.8024,244.6889,213.9983,28.5527
320.7380,246.8465,214.1271,27.7670
318.8672,247.1330,214.3533,27.1939
317.1147,249.1774,214.3514,26.6119
315.2393,249.4201,214.6074,26.1267
313.3364,249.6618,214.9247,25.6432
311.4360,249.8574,215.2424,25.2520
309.4228,249.9773,215.7894,25.0123
307.5036,251.7723,216.1460,24.9041
307.2914,251.8472,216.5704,24.7544
305.4658,251.8466,216.7342,24.7556
303.6720,251.7585,216.8321,24.9317
301.7340,251.7196,217.2136,25.0096
299.8116,253.3893,217.5569,25.1716
299.5544,253.3121,218.0714,25.3259
297.5350,253.1851,218.5902,25.5801
295.6376,253.0588,218.8529,25.8326
293.7437,252.8494,219.0997,26.2514
291.8423,254.4313,219.3497,26.6406
291.6395,254.0724,219.7552,27.3582
289.5373,253.7420,220.3752,28.0192
289.4162,253.3542,220.6174,28.7948
287.5360,253.0027,220.7519,29.4976
287.5411,252.6252,220.7417,30.2526
285.6517,254.1719,220.8635,30.8163
285.7227,253.7444,220.7216,31.6713
283.9545,253.3200,220.5725,32.5202
283.9789,252.8349,220.5239,33.4904
283.9236,252.4055,220.6345,34.3491
282.0493,252.0432,220.6449,35.0737
281.9607,251.6388,220.8222,35.8825
281.9180,251.2711,220.9075,36.6179
281.8907,250.8657,220.9622,37.4287
280.0253,250.4504,220.8891,38.2593
280.0948,250.0273,220.7501,39.1055
280.1739,249.6014,220.5920,39.9573
278.2742,249.1474,220.5425,40.8653
276.4738,248.6800,220.2774,41.8001
276.6136,248.1474,219.9979,42.8652
274.7361,249.6107,219.8553,43.8363
274.7674,249.3238,219.7928,44.4100
274.7357,248.8896,219.8562,45.2784
272.7442,248.5151,219.8966,46.0274
272.7223,248.1063,219.9403,46.8451
272.6726,247.6340,220.0398,47.7896
270.5648,247.1385,220.2617,48.7808
270.5005,246.7275,220.3901,49.6026
270.4143,246.3289,220.5627,50.3998
270.4167,245.9825,220.5579,51.0927
270.4555,245.5573,220.4802,51.9431
270.5673,245.1854,220.2565,52.6869
270.7606,244.7713,219.8701,53.5150
268.8607,244.3755,219.5687,54.3067
268.8682,243.9485,219.5536,55.1607
268.8714,243.5758,219.5472,55.9060
268.9300,243.2088,219.4301,56.6401
269.0535,242.8514,219.1830,57.3549
269.1697,242.4720,218.9506,58.1137
269.2717,242.0616,218.7466,58.9344
269.3532,241.6752,218.5836,59.7072
267.3483,241.3518,218.3933,60.3540
267.4715,241.0210,218.1468,61.0158
267.5429,240.6241,218.0041,61.8095
267.6849,240.2315,217.7200,62.5946
267.8864,239.9363,217.3169,63.1851
268.0522,239.6052,216.9855,63.8473
268.2227,239.2518,216.6443,64.5540
268.3338,238.9159,216.4222,65.2258
266.2889,238.6570,216.2395,65.7437
266.4449,238.3268,215.9273,66.4040
266.5618,235.9375,215.6936,66.8953
266.5656,235.6434,215.6861,67.4834
266.6719,235.4058,215.4734,67.9586
266.7323,235.1431,215.3526,68.4840
266.8589,234.9313,215.0993,68.9076
266.9590,234.6694,214.8991,69.4314
267.0576,232.3331,214.7020,69.7754
267.1532,232.1070,214.5107,70.2275
267.2616,231.8752,214.2940,70.6911
267.3523,229.5212,214.1125,71.0559
267.5334,229.2607,213.7504,71.5771
267.6877,229.0290,213.4417,72.0403
267.7997,228.8012,213.2177,72.4959
267.8756,226.4968,213.0659,72.7439
267.9682,226.3041,212.8809,73.1294
268.0631,226.0726,212.6909,73.5924
268.1402,225.9230,212.5369,73.8916
268.0970,225.7840,212.6232,74.1695
268.1130,223.4950,212.5912,74.3647
268.1646,223.3667,212.4881,74.6212
266.0222,223.2908,212.3836,74.7730
266.2170,223.1372,211.9939,75.0803
266.3813,220.9132,211.6654,75.1377
266.3537,220.7759,211.7206,75.4125
266.3965,220.6441,211.6351,75.6760
266.4958,218.4534,211.4363,75.6612
266.5550,218.3608,211.3181,75.8465
266.5976,216.1813,211.2329,75.8108
266.6897,216.1037,211.0486,75.9660
266.7698,216.0202,210.8884,76.1331
266.7926,213.8391,210.8428,76.1015
266.8551,213.7502,210.7179,76.2793
266.9118,213.6472,210.6044,76.4852
266.9136,213.5551,210.6008,76.6695
267.0459,211.4613,210.3362,76.4577
267.0414,211.3761,210.3453,76.6283
267.0513,209.2709,210.3254,76.4437
267.0865,209.2408,210.2550,76.5039
267.0892,207.1039,210.2497,76.3863
267.1276,207.0643,210.1729,76.4654
267.1949,205.0645,210.0382,76.0756
267.1736,205.0720,210.0807,76.0606
267.0728,202.9794,210.2825,75.8650
266.9175,200.8963,210.5931,75.6509
266.7432,200.9156,210.9416,75.6124
266.5350,198.8691,211.3580,75.3203
266.3505,196.8372,211.7271,74.9984
266.0246,194.6657,212.3789,74.9563
265.6843,192.4320,213.0595,75.0301
265.3470,192.3505,213.7339,75.1931
265.1602,190.1759,214.1075,75.1250
265.0385,188.0736,214.3512,74.9080
264.6604,186.0526,215.1073,74.5291
266.4200,184.0287,216.0130,74.1521
265.8965,181.9548,217.0599,73.8689
265.4952,179.9940,217.8625,73.3498
267.1025,178.0249,219.0905,72.8455
266.3906,176.0370,220.5144,72.3703
267.9230,174.1167,221.9118,71.7487
269.5768,172.2662,223.0753,70.9787
269.0078,170.2077,224.2132,70.6226
268.7024,168.2585,224.8239,70.0381
268.4547,166.3197,225.3194,69.4351
268.3751,164.3806,225.4786,68.8367
268.1302,162.5256,225.9683,68.0789
270.1854,160.7590,226.3186,67.1514
269.8354,159.0498,227.0185,66.1214
269.5746,155.2559,227.5403,64.8310
271.3535,153.5170,228.4049,63.8863
270.9325,151.7352,229.2469,63.0330
270.4488,147.8359,230.2144,62.0058
272.2577,145.9543,231.0036,61.3619
273.8549,141.9336,232.2153,60.5910
273.3711,140.0985,233.1830,59.8526
274.6864,136.0929,234.9607,59.0471
274.0858,134.1692,236.1619,58.4766
273.4969,132.2720,237.3396,57.8469
272.9786,128.3535,238.3762,56.8269
272.5724,126.4639,239.1888,56.1824
272.2549,122.6461,239.8238,54.9727
272.1943,120.8241,239.9449,54.2083
272.1215,116.8283,240.0905,53.4091
271.9492,114.7605,240.4351,53.1626
271.7151,113.0107,240.9032,52.2799
271.6184,111.2110,241.0967,51.5077
271.7136,109.3017,240.9064,50.9670
271.8534,105.3464,240.6267,50.1849
272.0164,103.3524,240.3008,49.8456
272.2140,101.3397,239.9056,49.5549
272.3006,99.4978,239.7323,48.9337
274.3236,95.8378,239.9768,47.6728
274.3505,94.2004,239.9230,46.6782
276.4759,92.5921,239.9214,45.6457
276.1562,88.9959,240.5608,44.3800
273.5648,87.4075,241.5307,43.3441
273.5972,86.0406,241.4657,41.8717
275.9645,84.4851,240.9072,40.8067
272.1439,83.0523,240.2540,39.5250
270.1581,83.5024,240.1129,38.6249
266.9475,83.8349,238.3484,37.9598
266.8170,83.9777,238.6093,37.6742
266.4421,85.9647,239.3591,37.7532
268.7942,91.6927,238.7200,38.4923
298.5167,74.4645,236.2678,40.3814
293.8511,90.4352,237.4500,41.0360
284.9906,88.2765,238.7556,41.2496
2
0
0
0
0
1
290.2662,81.6010,219.4115,27.6093
285.7257,83.5867,217.7376,27.2229
287.9647,85.3798,216.8135,27.1907
289.3182,87.0274,214.1066,27.4360
292.1973,93.5424,211.8567,28.4395
375.8227,105.4771,215.9960,29.0545
370.5683,108.8786,222.9375,29.3859
407.8261,119.6318,229.1557,29.8980
365.6854,120.7997,230.5892,31.3280
2
0
0
0
0
1
276.3238,118.8595,197.8165,22.2810
283.0776,118.1984,193.8446,23.6032
268.7240,123.8146,191.0408,24.9752
269.3582,128.3325,189.7724,25.3608
270.0050,137.2331,188.4787,26.3447
270.8618,139.7282,186.7653,27.6202
274.1833,141.3622,186.3922,27.4873
276.2076,145.0835,185.4707,26.2990
275.7152,147.1439,183.3651,25.2686
276.2104,157.9604,182.3747,24.9199
278.5481,158.0455,180.7191,24.7497
278.7898,162.8034,180.2358,24.2148
278.4801,164.3610,180.8550,24.0757
278.5604,174.9230,180.6946,23.8242
278.0103,174.9513,181.7946,23.7678
277.8399,176.3986,182.1355,23.8617
279.4257,186.8533,181.9590,23.9180
279.4012,186.6776,182.0081,24.2694
279.3956,186.4919,182.0192,24.6408
279.4372,198.2927,181.9360,25.1140
279.2855,198.1552,182.2394,25.3889
279.0471,197.8755,182.7162,25.9484
280.3247,209.6899,183.2065,26.6827
280.1073,209.5161,183.6412,27.0304
281.2791,209.3668,184.3775,27.3289
280.8874,217.2614,185.1610,27.0205
280.5663,216.9387,185.8032,27.6659
281.7988,219.7507,186.4608,28.2870
283.0197,220.9839,187.1632,28.9648
284.1805,227.2588,188.0089,29.0848
283.8253,226.9655,188.7195,29.6714
284.8512,233.2063,189.8708,30.0022
284.4488,232.7035,190.6755,31.0079
285.4511,232.2565,191.9277,31.9019
284.6334,235.3298,193.5632,32.3391
285.6894,234.9058,194.7745,33.1873
284.9209,239.5000,196.3115,34.0695
286.2036,238.8818,197.1416,35.3059
287.3436,238.3897,198.2934,36.2902
288.3196,241.5233,199.8083,36.9570
287.8796,241.0860,200.6884,37.8316
287.5211,240.6002,201.4053,38.8031
288.9217,240.2074,202.1637,39.5887
290.2525,241.5679,203.0875,40.4532
289.5932,241.0501,204.4063,41.4888
290.8089,240.5110,205.6285,42.5670
290.5980,240.0411,206.0503,43.5067
292.2705,239.4661,206.4211,44.6567
291.9861,238.9306,206.9899,45.7278
291.9684,238.3125,207.0254,46.9639
291.9809,237.7148,207.0002,48.1594
293.7232,237.2376,207.3344,49.1137
293.6097,236.7760,207.5614,50.0371
293.7132,236.2559,207.3543,51.0773
293.4557,235.6691,207.8693,52.2507
293.5109,233.2779,207.7590,53.1243
293.6081,232.8852,207.5645,53.9097
293.8267,230.6357,207.1274,54.4729
294.0753,228.2367,206.6302,55.3303
294.5403,227.7815,205.7001,56.2408
294.9651,225.4302,204.8505,56.9898
295.4766,222.9982,203.8275,57.8981
295.9251,220.7820,202.9305,58.3722
296.4310,220.3729,201.9187,59.1905
295.1608,218.0882,200.5038,59.8045
295.7841,217.9538,199.2572,60.0733
294.6320,215.8629,197.6272,60.3209
295.1543,215.6923,196.5827,60.6621
294.1566,213.6264,194.6708,60.8867
294.8411,211.6132,193.3019,61.0289
293.5614,211.4289,191.9938,61.3974
292.3727,209.3810,190.5156,61.6377
292.9736,209.2579,189.3137,61.8839
291.7767,209.1576,187.8811,62.0844
290.5901,209.0611,186.4445,62.2774
289.4122,207.2704,185.0073,62.0658
290.1980,207.3465,183.4358,61.9138
289.1425,207.3407,181.8033,61.9253
289.7859,207.3935,180.5165,61.8197
288.8185,207.5224,178.7513,61.5620
288.0050,207.6765,176.7079,61.2537
289.0780,207.8039,174.5620,60.9990
290.1616,207.9734,172.3948,60.6599
289.1346,208.1031,170.8856,60.4006
288.3224,208.2861,168.9733,60.0346
289.3176,208.4934,166.9828,59.6199
289.9076,208.6312,165.8027,59.3443
288.7733,210.5010,164.6264,59.0499
288.0277,210.6981,162.6945,58.6557
287.1649,210.8260,161.0318,58.3999
287.8744,211.0341,159.6130,57.9837
286.9044,211.2619,158.2209,57.5280
286.1560,213.1506,156.4140,57.0544
286.9254,213.3719,154.8751,56.6119
285.9380,213.5109,153.6106,56.3339
284.9937,215.1982,152.2829,56.1755
285.5425,215.3293,151.1852,55.9133
284.4510,215.4429,150.1944,55.6862
284.8207,215.5425,149.4550,55.4869
283.5633,217.1811,148.8283,55.3512
284.0233,217.2699,147.9083,55.1737
282.7857,217.3307,147.2697,55.0519
283.0057,218.8631,146.8299,55.0895
283.2939,218.8750,146.2535,55.0656
281.9389,217.3767,145.8754,54.9743
282.1046,218.9066,145.5439,54.9956
282.1919,218.9146,145.3694,54.9794
282.3186,218.9543,145.1160,54.9000
282.4545,219.0221,144.8442,54.7644
282.4699,219.0340,144.8134,54.7407
