1
334.7643,33.4454,39.0541,42.7785
335.3788,25.0141,37.8250,44.1807
335.8520,17.6780,36.8786,44.6578
337.9544,12.6965,36.5215,44.3601
342.5493,13.4506,36.2375,44.1243
346.5773,17.7468,34.5015,45.6439
354.1066,26.1398,33.2928,47.7441
360.9160,32.5143,32.3848,48.9772
366.1969,42.3249,32.0200,48.4751
379.6547,48.8327,32.8464,48.0696
374.1425,56.1841,33.7218,47.3214
373.2856,60.2583,32.8922,48.0756
370.1147,54.9274,32.8866,47.3121
359.6576,46.1200,33.6751,46.0591
348.8927,40.7444,33.9233,45.5434
340.1347,32.2936,33.9659,44.9717
331.9672,27.3436,34.1798,43.7111
329.9272,21.8970,34.5869,42.3609
323.8708,17.9045,34.5972,41.8743
323.3952,16.8611,34.3456,41.5552
323.8716,18.7938,34.5867,41.2718
321.7270,25.7569,32.9086,42.8604
326.2796,27.9423,32.1378,43.2522
331.7564,30.7307,30.6563,45.9635
339.9239,31.1094,31.1296,46.4068
340.4518,31.5175,30.0735,48.0208
340.7840,29.8302,29.4093,48.9519
340.3611,23.5724,30.2551,47.9992
340.1505,19.7463,31.9006,45.8560
347.5680,16.7835,32.9201,44.4642
359.1851,22.2248,33.9911,43.3038
370.0431,31.4389,32.9306,44.3160
375.7026,29.0494,31.3170,46.6686
375.4219,24.8051,30.6562,46.6022
2
0
0
0
0
1
394.3504,113.5481,46.2893,39.5437
388.8530,105.7164,49.1801,37.6486
383.8166,93.6260,49.7024,37.2710
375.6049,71.9136,48.3657,38.3449
361.4261,46.9738,48.0952,39.1479
351.0282,26.1571,48.3095,39.6182
335.2431,14.6500,48.0709,40.5044
317.4994,13.9611,47.3242,41.8822
311.3814,16.4552,46.9226,43.9150
300.8615,16.5294,46.5078,43.7666
299.6518,20.6514,46.0842,44.0515
303.8920,25.3114,46.1200,44.6671
306.0569,25.9251,46.0791,43.4397
308.0907,26.8021,46.2403,44.5047
306.9980,20.0001,48.4257,43.8189
304.2930,15.4611,48.0269,45.6357
316.1541,19.0434,46.4279,48.7954
298.3745,7.1242,48.9990,47.1429
302.0012,11.4986,49.3155,48.9920
295.0143,9.7765,49.3558,49.3399
301.4130,9.1106,50.5468,49.1174
310.3872,3.4628,51.4322,49.4267
322.5912,4.4271,52.4362,49.0863
330.5645,3.2553,54.0737,48.2328
325.8094,3.2064,55.5318,49.9411
323.0086,3.8007,56.1520,52.0733
323.0776,6.2314,56.0140,52.3239
322.3158,9.2962,57.5376,51.3119
319.3623,4.0046,58.3042,51.6143
316.1165,3.1616,59.6051,49.8400
314.9605,4.1776,60.1954,49.5297
312.8501,-1.3983,60.9644,48.6002
288.2870,17.0951,56.6876,52.9577
307.6277,9.9149,54.2617,55.2328
286.2896,14.7799,57.2786,52.4001
304.7432,49.4412,60.0879,52.1493
315.7005,93.6207,61.1365,52.1109
327.6980,131.7515,65.6537,48.9116
339.1279,154.7744,67.9848,49.6490
341.8571,186.0159,66.2202,51.8063
333.8861,161.7433,63.6101,55.8263
323.6075,170.6850,59.7286,62.3813
315.3742,156.4216,58.8893,65.9107
301.2578,144.7708,59.6180,67.6021
281.2419,124.0670,61.6028,66.9576
258.4212,102.0238,64.7372,66.5130
242.0550,77.6559,68.5332,65.6435
231.5080,52.8979,70.6112,64.4500
221.4290,21.8460,73.7581,62.7620
240.9901,25.8825,66.8585,69.7261
236.1092,16.2115,61.5646,76.1633
218.3513,39.8015,60.2600,78.7989
186.7740,15.9766,57.8638,82.7480
185.2451,21.3544,58.7158,83.0208
141.5688,19.3679,63.7860,80.3222
144.1767,19.8038,65.3672,77.1847
162.9117,13.9214,70.5138,73.2486
171.1100,14.3189,74.4921,70.1897
165.6325,12.1689,74.0561,72.2116
